0.0314159265359 -1.7822446634 -0.474789931862
0.0942477796077 -1.58568733777 -0.506827167664
0.157079632679 -1.4529199164 -0.538162554689
0.219911485751 -1.34952189299 -0.563386322921
0.282743338823 -1.26526402158 -0.580656424361
0.345575191895 -1.19153811452 -0.594830815128
0.408407044967 -1.12579832073 -0.606046948119
0.471238898038 -1.06690480139 -0.6144297811
0.53407075111 -1.01381022311 -0.620415090167
0.596902604182 -0.965525756667 -0.624462709008
0.659734457254 -0.92122852767 -0.626942572337
0.722566310326 -0.880287417057 -0.628134534436
0.785398163397 -0.84223260726 -0.628254036762
0.848230016469 -0.806711235049 -0.627473080032
0.911061869541 -0.77344939005 -0.625932798983
0.973893722613 -0.742225363568 -0.623750489593
1.03672557568 -0.712852729352 -0.621023897872
1.09955742876 -0.685170297237 -0.617834379272
1.16238928183 -0.659036292828 -0.614249609522
1.2252211349 -0.634324899286 -0.610326034444
1.28805298797 -0.610924017526 -0.606111053502
1.35088484104 -0.588733614755 -0.601644892759
1.41371669412 -0.567664350931 -0.596962145026
1.47654854719 -0.54763635016 -0.592092987945
1.53938040026 -0.528578071453 -0.58706411458
1.60221225333 -0.510425271637 -0.581899424339
1.6650441064 -0.493120063967 -0.576620523133
1.72787595947 -0.476610077492 -0.571247079012
1.79070781255 -0.46084771807 -0.565797072058
1.85353966562 -0.445789528103 -0.560286970038
1.91637151869 -0.431395638736 -0.554731854098
1.97920337176 -0.417629305836 -0.549145512224
2.04203522483 -0.404456520344 -0.543540513607
2.10486707791 -0.391845682861 -0.53792827247
2.16769893098 -0.379767332945 -0.532319107199
2.23053078405 -0.368193924111 -0.526722298205
2.29336263712 -0.357099636499 -0.521146146305
2.35619449019 -0.346460220187 -0.515598032334
2.41902634326 -0.336252863182 -0.510084478
2.48185819634 -0.326456079061 -0.504611207443
2.54469004941 -0.3170496102 -0.499183208872
2.60752190248 -0.308014343269 -0.493804795433
2.67035375555 -0.299332234436 -0.488479664652
2.73318560862 -0.29098624222 -0.483210955694
2.79601746169 -0.282960266483 -0.478001303959
2.85884931477 -0.275239092383 -0.472852892585
2.92168116784 -0.267808338426 -0.467767500551
2.98451302091 -0.260654407981 -0.462746547244
3.04734487398 -0.253764443805 -0.457791133419
3.11017672705 -0.247126285238 -0.452902078585
3.17300858013 -0.24072842782 -0.448079954907
3.2358404332 -0.234559985152 -0.443325117788
3.29867228627 -0.228610652873 -0.438637733308
3.36150413934 -0.222870674625 -0.434017802729
3.42433599241 -0.217330809928 -0.42946518432
3.48716784548 -0.211982303872 -0.424979612677
3.54999969856 -0.206816858564 -0.420560715832
3.61283155163 -0.201826606235 -0.416208030309
3.6756634047 -0.197004083946 -0.411921014382
3.73849525777 -0.192342209822 -0.407699059707
3.80132711084 -0.187834260727 -0.403541501504
3.86415896392 -0.183473851317 -0.39944762748
3.92699081699 -0.179254914399 -0.395416685617
3.98982267006 -0.175171682515 -0.391447890971
4.05265452313 -0.171218670687 -0.387540431607
4.1154863762 -0.167390660253 -0.38369347377
4.17831822927 -0.16368268373 -0.379906166397
4.24115008235 -0.160090010634 -0.376177645037
4.30398193542 -0.156608134198 -0.372507035277
4.36681378849 -0.15323275894 -0.368893455725
4.42964564156 -0.149959789008 -0.365336020597
4.49247749463 -0.146785317262 -0.361833841986
4.55530934771 -0.143705615044 -0.35838603183
4.61814120078 -0.140717122583 -0.354991703626
4.68097305385 -0.137816439994 -0.351649973925
4.74380490692 -0.135000318842 -0.348359963639
4.80663675999 -0.132265654209 -0.345120799165
4.86946861306 -0.129609477255 -0.341931613379
4.93230046614 -0.127028948222 -0.33879154649
4.99513231921 -0.12452134986 -0.335699746782
5.05796417228 -0.12208408124 -0.332655371261
5.12079602535 -0.119714651936 -0.329657586212
5.18362787842 -0.11741067654 -0.326705567674
5.24645973149 -0.115169869503 -0.323798501859
5.30929158457 -0.112990040263 -0.320935585496
5.37212343764 -0.110869088653 -0.318116026131
5.43495529071 -0.10880500057 -0.315339042377
5.49778714378 -0.106795843881 -0.312603864118
5.56061899685 -0.104839764556 -0.309909732679
5.62345084993 -0.102934983015 -0.30725590096
5.686282703 -0.101079790669 -0.304641633537
5.74911455607 -0.0992725466493 -0.302066206738
5.81194640914 -0.0975116747104 -0.299528908694
5.87477826221 -0.0957956602935 -0.297029039363
5.93761011528 -0.0941230477465 -0.294565910542
6.00044196836 -0.0924924376859 -0.29213884585
6.06327382143 -0.0909024844947 -0.289747180702
6.1261056745 -0.089351893947 -0.287390262262
6.18893752757 -0.0878394209526 -0.285067449389
6.25176938064 -0.0863638674146 -0.282778112562
6.31460123372 -0.0849240801922 -0.280521633801
6.37743308679 -0.0835189491651 -0.278297406573
6.44026493986 -0.0821474053912 -0.276104835688
6.50309679293 -0.0808084193542 -0.273943337193
6.565928646 -0.0795009992955 -0.27181233825
6.62876049907 -0.0782241896249 -0.269711277014
6.69159235215 -0.0769770694079 -0.267639602498
6.75442420522 -0.0757587509233 -0.265596774442
6.81725605829 -0.0745683782888 -0.263582263166
6.88008791136 -0.0734051261499 -0.261595549429
6.94291976443 -0.0722681984302 -0.259636124278
7.00575161751 -0.0711568271383 -0.257703488893
7.06858347058 -0.07007027123 -0.255797154439
7.13141532365 -0.0690078155209 -0.253916641901
7.19424717672 -0.0679687696495 -0.25206148193
7.25707902979 -0.066952467086 -0.250231214681
7.31991088286 -0.0659582641853 -0.24842538965
7.38274273594 -0.0649855392827 -0.246643565515
7.44557458901 -0.064033691829 -0.24488530997
7.50840644208 -0.0631021415638 -0.243150199563
7.57123829515 -0.062190327725 -0.241437819534
7.63407014822 -0.061297708293 -0.239747763654
7.69690200129 -0.060423759267 -0.23807963406
7.75973385437 -0.0595679739734 -0.236433041095
7.82256570744 -0.0587298624031 -0.234807603149
7.88539756051 -0.0579089505778 -0.233202946501
7.94822941358 -0.0571047799425 -0.231618705159
8.01106126665 -0.0563169067851 -0.230054520707
8.07389311973 -0.0555449016787 -0.228510042147
8.1367249728 -0.0547883489489 -0.226984925751
8.19955682587 -0.0540468461626 -0.225478834905
8.26238867894 -0.0533200036383 -0.223991439965
8.32522053201 -0.0526074439767 -0.222522418108
8.38805238508 -0.0519088016107 -0.221071453186
8.45088423816 -0.051223722374 -0.219638235585
8.51371609123 -0.0505518630872 -0.218222462087
8.5765479443 -0.049892891161 -0.216823835727
8.63937979737 -0.0492464842155 -0.215442065658
8.70221165044 -0.0486123297147 -0.214076867024
8.76504350352 -0.047990124616 -0.212727960818
8.82787535659 -0.0473795750337 -0.211395073764
8.89070720966 -0.0467803959155 -0.210077938183
8.95353906273 -0.0461923107331 -0.208776291873
9.0163709158 -0.0456150511836 -0.207489877985
9.07920276887 -0.0450483569035 -0.206218444906
9.14203462195 -0.0444919751941 -0.204961746141
9.20486647502 -0.0439456607568 -0.203719540197
9.26769832809 -0.04340917544 -0.202491590475
9.33053018116 -0.0428822879945 -0.201277665154
9.39336203423 -0.0423647738395 -0.200077537091
9.45619388731 -0.0418564148366 -0.19889098371
9.51902574038 -0.0413569990734 -0.197717786902
9.58185759345 -0.0408663206545 -0.196557732921
9.64468944652 -0.0403841795014 -0.195410612291
9.70752129959 -0.039910381159 -0.194276219705
9.77035315266 -0.0394447366103 -0.193154353933
9.83318500574 -0.0389870620972 -0.19204481773
9.89601685881 -0.0385371789486 -0.190947417745
9.95884871188 -0.0380949134148 -0.189861964435
10.021680565 -0.0376600965081 -0.188788271976
10.084512418 -0.0372325638487 -0.187726158185
10.1473442711 -0.0368121555172 -0.18667544443
10.2101761242 -0.0363987159118 -0.185635955557
10.2730079772 -0.0359920936111 -0.184607519809
10.3358398303 -0.0355921412414 -0.18358996875
10.3986716834 -0.0351987153495 -0.18258313719
10.4615035365 -0.0348116762795 -0.181586863114
10.5243353895 -0.0344308880542 -0.180600987609
10.5871672426 -0.034056218261 -0.179625354796
10.6499990957 -0.0336875379411 -0.178659811762
10.7128309487 -0.0333247214836 -0.177704208494
10.7756628018 -0.0329676465227 -0.176758397815
10.8384946549 -0.0326161938386 -0.175822235321
10.901326508 -0.0322702472623 -0.174895579318
10.964158361 -0.0319296935823 -0.173978290764
11.0269902141 -0.0315944224576 -0.173070233213
11.0898220672 -0.0312643263282 -0.172171272749
11.1526539202 -0.0309393003383 -0.171281277943
11.2154857733 -0.0306192422453 -0.170400119787
11.2783176264 -0.0303040523596 -0.16952767165
11.3411494795 -0.0299936334452 -0.168663809216
11.4039813325 -0.0296878906788 -0.167808410451
11.4668131856 -0.0293867315441 -0.166961355527
11.5296450387 -0.0290900657995 -0.166122526809
11.5924768917 -0.0287978053856 -0.165291808767
11.6553087448 -0.0285098643743 -0.164469087973
11.7181405979 -0.028226158913 -0.163654253016
11.780972451 -0.027946607149 -0.162847194492
11.843804304 -0.0276711291858 -0.16204780494
11.9066361571 -0.0273996470347 -0.161255978806
11.9694680102 -0.0271320845261 -0.160471612414
12.0322998632 -0.0268683673116 -0.159694603901
12.0951317163 -0.0266084227696 -0.158924853207
12.1579635694 -0.0263521799614 -0.158162262019
12.2207954225 -0.0260995696289 -0.157406733735
12.2836272755 -0.0258505240819 -0.156658173441
12.3464591286 -0.0256049771953 -0.155916487862
12.4092909817 -0.0253628643859 -0.15518158533
12.4721228348 -0.0251241225053 -0.154453375762
12.5349546878 -0.0248886898552 -0.153731770613
12.5977865409 -0.0246575683018 -0.15301602217
12.660618394 -0.02442958624 -0.152306733463
12.723450247 -0.0242046881968 -0.151603819247
12.7862821001 -0.0239828198937 -0.150907195747
12.8491139532 -0.0237639282169 -0.15021678063
12.9119458063 -0.0235479611883 -0.149532492972
12.9747776593 -0.0233348679367 -0.148854253229
13.0376095124 -0.0231245986706 -0.148181983209
13.1004413655 -0.0229171046511 -0.147515606042
13.1632732185 -0.0227123381661 -0.146855046152
13.2261050716 -0.0225102525049 -0.146200229232
13.2889369247 -0.0223108019337 -0.145551082217
13.3517687778 -0.0221139416713 -0.144907533258
13.4146006308 -0.0219196278664 -0.144269511695
13.4774324839 -0.0217278175745 -0.143636948038
13.540264337 -0.0215384687365 -0.143009773938
13.60309619 -0.0213515401564 -0.142387922165
13.6659280431 -0.0211669914817 -0.141771326587
13.7287598962 -0.0209847831821 -0.141159922148
13.7915917493 -0.0208048765304 -0.140553644844
13.8544236023 -0.0206272335834 -0.139952431702
13.9172554554 -0.0204518171629 -0.139356220765
13.9800873085 -0.0202785908381 -0.138764951063
14.0429191615 -0.0201075189075 -0.138178562601
14.1057510146 -0.019938566382 -0.137596996336
14.1685828677 -0.0197716989682 -0.137020194159
14.2314147208 -0.0196068830521 -0.13644809888
14.2942465738 -0.0194440856833 -0.135880654203
14.3570784269 -0.0192832745596 -0.135317804715
14.41991028 -0.0191244180122 -0.134759495867
14.482742133 -0.0189674849906 -0.134205673958
14.5455739861 -0.018812445049 -0.133656286116
14.6084058392 -0.0186592683322 -0.133111280287
14.6712376923 -0.018507925562 -0.132570605213
14.7340695453 -0.0183583880242 -0.132034210424
14.7969013984 -0.0182106275561 -0.131502046219
14.8597332515 -0.0180646165334 -0.13097406365
14.9225651046 -0.0179203278587 -0.130450214514
14.9853969576 -0.0177777349494 -0.129930451331
15.0482288107 -0.017636811726 -0.129414727339
15.1110606638 -0.0174975326014 -0.128902996475
15.1738925168 -0.0173598724695 -0.128395213361
15.2367243699 -0.0172238066947 -0.127891333298
15.299556223 -0.0170893111016 -0.127391312247
15.3623880761 -0.0169563619648 -0.126895106821
15.4252199291 -0.016824935999 -0.126402674272
15.4880517822 -0.0166950103494 -0.125913972476
15.5508836353 -0.0165665625822 -0.125428959928
15.6137154883 -0.016439570676 -0.124947595727
15.6765473414 -0.0163140130119 -0.124469839564
15.7393791945 -0.0161898683658 -0.123995651717
15.8022110476 -0.0160671158994 -0.123524993032
15.8650429006 -0.0159457351519 -0.123057824921
15.9278747537 -0.0158257060321 -0.122594109348
15.9907066068 -0.0157070088104 -0.122133808819
16.0535384598 -0.0155896241114 -0.121676886374
16.1163703129 -0.0154735329059 -0.121223305576
16.179202166 -0.0153587165042 -0.120773030506
16.2420340191 -0.0152451565484 -0.120326025747
16.3048658721 -0.0151328350058 -0.119882256381
16.3676977252 -0.0150217341619 -0.119441687978
16.4305295783 -0.014911836614 -0.119004286589
16.4933614313 -0.0148031252646 -0.118570018736
16.5561932844 -0.0146955833147 -0.118138851406
16.6190251375 -0.0145891942586 -0.117710752038
16.6818569906 -0.0144839418766 -0.117285688525
16.7446888436 -0.0143798102305 -0.116863629195
16.8075206967 -0.0142767836565 -0.116444542813
16.8703525498 -0.0141748467606 -0.116028398568
16.9331844028 -0.0140739844128 -0.115615166067
16.9960162559 -0.0139741817416 -0.11520481533
17.058848109 -0.0138754241288 -0.114797316781
17.1216799621 -0.0137776972046 -0.114392641242
17.1845118151 -0.0136809868426 -0.113990759927
17.2473436682 -0.0135852791546 -0.113591644434
17.3101755213 -0.0134905604864 -0.113195266739
17.3730073744 -0.0133968174125 -0.112801599193
17.4358392274 -0.0133040367321 -0.112410614511
17.4986710805 -0.0132122054643 -0.112022285769
17.5615029336 -0.0131213108441 -0.111636586396
17.6243347866 -0.0130313403178 -0.111253490173
17.6871666397 -0.0129422815391 -0.110872971221
17.7499984928 -0.0128541223649 -0.110495003999
17.8128303459 -0.0127668508515 -0.110119563299
17.8756621989 -0.0126804552506 -0.109746624239
17.938494052 -0.0125949240056 -0.109376162259
18.0013259051 -0.0125102457479 -0.109008153116
18.0641577581 -0.0124264092931 -0.108642572877
18.1269896112 -0.0123434036378 -0.108279397915
18.1898214643 -0.0122612179556 -0.107918604908
18.2526533174 -0.0121798415945 -0.107560170826
18.3154851704 -0.0120992640729 -0.107204072935
18.3783170235 -0.0120194750766 -0.106850288787
18.4411488766 -0.0119404644557 -0.106498796218
18.5039807296 -0.0118622222216 -0.106149573342
18.5668125827 -0.0117847385435 -0.105802598547
18.6296444358 -0.011708003746 -0.105457850493
18.6924762889 -0.0116320083059 -0.105115308103
18.7553081419 -0.0115567428494 -0.104774950566
18.818139995 -0.0114821981494 -0.104436757326
18.8809718481 -0.0114083651226 -0.10410070808
18.9438037011 -0.0113352348271 -0.103766782779
19.0066355542 -0.0112627984596 -0.103434961617
19.0694674073 -0.0111910473529 -0.103105225031
19.1322992604 -0.0111199729734 -0.102777553698
19.1951311134 -0.0110495669187 -0.10245192853
19.2579629665 -0.0109798209153 -0.102128330671
19.3207948196 -0.010910726816 -0.101806741492
19.3836266726 -0.0108422765977 -0.101487142589
19.4464585257 -0.0107744623595 -0.101169515782
19.5092903788 -0.01070727632 -0.100853843107
19.5721222319 -0.0106407108153 -0.100540106815
19.6349540849 -0.0105747582971 -0.10022828937
19.697785938 -0.0105094113306 -0.0999183734427
19.7606177911 -0.0104446625921 -0.0996103419124
19.8234496442 -0.0103805048675 -0.0993041778588
19.8862814972 -0.0103169310501 -0.0989998645621
19.9491133503 -0.0102539341389 -0.098697385499
20.0119452034 -0.0101915072363 -0.0983967243403
20.0747770564 -0.0101296435468 -0.0980978649477
20.1376089095 -0.0100683363751 -0.0978007913716
20.2004407626 -0.010007579124 -0.0975054878477
20.2632726157 -0.00994736529302 -0.0972119387947
20.3261044687 -0.0098876884767 -0.096920128812
20.3889363218 -0.00982854236287 -0.0966300426762
20.4517681749 -0.009769920731 -0.0963416653396
20.5146000279 -0.00971181745073 -0.096054981927
20.577431881 -0.00965422648022 -0.0957699777336
20.6402637341 -0.00959714186471 -0.0954866382226
20.7030955872 -0.00954055773501 -0.0952049490224
20.7659274402 -0.009484468306 -0.0949248959248
20.8287592933 -0.00942886787526 -0.0946464648826
20.8915911464 -0.00937375082163 -0.094369642007
20.9544229994 -0.00931911160379 -0.094094413566
21.0172548525 -0.00926494475906 -0.0938207659814
21.0800867056 -0.00921124490192 -0.0935486858276
21.1429185587 -0.00915800672277 -0.0932781598288
21.2057504117 -0.00910522498672 -0.0930091748571
21.2685822648 -0.00905289453222 -0.0927417179306
21.3314141179 -0.00900101026997 -0.0924757762114
21.3942459709 -0.00894956718165 -0.0922113370032
21.457077824 -0.00889856031868 -0.0919483877503
21.5199096771 -0.00884798480124 -0.0916869160345
21.5827415302 -0.00879783581698 -0.0914269095741
21.6455733832 -0.00874810861998 -0.0911683562219
21.7084052363 -0.00869879852966 -0.0909112439628
21.7712370894 -0.00864990092967 -0.0906555609132
21.8340689424 -0.00860141126692 -0.0904012953178
21.8969007955 -0.00855332505046 -0.0901484355489
21.9597326486 -0.00850563785057 -0.0898969701044
22.0225645017 -0.00845834529763 -0.0896468876061
22.0853963547 -0.0084114430813 -0.0893981767981
22.1482282078 -0.00836492694951 -0.0891508265448
22.2110600609 -0.00831879270744 -0.0889048258302
22.273891914 -0.00827303621679 -0.0886601637553
22.336723767 -0.00822765339465 -0.0884168295371
22.3995556201 -0.00818264021283 -0.0881748125071
22.4623874732 -0.00813799269681 -0.0879341021097
22.5252193262 -0.00809370692502 -0.0876946879007
22.5880511793 -0.00804977902793 -0.0874565595457
22.6508830324 -0.00800620518727 -0.0872197068191
22.7137148855 -0.00796298163516 -0.0869841196023
22.7765467385 -0.00792010465345 -0.0867497878822
22.8393785916 -0.00787757057278 -0.0865167017504
22.9022104447 -0.00783537577192 -0.0862848514015
22.9650422977 -0.00779351667697 -0.0860542271316
23.0278741508 -0.0077519897607 -0.0858248193373
23.0907060039 -0.00771079154168 -0.0855966185146
23.153537857 -0.00766991858378 -0.0853696152566
23.21636971 -0.00762936749528 -0.0851438002537
23.2792015631 -0.00758913492826 -0.0849191642915
23.3420334162 -0.00754921757798 -0.0846956982496
23.4048652692 -0.0075096121821 -0.0844733931007
23.4676971223 -0.00747031552015 -0.0842522399094
23.5305289754 -0.00743132441282 -0.0840322298308
23.5933608285 -0.00739263572139 -0.0838133541094
23.6561926815 -0.00735424634703 -0.0835956040784
23.7190245346 -0.00731615323025 -0.0833789711581
23.7818563877 -0.00727835335034 -0.0831634468551
23.8446882407 -0.00724084372474 -0.0829490227609
23.9075200938 -0.00720362140843 -0.0827356905514
23.9703519469 -0.00716668349348 -0.0825234419853
24.0331838 -0.00713002710837 -0.0823122689034
24.096015653 -0.00709364941751 -0.0821021632275
24.1588475061 -0.00705754762073 -0.0818931169595
24.2216793592 -0.00702171895271 -0.0816851221801
24.2845112122 -0.00698616068248 -0.0814781710481
24.3473430653 -0.00695087011289 -0.0812722557997
24.4101749184 -0.00691584458015 -0.081067368747
24.4730067715 -0.00688108145331 -0.0808635022773
24.5358386245 -0.00684657813381 -0.0806606488525
24.5986704776 -0.00681233205495 -0.0804588010076
24.6615023307 -0.00677834068149 -0.0802579513504
24.7243341838 -0.00674460150912 -0.0800580925606
24.7871660368 -0.00671111206411 -0.079859217388
24.8499978899 -0.00667786990276 -0.0796613186529
24.912829743 -0.00664487261103 -0.0794643892448
24.975661596 -0.00661211780408 -0.0792684221212
25.0384934491 -0.00657960312591 -0.0790734103073
25.1013253022 -0.0065473262488 -0.078879346895
25.1641571553 -0.00651528487314 -0.078686225042
25.2269890083 -0.00648347672677 -0.0784940379711
25.2898208614 -0.00645189956477 -0.0783027789697
25.3526527145 -0.00642055116903 -0.0781124413886
25.4154845675 -0.00638942934779 -0.0779230186414
25.4783164206 -0.00635853193539 -0.077734504204
25.5411482737 -0.00632785679178 -0.0775468916138
25.6039801268 -0.00629740180226 -0.0773601744686
25.6668119798 -0.00626716487708 -0.0771743464262
25.7296438329 -0.00623714395106 -0.0769894012039
25.792475686 -0.00620733698328 -0.0768053325775
25.855307539 -0.00617774195677 -0.0766221343807
25.9181393921 -0.00614835687811 -0.0764398005044
25.9809712452 -0.00611917977714 -0.0762583248962
26.0438030983 -0.00609020870666 -0.0760777015596
26.1066349513 -0.00606144174203 -0.0758979245533
26.1694668044 -0.00603287698094 -0.075718987991
26.2322986575 -0.00600451254308 -0.07554088604
26.2951305105 -0.00597634656982 -0.0753636129214
26.3579623636 -0.00594837722392 -0.0751871629089
26.4207942167 -0.00592060268924 -0.0750115303286
26.4836260698 -0.00589302117045 -0.0748367095582
26.5464579228 -0.00586563089275 -0.0746626950262
26.6092897759 -0.00583843010157 -0.0744894812123
26.672121629 -0.00581141706235 -0.074317062645
26.734953482 -0.00578459006017 -0.0741454339034
26.7977853351 -0.00575794739959 -0.0739745896145
26.8606171882 -0.00573148740438 -0.0738045244537
26.9234490413 -0.00570520841711 -0.0736352331445
26.9862808943 -0.0056791087991 -0.0734667104575
27.0491127474 -0.00565318693005 -0.0732989512096
27.1119446005 -0.00562744120782 -0.0731319502644
27.1747764536 -0.0056018700482 -0.0729657025306
27.2376083066 -0.00557647188465 -0.0728002029625
27.3004401597 -0.00555124516808 -0.0726354465589
27.3632720128 -0.00552618836663 -0.0724714283625
27.4261038658 -0.00550129996542 -0.07230814346
27.4889357189 -0.00547657846629 -0.0721455869813
27.551767572 -0.00545202238769 -0.0719837540989
27.6145994251 -0.00542763026434 -0.0718226400276
27.6774312781 -0.00540340064709 -0.071662240024
27.7402631312 -0.00537933210271 -0.0715025493859
27.8030949843 -0.00535542321361 -0.0713435634525
27.8659268373 -0.00533167257773 -0.0711852776029
27.9287586904 -0.00530807880827 -0.0710276872565
27.9915905435 -0.00528464053353 -0.0708707878724
28.0544223966 -0.00526135639669 -0.0707145749485
28.1172542496 -0.00523822505563 -0.070559044022
28.1800861027 -0.00521524518274 -0.0704041906678
28.2429179558 -0.00519241546473 -0.0702500104994
28.3057498088 -0.00516973460244 -0.0700964991674
28.3685816619 -0.00514720131066 -0.0699436523597
28.431413515 -0.00512481431797 -0.0697914658008
28.4942453681 -0.00510257236658 -0.0696399352517
28.5570772211 -0.00508047421206 -0.0694890565093
28.6199090742 -0.00505851862326 -0.0693388254063
28.6827409273 -0.00503670438217 -0.0691892378101
28.7455727803 -0.00501503028363 -0.0690402896235
28.8084046334 -0.00499349513526 -0.0688919767836
28.8712364865 -0.0049720977573 -0.0687442952615
28.9340683396 -0.00495083698243 -0.0685972410622
28.9969001926 -0.00492971165558 -0.068450810224
29.0597320457 -0.00490872063381 -0.0683049988185
29.1225638988 -0.00488786278619 -0.0681598029499
29.1853957518 -0.00486713699361 -0.0680152187547
29.2482276049 -0.0048465421486 -0.0678712424016
29.311059458 -0.00482607715529 -0.0677278700907
29.3738913111 -0.00480574092912 -0.0675850980542
29.4367231641 -0.00478553239685 -0.0674429225547
29.4995550172 -0.00476545049632 -0.0673013398859
29.5623868703 -0.00474549417635 -0.0671603463718
29.6252187234 -0.00472566239658 -0.0670199383666
29.6880505764 -0.00470595412738 -0.0668801122544
29.7508824295 -0.00468636834968 -0.0667408644489
29.8137142826 -0.00466690405487 -0.0666021913925
29.8765461356 -0.00464756024464 -0.0664640895573
29.9393779887 -0.00462833593086 -0.0663265554436
30.0022098418 -0.00460923013549 -0.0661895855801
30.0650416949 -0.00459024189044 -0.0660531765235
30.1278735479 -0.0045713702374 -0.0659173248586
30.190705401 -0.0045526142278 -0.0657820271974
30.2535372541 -0.00453397292269 -0.0656472801791
30.3163691071 -0.00451544539251 -0.0655130804703
30.3792009602 -0.00449703071713 -0.0653794247636
30.4420328133 -0.00447872798562 -0.0652463097789
30.5048646664 -0.00446053629621 -0.0651137322614
30.5676965194 -0.00444245475613 -0.0649816889828
30.6305283725 -0.00442448248155 -0.0648501767403
30.6933602256 -0.00440661859748 -0.0647191923562
30.7561920786 -0.00438886223757 -0.0645887326785
30.8190239317 -0.00437121254412 -0.0644587945798
30.8818557848 -0.00435366866792 -0.0643293749571
30.9446876379 -0.00433622976815 -0.0642004707324
31.0075194909 -0.00431889501231 -0.0640720788514
31.070351344 -0.00430166357608 -0.063944196284
31.1331831971 -0.00428453464328 -0.0638168200236
31.1960150501 -0.00426750740573 -0.0636899470873
31.2588469032 -0.00425058106314 -0.0635635745155
31.3216787563 -0.00423375482309 -0.0634376993713
31.3845106094 -0.00421702790087 -0.0633123187408
31.4473424624 -0.00420039951942 -0.0631874297327
31.5101743155 -0.00418386890922 -0.0630630294783
31.5730061686 -0.00416743530825 -0.0629391151305
31.6358380216 -0.00415109796185 -0.0628156838646
31.6986698747 -0.00413485612267 -0.0626927328774
31.7615017278 -0.00411870905054 -0.0625702593874
31.8243335809 -0.00410265601247 -0.0624482606343
31.8871654339 -0.00408669628246 -0.0623267338789
31.949997287 -0.00407082914153 -0.0622056764031
32.0128291401 -0.00405505387755 -0.0620850855092
32.0756609932 -0.00403936978523 -0.0619649585202
32.1384928462 -0.00402377616595 -0.0618452927797
32.2013246993 -0.00400827232782 -0.061726085651
32.2641565524 -0.00399285758548 -0.0616073345174
32.3269884054 -0.00397753126008 -0.0614890367823
32.3898202585 -0.0039622926792 -0.0613711898683
32.4526521116 -0.0039471411768 -0.0612537912176
32.5154839647 -0.00393207609311 -0.0611368382914
32.5783158177 -0.00391709677453 -0.0610203285705
32.6411476708 -0.00390220257368 -0.0609042595537
32.7039795239 -0.00388739284922 -0.0607886287592
32.7668113769 -0.0038726669658 -0.0606734337233
32.82964323 -0.00385802429407 -0.0605586720007
32.8924750831 -0.00384346421047 -0.0604443411645
32.9553069362 -0.00382898609731 -0.0603304388055
33.0181387892 -0.00381458934262 -0.0602169625326
33.0809706423 -0.00380027334012 -0.0601039099721
33.1438024954 -0.00378603748915 -0.0599912787678
33.2066343484 -0.00377188119459 -0.0598790665813
33.2694662015 -0.00375780386682 -0.0597672710909
33.3322980546 -0.00374380492167 -0.0596558899921
33.3951299077 -0.00372988378032 -0.0595449209973
33.4579617607 -0.00371603986927 -0.0594343618355
33.5207936138 -0.00370227262031 -0.0593242102524
33.5836254669 -0.00368858147036 -0.0592144640102
33.6464573199 -0.00367496586153 -0.0591051208872
33.709289173 -0.00366142524104 -0.0589961786778
33.7721210261 -0.00364795906107 -0.0588876351926
33.8349528792 -0.00363456677882 -0.0587794882579
33.8977847322 -0.00362124785643 -0.0586717357154
33.9606165853 -0.00360800176088 -0.0585643754229
34.0234484384 -0.00359482796395 -0.0584574052533
34.0862802914 -0.00358172594221 -0.058350823095
34.1491121445 -0.00356869517697 -0.058244626851
34.2119439976 -0.00355573515414 -0.05813881444
34.2747758507 -0.00354284536427 -0.0580333837952
34.3376077037 -0.00353002530251 -0.0579283328643
34.4004395568 -0.00351727446843 -0.0578236596104
34.4632714099 -0.00350459236619 -0.0577193620101
34.526103263 -0.00349197850426 -0.0576154380551
34.588935116 -0.00347943239555 -0.0575118857509
34.6517669691 -0.00346695355725 -0.0574087031175
34.7145988222 -0.00345454151086 -0.0573058881883
34.7774306752 -0.00344219578208 -0.0572034390112
34.8402625283 -0.00342991590086 -0.0571013536472
34.9030943814 -0.00341770140123 -0.0569996301714
34.9659262345 -0.00340555182135 -0.0568982666723
35.0287580875 -0.00339346670344 -0.0567972612517
35.0915899406 -0.00338144559373 -0.0566966120244
35.1544217937 -0.00336948804241 -0.0565963171188
35.2172536467 -0.00335759360362 -0.0564963746762
35.2800854998 -0.0033457618354 -0.0563967828506
35.3429173529 -0.00333399229961 -0.0562975398091
35.405749206 -0.00332228456195 -0.0561986437313
35.468581059 -0.00331063819187 -0.0561000928094
35.5314129121 -0.00329905276256 -0.0560018852482
35.5942447652 -0.00328752785088 -0.0559040192648
35.6570766182 -0.00327606303742 -0.0558064930884
35.7199084713 -0.00326465790627 -0.0557093049608
35.7827403244 -0.0032533120452 -0.0556124531354
35.8455721775 -0.00324202504547 -0.0555159358777
35.9084040305 -0.00323079650187 -0.0554197514653
35.9712358836 -0.00321962601265 -0.0553238981872
36.0340677367 -0.00320851317951 -0.0552283743442
36.0968995897 -0.00319745760752 -0.0551331782486
36.1597314428 -0.00318645890513 -0.0550383082243
36.2225632959 -0.00317551668414 -0.0549437626065
36.285395149 -0.00316463055962 -0.0548495397416
36.348227002 -0.00315380014993 -0.0547556379871
36.4110588551 -0.00314302507664 -0.0546620557118
36.4738907082 -0.00313230496451 -0.0545687912954
36.5367225612 -0.0031216394415 -0.0544758431283
36.5995544143 -0.00311102813869 -0.0543832096118
36.6623862674 -0.00310047069022 -0.0542908891583
36.7252181205 -0.00308996673337 -0.0541988801902
36.7880499735 -0.00307951590841 -0.0541071811409
36.8508818266 -0.00306911785865 -0.0540157904538
36.9137136797 -0.00305877223036 -0.0539247065832
36.9765455328 -0.00304847867278 -0.0538339279933
37.0393773858 -0.00303823683804 -0.0537434531586
37.1022092389 -0.00302804638122 -0.0536532805634
37.165041092 -0.00301790696015 -0.0535634087028
37.227872945 -0.00300781823565 -0.053473836081
37.2907047981 -0.00299777987121 -0.0533845612125
37.3535366512 -0.00298779153317 -0.0532955826216
37.4163685043 -0.0029778528906 -0.0532068988421
37.4792003573 -0.0029679636153 -0.0531185084174
37.5420322104 -0.00295812338179 -0.0530304099006
37.6048640635 -0.0029483318672 -0.0529426018543
37.6676959165 -0.00293858875137 -0.0528550828501
37.7305277696 -0.00292889371672 -0.0527678514695
37.7933596227 -0.00291924644828 -0.0526809063027
37.8561914758 -0.00290964663361 -0.0525942459495
37.9190233288 -0.0029000939629 -0.0525078690183
37.9818551819 -0.00289058812878 -0.0524217741269
38.044687035 -0.00288112882636 -0.0523359599021
38.107518888 -0.00287171575331 -0.0522504249791
38.1703507411 -0.00286234860969 -0.0521651680021
38.2331825942 -0.00285302709795 -0.0520801876246
38.2960144473 -0.00284375092299 -0.0519954825077
38.3588463003 -0.00283451979207 -0.051911051322
38.4216781534 -0.00282533341481 -0.051826892746
38.4845100065 -0.00281619150313 -0.0517430054672
38.5473418595 -0.00280709377131 -0.0516593881809
38.6101737126 -0.00279803993587 -0.0515760395911
38.6730055657 -0.0027890297156 -0.0514929584101
38.7358374188 -0.00278006283154 -0.0514101433582
38.7986692718 -0.00277113900697 -0.0513275931636
38.8615011249 -0.00276225796735 -0.0512453065632
38.924332978 -0.00275341944032 -0.0511632823011
38.987164831 -0.00274462315569 -0.05108151913
39.0499966841 -0.00273586884537 -0.0510000158101
39.1128285372 -0.00272715624342 -0.0509187711098
39.1756603903 -0.00271848508601 -0.0508377838046
39.2384922433 -0.00270985511134 -0.0507570526782
39.3013240964 -0.00270126605976 -0.0506765765217
39.3641559495 -0.00269271767352 -0.0505963541339
39.4269878026 -0.00268420969702 -0.0505163843209
39.4898196556 -0.00267574187659 -0.0504366658965
39.5526515087 -0.00266731396056 -0.0503571976818
39.6154833618 -0.00265892569922 -0.0502779785053
39.6783152148 -0.00265057684482 -0.0501990072023
39.7411470679 -0.00264226715151 -0.0501202826161
39.803978921 -0.00263399637538 -0.0500418035965
39.8668107741 -0.00262576427439 -0.0499635690008
39.9296426271 -0.00261757060839 -0.0498855776932
39.9924744802 -0.00260941513906 -0.049807828545
40.0553063333 -0.00260129762996 -0.0497303204342
40.1181381863 -0.00259321784643 -0.049653052246
40.1809700394 -0.00258517555565 -0.0495760228722
40.2438018925 -0.00257717052655 -0.0494992312117
40.3066337456 -0.00256920252988 -0.0494226761697
40.3694655986 -0.00256127133812 -0.0493463566585
40.4322974517 -0.0025533767255 -0.0492702715967
40.4951293048 -0.00254551846794 -0.0491944199099
40.5579611578 -0.00253769634315 -0.0491188005295
40.6207930109 -0.00252991013043 -0.0490434123942
40.683624864 -0.00252215961082 -0.0489682544488
40.7464567171 -0.00251444456702 -0.0488933256444
40.8092885701 -0.00250676478337 -0.0488186249385
40.8721204232 -0.00249912004586 -0.0487441512948
40.9349522763 -0.00249151014203 -0.0486699036836
40.9977841293 -0.00248393486107 -0.0485958810811
41.0606159824 -0.00247639399383 -0.0485220824694
41.1234478355 -0.0024688873326 -0.0484485068374
41.1862796886 -0.00246141467132 -0.0483751531794
41.2491115416 -0.00245397580544 -0.0483020204962
41.3119433947 -0.00244657053194 -0.0482291077943
41.3747752478 -0.00243919864938 -0.0481564140859
41.4376071008 -0.00243185995773 -0.0480839383898
41.5004389539 -0.0024245542585 -0.0480116797299
41.563270807 -0.00241728135468 -0.0479396371364
41.6261026601 -0.00241004105076 -0.0478678096446
41.6889345131 -0.00240283315261 -0.0477961962964
41.7517663662 -0.00239565746754 -0.0477247961389
41.8145982193 -0.0023885138044 -0.0476536082245
41.8774300724 -0.00238140197328 -0.0475826316119
41.9402619254 -0.00237432178582 -0.0475118653649
42.0030937785 -0.00236727305499 -0.0474413085527
42.0659256316 -0.00236025559512 -0.0473709602503
42.1287574846 -0.00235326922194 -0.0473008195379
42.1915893377 -0.00234631375252 -0.047230885501
42.2544211908 -0.00233938900523 -0.047161157231
42.3172530439 -0.00233249479984 -0.0470916338238
42.3800848969 -0.00232563095741 -0.0470223143811
42.44291675 -0.00231879730027 -0.0469531980099
42.5057486031 -0.00231199365208 -0.0468842838218
42.5685804561 -0.0023052198378 -0.0468155709341
42.6314123092 -0.00229847568363 -0.0467470584689
42.6942441623 -0.00229176101701 -0.0466787455539
42.7570760154 -0.00228507566667 -0.0466106313212
42.8199078684 -0.00227841946261 -0.0465427149083
42.8827397215 -0.00227179223597 -0.0464749954574
42.9455715746 -0.00226519381917 -0.0464074721158
43.0084034276 -0.00225862404583 -0.0463401440359
43.0712352807 -0.00225208275075 -0.0462730103744
43.1340671338 -0.00224556976993 -0.0462060702934
43.1968989869 -0.00223908494051 -0.0461393229596
43.2597308399 -0.00223262810088 -0.0460727675443
43.322562693 -0.00222619909051 -0.0460064032238
43.3853945461 -0.00221979775003 -0.0459402291788
43.4482263991 -0.00221342392125 -0.0458742445949
43.5110582522 -0.00220707744704 -0.0458084486622
43.5738901053 -0.00220075817145 -0.0457428405754
43.6367219584 -0.00219446593957 -0.045677419534
43.6995538114 -0.00218820059768 -0.0456121847415
43.7623856645 -0.00218196199306 -0.0455471354065
43.8252175176 -0.00217574997413 -0.0454822707416
43.8880493706 -0.00216956439033 -0.0454175899642
43.9508812237 -0.00216340509221 -0.0453530922958
44.0137130768 -0.00215727193137 -0.0452887769623
44.0765449299 -0.0021511647604 -0.0452246431944
44.1393767829 -0.00214508343298 -0.0451606902264
44.202208636 -0.00213902780379 -0.0450969172975
44.2650404891 -0.00213299772856 -0.0450333236507
44.3278723422 -0.00212699306397 -0.0449699085335
44.3907041952 -0.00212101366774 -0.0449066711976
44.4535360483 -0.00211505939862 -0.0448436108985
44.5163679014 -0.00210913011627 -0.0447807268962
44.5791997544 -0.00210322568136 -0.0447180184549
44.6420316075 -0.0020973459555 -0.0446554848428
44.7048634606 -0.00209149080136 -0.0445931253316
44.7676953137 -0.00208566008242 -0.0445309391977
44.8305271667 -0.00207985366321 -0.0444689257213
44.8933590198 -0.00207407140913 -0.0444070841864
44.9561908729 -0.00206831318658 -0.0443454138811
45.0190227259 -0.00206257886279 -0.0442839140976
45.081854579 -0.00205686830597 -0.0442225841316
45.1446864321 -0.00205118138521 -0.0441614232829
45.2075182852 -0.00204551797053 -0.0441004308547
45.2703501382 -0.00203987793281 -0.0440396061548
45.3331819913 -0.0020342611438 -0.0439789484941
45.3960138444 -0.00202866747612 -0.043918457188
45.4588456974 -0.00202309680336 -0.0438581315544
45.5216775505 -0.00201754899983 -0.0437979709162
45.5845094036 -0.0020120239408 -0.0437379745992
45.6473412567 -0.00200652150235 -0.0436781419328
45.7101731097 -0.00200104156138 -0.0436184722509
45.7730049628 -0.00199558399565 -0.04355896489
45.8358368159 -0.00199014868376 -0.0434996191907
45.8986686689 -0.00198473550509 -0.0434404344973
45.961500522 -0.00197934433988 -0.043381410157
46.0243323751 -0.00197397506913 -0.0433225455211
46.0871642282 -0.00196862757471 -0.043263839944
46.1499960812 -0.00196330173921 -0.043205292784
46.2128279343 -0.00195799744606 -0.0431469034022
46.2756597874 -0.00195271457941 -0.0430886711641
46.3384916404 -0.00194745302428 -0.0430305954375
46.4013234935 -0.00194221266636 -0.0429726755945
46.4641553466 -0.00193699339222 -0.0429149110095
46.5269871997 -0.00193179508904 -0.0428573010616
46.5898190527 -0.00192661764487 -0.0427998451318
46.6526509058 -0.00192146094846 -0.0427425426053
46.7154827589 -0.0019163248893 -0.0426853928704
46.778314612 -0.00191120935762 -0.0426283953185
46.841146465 -0.00190611424438 -0.042571549344
46.9039783181 -0.00190103944124 -0.042514854345
46.9668101712 -0.00189598484062 -0.0424583097225
47.0296420242 -0.00189095033559 -0.0424019148807
47.0924738773 -0.00188593582 -0.0423456692266
47.1553057304 -0.00188094118832 -0.0422895721711
47.2181375835 -0.00187596633576 -0.0422336231276
47.2809694365 -0.00187101115821 -0.0421778215125
47.3438012896 -0.00186607555224 -0.0421221667458
47.4066331427 -0.00186115941511 -0.0420666582497
47.4694649957 -0.00185626264475 -0.0420112954503
47.5322968488 -0.00185138513971 -0.0419560777763
47.5951287019 -0.00184652679929 -0.0419010046591
47.657960555 -0.00184168752336 -0.0418460755335
47.720792408 -0.00183686721249 -0.0417912898371
47.7836242611 -0.0018320657679 -0.0417366470102
47.8464561142 -0.00182728309143 -0.0416821464962
47.9092879672 -0.00182251908554 -0.0416277877417
47.9721198203 -0.00181777365337 -0.0415735701955
48.0349516734 -0.00181304669864 -0.0415194933097
48.0977835265 -0.00180833812573 -0.041465556539
48.1606153795 -0.00180364783962 -0.041411759341
48.2234472326 -0.00179897574588 -0.0413581011763
48.2862790857 -0.00179432175075 -0.0413045815076
48.3491109387 -0.00178968576099 -0.0412511998012
48.4119427918 -0.00178506768402 -0.0411979555256
48.4747746449 -0.00178046742782 -0.0411448481523
48.537606498 -0.00177588490098 -0.0410918771552
48.600438351 -0.00177132001268 -0.0410390420111
48.6632702041 -0.00176677267264 -0.0409863421995
48.7261020572 -0.00176224279121 -0.0409337772023
48.7889339102 -0.00175773027928 -0.0408813465042
48.8517657633 -0.00175323504828 -0.0408290495927
48.9145976164 -0.00174875701027 -0.0407768859576
48.9774294695 -0.00174429607783 -0.0407248550912
49.0402613225 -0.00173985216404 -0.040672956489
49.1030931756 -0.00173542518266 -0.0406211896483
49.1659250287 -0.00173101504785 -0.0405695540694
49.2287568818 -0.00172662167443 -0.0405180492549
49.2915887348 -0.00172224497771 -0.0404666747098
49.3544205879 -0.00171788487351 -0.040415429942
49.417252441 -0.00171354127821 -0.0403643144616
49.480084294 -0.00170921410871 -0.0403133277811
49.5429161471 -0.00170490328244 -0.0402624694153
49.6057480002 -0.00170060871731 -0.0402117388821
49.6685798533 -0.00169633033179 -0.0401611357012
49.7314117063 -0.00169206804481 -0.0401106593948
49.7942435594 -0.00168782177589 -0.0400603094874
49.8570754125 -0.00168359144496 -0.0400100855063
49.9199072655 -0.00167937697247 -0.0399599869807
49.9827391186 -0.00167517827942 -0.0399100134422
50.0455709717 -0.00167099528724 -0.0398601644251
50.1084028248 -0.00166682791787 -0.0398104394654
50.1712346778 -0.00166267609375 -0.0397608381019
50.2340665309 -0.00165853973776 -0.0397113598755
50.296898384 -0.00165441877328 -0.0396620043293
50.359730237 -0.00165031312419 -0.0396127710086
50.4225620901 -0.00164622271478 -0.0395636594613
50.4853939432 -0.00164214746987 -0.039514669237
50.5482257963 -0.00163808731468 -0.039465799888
50.6110576493 -0.00163404217493 -0.0394170509687
50.6738895024 -0.00163001197681 -0.0393684220351
50.7367213555 -0.00162599664691 -0.0393199126462
50.7995532085 -0.00162199611231 -0.0392715223627
50.8623850616 -0.00161801030051 -0.0392232507477
50.9252169147 -0.00161403913949 -0.039175097366
50.9880487678 -0.00161008255763 -0.0391270617848
51.0508806208 -0.00160614048378 -0.0390791435735
51.1137124739 -0.00160221284718 -0.0390313423035
51.176544327 -0.00159829957754 -0.0389836575481
51.23937618 -0.00159440060498 -0.0389360888831
51.3022080331 -0.00159051586005 -0.0388886358859
51.3650398862 -0.00158664527371 -0.0388412981361
51.4278717393 -0.00158278877734 -0.0387940752156
51.4907035923 -0.00157894630277 -0.0387469667075
51.5535354454 -0.00157511778216 -0.0386999721981
51.6163672985 -0.00157130314817 -0.0386530912748
51.6791991516 -0.00156750233381 -0.0386063235272
51.7420310046 -0.00156371527249 -0.0385596685471
51.8048628577 -0.00155994189806 -0.0385131259279
51.8676947108 -0.00155618214473 -0.0384666952654
51.9305265638 -0.00155243594712 -0.0384203761567
51.9933584169 -0.00154870324027 -0.0383741682013
52.05619027 -0.00154498395952 -0.0383280710008
52.1190221231 -0.00154127804071 -0.0382820841578
52.1818539761 -0.00153758541994 -0.0382362072782
52.2446858292 -0.00153390603382 -0.0381904399681
52.3075176823 -0.00153023981926 -0.0381447818367
52.3703495353 -0.00152658671352 -0.038099232495
52.4331813884 -0.00152294665431 -0.038053791555
52.4960132415 -0.00151931957968 -0.0380084586313
52.5588450946 -0.00151570542799 -0.0379632333401
52.6216769476 -0.00151210413803 -0.0379181152995
52.6845088007 -0.00150851564895 -0.0378731041291
52.7473406538 -0.00150493990022 -0.0378281994508
52.8101725068 -0.00150137683172 -0.0377834008873
52.8730043599 -0.00149782638362 -0.0377387080645
52.935836213 -0.0014942884965 -0.0376941206087
52.9986680661 -0.00149076311122 -0.0376496381492
53.0614999191 -0.00148725016907 -0.0376052603159
53.1243317722 -0.00148374961164 -0.037560986741
53.1871636253 -0.00148026138086 -0.0375168170583
53.2499954783 -0.00147678541898 -0.0374727509038
53.3128273314 -0.00147332166867 -0.037428787914
53.3756591845 -0.00146987007283 -0.0373849277283
53.4384910376 -0.00146643057474 -0.0373411699873
53.5013228906 -0.00146300311804 -0.0372975143331
53.5641547437 -0.00145958764664 -0.0372539604098
53.6269865968 -0.00145618410482 -0.0372105078629
53.6898184498 -0.00145279243715 -0.0371671563398
53.7526503029 -0.00144941258853 -0.0371239054892
53.815482156 -0.00144604450424 -0.0370807549614
53.8783140091 -0.00144268812975 -0.037037704409
53.9411458621 -0.00143934341094 -0.0369947534854
54.0039777152 -0.00143601029401 -0.0369519018458
54.0668095683 -0.0014326887254 -0.0369091491474
54.1296414214 -0.00142937865192 -0.0368664950482
54.1924732744 -0.00142608002064 -0.0368239392088
54.2553051275 -0.00142279277897 -0.0367814812904
54.3181369806 -0.0014195168746 -0.0367391209562
54.3809688336 -0.00141625225555 -0.0366968578707
54.4438006867 -0.00141299887009 -0.0366546917004
54.5066325398 -0.00140975666681 -0.036612622113
54.5694643929 -0.0014065255946 -0.0365706487775
54.6322962459 -0.00140330560261 -0.036528771365
54.695128099 -0.00140009664034 -0.0364869895476
54.7579599521 -0.00139689865754 -0.0364453029986
54.8207918051 -0.00139371160422 -0.0364037113938
54.8836236582 -0.0013905354307 -0.0363622144098
54.9464555113 -0.00138737008761 -0.0363208117245
55.0092873644 -0.00138421552581 -0.0362795030175
55.0721192174 -0.00138107169645 -0.0362382879702
55.1349510705 -0.00137793855099 -0.0361971662647
55.1977829236 -0.00137481604113 -0.0361561375851
55.2606147766 -0.00137170411884 -0.0361152016167
55.3234466297 -0.00136860273638 -0.0360743580463
55.3862784828 -0.00136551184626 -0.036033606562
55.4491103359 -0.00136243140129 -0.0359929468535
55.5119421889 -0.0013593613545 -0.0359523786115
55.574774042 -0.00135630165921 -0.0359119015285
55.6376058951 -0.001353252269 -0.0358715152982
55.7004377481 -0.0013502131377 -0.0358312196156
55.7632696012 -0.00134718421941 -0.0357910141773
55.8261014543 -0.00134416546846 -0.0357508986812
55.8889333074 -0.00134115683951 -0.0357108728256
55.9517651604 -0.00133815828732 -0.0356709363123
56.0145970135 -0.00133516976711 -0.0356310888419
56.0774288666 -0.00133219123415 -0.0355913301183
56.1402607196 -0.00132922264407 -0.0355516598457
56.2030925727 -0.00132626395275 -0.0355120777297
56.2659244258 -0.00132331511624 -0.0354725834777
56.3287562789 -0.00132037609092 -0.0354331767975
56.3915881319 -0.00131744683335 -0.0353938573991
56.454419985 -0.00131452730034 -0.0353546249936
56.5172518381 -0.00131161744896 -0.0353154792928
56.5800836912 -0.00130871723651 -0.0352764200104
56.6429155442 -0.00130582662051 -0.035237446861
56.7057473973 -0.00130294555871 -0.0351985595606
56.7685792504 -0.00130007400913 -0.0351597578264
56.8314111034 -0.00129721192998 -0.0351210413767
56.8942429565 -0.00129435927971 -0.0350824099314
56.9570748096 -0.001291516017 -0.0350438632113
57.0199066627 -0.00128868210077 -0.0350054009386
57.0827385157 -0.00128585749013 -0.0349670228365
57.1455703688 -0.00128304214444 -0.0349287286298
57.2084022219 -0.0012802360233 -0.0348905180438
57.2712340749 -0.00127743908647 -0.0348523908058
57.334065928 -0.00127465129397 -0.0348143466437
57.3968977811 -0.00127187260605 -0.0347763852869
57.4597296342 -0.00126910298312 -0.034738506466
57.5225614872 -0.00126634238589 -0.0347007099122
57.5853933403 -0.00126359077521 -0.0346629953586
57.6482251934 -0.00126084811214 -0.0346253625393
57.7110570464 -0.00125811435801 -0.034587811189
57.7738888995 -0.00125538947431 -0.0345503410443
57.8367207526 -0.00125267342272 -0.0345129518425
57.8995526057 -0.00124996616525 -0.0344756433216
57.9623844587 -0.00124726766391 -0.0344384152219
58.0252163118 -0.0012445778811 -0.0344012672837
58.0880481649 -0.00124189677932 -0.0343641992491
58.1508800179 -0.0012392243213 -0.034327210861
58.213711871 -0.00123656046997 -0.0342903018635
58.2765437241 -0.00123390518847 -0.0342534720014
58.3393755772 -0.0012312584401 -0.0342167210214
58.4022074302 -0.00122862018839 -0.0341800486705
58.4650392833 -0.00122599039707 -0.0341434546971
58.5278711364 -0.00122336903001 -0.0341069388511
58.5907029894 -0.00122075605136 -0.0340705008823
58.6535348425 -0.00121815142535 -0.0340341405431
58.7163666956 -0.00121555511651 -0.0339978575855
58.7791985487 -0.00121296708948 -0.0339616517635
58.8420304017 -0.00121038730912 -0.0339255228317
58.9048622548 -0.00120781574048 -0.0338894705459
58.9676941079 -0.00120525234877 -0.0338534946631
59.030525961 -0.00120269709944 -0.0338175949405
59.093357814 -0.00120014995803 -0.0337817711378
59.1561896671 -0.00119761089033 -0.0337460230143
59.2190215202 -0.00119507986232 -0.0337103503309
59.2818533732 -0.0011925568401 -0.0336747528498
59.3446852263 -0.00119004179 -0.0336392303335
59.4075170794 -0.00118753467849 -0.0336037825463
59.4703489325 -0.00118503547224 -0.0335684092526
59.5331807855 -0.0011825441381 -0.0335331102185
59.5960126386 -0.00118006064309 -0.0334978852105
59.6588444917 -0.00117758495436 -0.0334627339969
59.7216763447 -0.00117511703929 -0.0334276563462
59.7845081978 -0.00117265686541 -0.0333926520279
59.8473400509 -0.00117020440036 -0.0333577208134
59.910171904 -0.00116775961207 -0.0333228624737
59.973003757 -0.00116532246854 -0.0332880767813
60.0358356101 -0.00116289293799 -0.03325336351
60.0986674632 -0.00116047098874 -0.0332187224345
60.1614993162 -0.00115805658935 -0.0331841533297
60.2243311693 -0.00115564970849 -0.0331496559723
60.2871630224 -0.00115325031502 -0.0331152301394
60.3499948755 -0.00115085837794 -0.0330808756092
60.4128267285 -0.00114847386643 -0.0330465921608
60.4756585816 -0.0011460967498 -0.0330123795744
60.5384904347 -0.00114372699757 -0.0329782376305
60.6013222877 -0.00114136457937 -0.0329441661112
60.6641541408 -0.001139009465 -0.032910164799
60.7269859939 -0.00113666162441 -0.0328762334778
60.789817847 -0.00113432102771 -0.0328423719318
60.8526497 -0.0011319876452 -0.0328085799462
60.9154815531 -0.00112966144725 -0.0327748573078
60.9783134062 -0.00112734240444 -0.0327412038033
61.0411452592 -0.00112503048748 -0.0327076192208
61.1039771123 -0.00112272566726 -0.0326741033492
61.1668089654 -0.00112042791479 -0.0326406559781
61.2296408185 -0.00111813720121 -0.0326072768982
61.2924726715 -0.00111585349786 -0.0325739659006
61.3553045246 -0.00111357677616 -0.0325407227781
61.4181363777 -0.00111130700776 -0.0325075473233
61.4809682308 -0.00110904416437 -0.0324744393304
61.5438000838 -0.00110678821789 -0.0324413985939
61.6066319369 -0.00110453914034 -0.0324084249099
61.66946379 -0.00110229690388 -0.0323755180746
61.732295643 -0.00110006148088 -0.0323426778849
61.7951274961 -0.00109783284373 -0.0323099041395
61.8579593492 -0.00109561096504 -0.032277196637
61.9207912023 -0.00109339581756 -0.0322445551769
61.9836230553 -0.00109118737412 -0.0322119795601
62.0464549084 -0.00108898560777 -0.0321794695874
62.1092867615 -0.0010867904916 -0.0321470250615
62.1721186145 -0.00108460199893 -0.0321146457846
62.2349504676 -0.00108242010313 -0.032082331561
62.2977823207 -0.00108024477774 -0.032050082195
62.3606141738 -0.00107807599648 -0.0320178974916
62.4234460268 -0.00107591373309 -0.0319857772573
62.4862778799 -0.00107375796154 -0.0319537212985
62.549109733 -0.00107160865592 -0.0319217294228
62.611941586 -0.00106946579037 -0.0318898014388
62.6747734391 -0.00106732933925 -0.0318579371553
62.7376052922 -0.001065199277 -0.0318261363824
62.8004371453 -0.00106307557821 -0.0317943989305
62.8632689983 -0.00106095821755 -0.0317627246113
62.9261008514 -0.00105884716991 -0.0317311132364
62.9889327045 -0.00105674241019 -0.031699564619
63.0517645575 -0.00105464391347 -0.0316680785729
63.1145964106 -0.00105255165499 -0.0316366549119
63.1774282637 -0.00105046561003 -0.0316052934515
63.2402601168 -0.00104838575408 -0.0315739940073
63.3030919698 -0.00104631206266 -0.0315427563958
63.3659238229 -0.00104424451149 -0.0315115804344
63.428755676 -0.00104218307638 -0.0314804659408
63.491587529 -0.00104012773323 -0.031449412734
63.5544193821 -0.00103807845809 -0.0314184206332
63.6172512352 -0.00103603522714 -0.0313874894585
63.6800830883 -0.00103399801664 -0.0313566190307
63.7429149413 -0.00103196680299 -0.0313258091713
63.8057467944 -0.00102994156269 -0.0312950597027
63.8685786475 -0.00102792227238 -0.0312643704475
63.9314105006 -0.00102590890881 -0.0312337412292
63.9942423536 -0.00102390144879 -0.0312031718725
64.0570742067 -0.00102189986933 -0.0311726622019
64.1199060598 -0.00101990414749 -0.0311422120433
64.1827379128 -0.00101791426043 -0.0311118212231
64.2455697659 -0.00101593018548 -0.0310814895682
64.308401619 -0.00101395190006 -0.0310512169061
64.3712334721 -0.00101197938167 -0.0310210030651
64.4340653251 -0.00101001260794 -0.0309908478745
64.4968971782 -0.00100805155661 -0.0309607511636
64.5597290313 -0.00100609620552 -0.030930712763
64.6225608843 -0.00100414653261 -0.0309007325038
64.6853927374 -0.00100220251597 -0.0308708102169
64.7482245905 -0.00100026413373 -0.0308409457353
64.8110564436 -0.000998331364185 -0.0308111388914
64.8738882966 -0.000996404185675 -0.0307813895193
64.9367201497 -0.0009944825767 -0.0307516974528
64.9995520028 -0.000992566515837 -0.0307220625268
65.0623838558 -0.000990655981774 -0.0306924845767
65.1252157089 -0.000988750953285 -0.0306629634386
65.188047562 -0.000986851409262 -0.0306334989495
65.2508794151 -0.000984957328706 -0.0306040909462
65.3137112681 -0.000983068690673 -0.0305747392673
65.3765431212 -0.000981185474368 -0.030545443751
65.4393749743 -0.000979307659095 -0.0305162042365
65.5022068273 -0.000977435224218 -0.0304870205637
65.5650386804 -0.000975568149218 -0.0304578925732
65.6278705335 -0.000973706413714 -0.0304288201054
65.6907023866 -0.00097184999734 -0.0303998030025
65.7535342396 -0.000969998879894 -0.0303708411067
65.8163660927 -0.000968153041236 -0.0303419342608
65.8791979458 -0.00096631246134 -0.030313082308
65.9420297988 -0.000964477120267 -0.0302842850925
66.0048616519 -0.000962646998187 -0.0302555424587
66.067693505 -0.000960822075312 -0.0302268542522
66.1305253581 -0.000959002332032 -0.0301982203182
66.1933572111 -0.00095718774875 -0.0301696405036
66.2561890642 -0.000955378306019 -0.0301411146548
66.3190209173 -0.00095357398442 -0.0301126426201
66.3818527704 -0.000951774764689 -0.0300842242469
66.4446846234 -0.000949980627628 -0.0300558593841
66.5075164765 -0.000948191554121 -0.0300275478809
66.5703483296 -0.00094640752516 -0.0299992895871
66.6331801826 -0.000944628521807 -0.029971084353
66.6960120357 -0.000942854525226 -0.0299429320294
66.7588438888 -0.000941085516649 -0.0299148324682
66.8216757419 -0.000939321477421 -0.0298867855211
66.8845075949 -0.000937562388975 -0.0298587910406
66.947339448 -0.000935808232806 -0.0298308488798
67.0101713011 -0.000934058990514 -0.0298029588927
67.0730031541 -0.000932314643765 -0.0297751209334
67.1358350072 -0.000930575174345 -0.0297473348564
67.1986668603 -0.000928840564113 -0.029719600517
67.2614987134 -0.000927110794956 -0.0296919177716
67.3243305664 -0.000925385848941 -0.029664286476
67.3871624195 -0.000923665708145 -0.0296367064873
67.4499942726 -0.000921950354761 -0.029609177663
67.5128261256 -0.000920239771044 -0.0295816998609
67.5756579787 -0.000918533939364 -0.0295542729395
67.6384898318 -0.000916832842138 -0.0295268967578
67.7013216849 -0.000915136461881 -0.0294995711755
67.7641535379 -0.00091344478118 -0.0294722960525
67.826985391 -0.000911757782718 -0.0294450712492
67.8898172441 -0.000910075449233 -0.029417896627
67.9526490971 -0.000908397763556 -0.0293907720474
68.0154809502 -0.000906724708613 -0.0293636973723
68.0783128033 -0.000905056267382 -0.0293366724643
68.1411446564 -0.00090339242294 -0.0293096971865
68.2039765094 -0.000901733158412 -0.0292827714029
68.2668083625 -0.000900078457019 -0.0292558949772
68.3296402156 -0.000898428302088 -0.0292290677739
68.3924720686 -0.000896782676967 -0.0292022896585
68.4553039217 -0.000895141565108 -0.0291755604961
68.5181357748 -0.000893504950047 -0.029148880153
68.5809676279 -0.000891872815391 -0.0291222484958
68.6437994809 -0.000890245144784 -0.0290956653917
68.706631334 -0.000888621921998 -0.0290691307079
68.7694631871 -0.000887003130851 -0.0290426443125
68.8322950402 -0.000885388755253 -0.0290162060739
68.8951268932 -0.000883778779153 -0.0289898158613
68.9579587463 -0.000882173186594 -0.0289634735441
69.0207905994 -0.00088057196172 -0.0289371789917
69.0836224524 -0.000878975088679 -0.0289109320752
69.1464543055 -0.000877382551745 -0.0288847326651
69.2092861586 -0.000875794335256 -0.0288585806326
69.2721180117 -0.000874210423596 -0.0288324758497
69.3349498647 -0.000872630801246 -0.0288064181886
69.3977817178 -0.000871055452728 -0.0287804075219
69.4606135709 -0.000869484362664 -0.0287544437229
69.5234454239 -0.000867917515754 -0.0287285266648
69.586277277 -0.000866354896704 -0.0287026562222
69.6491091301 -0.000864796490354 -0.0286768322692
69.7119409832 -0.000863242281573 -0.0286510546811
69.7747728362 -0.000861692255337 -0.028625323333
69.8376046893 -0.000860146396647 -0.0285996381009
69.9004365424 -0.000858604690583 -0.0285739988613
69.9632683954 -0.000857067122299 -0.0285484054907
70.0261002485 -0.000855533677045 -0.0285228578659
70.0889321016 -0.000854004340061 -0.0284973558652
70.1517639547 -0.000852479096704 -0.0284718993667
70.2145958077 -0.000850957932413 -0.0284464882483
70.2774276608 -0.000849440832665 -0.028421122389
70.3402595139 -0.000847927782972 -0.0283958016686
70.4030913669 -0.000846418768987 -0.0283705259665
70.46592322 -0.000844913776349 -0.028345295163
70.5287550731 -0.000843412790802 -0.0283201091389
70.5915869262 -0.000841915798157 -0.0282949677749
70.6544187792 -0.000840422784266 -0.0282698709526
70.7172506323 -0.00083893373505 -0.0282448185541
70.7800824854 -0.000837448636498 -0.0282198104616
70.8429143384 -0.000835967474657 -0.0281948465576
70.9057461915 -0.00083449023564 -0.0281699267256
70.9685780446 -0.000833016905625 -0.0281450508487
71.0314098977 -0.000831547470834 -0.0281202188112
71.0942417507 -0.000830081917554 -0.0280954304974
71.1570736038 -0.000828620232148 -0.028070685792
71.2199054569 -0.000827162401028 -0.0280459845801
71.28273731 -0.000825708410656 -0.0280213267474
71.345569163 -0.000824258247578 -0.0279967121798
71.4084010161 -0.000822811898351 -0.0279721407639
71.4712328692 -0.000821369349671 -0.0279476123861
71.5340647222 -0.000819930588211 -0.0279231269338
71.5968965753 -0.000818495600748 -0.0278986842946
71.6597284284 -0.000817064374106 -0.0278742843561
71.7225602815 -0.000815636895177 -0.0278499270068
71.7853921345 -0.000814213150866 -0.0278256121358
71.8482239876 -0.000812793128195 -0.0278013396318
71.9110558407 -0.000811376814189 -0.0277771093845
71.9738876937 -0.000809964195984 -0.0277529212837
72.0367195468 -0.000808555260724 -0.0277287752196
72.0995513999 -0.000807149995618 -0.0277046710831
72.162383253 -0.000805748387983 -0.0276806087647
72.225215106 -0.000804350425103 -0.0276565881564
72.2880469591 -0.000802956094387 -0.0276326091496
72.3508788122 -0.000801565383243 -0.0276086716368
72.4137106652 -0.000800178279207 -0.0275847755101
72.4765425183 -0.000798794769791 -0.0275609206626
72.5393743714 -0.000797414842609 -0.0275371069875
72.6022062245 -0.000796038485315 -0.0275133343785
72.6650380775 -0.000794665685595 -0.0274896027298
72.7278699306 -0.000793296431243 -0.0274659119352
72.7907017837 -0.000791930710047 -0.0274422618899
72.8535336367 -0.000790568509882 -0.0274186524887
72.9163654898 -0.000789209818642 -0.0273950836275
72.9791973429 -0.000787854624325 -0.0273715552015
73.042029196 -0.000786502914932 -0.0273480671072
73.104861049 -0.000785154678552 -0.0273246192409
73.1676929021 -0.000783809903273 -0.0273012114999
73.2305247552 -0.000782468577305 -0.0272778437808
73.2933566082 -0.000781130688847 -0.0272545159816
73.3561884613 -0.00077979622617 -0.0272312280002
73.4190203144 -0.000778465177624 -0.0272079797345
73.4818521675 -0.000777137531545 -0.0271847710837
73.5446840205 -0.000775813276367 -0.0271616019463
73.6075158736 -0.000774492400584 -0.0271384722216
73.6703477267 -0.000773174892696 -0.0271153818094
73.7331795798 -0.00077186074127 -0.0270923306095
73.7960114328 -0.000770549934934 -0.0270693185224
73.8588432859 -0.000769242462338 -0.0270463454488
73.921675139 -0.000767938312205 -0.0270234112896
73.984506992 -0.000766637473292 -0.027000515946
74.0473388451 -0.000765339934401 -0.02697765932
74.1101706982 -0.000764045684411 -0.026954841313
74.1730025513 -0.000762754712211 -0.0269320618278
74.2358344043 -0.000761467006738 -0.0269093207669
74.2986662574 -0.000760182557004 -0.0268866180333
74.3614981105 -0.000758901352058 -0.0268639535303
74.4243299635 -0.000757623380957 -0.0268413271615
74.4871618166 -0.000756348632858 -0.0268187388308
74.5499936697 -0.000755077096937 -0.0267961884427
74.6128255228 -0.000753808762414 -0.0267736759015
74.6756573758 -0.00075254361857 -0.0267512011122
74.7384892289 -0.00075128165471 -0.0267287639801
74.801321082 -0.000750022860209 -0.0267063644105
74.864152935 -0.000748767224428 -0.0266840023099
74.9269847881 -0.000747514736864 -0.0266616775836
74.9898166412 -0.000746265387 -0.0266393901385
75.0526484943 -0.00074501916433 -0.0266171398818
75.1154803473 -0.000743776058492 -0.0265949267198
75.1783122004 -0.000742536059065 -0.0265727505607
75.2411440535 -0.000741299155731 -0.0265506113118
75.3039759065 -0.000740065338207 -0.0265285088809
75.3668077596 -0.000738834596234 -0.0265064431769
75.4296396127 -0.000737606919615 -0.0264844141079
75.4924714658 -0.000736382298157 -0.0264624215835
75.5553033188 -0.000735160721793 -0.0264404655121
75.6181351719 -0.000733942180392 -0.0264185458041
75.680967025 -0.000732726663928 -0.0263966623688
75.743798878 -0.000731514162406 -0.0263748151164
75.8066307311 -0.000730304665898 -0.0263530039574
75.8694625842 -0.000729098164448 -0.0263312288025
75.9322944373 -0.000727894648207 -0.0263094895629
75.9951262903 -0.000726694107342 -0.0262877861495
76.0579581434 -0.000725496532034 -0.0262661184747
76.1207899965 -0.000724301912582 -0.0262444864491
76.1836218496 -0.000723110239221 -0.0262228899862
76.2464537026 -0.000721921502301 -0.0262013289979
76.3092855557 -0.000720735692195 -0.0261798033967
76.3721174088 -0.0007195527993 -0.0261583130962
76.4349492618 -0.000718372814042 -0.0261368580096
76.4977811149 -0.000717195726954 -0.0261154380499
76.560612968 -0.000716021528517 -0.026094053132
76.6234448211 -0.000714850209297 -0.0260727031695
76.6862766741 -0.000713681759943 -0.0260513880766
76.7491085272 -0.000712516171037 -0.0260301077686
76.8119403803 -0.00071135343328 -0.0260088621603
76.8747722333 -0.00071019353738 -0.0259876511668
76.9376040864 -0.000709036474092 -0.0259664747041
77.0004359395 -0.000707882234217 -0.0259453326874
77.0632677926 -0.000706730808569 -0.0259242250334
77.1260996456 -0.000705582188028 -0.025903151658
77.1889314987 -0.000704436363487 -0.0258821124783
77.2517633518 -0.00070329332587 -0.025861107411
77.3145952048 -0.000702153066182 -0.0258401363733
77.3774270579 -0.000701015575403 -0.0258191992828
77.440258911 -0.000699880844605 -0.025798296057
77.5030907641 -0.00069874886487 -0.025777426614
77.5659226171 -0.000697619627305 -0.0257565908722
77.6287544702 -0.000696493123073 -0.0257357887499
77.6915863233 -0.000695369343371 -0.025715020166
77.7544181763 -0.00069424827943 -0.0256942850393
77.8172500294 -0.000693129922484 -0.0256735832896
77.8800818825 -0.000692014263874 -0.0256529148361
77.9429137356 -0.000690901294898 -0.0256322795985
78.0057455886 -0.000689791006927 -0.0256116774974
78.0685774417 -0.000688683391393 -0.0255911084524
78.1314092948 -0.000687578439703 -0.0255705723845
78.1942411478 -0.000686476143323 -0.0255500692148
78.2570730009 -0.000685376493779 -0.025529598864
78.319904854 -0.000684279482588 -0.0255091612535
78.3827367071 -0.000683185101349 -0.0254887563049
78.4455685601 -0.000682093341618 -0.0254683839406
78.5084004132 -0.000681004195103 -0.0254480440818
78.5712322663 -0.000679917653425 -0.0254277366513
78.6340641194 -0.000678833708323 -0.0254074615714
78.6968959724 -0.000677752351496 -0.0253872187656
78.7597278255 -0.000676673574756 -0.0253670081562
78.8225596786 -0.000675597369882 -0.025346829667
78.8853915316 -0.00067452372872 -0.0253266832216
78.9482233847 -0.000673452643132 -0.0253065687435
79.0110552378 -0.000672384105014 -0.0252864861572
79.0738870909 -0.000671318106325 -0.0252664353864
79.1367189439 -0.000670254639011 -0.0252464163559
79.199550797 -0.000669193695056 -0.0252264289909
79.2623826501 -0.000668135266518 -0.0252064732157
79.3252145031 -0.000667079345449 -0.0251865489559
79.3880463562 -0.000666025923924 -0.0251666561368
79.4508782093 -0.000664974994082 -0.0251467946844
79.5137100624 -0.00066392654806 -0.0251269645245
79.5765419154 -0.000662880578057 -0.0251071655831
79.6393737685 -0.000661837076269 -0.0250873977872
79.7022056216 -0.000660796034979 -0.0250676610625
79.7650374746 -0.000659757446401 -0.0250479553369
79.8278693277 -0.000658721302911 -0.0250282805365
79.8907011808 -0.000657687596784 -0.0250086365897
79.9535330339 -0.000656656320427 -0.0249890234232
80.0163648869 -0.000655627466223 -0.0249694409651
80.07919674 -0.0006546010266 -0.0249498891432
80.1420285931 -0.000653576994005 -0.0249303678861
80.2048604461 -0.000652555360934 -0.024910877122
80.2676922992 -0.000651536119891 -0.0248914167797
80.3305241523 -0.000650519263417 -0.024871986788
80.3933560054 -0.000649504784103 -0.024852587076
80.4561878584 -0.000648492674516 -0.0248332175732
80.5190197115 -0.000647482927327 -0.0248138782091
80.5818515646 -0.000646475535175 -0.0247945689132
80.6446834176 -0.000645470490738 -0.024775289616
80.7075152707 -0.000644467786728 -0.0247560402476
80.7703471238 -0.0006434674159 -0.0247368207382
80.8331789769 -0.000642469371052 -0.0247176310182
80.8960108299 -0.000641473644927 -0.0246984710194
80.958842683 -0.000640480230378 -0.0246793406721
81.0216745361 -0.000639489120285 -0.0246602399075
81.0845063892 -0.0006385003075 -0.0246411686574
81.1473382422 -0.000637513784937 -0.0246221268537
81.2101700953 -0.000636529545535 -0.0246031144281
81.2730019484 -0.000635547582269 -0.0245841313127
81.3358338014 -0.000634567888112 -0.02456517744
81.3986656545 -0.000633590456108 -0.0245462527421
81.4614975076 -0.000632615279282 -0.0245273571523
81.5243293607 -0.000631642350689 -0.0245084906034
81.5871612137 -0.000630671663486 -0.0244896530282
81.6499930668 -0.000629703210737 -0.0244708443606
81.7128249199 -0.000628736985618 -0.0244520645342
81.7756567729 -0.000627772981318 -0.0244333134822
81.838488626 -0.000626811191013 -0.0244145911391
81.9013204791 -0.000625851607967 -0.0243958974385
81.9641523322 -0.000624894225395 -0.0243772323158
82.0269841852 -0.000623939036619 -0.0243585957044
82.0898160383 -0.000622986034912 -0.02433998754
82.1526478914 -0.000622035213643 -0.0243214077568
82.2154797444 -0.000621086566117 -0.0243028562908
82.2783115975 -0.000620140085767 -0.0242843330767
82.3411434506 -0.000619195765976 -0.0242658380506
82.4039753037 -0.00061825360017 -0.0242473711481
82.4668071567 -0.00061731358183 -0.0242289323048
82.5296390098 -0.000616375704425 -0.0242105214573
82.5924708629 -0.000615439961469 -0.0241921385418
82.6553027159 -0.000614506346489 -0.0241737834945
82.718134569 -0.000613574853038 -0.0241554562527
82.7809664221 -0.0006126454747 -0.0241371567532
82.8437982752 -0.000611718205082 -0.0241188849328
82.9066301282 -0.000610793037821 -0.024100640729
82.9694619813 -0.000609869966562 -0.0240824240795
83.0322938344 -0.000608948984963 -0.0240642349216
83.0951256875 -0.000608030086766 -0.0240460731933
83.1579575405 -0.000607113265666 -0.0240279388329
83.2207893936 -0.0006061985154 -0.0240098317786
83.2836212467 -0.000605285829778 -0.0239917519684
83.3464530997 -0.000604375202565 -0.0239736993413
83.4092849528 -0.000603466627585 -0.0239556738361
83.4721168059 -0.000602560098687 -0.0239376753916
83.534948659 -0.000601655609743 -0.0239197039472
83.597780512 -0.000600753154637 -0.0239017594416
83.6606123651 -0.000599852727258 -0.0238838418153
83.7234442182 -0.000598954321557 -0.0238659510073
83.7862760712 -0.000598057931496 -0.0238480869577
83.8491079243 -0.000597163551029 -0.0238302496068
83.9119397774 -0.000596271174175 -0.0238124388945
83.9747716305 -0.000595380794965 -0.0237946547613
84.0376034835 -0.000594492407423 -0.0237768971479
84.1004353366 -0.000593606005638 -0.0237591659951
84.1632671897 -0.000592721583682 -0.0237414612437
84.2260990427 -0.000591839135671 -0.0237237828351
84.2889308958 -0.000590958655748 -0.0237061307102
84.3517627489 -0.000590080138061 -0.0236885048108
84.414594602 -0.000589203576778 -0.0236709050786
84.477426455 -0.000588328966129 -0.023653331455
84.5402583081 -0.000587456300292 -0.0236357838825
84.6030901612 -0.000586585573546 -0.0236182623029
84.6659220142 -0.000585716780124 -0.0236007666588
84.7287538673 -0.000584849914326 -0.0235832968924
84.7915857204 -0.00058398497045 -0.0235658529468
84.8544175735 -0.000583121942822 -0.0235484347647
84.9172494265 -0.000582260825829 -0.0235310422884
84.9800812796 -0.000581401613757 -0.0235136754626
85.0429131327 -0.000580544301054 -0.0234963342293
85.1057449857 -0.000579688882104 -0.0234790185328
85.1685768388 -0.000578835351373 -0.023461728316
85.2314086919 -0.000577983703271 -0.0234444635236
85.294240545 -0.000577133932278 -0.0234272240992
85.357072398 -0.000576286032897 -0.023410009987
85.4199042511 -0.000575439999625 -0.0233928211314
85.4827361042 -0.000574595827007 -0.0233756574767
85.5455679573 -0.000573753509578 -0.0233585189679
85.6083998103 -0.000572913041917 -0.0233414055497
85.6712316634 -0.000572074418624 -0.0233243171669
85.7340635165 -0.000571237634299 -0.0233072537648
85.7968953695 -0.00057040268356 -0.023290215289
85.8597272226 -0.000569569561092 -0.0232732016842
85.9225590757 -0.000568738261531 -0.0232562128969
85.9853909288 -0.000567908779569 -0.0232392488725
86.0482227818 -0.000567081109935 -0.023222309557
86.1110546349 -0.000566255247331 -0.0232053948963
86.173886488 -0.000565431186534 -0.0231885048367
86.236718341 -0.000564608922271 -0.0231716393251
86.2995501941 -0.000563788449372 -0.0231547983073
86.3623820472 -0.00056296976259 -0.0231379817306
86.4252139003 -0.000562152856783 -0.0231211895418
86.4880457533 -0.000561337726781 -0.0231044216875
86.5508776064 -0.000560524367449 -0.0230876781154
86.6137094595 -0.000559712773652 -0.0230709587727
86.6765413125 -0.000558902940281 -0.023054263607
86.7393731656 -0.000558094862288 -0.0230375925655
86.8022050187 -0.000557288534573 -0.0230209455963
86.8650368718 -0.000556483952091 -0.0230043226475
86.9278687248 -0.000555681109821 -0.022987723667
86.9907005779 -0.00055488000277 -0.0229711486027
87.053532431 -0.000554080625888 -0.0229545974038
87.116364284 -0.00055328297424 -0.0229380700184
87.1791961371 -0.000552487042878 -0.0229215663947
87.2420279902 -0.000551692826831 -0.0229050864823
87.3048598433 -0.000550900321183 -0.02288863023
87.3676916963 -0.000550109521043 -0.0228721975867
87.4305235494 -0.000549320421518 -0.0228557885018
87.4933554025 -0.000548533017733 -0.0228394029247
87.5561872555 -0.000547747304829 -0.0228230408049
87.6190191086 -0.000546963277996 -0.0228067020922
87.6818509617 -0.000546180932376 -0.0227903867366
87.7446828148 -0.000545400263208 -0.0227740946878
87.8075146678 -0.00054462126569 -0.0227578258958
87.8703465209 -0.000543843935069 -0.0227415803112
87.933178374 -0.000543068266556 -0.0227253578847
87.9960102271 -0.00054229425545 -0.0227091585664
88.0588420801 -0.000541521897034 -0.0226929823071
88.1216739332 -0.000540751186614 -0.0226768290576
88.1845057863 -0.000539982119482 -0.0226606987688
88.2473376393 -0.000539214690997 -0.0226445913922
88.3101694924 -0.000538448896507 -0.0226285068786
88.3730013455 -0.000537684731375 -0.0226124451795
88.4358331986 -0.000536922190969 -0.0225964062467
88.4986650516 -0.000536161270703 -0.0225803900318
88.5614969047 -0.000535401966007 -0.0225643964862
88.6243287578 -0.000534644272271 -0.0225484255627
88.6871606108 -0.000533888184988 -0.0225324772125
88.7499924639 -0.000533133699601 -0.0225165513882
88.812824317 -0.000532380811596 -0.0225006480419
88.8756561701 -0.000531629516465 -0.0224847671265
88.9384880231 -0.000530879809717 -0.0224689085944
89.0013198762 -0.000530131686892 -0.0224530723983
89.0641517293 -0.000529385143524 -0.0224372584912
89.1269835823 -0.000528640175183 -0.0224214668259
89.1898154354 -0.00052789677743 -0.0224056973559
89.2526472885 -0.000527154945866 -0.0223899500339
89.3154791416 -0.000526414676074 -0.0223742248141
89.3783109946 -0.000525675963712 -0.0223585216494
89.4411428477 -0.000524938804388 -0.0223428404939
89.5039747008 -0.00052420319378 -0.0223271813008
89.5668065538 -0.000523469127523 -0.0223115440246
89.6296384069 -0.000522736601317 -0.0222959286195
89.69247026 -0.000522005610872 -0.0222803350386
89.7553021131 -0.000521276151882 -0.0222647632374
89.8181339661 -0.000520548220052 -0.0222492131704
89.8809658192 -0.00051982181119 -0.0222336847908
89.9437976723 -0.000519096920986 -0.0222181780547
90.0066295253 -0.000518373545229 -0.0222026929165
90.0694613784 -0.000517651679742 -0.0221872293306
90.1322932315 -0.000516931320283 -0.0221717872528
90.1951250846 -0.000516212462696 -0.0221563666378
90.2579569376 -0.000515495102783 -0.0221409674413
90.3207887907 -0.000514779236409 -0.0221255896186
90.3836206438 -0.000514064859436 -0.0221102331251
90.4464524969 -0.00051335196773 -0.0220948979166
90.5092843499 -0.000512640557165 -0.0220795839489
90.572116203 -0.000511930623665 -0.022064291178
90.6349480561 -0.000511222163133 -0.0220490195601
90.6977799091 -0.000510515171498 -0.0220337690512
90.7606117622 -0.00050980964472 -0.0220185396073
90.8234436153 -0.000509105578743 -0.0220033311853
90.8862754684 -0.000508402969548 -0.0219881437414
90.9491073214 -0.000507701813093 -0.0219729772327
91.0119391745 -0.000507002105421 -0.0219578316153
91.0747710276 -0.000506303842517 -0.0219427068468
91.1376028806 -0.000505607020412 -0.0219276028837
91.2004347337 -0.000504911635137 -0.0219125196838
91.2632665868 -0.000504217682789 -0.0218974572032
91.3260984399 -0.000503525159384 -0.0218824154002
91.3889302929 -0.00050283406103 -0.0218673942322
91.451762146 -0.000502144383813 -0.0218523936566
91.5145939991 -0.000501456123857 -0.0218374136308
91.5774258521 -0.000500769277254 -0.0218224541135
91.6402577052 -0.000500083840163 -0.0218075150619
91.7030895583 -0.000499399808722 -0.0217925964344
91.7659214114 -0.000498717179112 -0.0217776981887
91.8287532644 -0.000498035947468 -0.0217628202839
91.8915851175 -0.000497356110013 -0.0217479626777
91.9544169706 -0.000496677662922 -0.021733125329
92.0172488236 -0.000496000602434 -0.0217183081961
92.0800806767 -0.00049532492476 -0.021703511238
92.1429125298 -0.000494650626112 -0.021688734414
92.2057443829 -0.000493977702794 -0.0216739776821
92.2685762359 -0.000493306151043 -0.0216592410017
92.331408089 -0.000492635967121 -0.0216445243327
92.3942399421 -0.000491967147349 -0.0216298276334
92.4570717951 -0.000491299688004 -0.0216151508639
92.5199036482 -0.000490633585435 -0.0216004939829
92.5827355013 -0.000489968835912 -0.0215858569515
92.6455673544 -0.000489305435834 -0.0215712397278
92.7083992074 -0.000488643381508 -0.0215566422728
92.7712310605 -0.000487982669321 -0.021542064546
92.8340629136 -0.000487323295638 -0.0215275065074
92.8968947667 -0.000486665256867 -0.0215129681173
92.9597266197 -0.0004860085494 -0.0214984493358
93.0225584728 -0.000485353169636 -0.0214839501237
93.0853903259 -0.000484699114008 -0.0214694704412
93.1482221789 -0.000484046378954 -0.0214550102488
93.211054032 -0.000483394960939 -0.0214405695073
93.2738858851 -0.000482744856394 -0.0214261481777
93.3367177382 -0.000482096061814 -0.0214117462207
93.3995495912 -0.000481448573676 -0.0213973635973
93.4623814443 -0.000480802388475 -0.0213830002688
93.5252132974 -0.00048015750272 -0.0213686561964
93.5880451504 -0.000479513912932 -0.0213543313412
93.6508770035 -0.000478871615653 -0.0213400256646
93.7137088566 -0.000478230607395 -0.0213257391288
93.7765407097 -0.000477590884755 -0.0213114716946
93.8393725627 -0.00047695244426 -0.0212972233243
93.9022044158 -0.000476315282518 -0.0212829939794
93.9650362689 -0.0004756793961 -0.021268783622
94.0278681219 -0.000475044781606 -0.0212545922143
94.090699975 -0.00047441143565 -0.0212404197183
94.1535318281 -0.000473779354856 -0.0212262660963
94.2163636812 -0.000473148535863 -0.0212121313105
94.2791955342 -0.000472518975326 -0.0211980153233
94.3420273873 -0.00047189066987 -0.0211839180977
94.4048592404 -0.000471263616185 -0.0211698395961
94.4676910934 -0.000470637810958 -0.0211557797807
94.5305229465 -0.00047001325086 -0.021141738615
94.5933547996 -0.000469389932591 -0.021127716062
94.6561866527 -0.000468767852861 -0.0211137120846
94.7190185057 -0.000468147008412 -0.0210997266457
94.7818503588 -0.000467527395965 -0.0210857597087
94.8446822119 -0.000466909012268 -0.021071811237
94.9075140649 -0.000466291854056 -0.0210578811941
94.970345918 -0.00046567591813 -0.0210439695431
95.0331777711 -0.00046506120123 -0.0210300762482
95.0960096242 -0.000464447700163 -0.0210162012728
95.1588414772 -0.000463835411728 -0.0210023445806
95.2216733303 -0.000463224332727 -0.0209885061359
95.2845051834 -0.000462614459976 -0.0209746859023
95.3473370365 -0.00046200579029 -0.0209608838444
95.4101688895 -0.000461398320541 -0.0209470999259
95.4730007426 -0.000460792047569 -0.0209333341109
95.5358325957 -0.000460186968211 -0.0209195863646
95.5986644487 -0.000459583079361 -0.0209058566509
95.6614963018 -0.000458980377893 -0.0208921449343
95.7243281549 -0.000458378860694 -0.0208784511799
95.787160008 -0.000457778524666 -0.0208647753521
95.849991861 -0.000457179366725 -0.0208511174156
95.9128237141 -0.000456581383763 -0.0208374773362
95.9756555672 -0.000455984572758 -0.020823855078
96.0384874202 -0.000455388930604 -0.0208102506065
96.1013192733 -0.000454794454298 -0.0207966638868
96.1641511264 -0.000454201140774 -0.0207830948843
96.2269829795 -0.000453608987001 -0.0207695435643
96.2898148325 -0.000453017989979 -0.0207560098922
96.3526466856 -0.000452428146683 -0.0207424938338
96.4154785387 -0.000451839454114 -0.0207289953547
96.4783103917 -0.000451251909279 -0.0207155144206
96.5411422448 -0.000450665509204 -0.0207020509974
96.6039740979 -0.000450080250932 -0.0206886050506
96.666805951 -0.000449496131469 -0.020675176547
96.729637804 -0.000448913147897 -0.020661765452
96.7924696571 -0.000448331297239 -0.0206483717324
96.8553015102 -0.000447750576595 -0.020634995354
96.9181333632 -0.000447170983019 -0.0206216362836
96.9809652163 -0.000446592513619 -0.0206082944869
97.0437970694 -0.000446015165485 -0.0205949699312
97.1066289225 -0.000445438935708 -0.0205816625828
97.1694607755 -0.000444863821406 -0.0205683724086
97.2322926286 -0.000444289819715 -0.0205550993751
97.2951244817 -0.000443716927768 -0.0205418434494
97.3579563347 -0.000443145142686 -0.0205286045985
97.4207881878 -0.00044257446165 -0.0205153827891
97.4836200409 -0.000442004881812 -0.0205021779886
97.546451894 -0.00044143640032 -0.0204889901646
97.609283747 -0.000440869014381 -0.0204758192839
97.6721156001 -0.000440302721183 -0.0204626653135
97.7349474532 -0.000439737517881 -0.0204495282222
97.7977793063 -0.000439173401739 -0.0204364079762
97.8606111593 -0.000438610369938 -0.0204233045437
97.9234430124 -0.000438048419687 -0.020410217893
97.9862748655 -0.000437487548267 -0.0203971479907
98.0491067185 -0.000436927752884 -0.0203840948055
98.1119385716 -0.000436369030798 -0.0203710583051
98.1747704247 -0.000435811379263 -0.0203580384578
98.2376022778 -0.000435254795565 -0.0203450352313
98.3004341308 -0.000434699276949 -0.0203320485945
98.3632659839 -0.000434144820722 -0.0203190785151
98.426097837 -0.000433591424185 -0.0203061249614
98.48892969 -0.000433039084623 -0.0202931879021
98.5517615431 -0.00043248779935 -0.020280267306
98.6145933962 -0.000431937565698 -0.0202673631414
98.6774252493 -0.000431388380986 -0.0202544753769
98.7402571023 -0.000430840242536 -0.0202416039817
98.8030889554 -0.000430293147737 -0.0202287489239
98.8659208085 -0.000429747093887 -0.0202159101734
98.9287526615 -0.000429202078379 -0.0202030876985
98.9915845146 -0.000428658098579 -0.0201902814688
99.0544163677 -0.000428115151871 -0.0201774914529
99.1172482208 -0.000427573235631 -0.0201647176203
99.1800800738 -0.000427032347268 -0.0201519599404
99.2429119269 -0.000426492484171 -0.0201392183824
99.30574378 -0.000425953643751 -0.0201264929165
99.368575633 -0.000425415823446 -0.020113783511
99.4314074861 -0.000424879020666 -0.0201010901366
99.4942393392 -0.000424343232859 -0.0200884127624
99.5570711923 -0.000423808457433 -0.020075751359
99.6199030453 -0.000423274691885 -0.0200631058954
99.6827348984 -0.00042274193367 -0.0200504763415
99.7455667515 -0.000422210180249 -0.0200378626677
99.8083986045 -0.000421679429077 -0.0200252648441
99.8712304576 -0.000421149677662 -0.0200126828409
99.9340623107 -0.000420620923469 -0.0200001166284
99.9968941638 -0.000420093164048 -0.0199875661763
100.059726017 -0.000419566396863 -0.0199750314554
100.12255787 -0.000419040619462 -0.019962512436
100.185389723 -0.000418515829313 -0.0199500090894
100.248221576 -0.000417992023989 -0.0199375213855
100.311053429 -0.000417469201022 -0.019925049295
100.373885282 -0.000416947357956 -0.019912592789
100.436717135 -0.000416426492366 -0.0199001518375
100.499548988 -0.000415906601765 -0.0198877264124
100.562380841 -0.000415387683767 -0.0198753164841
100.625212694 -0.000414869735925 -0.0198629220238
100.688044548 -0.000414352755829 -0.0198505430027
100.750876401 -0.000413836741069 -0.019838179392
100.813708254 -0.000413321689253 -0.0198258311627
100.876540107 -0.000412807597984 -0.019813498286
100.93937196 -0.000412294464875 -0.0198011807339
101.002203813 -0.000411782287532 -0.0197888784776
101.065035666 -0.000411271063601 -0.0197765914886
101.127867519 -0.0004107607907 -0.0197643197388
101.190699372 -0.000410251466514 -0.0197520631992
101.253531225 -0.000409743088638 -0.0197398218423
101.316363078 -0.000409235654772 -0.0197275956394
101.379194931 -0.000408729162585 -0.0197153845623
101.442026784 -0.000408223609711 -0.0197031885838
101.504858637 -0.000407718993851 -0.0196910076752
101.567690491 -0.000407215312689 -0.0196788418088
101.630522344 -0.000406712563931 -0.0196666909565
101.693354197 -0.000406210745249 -0.0196545550913
101.75618605 -0.000405709854405 -0.0196424341844
101.819017903 -0.000405209889052 -0.0196303282092
101.881849756 -0.000404710846926 -0.0196182371379
101.944681609 -0.000404212725803 -0.0196061609424
102.007513462 -0.00040371552337 -0.019594099596
102.070345315 -0.000403219237376 -0.0195820530712
102.133177168 -0.000402723865586 -0.0195700213404
102.196009021 -0.000402229405761 -0.0195580043765
102.258840874 -0.00040173585565 -0.0195460021524
102.321672727 -0.000401243213029 -0.0195340146411
102.38450458 -0.000400751475674 -0.0195220418155
102.447336434 -0.000400260641367 -0.0195100836488
102.510168287 -0.00039977070791 -0.0194981401137
102.57300014 -0.000399281673094 -0.0194862111838
102.635831993 -0.000398793534725 -0.0194742968319
102.698663846 -0.000398306290584 -0.0194623970323
102.761495699 -0.000397819938544 -0.019450511757
102.824327552 -0.000397334476406 -0.0194386409801
102.887159405 -0.000396849901993 -0.0194267846754
102.949991258 -0.000396366213135 -0.0194149428162
103.012823111 -0.000395883407688 -0.0194031153761
103.075654964 -0.000395401483509 -0.0193913023289
103.138486817 -0.000394920438448 -0.019379503648
103.20131867 -0.00039444027039 -0.0193677193072
103.264150523 -0.000393960977165 -0.0193559492814
103.326982377 -0.000393482556673 -0.0193441935435
103.38981423 -0.000393005006789 -0.0193324520681
103.452646083 -0.000392528325425 -0.0193207248285
103.515477936 -0.00039205251044 -0.0193090117998
103.578309789 -0.000391577559777 -0.0192973129554
103.641141642 -0.000391103471303 -0.0192856282705
103.703973495 -0.000390630242982 -0.0192739577182
103.766805348 -0.000390157872702 -0.0192623012737
103.829637201 -0.000389686358392 -0.0192506589115
103.892469054 -0.000389215697988 -0.0192390306057
103.955300907 -0.000388745889441 -0.019227416331
104.01813276 -0.000388276930663 -0.0192158160628
104.080964613 -0.000387808819665 -0.0192042297744
104.143796467 -0.000387341554363 -0.0191926574414
104.20662832 -0.000386875132735 -0.0191810990384
104.269460173 -0.000386409552742 -0.0191695545406
104.332292026 -0.00038594481238 -0.0191580239225
104.395123879 -0.000385480909608 -0.0191465071595
104.457955732 -0.000385017842443 -0.0191350042261
104.520787585 -0.000384555608837 -0.0191235150983
104.583619438 -0.000384094206847 -0.0191120397504
104.646451291 -0.000383633634444 -0.019100578158
104.709283144 -0.000383173889647 -0.0190891302964
104.772114997 -0.00038271497048 -0.0190776961408
104.83494685 -0.000382256874959 -0.019066275667
104.897778703 -0.000381799601125 -0.0190548688503
104.960610556 -0.000381343147008 -0.0190434756659
105.02344241 -0.000380887510661 -0.0190320960898
105.086274263 -0.000380432690118 -0.0190207300975
105.149106116 -0.000379978683458 -0.0190093776644
105.211937969 -0.000379525488709 -0.0189980387668
105.274769822 -0.000379073103952 -0.0189867133803
105.337601675 -0.000378621527256 -0.0189754014808
105.400433528 -0.000378170756707 -0.0189641030438
105.463265381 -0.000377720790382 -0.0189528180461
105.526097234 -0.000377271626351 -0.0189415464637
105.588929087 -0.000376823262732 -0.018930288272
105.65176094 -0.000376375697645 -0.0189190434472
105.714592793 -0.000375928929146 -0.0189078119663
105.777424646 -0.000375482955376 -0.0188965938051
105.840256499 -0.000375037774461 -0.0188853889395
105.903088353 -0.000374593384497 -0.0188741973467
105.965920206 -0.000374149783621 -0.0188630190027
106.028752059 -0.00037370696997 -0.0188518538842
106.091583912 -0.000373264941699 -0.0188407019673
106.154415765 -0.000372823696912 -0.0188295632294
106.217247618 -0.000372383233794 -0.0188184376466
106.280079471 -0.000371943550501 -0.0188073251954
106.342911324 -0.000371504645181 -0.018796225853
106.405743177 -0.000371066515976 -0.0187851395967
106.46857503 -0.000370629161109 -0.0187740664024
106.531406883 -0.000370192578724 -0.0187630062476
106.594238736 -0.000369756767019 -0.018751959109
106.657070589 -0.000369321724175 -0.0187409249638
106.719902442 -0.000368887448374 -0.0187299037894
106.782734296 -0.000368453937823 -0.0187188955628
106.845566149 -0.000368021190742 -0.0187079002606
106.908398002 -0.00036758920533 -0.0186969178606
106.971229855 -0.000367157979775 -0.0186859483404
107.034061708 -0.000366727512333 -0.0186749916769
107.096893561 -0.000366297801211 -0.0186640478476
107.159725414 -0.000365868844628 -0.0186531168305
107.222557267 -0.00036544064086 -0.018642198602
107.28538912 -0.000365013188106 -0.0186312931406
107.348220973 -0.000364586484636 -0.0186204004235
107.411052826 -0.000364160528678 -0.0186095204289
107.473884679 -0.000363735318491 -0.0185986531343
107.536716532 -0.000363310852363 -0.018587798517
107.599548385 -0.000362887128537 -0.0185769565554
107.662380239 -0.000362464145287 -0.0185661272272
107.725212092 -0.000362041900892 -0.0185553105103
107.788043945 -0.000361620393623 -0.0185445063828
107.850875798 -0.000361199621772 -0.018533714823
107.913707651 -0.00036077958364 -0.0185229358084
107.976539504 -0.000360360277507 -0.0185121693176
108.039371357 -0.000359941701675 -0.0185014153288
108.10220321 -0.000359523854479 -0.0184906738195
108.165035063 -0.000359106734192 -0.0184799447691
108.227866916 -0.000358690339132 -0.0184692281554
108.290698769 -0.000358274667644 -0.0184585239568
108.353530622 -0.000357859718035 -0.0184478321518
108.416362475 -0.000357445488648 -0.0184371527187
108.479194328 -0.000357031977789 -0.0184264856366
108.542026182 -0.000356619183842 -0.0184158308834
108.604858035 -0.00035620710511 -0.0184051884385
108.667689888 -0.000355795739981 -0.0183945582797
108.730521741 -0.000355385086755 -0.0183839403869
108.793353594 -0.000354975143843 -0.0183733347379
108.856185447 -0.000354565909584 -0.0183627413118
108.9190173 -0.000354157382363 -0.0183521600876
108.981849153 -0.000353749560524 -0.0183415910443
109.044681006 -0.000353342442463 -0.0183310341608
109.107512859 -0.000352936026579 -0.018320489416
109.170344712 -0.000352530311219 -0.0183099567894
109.233176565 -0.000352125294801 -0.0182994362597
109.296008418 -0.000351720975721 -0.0182889278061
109.358840271 -0.000351317352372 -0.0182784314082
109.421672125 -0.00035091442315 -0.0182679470452
109.484503978 -0.000350512186491 -0.018257474696
109.547335831 -0.000350110640797 -0.0182470143401
109.610167684 -0.000349709784466 -0.0182365659577
109.672999537 -0.000349309615949 -0.0182261295272
109.73583139 -0.000348910133666 -0.0182157050288
109.798663243 -0.000348511336049 -0.0182052924417
109.861495096 -0.000348113221539 -0.0181948917454
109.924326949 -0.000347715788565 -0.0181845029201
109.987158802 -0.000347319035578 -0.018174125945
110.049990655 -0.000346922961033 -0.0181637608001
110.112822508 -0.000346527563376 -0.0181534074652
110.175654361 -0.000346132841087 -0.0181430659198
110.238486214 -0.000345738792599 -0.0181327361442
110.301318068 -0.000345345416399 -0.0181224181183
110.364149921 -0.000344952710959 -0.0181121118216
110.426981774 -0.000344560674742 -0.0181018172348
110.489813627 -0.000344169306251 -0.0180915343373
110.55264548 -0.000343778603955 -0.0180812631098
110.615477333 -0.000343388566343 -0.0180710035319
110.678309186 -0.000342999191907 -0.0180607555846
110.741141039 -0.000342610479159 -0.0180505192473
110.803972892 -0.000342222426596 -0.0180402945006
110.866804745 -0.000341835032701 -0.0180300813252
110.929636598 -0.000341448296029 -0.0180198797006
110.992468451 -0.000341062215053 -0.0180096896081
111.055300304 -0.0003406767883 -0.0179995110281
111.118132157 -0.000340292014308 -0.0179893439408
111.180964011 -0.000339907891617 -0.0179791883263
111.243795864 -0.00033952441873 -0.017969044166
111.306627717 -0.000339141594178 -0.0179589114406
111.36945957 -0.000338759416527 -0.0179487901301
111.432291423 -0.000338377884308 -0.0179386802156
111.495123276 -0.00033799699608 -0.0179285816777
111.557955129 -0.000337616750374 -0.0179184944973
111.620786982 -0.000337237145761 -0.0179084186555
111.683618835 -0.000336858180788 -0.0178983541334
111.746450688 -0.000336479854033 -0.0178883009112
111.809282541 -0.000336102164055 -0.0178782589703
111.872114394 -0.000335725109434 -0.0178682282919
111.934946247 -0.000335348688749 -0.0178582088567
111.9977781 -0.000334972900566 -0.0178482006459
112.060609954 -0.000334597743497 -0.0178382036405
112.123441807 -0.000334223216084 -0.0178282178223
112.18627366 -0.000333849316952 -0.0178182431724
112.249105513 -0.000333476044708 -0.0178082796713
112.311937366 -0.000333103397915 -0.0177983273013
112.374769219 -0.000332731375206 -0.0177883860433
112.437601072 -0.000332359975168 -0.0177784558788
112.500432925 -0.00033198919644 -0.0177685367891
112.563264778 -0.000331619037602 -0.0177586287561
112.626096631 -0.000331249497302 -0.0177487317608
112.688928484 -0.000330880574161 -0.0177388457849
112.751760337 -0.000330512266779 -0.0177289708106
112.81459219 -0.00033014457382 -0.0177191068188
112.877424043 -0.000329777493905 -0.0177092537913
112.940255897 -0.000329411025672 -0.0176994117102
113.00308775 -0.000329045167759 -0.0176895805574
113.065919603 -0.000328679918817 -0.0176797603143
113.128751456 -0.000328315277498 -0.0176699509626
113.191583309 -0.000327951242441 -0.0176601524848
113.254415162 -0.000327587812336 -0.0176503648624
113.317247015 -0.000327224985799 -0.0176405880775
113.380078868 -0.000326862761537 -0.0176308221121
113.442910721 -0.000326501138181 -0.0176210669485
113.505742574 -0.000326140114432 -0.0176113225684
113.568574427 -0.00032577968895 -0.0176015889542
113.63140628 -0.000325419860428 -0.0175918660879
113.694238133 -0.00032506062754 -0.0175821539516
113.757069986 -0.000324701988964 -0.0175724525279
113.81990184 -0.00032434394339 -0.0175627617996
113.882733693 -0.000323986489543 -0.0175530817476
113.945565546 -0.000323629626082 -0.0175434123554
114.008397399 -0.000323273351723 -0.0175337536052
114.071229252 -0.000322917665181 -0.017524105479
114.134061105 -0.000322562565149 -0.0175144679599
114.196892958 -0.000322208050333 -0.0175048410302
114.259724811 -0.000321854119462 -0.0174952246724
114.322556664 -0.000321500771266 -0.0174856188686
114.385388517 -0.000321148004447 -0.0174760236025
114.44822037 -0.000320795817725 -0.0174664388564
114.511052223 -0.000320444209862 -0.0174568646121
114.573884076 -0.000320093179543 -0.017447300854
114.636715929 -0.000319742725544 -0.0174377475635
114.699547783 -0.000319392846584 -0.0174282047242
114.762379636 -0.00031904354141 -0.0174186723185
114.825211489 -0.000318694808788 -0.0174091503295
114.888043342 -0.00031834664743 -0.0173996387405
114.950875195 -0.000317999056131 -0.0173901375335
115.013707048 -0.000317652033623 -0.0173806466925
115.076538901 -0.000317305578653 -0.0173711662005
115.139370754 -0.000316959690018 -0.0173616960399
115.202202607 -0.000316614366458 -0.0173522361943
115.26503446 -0.000316269606754 -0.017342786647
115.327866313 -0.000315925409686 -0.0173333473806
115.390698166 -0.000315581774035 -0.0173239183786
115.453530019 -0.000315238698546 -0.0173144996249
115.516361872 -0.000314896182031 -0.0173050911022
115.579193726 -0.000314554223278 -0.0172956927941
115.642025579 -0.000314212821065 -0.0172863046836
115.704857432 -0.000313871974194 -0.0172769267543
115.767689285 -0.000313531681457 -0.01726755899
115.830521138 -0.000313191941656 -0.0172582013739
115.893352991 -0.000312852753592 -0.0172488538894
115.956184844 -0.00031251411607 -0.0172395165204
116.019016697 -0.000312176027904 -0.0172301892502
116.08184855 -0.000311838487918 -0.0172208720622
116.144680403 -0.000311501494888 -0.017211564941
116.207512256 -0.000311165047692 -0.017202267869
116.270344109 -0.000310829145108 -0.017192980831
116.333175962 -0.000310493785973 -0.0171837038105
116.396007816 -0.000310158969122 -0.0171744367911
116.458839669 -0.000309824693374 -0.0171651797567
116.521671522 -0.000309490957561 -0.0171559326916
116.584503375 -0.000309157760553 -0.017146695579
116.647335228 -0.000308825101144 -0.0171374684037
116.710167081 -0.000308492978231 -0.0171282511485
116.772998934 -0.000308161390623 -0.0171190437984
116.835830787 -0.000307830337178 -0.0171098463372
116.89866264 -0.000307499816776 -0.0171006587487
116.961494493 -0.000307169828216 -0.0170914810178
117.024326346 -0.000306840370414 -0.0170823131278
117.087158199 -0.000306511442224 -0.0170731550629
117.149990052 -0.00030618304248 -0.0170640068079
117.212821905 -0.000305855170091 -0.0170548683465
117.275653759 -0.000305527823884 -0.0170457396638
117.338485612 -0.00030520100277 -0.0170366207432
117.401317465 -0.000304874705613 -0.0170275115696
117.464149318 -0.000304548931307 -0.0170184121271
117.526981171 -0.000304223678717 -0.0170093224002
117.589813024 -0.000303898946737 -0.0170002423737
117.652644877 -0.00030357473426 -0.0169911720316
117.71547673 -0.000303251040173 -0.0169821113586
117.778308583 -0.000302927863373 -0.0169730603395
117.841140436 -0.000302605202768 -0.0169640189583
117.903972289 -0.000302283057255 -0.0169549872001
117.966804142 -0.000301961425735 -0.0169459650496
118.029635995 -0.000301640307116 -0.016936952491
118.092467848 -0.000301319700307 -0.0169279495097
118.155299702 -0.000300999604226 -0.0169189560897
118.218131555 -0.000300680017793 -0.0169099722163
118.280963408 -0.000300360939914 -0.0169009978742
118.343795261 -0.00030004236951 -0.0168920330484
118.406627114 -0.000299724305518 -0.0168830777236
118.469458967 -0.000299406746865 -0.0168741318845
118.53229082 -0.000299089692466 -0.0168651955166
118.595122673 -0.000298773141281 -0.016856268604
118.657954526 -0.000298457092225 -0.0168473511326
118.720786379 -0.000298141544247 -0.016838443087
118.783618232 -0.000297826496281 -0.0168295444522
118.846450085 -0.000297511947269 -0.0168206552138
118.909281938 -0.000297197896159 -0.0168117753564
118.972113791 -0.000296884341918 -0.0168029048651
119.034945645 -0.000296571283477 -0.0167940437257
119.097777498 -0.000296258719812 -0.0167851919229
119.160609351 -0.000295946649855 -0.0167763494422
119.223441204 -0.000295635072601 -0.0167675162687
119.286273057 -0.000295323986969 -0.016758692388
119.34910491 -0.00029501339196 -0.0167498777855
119.411936763 -0.000294703286557 -0.0167410724458
119.474768616 -0.000294393669686 -0.0167322763553
119.537600469 -0.000294084540351 -0.0167234894987
119.600432322 -0.000293775897533 -0.016714711862
119.663264175 -0.00029346774019 -0.0167059434303
119.726096028 -0.000293160067313 -0.0166971841898
119.788927881 -0.000292852877905 -0.0166884341251
119.851759734 -0.000292546170923 -0.0166796932228
119.914591588 -0.0002922399454 -0.0166709614674
119.977423441 -0.000291934200282 -0.0166622388454
120.040255294 -0.000291628934586 -0.0166535253426
120.103087147 -0.000291324147323 -0.0166448209438
120.165919 -0.000291019837484 -0.0166361256356
120.228750853 -0.000290716004057 -0.0166274394037
120.291582706 -0.000290412646067 -0.0166187622334
120.354414559 -0.00029010976253 -0.0166100941107
120.417246412 -0.000289807352434 -0.0166014350218
120.480078265 -0.000289505414812 -0.0165927849523
120.542910118 -0.000289203948661 -0.0165841438883
120.605741971 -0.000288902953005 -0.0165755118159
120.668573824 -0.000288602426896 -0.0165668887204
120.731405677 -0.000288302369321 -0.0165582745883
120.794237531 -0.000288002779348 -0.0165496694053
120.857069384 -0.00028770365595 -0.0165410731583
120.919901237 -0.000287404998185 -0.0165324858328
120.98273309 -0.000287106805107 -0.0165239074146
121.045564943 -0.00028680907572 -0.0165153378905
121.108396796 -0.000286511809112 -0.0165067772458
121.171228649 -0.000286215004265 -0.016498225468
121.234060502 -0.000285918660239 -0.0164896825427
121.296892355 -0.000285622776109 -0.016481148456
121.359724208 -0.000285327350916 -0.0164726231939
121.422556061 -0.000285032383705 -0.0164641067433
121.485387914 -0.000284737873494 -0.0164555990909
121.548219767 -0.000284443819413 -0.0164471002218
121.61105162 -0.00028415022045 -0.0164386101239
121.673883474 -0.000283857075723 -0.0164301287824
121.736715327 -0.000283564384268 -0.0164216561843
121.79954718 -0.000283272145152 -0.0164131923162
121.862379033 -0.000282980357436 -0.0164047371645
121.925210886 -0.000282689020212 -0.0163962907157
121.988042739 -0.000282398132534 -0.0163878529565
122.050874592 -0.000282107693492 -0.0163794238732
122.113706445 -0.000281817702167 -0.0163710034529
122.176538298 -0.000281528157612 -0.0163625916821
122.239370151 -0.000281239058936 -0.0163541885472
122.302202004 -0.000280950405227 -0.0163457940349
122.365033857 -0.00028066219556 -0.0163374081323
122.42786571 -0.000280374429012 -0.0163290308262
122.490697563 -0.000280087104707 -0.0163206621032
122.553529417 -0.000279800221719 -0.01631230195
122.61636127 -0.000279513779141 -0.0163039503537
122.679193123 -0.000279227776104 -0.0162956073007
122.742024976 -0.000278942211653 -0.0162872727789
122.804856829 -0.000278657084954 -0.0162789467738
122.867688682 -0.000278372395067 -0.0162706292737
122.930520535 -0.000278088141123 -0.0162623202649
122.993352388 -0.000277804322225 -0.0162540197347
123.056184241 -0.000277520937482 -0.0162457276697
123.119016094 -0.000277237986036 -0.0162374440571
123.181847947 -0.000276955466974 -0.0162291688843
123.2446798 -0.000276673379423 -0.0162209021382
123.307511653 -0.000276391722504 -0.0162126438061
123.370343506 -0.000276110495343 -0.0162043938749
123.43317536 -0.000275829697057 -0.0161961523324
123.496007213 -0.000275549326803 -0.0161879191648
123.558839066 -0.000275269383699 -0.0161796943598
123.621670919 -0.00027498986687 -0.016171477905
123.684502772 -0.000274710775435 -0.0161632697876
123.747334625 -0.000274432108574 -0.0161550699945
123.810166478 -0.000274153865392 -0.0161468785135
123.872998331 -0.000273876045039 -0.0161386953319
123.935830184 -0.000273598646676 -0.0161305204367
123.998662037 -0.000273321669419 -0.0161223538158
124.06149389 -0.000273045112443 -0.0161141954565
124.124325743 -0.000272768974881 -0.0161060453463
124.187157596 -0.000272493255903 -0.0160979034723
124.249989449 -0.000272217954632 -0.0160897698228
124.312821303 -0.000271943070265 -0.0160816443848
124.375653156 -0.000271668601926 -0.0160735271462
124.438485009 -0.000271394548807 -0.016065418094
124.501316862 -0.000271120910048 -0.0160573172166
124.564148715 -0.000270847684822 -0.0160492245008
124.626980568 -0.000270574872303 -0.0160411399352
124.689812421 -0.00027030247166 -0.0160330635066
124.752644274 -0.000270030482025 -0.0160249952041
124.815476127 -0.000269758902642 -0.0160169350136
124.87830798 -0.000269487732635 -0.0160088829242
124.941139833 -0.000269216971189 -0.0160008389233
125.003971686 -0.000268946617495 -0.0159928029988
125.066803539 -0.000268676670746 -0.0159847751382
125.129635392 -0.0002684071301 -0.0159767553298
125.192467246 -0.000268137994752 -0.0159687435616
125.255299099 -0.000267869263898 -0.0159607398209
125.318130952 -0.000267600936721 -0.015952744096
125.380962805 -0.000267333012421 -0.0159447563751
125.443794658 -0.000267065490174 -0.015936776646
125.506626511 -0.000266798369189 -0.0159288048967
125.569458364 -0.00026653164867 -0.0159208411151
125.632290217 -0.000266265327804 -0.0159128852895
