# Status file for ctqmc. Used to save all times t_s, t_e.
2
24
3.328888735158419 3.388841176951178 0 0
3.411703972180746 3.709483493321752 0 0
3.983011954128732 4.721570936336344 0 0
4.749180081027458 4.966638867932486 0 0
5.090558383600245 6.605282130318541 0 0
6.852691839155193 9.860722821828116 0 0
11.02070707360002 11.58162724697976 0 0
14.02139309129694 14.06319219620794 0 0
15.41795441281724 16.06139575602081 0 0
34.39279881775023 34.41983447754238 0 0
35.10443574379965 36.42444448417471 0 0
37.18354403604044 37.21280129358266 0 0
37.51647808974784 37.62520761978167 0 0
37.76189566593395 38.62974161893338 0 0
39.7129248321603 39.89436574249759 0 0
39.91658428532197 39.94779235540656 0 0
40.88778612248044 42.88114121741491 0 0
43.55044578080515 43.56961882276803 0 0
43.6252401453519 43.63250944612396 0 0
44.82933716960613 44.86964240474519 0 0
49.56768148436764 49.770055569314 0 0
54.16220137167026 54.3767076410528 0 0
91.96182348994158 92.0823919027201 0 0
97.53932777612913 98.41702204794566 0 0
0
