# Status file for ctqmc. Used to save all times t_s, t_e.
2
22
5.754398492133937 0.4605999692768902 0 0
17.90066740414378 5.850306762980504 0 0
18.24463250903987 18.05779522075142 0 0
19.94998278432653 18.56241329299076 0 0
26.11764837324124 20.12249123413027 0 0
35.30666026754077 27.24928294196916 0 0
36.01600198974924 35.64686590025844 0 0
36.72282030085034 36.30063245411998 0 0
38.0142984278424 37.60842753133215 0 0
42.41652216374329 38.03321616536758 0 0
43.71145546106949 43.37447141911419 0 0
45.45282589599987 44.09730134803058 0 0
50.11152638734277 45.73607717927111 0 0
50.33206506165367 50.14440678886412 0 0
53.90258339738289 50.71411792631653 0 0
55.10703548207314 53.9851719746551 0 0
62.73516942987323 55.39532869896499 0 0
72.60686861844879 62.79467960876681 0 0
93.37355910086799 73.52611441981684 0 0
96.05756036206789 93.4038324100087 0 0
97.47265160667487 96.33973347547118 0 0
99.74289604989825 97.70737097804547 0 0
21
0.4591863319093079 0.5109151488820771 0 0
0.9246697047299014 1.292644986027957 0 0
1.504684740672158 1.940945792282945 0 0
4.087175044356919 4.107303157775039 0 0
14.1329680711246 14.26992036401106 0 0
47.73772736859564 48.36415904196507 0 0
49.01701310312649 49.68816760822097 0 0
53.70310626698544 54.22126434950248 0 0
54.32489159935536 54.77125071133597 0 0
55.4607936034114 55.75306532523434 0 0
81.58073269632949 82.16058591233936 0 0
82.17886336159201 82.66345522563977 0 0
82.69998613967888 83.99592916970725 0 0
87.32105394552529 89.21683697761179 0 0
89.66836402634252 89.85208830626955 0 0
90.38691482202302 91.00607929859299 0 0
91.27818188361188 91.36793382126038 0 0
94.06601987434615 94.23219605587994 0 0
95.01564360424393 95.13171024699263 0 0
96.9966232508354 97.04538904245639 0 0
97.64642774688062 97.78870082786045 0 0
