# Status file for ctqmc. Used to save all times t_s, t_e.
2
3
0.4312715781776066 1.8527694698652 0 0
3.275970533988929 3.293252916668728 0 0
97.43009619383932 98.62906043152489 0 0
18
36.87381695528741 37.47530386181428 0 0
37.90558894431922 38.59032085444257 0 0
40.01025965840304 40.46900714129864 0 0
40.69375579126057 40.97817901373208 0 0
41.65150160127073 41.81368610302517 0 0
44.01296514339515 44.64638830883445 0 0
44.84544170789951 45.03582497679357 0 0
45.03993043363604 45.33141775510122 0 0
45.53056298644015 45.73188586047584 0 0
46.02319259791904 46.29551849704111 0 0
46.96996573598414 46.97163702467153 0 0
56.77008676080355 57.25750145003148 0 0
57.38303302906581 57.75521187652843 0 0
60.08734272461672 60.57157838344075 0 0
62.52831979033683 65.36165794941557 0 0
65.59697141155571 65.7798914354576 0 0
66.19123375069269 66.96832744488491 0 0
77.34745101298381 77.44049550347525 0 0
