# Status file for ctqmc. Used to save all times t_s, t_e.
2
12
15.35873180739273 16.42896767962584 0 0
17.42137201419163 18.82217447000505 0 0
25.14094027414621 25.38136712796771 0 0
25.55940765529829 25.98752986613238 0 0
48.50271872147188 48.55628338451136 0 0
57.59202161936012 57.88462787682802 0 0
57.89068633581611 58.89386563322063 0 0
70.5974043650446 70.89512115483051 0 0
72.9751342268471 73.24609727901017 0 0
74.81253469539323 76.47465317443641 0 0
76.5373176211516 77.00050481458246 0 0
86.89936732595078 87.65863579964683 0 0
7
0.2985097117093858 2.068881027244737 0 0
8.2464721111557 8.318296075938811 0 0
8.969368556424577 8.972030213697096 0 0
42.82086961839427 43.6767219112735 0 0
43.69921401186458 44.58503432110685 0 0
61.53885287210812 61.72858105185651 0 0
63.55846519746458 63.72499797944727 0 0
