-1.800000000000201084e+01 2.355026070027503077e-07
-1.768637079511795918e+01 6.522737817248341057e-07
-1.738314684757837725e+01 8.522010866278169988e-07
-1.708981328123576660e+01 1.118043267981047394e-06
-1.680588863433072433e+01 1.479162998364315211e-06
-1.653092219204418001e+01 1.934920616658681753e-06
-1.626449157056260830e+01 2.465839243363587956e-06
-1.600620052541652782e+01 3.088338503439241801e-06
-1.575567696017295916e+01 3.915308681201856486e-06
-1.551257111443442049e+01 4.858768036067124456e-06
-1.527655391258613626e+01 5.936213234745079358e-06
-1.504731545689701200e+01 7.235498964646755037e-06
-1.482456365046278535e+01 8.727999887106212244e-06
-1.460802293712368716e+01 1.053714355159747628e-05
-1.439743314692604947e+01 1.245652130455784771e-05
-1.419254843695589230e+01 1.474699597887173754e-05
-1.399313631847824624e+01 1.733879283653768949e-05
-1.379897676228727654e+01 2.022128058010018802e-05
-1.360986137502872673e+01 2.348305813064023329e-05
-1.342559264001182306e+01 2.718952647348873980e-05
-1.324598321669588152e+01 3.113584444982113735e-05
-1.307085529362816168e+01 3.556527716070556231e-05
-1.290003999013476133e+01 4.047942359139114672e-05
-1.273337680253193582e+01 4.583716598960250370e-05
-1.257071309104041035e+01 5.175478385194988006e-05
-1.241190360395464154e+01 5.811063002854162320e-05
-1.225681003594876195e+01 6.487002236364765718e-05
-1.210530061769597765e+01 7.229036548794862246e-05
-1.195724973424155202e+01 8.038007445826325789e-05
-1.181253756980619762e+01 8.900220560120655072e-05
-1.167104977690866718e+01 9.828954642732055339e-05
-1.153267716788677255e+01 1.081534769877976816e-04
-1.139731542706779699e+01 1.185866023750696443e-04
-1.126486484199332239e+01 1.298153083193541815e-04
-1.113523005224293527e+01 1.415698395250826708e-04
-1.100831981452695096e+01 1.541664952774349370e-04
-1.088404678283180083e+01 1.674124658803083734e-04
-1.076232730250476877e+01 1.813059161043824980e-04
-1.064308121725769141e+01 1.960962873965919721e-04
-1.052623168815380517e+01 2.116776072855138815e-04
-1.041170502371859463e+01 2.278965321085800997e-04
-1.029943052038521678e+01 2.447851125475931748e-04
-1.018934031254830330e+01 2.624389013606581874e-04
-1.008136923155793951e+01 2.808773662479372660e-04
-9.975454673037956965e+00 3.003986070066673756e-04
-9.871536471960840942e+00 3.204562701052006261e-04
-9.769556784955334194e+00 3.413706653329897311e-04
-9.669459979362780899e+00 3.633378577218649222e-04
-9.571192528595137361e+00 3.858813030434061521e-04
-9.474702913380864899e+00 4.092779748493971070e-04
-9.379941528515811200e+00 4.335507610829993520e-04
-9.286860594764403842e+00 4.587009080027536429e-04
-9.195414075582201363e+00 4.848791353396505284e-04
-9.105557598354884874e+00 5.113085203295053170e-04
-9.017248379870389741e+00 5.388567104869750176e-04
-8.930445155761116638e+00 5.675832671705913993e-04
-8.845108113671695804e+00 5.966009064371009156e-04
-8.761198829924738973e+00 6.268575052906853566e-04
-8.678680209472876328e+00 6.576161308802371767e-04
-8.597516428939853128e+00 6.894551704474493996e-04
-8.517672882566811765e+00 7.223380992174552101e-04
-8.439116130892410084e+00 7.560719539167116586e-04
-8.361813852006719117e+00 7.907494752930404810e-04
-8.285734795229661387e+00 8.262281114864122563e-04
-8.210848737074378789e+00 8.623525366916544831e-04
-8.137126439365120589e+00 8.997295353255459812e-04
-8.064539609387715302e+00 9.377999571968970594e-04
-7.993060861958362295e+00 9.767161182364072960e-04
-7.922663683303976967e+00 1.016390541718657607e-03
-7.853322396653874549e+00 1.056922565102338257e-03
-7.785012129448951157e+00 1.098386111292792714e-03
-7.717708782080378249e+00 1.140888580060422930e-03
-7.651388998075133507e+00 1.184290981114687492e-03
-7.586030135650944750e+00 1.228692085940033280e-03
-7.521610240567749628e+00 1.273709856043398533e-03
-7.458108020207273370e+00 1.319463745170099123e-03
-7.395502818816379609e+00 1.366698470584414493e-03
-7.333774593853726209e+00 1.414419108720655835e-03
-7.272903893382695273e+00 1.462219916957169328e-03
-7.212871834457117437e+00 1.511636895662826470e-03
-7.153660082449187385e+00 1.562294315169077998e-03
-7.095250831272068126e+00 1.613880546051673758e-03
-7.037626784452278628e+00 1.666193659915992135e-03
-6.980771137009643468e+00 1.719681479501673424e-03
-6.924667558104775189e+00 1.774162541990685106e-03
-6.869300174416541616e+00 1.828705008397278446e-03
-6.814653554213885300e+00 1.884367354148698288e-03
-6.760712692088343800e+00 1.941359875131899813e-03
-6.707462994315648963e+00 1.999023367884439437e-03
-6.654890264816202716e+00 2.057451679818604259e-03
-6.602980691686176407e+00 2.117621844671087501e-03
-6.551720834272277472e+00 2.178993735938394589e-03
-6.501097610764786872e+00 2.240196013106637157e-03
-6.451098286284775440e+00 2.302226972534127981e-03
-6.401710461442654321e+00 2.365840133158446639e-03
-6.352922061346510496e+00 2.430475205769102795e-03
-6.304721325039668756e+00 2.496038573629557385e-03
-6.257096795348075169e+00 2.562634214431339270e-03
-6.210037309119101678e+00 2.629407547904408747e-03
-6.163531987834188541e+00 2.697165451975217301e-03
-6.117570228578837366e+00 2.766525284389973957e-03
-6.072141695354100754e+00 2.837102319472534565e-03
-6.027236310714632950e+00 2.908465889518948785e-03
-5.982844247719062203e+00 2.980589047104239414e-03
-5.938955922179146363e+00 3.053259562041757760e-03
-5.895561985194874843e+00 3.126902382533099361e-03
-5.852653315963272540e+00 3.201771270155980009e-03
-5.810221014849253685e+00 3.278026817040222661e-03
-5.768256396707496236e+00 3.355425994041864000e-03
-5.726750984444712422e+00 3.433644817868881580e-03
-5.685696502812374042e+00 3.513325532085039959e-03
-5.645084872420248701e+00 3.594325481431109165e-03
-5.604908203961667112e+00 3.675770705358168654e-03
-5.565158792641851981e+00 3.758384227982921634e-03
-5.525829112800970222e+00 3.841523518695012622e-03
-5.486911812724083681e+00 3.925318165266088698e-03
-5.448399709630409760e+00 4.011162300764675726e-03
-5.410285784834729661e+00 4.098420612967626497e-03
-5.372563179074079542e+00 4.186602463994174884e-03
-5.335225187993163587e+00 4.275614956636615907e-03
-5.298265257782246884e+00 4.365799660894339324e-03
-5.261676980961550676e+00 4.456623739853535042e-03
-5.225454092306433651e+00 4.548659026475596057e-03
-5.189590464907923639e+00 4.641945797323469153e-03
-5.154080106363324809e+00 4.736033327319004102e-03
-5.118917155092023386e+00 4.831177965948773093e-03
-5.084095876771596245e+00 4.928031613846139969e-03
-5.049610660889740643e+00 5.026076250829443134e-03
-5.015456017407655231e+00 5.125598260155799987e-03
-4.981626573530626878e+00 5.226379156166039049e-03
-4.948117070581910859e+00 5.328338703771941937e-03
-4.914922360976011539e+00 5.431069259962369514e-03
-4.882037405287712239e+00 5.534873884579174716e-03
-4.849457269413337102e+00 5.640419564343059945e-03
-4.817177121820895636e+00 5.747271731339658948e-03
-4.785192230885824571e+00 5.855062364862240534e-03
-4.753497962309302771e+00 5.964162652151251687e-03
-4.722089776616123835e+00 6.074802640703834411e-03
-4.690963226729293112e+00 6.186595646356297939e-03
-4.660113955618596648e+00 6.299443646241508279e-03
-4.629537694020590344e+00 6.413352053921390558e-03
-4.599230258227382961e+00 6.528536445834950269e-03
-4.569187547941903738e+00 6.645017272643981635e-03
-4.539405544197283149e+00 6.763139836026743970e-03
-4.509880307338105077e+00 6.883174848256644329e-03
-4.480607975061465353e+00 7.004437192326145104e-03
-4.451584760515686412e+00 7.126482926858425035e-03
-4.422806950454783781e+00 7.249614361372021427e-03
-4.394270903446768628e+00 7.374361834408618005e-03
-4.365973048133954926e+00 7.501012982747629412e-03
-4.337909881543509094e+00 7.629393482231095272e-03
-4.310077967446587444e+00 7.758954768454451312e-03
-4.282473934764412071e+00 7.889890281658859528e-03
-4.255094476019731786e+00 8.022685149636030882e-03
-4.227936345832168819e+00 8.157006416258126558e-03
-4.200996359456015128e+00 8.292334926150595614e-03
-4.174271391359062555e+00 8.428855469293446839e-03
-4.147758373841154089e+00 8.567505661241578419e-03
-4.121454295691163061e+00 8.708212156129560566e-03
-4.095356200881122177e+00 8.849810465183165914e-03
-4.069461187296388616e+00 8.992027320934764534e-03
-4.043766405500584860e+00 9.135831034487880073e-03
-4.018269057534298305e+00 9.282079412291597068e-03
-3.992966395746416985e+00 9.430809492280818607e-03
-3.967855721657088441e+00 9.581112681732546418e-03
-3.942934384851309204e+00 9.732447358344595290e-03
-3.918199781902168777e+00 9.885389536601205812e-03
-3.893649355322847061e+00 1.004057077268338469e-02
-3.869280592546462394e+00 1.019797105398812659e-02
-3.845091024932894896e+00 1.035711141621519296e-02
-3.821078226801797317e+00 1.051749435126617116e-02
-3.797239814490932730e+00 1.067902473436431639e-02
-3.773573445439120100e+00 1.084235541626426408e-02
-3.750076817293014120e+00 1.100798787415012761e-02
-3.726747667036997225e+00 1.117546465661299615e-02
-3.703583770145510101e+00 1.134437491036876383e-02
-3.680582939757102157e+00 1.151522174536401960e-02
-3.657743025869630404e+00 1.168859328884573785e-02
-3.635061914555887341e+00 1.186420751628156772e-02
-3.612537527199123133e+00 1.204156336899244936e-02
-3.590167819747855482e+00 1.222073445738506604e-02
-3.567950781989368547e+00 1.240201577672955628e-02
-3.545884436841426179e+00 1.258537008826655403e-02
-3.523966839661581307e+00 1.277073111321551727e-02
-3.502196077573649369e+00 1.295814702451816500e-02
-3.480570268810808887e+00 1.314758644463541286e-02
-3.459087562074850908e+00 1.333904046218328115e-02
-3.437746135911134981e+00 1.353263299521292179e-02
-3.416544198098792506e+00 1.372839673800073032e-02
-3.395479985055740890e+00 1.392628042510422881e-02
-3.374551761258098193e+00 1.412632136290623529e-02
-3.353757818673582580e+00 1.432862264952132828e-02
-3.333096476208523118e+00 1.453334440461548013e-02
-3.312566079168071553e+00 1.474048599274937511e-02
-3.292164998729279812e+00 1.494992143247805133e-02
-3.271891631426664837e+00 1.516151824333834830e-02
-3.251744398649922374e+00 1.537542760370341419e-02
-3.231721746153456643e+00 1.559202461421994174e-02
-3.211822143577407918e+00 1.581135740621040370e-02
-3.192044083979844071e+00 1.603299755055815484e-02
-3.172386083379843402e+00 1.625677692385511797e-02
-3.152846680311138350e+00 1.648305801203526696e-02
-3.133424435386072737e+00 1.671209608340941399e-02
-3.114117930869558570e+00 1.694368382136558771e-02
-3.094925770262795250e+00 1.717773157601939354e-02
-3.075846577896469647e+00 1.741448895994349155e-02
-3.056878998533198555e+00 1.765409909986553200e-02
-3.038021696978961295e+00 1.789662589044860308e-02
-3.019273357703287086e+00 1.814229353182274587e-02
-3.000632684467968048e+00 1.839123437063879332e-02
-2.982098399964077995e+00 1.864316687563186831e-02
-2.963669245457069223e+00 1.889770993838157942e-02
-2.945343980439752762e+00 1.915444547827186567e-02
-2.927121382292947160e+00 1.941346590082152282e-02
-2.909000245953597297e+00 1.967534566819513497e-02
-2.890979383590179363e+00 1.994086554644785431e-02
-2.873057624285205058e+00 2.021027289023350285e-02
-2.855233813724623815e+00 2.048330342704656956e-02
-2.837506813893987179e+00 2.075944162288160394e-02
-2.819875502781155951e+00 2.103835403913908303e-02
-2.802338774085429751e+00 2.132006189905048463e-02
-2.784895536932901372e+00 2.160477607125990337e-02
-2.767544715597910265e+00 2.189269352751956749e-02
-2.750285249230413953e+00 2.218404668091964252e-02
-2.733116091589155250e+00 2.247934848539134833e-02
-2.716036210780464089e+00 2.277876601415913457e-02
-2.699044589002566052e+00 2.308185992999490718e-02
-2.682140222295249732e+00 2.338807338636649663e-02
-2.665322120294779662e+00 2.369721296346970207e-02
-2.648589305993904297e+00 2.400981333057454481e-02
-2.631940815506855547e+00 2.432643406944745568e-02
-2.615375697839200431e+00 2.464726702023165017e-02
-2.598893014662444045e+00 2.497213337994478449e-02
-2.582491840093254609e+00 2.530083568897874627e-02
-2.566171260477212002e+00 2.563343787301527316e-02
-2.549930374176959447e+00 2.597012358535635140e-02
-2.533768291364664638e+00 2.631100122573575700e-02
-2.517684133818677505e+00 2.665605962377392418e-02
-2.501677034724291371e+00 2.700520957143942927e-02
-2.485746138478510670e+00 2.735840889211210714e-02
-2.469890600498723998e+00 2.771581036679884522e-02
-2.454109587035200768e+00 2.807776633015960852e-02
-2.438402274987315543e+00 2.844441810361808196e-02
-2.422767851723407695e+00 2.881590796234770324e-02
-2.407205514904207533e+00 2.919219939080988993e-02
-2.391714472309731221e+00 2.957327039073328473e-02
-2.376293941669569421e+00 2.995917272460081604e-02
-2.360943150496495058e+00 3.034981578705645000e-02
-2.345661335923311608e+00 3.074512446577661040e-02
-2.330447744542858413e+00 3.114512277997829107e-02
-2.315301632251118846e+00 3.154996562151669154e-02
-2.300222264093345625e+00 3.195997697769299706e-02
-2.285208914113144640e+00 3.237550868881117205e-02
-2.270260865204440481e+00 3.279680269409724486e-02
-2.255377408966269037e+00 3.322370398937699032e-02
-2.240557845560325223e+00 3.365582829171859247e-02
-2.225801483571210770e+00 3.409305344889406592e-02
-2.211107639869315467e+00 3.453559084125230882e-02
-2.196475639476279440e+00 3.498405690868372497e-02
-2.181904815432973432e+00 3.543887502696205227e-02
-2.167394508669943320e+00 3.590027959435351801e-02
-2.152944067880271817e+00 3.636833307340859439e-02
-2.138552849394784516e+00 3.684288554861234188e-02
-2.124220217059574090e+00 3.732383618186613933e-02
-2.109945542115772454e+00 3.781098059107550896e-02
-2.095728203081529628e+00 3.830417144558070225e-02
-2.081567585636154849e+00 3.880355119043787243e-02
-2.067463082506362237e+00 3.930956814865337046e-02
-2.053414093354584136e+00 3.982246618294547902e-02
-2.039420024669305942e+00 4.034242797928162122e-02
-2.025480289657382471e+00 4.086954216516625049e-02
-2.011594308138276332e+00 4.140395038158146968e-02
-1.997761506440205226e+00 4.194598360087982425e-02
-1.983981317298131319e+00 4.249598167079800953e-02
-1.970253179753569617e+00 4.305424864231083976e-02
-1.956576539056167352e+00 4.362086471226485351e-02
-1.942950846567025547e+00 4.419570154847021759e-02
-1.929375559663717654e+00 4.477852224774306333e-02
-1.915850141646975535e+00 4.536909760573208661e-02
-1.902374061649005244e+00 4.596753821722475430e-02
-1.888946794543396868e+00 4.657424909297766535e-02
-1.875567820856598900e+00 4.718956144013736198e-02
-1.862236626680921825e+00 4.781378012264486665e-02
-1.848952703589041180e+00 4.844703608836686132e-02
-1.835715548549967879e+00 4.908951467260862234e-02
-1.822524663846452730e+00 4.974154884581210440e-02
-1.809379556993800708e+00 5.040359313914979239e-02
-1.796279740660062796e+00 5.107605773909482116e-02
-1.783224732587581407e+00 5.175935404129271278e-02
-1.770214055515849871e+00 5.245367711620525786e-02
-1.757247237105675541e+00 5.315876079857752290e-02
-1.744323809864610553e+00 5.387441565144747424e-02
-1.731443311073621372e+00 5.460047510797863546e-02
-1.718605282714980698e+00 5.533691276187085312e-02
-1.705809271401351745e+00 5.608397074450223452e-02
-1.693054828306041149e+00 5.684222210929704144e-02
-1.680341509094399610e+00 5.761232771942741138e-02
-1.667668873856344547e+00 5.839486220109489645e-02
-1.655036487039980519e+00 5.919017787829811139e-02
-1.642443917386301022e+00 5.999854594390909013e-02
-1.629890737864948980e+00 6.082022141828978545e-02
-1.617376525611005755e+00 6.165530348995284377e-02
-1.604900861862805783e+00 6.250383678924813224e-02
-1.592463331900736856e+00 6.336595275277118189e-02
-1.580063524987020074e+00 6.424191228090667116e-02
-1.567701034306447028e+00 6.513203812792625613e-02
-1.555375456908052678e+00 6.603676119707178882e-02
-1.543086393647707277e+00 6.695650487848703314e-02
-1.530833449131608237e+00 6.789170650116160832e-02
-1.518616231660659732e+00 6.884278252342526661e-02
-1.506434353175712282e+00 6.981014211302405403e-02
-1.494287429203655870e+00 7.079410261732660414e-02
-1.482175078804342627e+00 7.179494776799880129e-02
-1.470096924518329295e+00 7.281294207990222922e-02
-1.458052592315416618e+00 7.384833243910773892e-02
-1.446041711543979202e+00 7.490140379123721992e-02
-1.434063914881057000e+00 7.597256608565293445e-02
-1.422118838283209508e+00 7.706227438798446405e-02
-1.410206120938107599e+00 7.817112767798869988e-02
-1.398325405216850115e+00 7.929981050401685438e-02
-1.386476336626996986e+00 8.044902540276666070e-02
-1.374658563766294916e+00 8.161934893185265882e-02
-1.362871738277095179e+00 8.281118306502968651e-02
-1.351115514801437101e+00 8.402469472433155007e-02
-1.339389550936797013e+00 8.525999917216649238e-02
-1.327693507192477362e+00 8.651718700871441348e-02
-1.316027046946637080e+00 8.779653987224228517e-02
-1.304389836403941239e+00 8.909860457243251597e-02
-1.292781544553817996e+00 9.042402663246708328e-02
-1.281201843129320173e+00 9.177364684023577024e-02
-1.269650406566570577e+00 9.314836449601490709e-02
-1.258126911964788874e+00 9.454886740160656222e-02
-1.246631039046874889e+00 9.597593197739934245e-02
-1.235162470120555911e+00 9.743014642983005569e-02
-1.223720890040073339e+00 9.891195711865255480e-02
-1.212305986168408234e+00 1.004219759576884807e-01
-1.200917448340022453e+00 1.019606401067705559e-01
-1.189554968824123149e+00 1.035285736747711821e-01
-1.178218242288426865e+00 1.051264631444096265e-01
-1.166906965763418569e+00 1.067548885252624924e-01
-1.155620838607101852e+00 1.084144823745140651e-01
-1.144359562470215863e+00 1.101059544568958604e-01
-1.133122841261928526e+00 1.118299728754144351e-01
-1.121910381115985400e+00 1.135870666420826514e-01
-1.110721890357309283e+00 1.153778287964921101e-01
-1.099557079469039467e+00 1.172030040292478537e-01
-1.088415661060010642e+00 1.190635483750597801e-01
-1.077297349832647466e+00 1.209603265865861615e-01
-1.066201862551285018e+00 1.228940694382929383e-01
-1.055128918010896033e+00 1.248654670046796533e-01
-1.044078237006218046e+00 1.268751784045782649e-01
-1.033049542301277102e+00 1.289238418151886223e-01
-1.022042558599299822e+00 1.310120669541438299e-01
-1.011057012512998066e+00 1.331406584577558561e-01
-1.000092632535235726e+00 1.353103497404989364e-01
-9.891491490100537964e-01 1.375216828575580308e-01
-9.782262941040561488e-01 1.397750210883830502e-01
-9.673238017781481402e-01 1.420707500004979029e-01
-9.564414077596213870e-01 1.444092575468359785e-01
-9.455788495145712735e-01 1.467907837994872899e-01
-9.347358662206534108e-01 1.492156147870579153e-01
-9.239121987401626157e-01 1.516843310938901235e-01
-9.131075895934324116e-01 1.541974568062276507e-01
-9.023217829325496098e-01 1.567555440632078800e-01
-8.915545245153719822e-01 1.593591172954053337e-01
-8.808055616798529108e-01 1.620085140163272652e-01
-8.700746433186589135e-01 1.647037748360887788e-01
-8.593615198540814903e-01 1.674448619897586643e-01
-8.486659432132259706e-01 1.702315272439772487e-01
-8.379876668034880183e-01 1.730633995982484297e-01
-8.273264454882990337e-01 1.759401674277458194e-01
-8.166820355631438932e-01 1.788614263235043800e-01
-8.060541947318363709e-01 1.818264500037242160e-01
-7.954426820830584610e-01 1.848341133732246122e-01
-7.848472580671504994e-01 1.878829678953552462e-01
-7.742676844731486430e-01 1.909714595964003281e-01
-7.637037244060699281e-01 1.940977541881744317e-01
-7.531551422644284788e-01 1.972598809077573401e-01
-7.426217037179922986e-01 2.004559763532310912e-01
-7.321031756857663275e-01 2.036837176375272673e-01
-7.215993263142009839e-01 2.069404085517791980e-01
-7.111099249556180890e-01 2.102231003664929987e-01
-7.006347421468592795e-01 2.135285533570101812e-01
-6.901735495881351490e-01 2.168530516203292513e-01
-6.797261201220911042e-01 2.201927038324492103e-01
-6.692922277130706199e-01 2.235427361127617640e-01
-6.588716474265783329e-01 2.268977025077812404e-01
-6.484641554089376481e-01 2.302514170010616923e-01
-6.380695288671385246e-01 2.335969789960047893e-01
-6.276875460488731129e-01 2.369270585342214408e-01
-6.173179862227488046e-01 2.402338861911002543e-01
-6.069606296586862459e-01 2.435091509762791762e-01
-5.966152576084875481e-01 2.467439745061745238e-01
-5.862816522865772484e-01 2.499287343212202028e-01
-5.759595968509094721e-01 2.530528957945002433e-01
-5.656488753840412942e-01 2.561050214601318098e-01
-5.553492728743597562e-01 2.590728584522185018e-01
-5.450605751974718638e-01 2.619434716538641683e-01
-5.347825690977430213e-01 2.647034210601141302e-01
-5.245150421699888987e-01 2.673384705341019241e-01
-5.142577828413065211e-01 2.698338071108233871e-01
-5.040105803530536832e-01 2.721738211762480542e-01
-4.937732247429644228e-01 2.743420477652079303e-01
-4.835455068274036594e-01 2.763213058915211517e-01
-4.733272181837471781e-01 2.780938232399008392e-01
-4.631181511328986700e-01 2.796413386391439215e-01
-4.529180987219272314e-01 2.809452415512528889e-01
-4.427268547068332061e-01 2.819870275747508037e-01
-4.325442135354257145e-01 2.827482484468098467e-01
-4.223699703303245845e-01 2.832107607600317101e-01
-4.122039208720716941e-01 2.833570972108011010e-01
-4.020458615823537807e-01 2.831705592800987659e-01
-3.918955895073323314e-01 2.826355924499578398e-01
-3.817529023010813316e-01 2.817380311171913121e-01
-3.716175982091194929e-01 2.804656609042811000e-01
-3.614894760520483419e-01 2.788084669032760976e-01
-3.513683352092828449e-01 2.767589588305569004e-01
-3.412539756028758475e-01 2.743125787358391965e-01
-3.311461976814312758e-01 2.714681769898939501e-01
-3.210448024041094306e-01 2.682284437962006995e-01
-3.109495912247085547e-01 2.646004486384871957e-01
-3.008603660758366605e-01 2.605959782816387738e-01
-2.907769293531580201e-01 2.562320573211587238e-01
-2.806990838997174276e-01 2.515312552121740652e-01
-2.706266329903371237e-01 2.465220972927383847e-01
-2.605593803160889399e-01 2.412394696068412003e-01
-2.504971299688272257e-01 2.357249031829866115e-01
-2.404396864257955790e-01 2.300267185706695028e-01
-2.303868545342923901e-01 2.242000022267604809e-01
-2.203384394963986970e-01 2.183064717557141599e-01
-2.102942468537628840e-01 2.124143256230399401e-01
-2.002540824724450275e-01 2.065981924796059799e-01
-1.902177525278067050e-01 2.009391805736289449e-01
-1.801850634894590075e-01 1.955249311433586434e-01
-1.701558221062540455e-01 1.904494946026924485e-01
-1.601298353913264694e-01 1.858127829254356822e-01
-1.501069106071708514e-01 1.817192248388242726e-01
-1.400868552507662790e-01 1.782750484898057708e-01
-1.300694770387391397e-01 1.755832947840586522e-01
-1.200545838925550501e-01 1.737353152236828513e-01
-1.100419839237516545e-01 1.727973339852625356e-01
-1.000314854191983877e-01 1.727911160364755672e-01
-9.002289682638489610e-02 1.736695417008977393e-01
-8.001602673873924043e-02 1.752914862041153043e-01
-7.001068388096250150e-02 1.774056891918319723e-01
-6.000667709439190534e-02 1.796579551607983549e-01
-5.000381532237931775e-02 1.816352922250176749e-01
-4.000190759568706539e-02 1.829500426170414529e-01
-3.000076301789707939e-02 1.833463610998457560e-01
-2.000019075083557876e-02 1.827898392833215147e-01
-9.999999999999974187e-03 1.814947167697452401e-01
0.000000000000000000e+00 1.798633187207858697e-01
9.999999999999974187e-03 1.783537572934054127e-01
2.000019075083557876e-02 1.773303330160596880e-01
3.000076301789707939e-02 1.769605454157209268e-01
4.000190759568635068e-02 1.771961616494835134e-01
5.000381532237860305e-02 1.778314641610973523e-01
6.000667709439118369e-02 1.785984308758162831e-01
7.001068388096322315e-02 1.792530560942701412e-01
8.001602673873996208e-02 1.796251349290339805e-01
9.002289682638561774e-02 1.796286896105659114e-01
1.000314854191983877e-01 1.792464231421710685e-01
1.100419839237516545e-01 1.785050503890600049e-01
1.200545838925550501e-01 1.774532645492582494e-01
1.300694770387391397e-01 1.761469379043352768e-01
1.400868552507662790e-01 1.746412961033690647e-01
1.501069106071708514e-01 1.729877586196062467e-01
1.601298353913264694e-01 1.712331031466461095e-01
1.701558221062540455e-01 1.694193963816905679e-01
1.801850634894582859e-01 1.675839756099306577e-01
1.902177525278067050e-01 1.657593537618874402e-01
2.002540824724450275e-01 1.639731699041230839e-01
2.102942468537628840e-01 1.622483090559290186e-01
2.203384394963986970e-01 1.606032146601751587e-01
2.303868545342923901e-01 1.590523066952658493e-01
2.404396864257955790e-01 1.576064182058874996e-01
2.504971299688272257e-01 1.562732189839584340e-01
2.605593803160889399e-01 1.550576519072460469e-01
2.706266329903371237e-01 1.539623936418256234e-01
2.806990838997167059e-01 1.529883228625942004e-01
2.907769293531572985e-01 1.521349307245023208e-01
3.008603660758359388e-01 1.514006279952602729e-01
3.109495912247092764e-01 1.507829261693681144e-01
3.210448024041101522e-01 1.502785686535006715e-01
3.311461976814320529e-01 1.498837103473525112e-01
3.412539756028758475e-01 1.495940072917094077e-01
3.513683352092828449e-01 1.494048317604673715e-01
3.614894760520483419e-01 1.493113806967440449e-01
3.716175982091194929e-01 1.493088128288862226e-01
3.817529023010813316e-01 1.493923064116824406e-01
3.918955895073323314e-01 1.495570935335509000e-01
4.020458615823530590e-01 1.497984909661583819e-01
4.122039208720709169e-01 1.501119455713001427e-01
4.223699703303238628e-01 1.504929064975423225e-01
4.325442135354264361e-01 1.509368718808232757e-01
4.427268547068339277e-01 1.514393715725693423e-01
4.529180987219279531e-01 1.519961127833362458e-01
4.631181511328986700e-01 1.526029554703840219e-01
4.733272181837471781e-01 1.532559435837457795e-01
4.835455068274036594e-01 1.539514400575211495e-01
4.937732247429644228e-01 1.546859654998867795e-01
5.040105803530536832e-01 1.554561704837191249e-01
5.142577828413065211e-01 1.562588187110667270e-01
5.245150421699888987e-01 1.570907527396746550e-01
5.347825690977430213e-01 1.579488298837779803e-01
5.450605751974710866e-01 1.588299181478712019e-01
5.553492728743597562e-01 1.597309934149257482e-01
5.656488753840412942e-01 1.606489904377494393e-01
5.759595968509094721e-01 1.615810266343057910e-01
5.862816522865772484e-01 1.625244289838445599e-01
5.966152576084875481e-01 1.634767794214087577e-01
6.069606296586862459e-01 1.644359278080142206e-01
6.173179862227488046e-01 1.653999319179979000e-01
6.276875460488731129e-01 1.663670404710714257e-01
6.380695288671385246e-01 1.673356236133517194e-01
6.484641554089369819e-01 1.683039968881201998e-01
6.588716474265774448e-01 1.692704026006239260e-01
6.692922277130698427e-01 1.702330525975898901e-01
6.797261201220904381e-01 1.711900078625159249e-01
6.901735495881360372e-01 1.721393119762726354e-01
7.006347421468600567e-01 1.730790652188151646e-01
7.111099249556188662e-01 1.740072725339228965e-01
7.215993263142009839e-01 1.749223364675625281e-01
7.321031756857663275e-01 1.758227604531736321e-01
7.426217037179922986e-01 1.767072766908465153e-01
7.531551422644284788e-01 1.775748563144476655e-01
7.637037244060699281e-01 1.784245799681359879e-01
7.742676844731486430e-01 1.792554955612487011e-01
7.848472580671498333e-01 1.800670034807917708e-01
7.954426820830577949e-01 1.808585812317886621e-01
8.060541947318363709e-01 1.816294954137095408e-01
8.166820355631446704e-01 1.823789529096884188e-01
8.273264454882999219e-01 1.831059149229825600e-01
8.379876668034880183e-01 1.838091898729106721e-01
8.486659432132259706e-01 1.844876597426228781e-01
8.593615198540814903e-01 1.851405549292607644e-01
8.700746433186589135e-01 1.857675293393798166e-01
8.808055616798529108e-01 1.863683128607534767e-01
8.915545245153719822e-01 1.869425025530343509e-01
9.023217829325496098e-01 1.874897282635986095e-01
9.131075895934324116e-01 1.880095544927961604e-01
9.239121987401619496e-01 1.885016227373334241e-01
9.347358662206525226e-01 1.889657761078171183e-01
9.455788495145712735e-01 1.894019219348000993e-01
9.564414077596213870e-01 1.898098016545559652e-01
9.673238017781488063e-01 1.901894717087510844e-01
9.782262941040561488e-01 1.905411071113353727e-01
9.891491490100537964e-01 1.908647888031283490e-01
1.000092632535235726e+00 1.911606341744700177e-01
1.011057012512998066e+00 1.914286993320088448e-01
1.022042558599299822e+00 1.916686762855142057e-01
1.033049542301277102e+00 1.918800121435526584e-01
1.044078237006217380e+00 1.920622364163666607e-01
1.055128918010895367e+00 1.922154643818431152e-01
1.066201862551284352e+00 1.923400411042589242e-01
1.077297349832648132e+00 1.924363950873670404e-01
1.088415661060011308e+00 1.925049187284517127e-01
1.099557079469040355e+00 1.925459721578525185e-01
1.110721890357309283e+00 1.925597270418130391e-01
1.121910381115985400e+00 1.925461682485180015e-01
1.133122841261928526e+00 1.925054747813532141e-01
1.144359562470215863e+00 1.924379636448570463e-01
1.155620838607101852e+00 1.923440493733112600e-01
1.166906965763418569e+00 1.922240400217039291e-01
1.178218242288425976e+00 1.920783482774509054e-01
1.189554968824123149e+00 1.919074707596202800e-01
1.200917448340022453e+00 1.917118311540222941e-01
1.212305986168408900e+00 1.914914861095734777e-01
1.223720890040074227e+00 1.912466065729622189e-01
1.235162470120555911e+00 1.909778748742225474e-01
1.246631039046874889e+00 1.906857205308019054e-01
1.258126911964788874e+00 1.903708223553808310e-01
1.269650406566570577e+00 1.900334844422909564e-01
1.281201843129320173e+00 1.896736664925733895e-01
1.292781544553817996e+00 1.892918175865244690e-01
1.304389836403941239e+00 1.888883261881639242e-01
1.316027046946637080e+00 1.884638604262318107e-01
1.327693507192476696e+00 1.880192499115151405e-01
1.339389550936796125e+00 1.875549468749458382e-01
1.351115514801436435e+00 1.870713439721534144e-01
1.362871738277095179e+00 1.865687672939843889e-01
1.374658563766295805e+00 1.860473918609892030e-01
1.386476336626997652e+00 1.855075856419148850e-01
1.398325405216850559e+00 1.849497108976844162e-01
1.410206120938107599e+00 1.843741586747978667e-01
1.422118838283209508e+00 1.837811960986807380e-01
1.434063914881057000e+00 1.831711127249341653e-01
1.446041711543979202e+00 1.825443359889804551e-01
1.458052592315416618e+00 1.819016428835533716e-01
1.470096924518328407e+00 1.812438507568878698e-01
1.482175078804341739e+00 1.805717994384509750e-01
1.494287429203654982e+00 1.798860060870692279e-01
1.506434353175713392e+00 1.791866144922388271e-01
1.518616231660660620e+00 1.784737088121698401e-01
1.530833449131608681e+00 1.777476329182802461e-01
1.543086393647707277e+00 1.770089183562830459e-01
1.555375456908052678e+00 1.762582294775452696e-01
1.567701034306447028e+00 1.754959925579722413e-01
1.580063524987019630e+00 1.747223478481959580e-01
1.592463331900736190e+00 1.739372712212198246e-01
1.604900861862805117e+00 1.731410926926910121e-01
1.617376525611005755e+00 1.723343196219188356e-01
1.629890737864948091e+00 1.715176411520554223e-01
1.642443917386300800e+00 1.706917551670453781e-01
1.655036487039980742e+00 1.698570909642081184e-01
1.667668873856345213e+00 1.690136780150802709e-01
1.680341509094400276e+00 1.681617626648023722e-01
1.693054828306040926e+00 1.673019372247520897e-01
1.705809271401351079e+00 1.664347509638150480e-01
1.718605282714980920e+00 1.655607193649433762e-01
1.731443311073621594e+00 1.646801769111861380e-01
1.744323809864610997e+00 1.637935307805787333e-01
1.757247237105675541e+00 1.629010072449272317e-01
1.770214055515848983e+00 1.620025903338070949e-01
1.783224732587580741e+00 1.610982190340901898e-01
1.796279740660062352e+00 1.601885741820225639e-01
1.809379556993800708e+00 1.592736610389351992e-01
1.822524663846453397e+00 1.583533478893257296e-01
1.835715548549968767e+00 1.574277378534077176e-01
1.848952703589041624e+00 1.564968938108873553e-01
1.862236626680921825e+00 1.555613733494752571e-01
1.875567820856598900e+00 1.546221778441159711e-01
1.888946794543396868e+00 1.536802677343697132e-01
1.902374061649005244e+00 1.527359095018753776e-01
1.915850141646975535e+00 1.517893175113505799e-01
1.929375559663716988e+00 1.508402417404478557e-01
1.942950846567024437e+00 1.498886496812000257e-01
1.956576539056166242e+00 1.489348148318944409e-01
1.970253179753570727e+00 1.479788343529896411e-01
1.983981317298132430e+00 1.470210193906225093e-01
1.997761506440205892e+00 1.460618444669157245e-01
2.011594308138276332e+00 1.451016484378283566e-01
2.025480289657382471e+00 1.441408040567120352e-01
2.039420024669305942e+00 1.431793364529849455e-01
2.053414093354583247e+00 1.422172712200480693e-01
2.067463082506361793e+00 1.412545342273532623e-01
2.081567585636154405e+00 1.402912626862311551e-01
2.095728203081529628e+00 1.393282858302497818e-01
2.109945542115771566e+00 1.383658875686803180e-01
2.124220217059573645e+00 1.374044350432107320e-01
2.138552849394784072e+00 1.364438705164759957e-01
2.152944067880272261e+00 1.354836429226777272e-01
2.167394508669943765e+00 1.345233368915992322e-01
2.181904815432972988e+00 1.335636412949809393e-01
2.196475639476278996e+00 1.326048417485859998e-01
2.211107639869315911e+00 1.316467332367786403e-01
2.225801483571211214e+00 1.306891431815807303e-01
2.240557845560325667e+00 1.297320556039577300e-01
2.255377408966268149e+00 1.287766921345374072e-01
2.270260865204440481e+00 1.278238413767059101e-01
2.285208914113143308e+00 1.268737527479728289e-01
2.300222264093344737e+00 1.259258312497166798e-01
2.315301632251118846e+00 1.249793398659783256e-01
2.330447744542859301e+00 1.240346069296377196e-01
2.345661335923311608e+00 1.230925229074054383e-01
2.360943150496495946e+00 1.221537212700659347e-01
2.376293941669568088e+00 1.212178264674464434e-01
2.391714472309731221e+00 1.202840258062200102e-01
2.407205514904206645e+00 1.193519045777345355e-01
2.422767851723407695e+00 1.184212757816043293e-01
2.438402274987316432e+00 1.174928170365599489e-01
2.454109587035200768e+00 1.165674264591457787e-01
2.469890600498723998e+00 1.156452018050474900e-01
2.485746138478509337e+00 1.147263538734025201e-01
2.501677034724291371e+00 1.138105427963506944e-01
2.517684133818678394e+00 1.128981463237185151e-01
2.533768291364664638e+00 1.119894794134278643e-01
2.549930374176959891e+00 1.110842041953480352e-01
2.566171260477213334e+00 1.101817535323552227e-01
2.582491840093254609e+00 1.092820567317580732e-01
2.598893014662444489e+00 1.083855721007157824e-01
2.615375697839199987e+00 1.074929651320313262e-01
2.631940815506855991e+00 1.066048635387360499e-01
2.648589305993903409e+00 1.057213331921906252e-01
2.665322120294779218e+00 1.048419489437571739e-01
2.682140222295247955e+00 1.039661077055654276e-01
2.699044589002565164e+00 1.030930195862454490e-01
2.716036210780464977e+00 1.022231441715043543e-01
2.733116091589157026e+00 1.013569418639760494e-01
2.750285249230413953e+00 1.004947662764773264e-01
2.767544715597911598e+00 9.963617710025736429e-02
2.784895536932901372e+00 9.878051456476702463e-02
2.802338774085429751e+00 9.792842347318493623e-02
2.819875502781155063e+00 9.708048551574217921e-02
2.837506813893987179e+00 9.623675255088995351e-02
2.855233813724622927e+00 9.539688767401412195e-02
2.873057624285204170e+00 9.456089517538845968e-02
2.890979383590180252e+00 9.372916446553310188e-02
2.909000245953595520e+00 9.290174824779209861e-02
2.927121382292947160e+00 9.207857695145951760e-02
2.945343980439754095e+00 9.125891845768685506e-02
2.963669245457068335e+00 9.044227892433101545e-02
2.982098399964077995e+00 8.962839483649286121e-02
3.000632684467967159e+00 8.881857714261882919e-02
3.019273357703287086e+00 8.801406815704949926e-02
3.038021696978962627e+00 8.721565777645702566e-02
3.056878998533198555e+00 8.642231746592629604e-02
3.075846577896470535e+00 8.563257679419547519e-02
3.094925770262794362e+00 8.484557558762673146e-02
3.114117930869559014e+00 8.406130145104012685e-02
3.133424435386071849e+00 8.328047298583243774e-02
3.152846680311138350e+00 8.250401919537520001e-02
3.172386083379844290e+00 8.173209912232923258e-02
3.192044083979846292e+00 8.096440170176538720e-02
3.211822143577407918e+00 8.020129109606249918e-02
3.231721746153457975e+00 7.944300530500450486e-02
3.251744398649921930e+00 7.868858935281419775e-02
3.271891631426665281e+00 7.793674837051900450e-02
3.292164998729279368e+00 7.718768821880336861e-02
3.312566079168071553e+00 7.644282210183415971e-02
3.333096476208521786e+00 7.570282674445201476e-02
3.353757818673582580e+00 7.496630116214336725e-02
3.374551761258096416e+00 7.423214288158200280e-02
3.395479985055740446e+00 7.350164420990587533e-02
3.416544198098793395e+00 7.277704185804394210e-02
3.437746135911136314e+00 7.205805850238683474e-02
3.459087562074850908e+00 7.134321848749727857e-02
3.480570268810810663e+00 7.063210672130001977e-02
3.502196077573649369e+00 6.992439678864047214e-02
3.523966839661581307e+00 6.921919960144062856e-02
3.545884436841424847e+00 6.851633453048494582e-02
3.567950781989368547e+00 6.781664780840476747e-02
3.590167819747851929e+00 6.712074117267868845e-02
3.612537527199123133e+00 6.642920064785237666e-02
3.635061914555887341e+00 6.574275755415766309e-02
3.657743025869628628e+00 6.506122148653326054e-02
3.680582939757102157e+00 6.438325020360463613e-02
3.703583770145510101e+00 6.370813462258509419e-02
3.726747667036997225e+00 6.303651330338323755e-02
3.750076817293014120e+00 6.236939293287253883e-02
3.773573445439117879e+00 6.170618418928991433e-02
3.797239814490932730e+00 6.104572926233566010e-02
3.821078226801799538e+00 6.038745785854994497e-02
3.845091024932894896e+00 5.973189215330421825e-02
3.869280592546462394e+00 5.908055529354869218e-02
3.893649355322847061e+00 5.843384300904987810e-02
3.918199781902168777e+00 5.779109053141372188e-02
3.942934384851307872e+00 5.715096512168703347e-02
3.967855721657088441e+00 5.651311967390006130e-02
3.992966395746416985e+00 5.587840406092546564e-02
4.018269057534300082e+00 5.524792746972627400e-02
4.043766405500584860e+00 5.462201963226064744e-02
4.069461187296391280e+00 5.400025847200618651e-02
4.095356200881122177e+00 5.338155625689637584e-02
4.121454295691163061e+00 5.276477367290202669e-02
4.147758373841154089e+00 5.215018612175535001e-02
4.174271391359062555e+00 5.153795833579618429e-02
4.200996359456013352e+00 5.093002627030873697e-02
4.227936345832168819e+00 5.032791581930623481e-02
4.255094476019727345e+00 4.972972824446322826e-02
4.282473934764413848e+00 4.913338766819620729e-02
4.310077967446587444e+00 4.853914649176141460e-02
4.337909881543510870e+00 4.794757224223055586e-02
4.365973048133954926e+00 4.735865368882270776e-02
4.394270903446770404e+00 4.677353835676244243e-02
4.422806950454781116e+00 4.619234343753123723e-02
4.451584760515686412e+00 4.561437042930488461e-02
4.480607975061463577e+00 4.503903301172205303e-02
4.509880307338105077e+00 4.446709031653704042e-02
4.539405544197283149e+00 4.389867080188447623e-02
4.569187547941903738e+00 4.333329508897693777e-02
4.599230258227382961e+00 4.276987969238063569e-02
4.629537694020593008e+00 4.220876760277506023e-02
4.660113955618596648e+00 4.165117106686785919e-02
4.690963226729293112e+00 4.109619587462620682e-02
4.722089776616123835e+00 4.054250311493717840e-02
4.753497962309302771e+00 3.999117244212278821e-02
4.785192230885826348e+00 3.944340228098463380e-02
4.817177121820895636e+00 3.889991570855731717e-02
4.849457269413340654e+00 3.836139713444881860e-02
4.882037405287709575e+00 3.782451654357640164e-02
4.914922360976011539e+00 3.728911649349998109e-02
4.948117070581908195e+00 3.675721469649954887e-02
4.981626573530626878e+00 3.622965814736574947e-02
5.015456017407652567e+00 3.570494780405525370e-02
5.049610660889745972e+00 3.518158389389277468e-02
5.084095876771596245e+00 3.466101616003349623e-02
5.118917155092026050e+00 3.414174721063507889e-02
5.154080106363324809e+00 3.362401389617096503e-02
5.189590464907923639e+00 3.311145434628015582e-02
5.225454092306433651e+00 3.260339838591976708e-02
5.261676980961550676e+00 3.209742395672282589e-02
5.298265257782244220e+00 3.159266003628105612e-02
5.335225187993163587e+00 3.109065413130291181e-02
5.372563179074077766e+00 3.059212031301834084e-02
5.410285784834729661e+00 3.009663108207076554e-02
5.448399709630405319e+00 2.960522468233469512e-02
5.486911812724086346e+00 2.911484517977214886e-02
5.525829112800970222e+00 2.862552538022761217e-02
5.565158792641854646e+00 2.813882450653081013e-02
5.604908203961667112e+00 2.765524930451367103e-02
5.645084872420248701e+00 2.717491977406925538e-02
5.685696502812371378e+00 2.669774794384686956e-02
5.726750984444712422e+00 2.622404039268096121e-02
5.768256396707492684e+00 2.575356679307160349e-02
5.810221014849253685e+00 2.528604149921412358e-02
5.852653315963272540e+00 2.482119699523977971e-02
5.895561985194872179e+00 2.435804865018717166e-02
5.938955922179146363e+00 2.389822582629657494e-02
5.982844247719065756e+00 2.344175755073637374e-02
6.027236310714632950e+00 2.298761579481095954e-02
6.072141695354100754e+00 2.253553107260347632e-02
6.117570228578833813e+00 2.208683857997774044e-02
6.163531987834188541e+00 2.164040088538098441e-02
6.210037309119105231e+00 2.119748154956199726e-02
6.257096795348075169e+00 2.075848032739799343e-02
6.304721325039668756e+00 2.032303569897188356e-02
6.352922061346506943e+00 1.988924751392324303e-02
6.401710461442654321e+00 1.945915340259246618e-02
6.451098286284771888e+00 1.903102297743628282e-02
6.501097610764786872e+00 1.860660884337216395e-02
6.551720834272277472e+00 1.818651262203371810e-02
6.602980691686179959e+00 1.776890303178953190e-02
6.654890264816202716e+00 1.735464805122936133e-02
6.707462994315653404e+00 1.694379251463562497e-02
6.760712692088343800e+00 1.653699113628920303e-02
6.814653554213885300e+00 1.613222661988699194e-02
6.869300174416541616e+00 1.573086431728161483e-02
6.924667558104775189e+00 1.533367119731990878e-02
6.980771137009639027e+00 1.494056605872794846e-02
7.037626784452278628e+00 1.455095016661747676e-02
7.095250831272059244e+00 1.416454371518730340e-02
7.153660082449184721e+00 1.378230088841863460e-02
7.212871834457117437e+00 1.340427489993535268e-02
7.272903893382699714e+00 1.302870444012755799e-02
7.333774593853726209e+00 1.265776018944089060e-02
7.395502818816384050e+00 1.229092962900382724e-02
7.458108020207268929e+00 1.192869299418788075e-02
7.521610240567749628e+00 1.157063891165135278e-02
7.586030135650939421e+00 1.121666006230858173e-02
7.651388998075133507e+00 1.086564067148225454e-02
7.717708782080382690e+00 1.051854614926244283e-02
7.785012129448951157e+00 1.017772417397513722e-02
7.853322396653874549e+00 9.840661665458178692e-03
7.922663683303971638e+00 9.508748429992431445e-03
7.993060861958362295e+00 9.181784188433421770e-03
8.064539609387720631e+00 8.859023541492599615e-03
8.137126439365120589e+00 8.541302018736072338e-03
8.210848737074378789e+00 8.228928183838600530e-03
8.285734795229668492e+00 7.921151663386964692e-03
8.361813852006719117e+00 7.618796352992431020e-03
8.439116130892415413e+00 7.320888517722772861e-03
8.517672882566811765e+00 7.028664599664667320e-03
8.597516428939853128e+00 6.742222706562743181e-03
8.678680209472870999e+00 6.460843091144308215e-03
8.761198829924738973e+00 6.185225930935751154e-03
8.845108113671690475e+00 5.916371260215829916e-03
8.930445155761116638e+00 5.651667273333513784e-03
9.017248379870389741e+00 5.393039811946334465e-03
9.105557598354891979e+00 5.140589535143766202e-03
9.195414075582201363e+00 4.895389846313234761e-03
9.286860594764410948e+00 4.654229590343270107e-03
9.379941528515811200e+00 4.420464030721258687e-03
9.474702913380864899e+00 4.191841050756224714e-03
9.571192528595130256e+00 3.970073329212012864e-03
9.669459979362780899e+00 3.755472470192395152e-03
9.769556784955327089e+00 3.545937908316002581e-03
9.871536471960840942e+00 3.343312434693288503e-03
9.975454673037942754e+00 3.147715579715450705e-03
1.008136923155793063e+01 2.958069126325316763e-03
1.018934031254830330e+01 2.774236905256416939e-03
1.029943052038522566e+01 2.598256457795504806e-03
1.041170502371859463e+01 2.428858092189403999e-03
1.052623168815380517e+01 2.265116043218265950e-03
1.064308121725768252e+01 2.108545478855762198e-03
1.076232730250476877e+01 1.958625482306737380e-03
1.088404678283179194e+01 1.815422251777636196e-03
1.100831981452695096e+01 1.678562866994618655e-03
1.113523005224294415e+01 1.548082083106185666e-03
1.126486484199331350e+01 1.424197059551860715e-03
1.139731542706779699e+01 1.307003609176448158e-03
1.153267716788676189e+01 1.196013355350947780e-03
1.167104977690866718e+01 1.090905305551936270e-03
1.181253756980620828e+01 9.920224468689025146e-04
1.195724973424156268e+01 8.998287879889057660e-04
1.210530061769597765e+01 8.126695470027151718e-04
1.225681003594877438e+01 7.317694439526947628e-04
1.241190360395464154e+01 6.563564313262729589e-04
1.257071309104042101e+01 5.868037405030749817e-04
1.273337680253192516e+01 5.220006570882975133e-04
1.290003999013476133e+01 4.625618332591914148e-04
1.307085529362815102e+01 4.083183290683494089e-04
1.324598321669588152e+01 3.585377729631910931e-04
1.342559264001181063e+01 3.131438506584903101e-04
1.360986137502873916e+01 2.719344096862160928e-04
1.379897676228727654e+01 2.351239854516281550e-04
1.399313631847826045e+01 2.020442662070242982e-04
1.419254843695589230e+01 1.724358474955205644e-04
1.439743314692606369e+01 1.463052449518213618e-04
1.460802293712368716e+01 1.232444553360146624e-04
1.482456365046278535e+01 1.030621028972485121e-04
1.504731545689699779e+01 8.551210349179010637e-05
1.527655391258613626e+01 7.042954198754212611e-05
1.551257111443440273e+01 5.737779555843543672e-05
1.575567696017295916e+01 4.646317326421427446e-05
1.600620052541652782e+01 3.721669656672346125e-05
1.626449157056262607e+01 2.940774246002099282e-05
1.653092219204418001e+01 2.306611700105461949e-05
1.680588863433074565e+01 1.791060364637482561e-05
1.708981328123576660e+01 1.368575536369606148e-05
1.738314684757837725e+01 1.030150400039836348e-05
1.768637079511793431e+01 7.680529503138124357e-06
1.800000000000201084e+01 2.865732571137660253e-06
