0.000000000000000000e+00 -6.514270159580901609e-01
2.500000000000000555e-01 -3.925886234087553883e-01
5.000000000000001110e-01 -2.718620225349892006e-01
7.500000000000002220e-01 -2.038283716469942719e-01
1.000000000000000222e+00 -1.609780834846204489e-01
1.250000000000000222e+00 -1.319456215934012577e-01
1.500000000000000444e+00 -1.112211893266558532e-01
1.750000000000000444e+00 -9.582808474501453011e-02
2.000000000000000444e+00 -8.402825471842675920e-02
2.250000000000000444e+00 -7.474577291167593118e-02
2.500000000000000444e+00 -6.728336354174219158e-02
2.750000000000000444e+00 -6.117206062027911312e-02
3.000000000000000888e+00 -5.608657450514442644e-02
3.250000000000000888e+00 -5.179529128254414805e-02
3.500000000000000888e+00 -4.812952837124911953e-02
3.750000000000000888e+00 -4.496398207017075765e-02
4.000000000000000888e+00 -4.220392802832324819e-02
4.250000000000000888e+00 -3.977662905336819266e-02
4.500000000000000888e+00 -3.762543829829373410e-02
4.750000000000000888e+00 -3.570567197365377005e-02
5.000000000000000888e+00 -3.398166924656825794e-02
5.250000000000000888e+00 -3.242466424912932021e-02
5.500000000000000888e+00 -3.101122343152990651e-02
5.750000000000000888e+00 -2.972208277993212272e-02
6.000000000000001776e+00 -2.854127198914351016e-02
6.250000000000001776e+00 -2.745544732291839429e-02
6.500000000000001776e+00 -2.645337811709213421e-02
6.750000000000001776e+00 -2.552554769315251368e-02
7.000000000000001776e+00 -2.466384037286095676e-02
7.250000000000001776e+00 -2.386129393108925301e-02
7.500000000000001776e+00 -2.311190224341712687e-02
7.750000000000001776e+00 -2.241045677033327160e-02
8.000000000000001776e+00 -2.175241833539937053e-02
8.250000000000001776e+00 -2.113381271564111069e-02
8.500000000000001776e+00 -2.055114508527358316e-02
8.750000000000001776e+00 -2.000132948917516043e-02
9.000000000000001776e+00 -1.948163037603557746e-02
9.250000000000001776e+00 -1.898961386787813982e-02
9.500000000000001776e+00 -1.852310693645690259e-02
9.750000000000001776e+00 -1.808016303673957992e-02
1.000000000000000178e+01 -1.765903304164873761e-02
1.025000000000000178e+01 -1.725814055128493951e-02
1.050000000000000178e+01 -1.687606082943041153e-02
1.075000000000000178e+01 -1.651150276174637166e-02
1.100000000000000178e+01 -1.616329334238498366e-02
1.125000000000000178e+01 -1.583036428528192610e-02
1.150000000000000178e+01 -1.551174042816061416e-02
1.175000000000000178e+01 -1.520652965507846704e-02
1.200000000000000355e+01 -1.491391411011839911e-02
1.225000000000000355e+01 -1.463314251285147485e-02
1.250000000000000355e+01 -1.436352341724128623e-02
1.275000000000000355e+01 -1.410441928111537749e-02
1.300000000000000355e+01 -1.385524123428484231e-02
1.325000000000000355e+01 -1.361544445071321066e-02
1.350000000000000355e+01 -1.338452404450451647e-02
1.375000000000000355e+01 -1.316201142144435288e-02
1.400000000000000355e+01 -1.294747102782458845e-02
1.425000000000000355e+01 -1.274049744666369208e-02
1.450000000000000355e+01 -1.254071279848486403e-02
1.475000000000000355e+01 -1.234776440976313901e-02
1.500000000000000355e+01 -1.216132271718852603e-02
1.525000000000000355e+01 -1.198107938016689661e-02
1.550000000000000355e+01 -1.180674557762035476e-02
1.575000000000000355e+01 -1.163805046825622941e-02
1.600000000000000355e+01 -1.147473979613422221e-02
1.625000000000000355e+01 -1.131657462564460669e-02
1.650000000000000355e+01 -1.116333019197571913e-02
1.675000000000000355e+01 -1.101479485484353066e-02
1.700000000000000355e+01 -1.087076914472255226e-02
1.725000000000000355e+01 -1.073106489208718907e-02
1.750000000000000355e+01 -1.059550443127672131e-02
1.775000000000000355e+01 -1.046391987155780023e-02
1.800000000000000355e+01 -1.033615242879649954e-02
1.825000000000000355e+01 -1.021205181188520467e-02
1.850000000000000355e+01 -1.009147565871139005e-02
1.875000000000000355e+01 -9.974289017019070946e-03
1.900000000000000355e+01 -9.860363866009308129e-03
1.925000000000000355e+01 -9.749578674962823543e-03
1.950000000000000355e+01 -9.641817995553473436e-03
1.975000000000000355e+01 -9.536972084861688320e-03
2.000000000000000355e+01 -9.434936556399433141e-03
2.025000000000000355e+01 -9.335612056725809890e-03
2.050000000000000355e+01 -9.238903965470387364e-03
2.075000000000000355e+01 -9.144722116793610467e-03
2.100000000000000355e+01 -9.052980540502079260e-03
2.125000000000000355e+01 -8.963597221205418797e-03
2.150000000000000355e+01 -8.876493874052230823e-03
2.175000000000000355e+01 -8.791595735717508756e-03
2.200000000000000355e+01 -8.708831369435138942e-03
2.225000000000000355e+01 -8.628132482977743031e-03
2.250000000000000355e+01 -8.549433758583946039e-03
2.275000000000000355e+01 -8.472672693920834525e-03
2.300000000000000355e+01 -8.397789453249411215e-03
2.325000000000000355e+01 -8.324726728031655101e-03
2.350000000000000355e+01 -8.253429606282954023e-03
2.375000000000000355e+01 -8.183845450032239260e-03
2.400000000000000711e+01 -8.115923780304882054e-03
2.425000000000000711e+01 -8.049616169091900961e-03
2.450000000000000711e+01 -7.984876137812214891e-03
2.475000000000000711e+01 -7.921659061814897984e-03
2.500000000000000711e+01 -7.859922080503869285e-03
2.525000000000000711e+01 -7.799624012701044870e-03
2.550000000000000711e+01 -7.740725276893139009e-03
2.575000000000000711e+01 -7.683187816035413030e-03
2.600000000000000711e+01 -7.626975026610133615e-03
2.625000000000000711e+01 -7.572051691660607042e-03
2.650000000000000711e+01 -7.518383917542438739e-03
2.675000000000000711e+01 -7.465939074152903865e-03
2.700000000000000711e+01 -7.414685738416806719e-03
2.725000000000000711e+01 -7.364593640823394356e-03
2.750000000000000711e+01 -7.315633614823589814e-03
2.775000000000000711e+01 -7.267777548910534652e-03
2.800000000000000711e+01 -7.220998341218828540e-03
2.825000000000000711e+01 -7.175269856489488451e-03
2.850000000000000711e+01 -7.130566885258179770e-03
2.875000000000000711e+01 -7.086865105134119644e-03
2.900000000000000711e+01 -7.044141044046088249e-03
2.925000000000000711e+01 -7.002372045340278170e-03
2.950000000000000711e+01 -6.961536234622525340e-03
2.975000000000000711e+01 -6.921612488244500982e-03
3.000000000000000711e+01 -6.882580403340146993e-03
3.025000000000000711e+01 -6.844420269324624599e-03
3.050000000000000711e+01 -6.807113040773913812e-03
3.075000000000000711e+01 -6.770640311608238857e-03
3.100000000000000711e+01 -6.734984290507575744e-03
3.125000000000000711e+01 -6.700127777491895684e-03
3.150000000000000711e+01 -6.666054141603089747e-03
3.175000000000000711e+01 -6.632747299629378201e-03
3.200000000000000711e+01 -6.600191695816770565e-03
3.225000000000000711e+01 -6.568372282515357735e-03
3.250000000000000711e+01 -6.537274501711574232e-03
3.275000000000000711e+01 -6.506884267400376252e-03
3.300000000000000711e+01 -6.477187948754075004e-03
3.325000000000000711e+01 -6.448172354047227578e-03
3.350000000000000711e+01 -6.419824715299178586e-03
3.375000000000000711e+01 -6.392132673598290883e-03
3.400000000000000711e+01 -6.365084265073902084e-03
3.425000000000000711e+01 -6.338667907483991684e-03
3.450000000000000711e+01 -6.312872387388434453e-03
3.475000000000000711e+01 -6.287686847879340318e-03
3.500000000000000711e+01 -6.263100776841760801e-03
3.525000000000000711e+01 -6.239103995719278047e-03
3.550000000000000711e+01 -6.215686648760757570e-03
3.575000000000000711e+01 -6.192839192725467859e-03
3.600000000000000711e+01 -6.170552387025440497e-03
3.625000000000000711e+01 -6.148817284284760661e-03
3.650000000000000711e+01 -6.127625221296751148e-03
3.675000000000000711e+01 -6.106967810361059110e-03
3.700000000000000711e+01 -6.086836930983550650e-03
3.725000000000000711e+01 -6.067224721922857833e-03
3.750000000000000711e+01 -6.048123573568324647e-03
3.775000000000000711e+01 -6.029526120634861805e-03
3.800000000000000711e+01 -6.011425235160997374e-03
3.825000000000000711e+01 -5.993814019797163994e-03
3.850000000000000711e+01 -5.976685801371919154e-03
3.875000000000000711e+01 -5.960034124724363988e-03
3.900000000000000711e+01 -5.943852746791828366e-03
3.925000000000000711e+01 -5.928135630942278633e-03
3.950000000000000711e+01 -5.912876941541465523e-03
3.975000000000000711e+01 -5.898071038745482039e-03
4.000000000000000711e+01 -5.883712473509737639e-03
4.025000000000000711e+01 -5.869795982805860700e-03
4.050000000000000711e+01 -5.856316485038528738e-03
4.075000000000000711e+01 -5.843269075654581451e-03
4.100000000000000711e+01 -5.830649022937123803e-03
4.125000000000000711e+01 -5.818451763977854595e-03
4.150000000000000711e+01 -5.806672900821036390e-03
4.175000000000000711e+01 -5.795308196772914686e-03
4.200000000000000711e+01 -5.784353572870809708e-03
4.225000000000000711e+01 -5.773805104506236040e-03
4.250000000000000711e+01 -5.763659018196850246e-03
4.275000000000000711e+01 -5.753911688502189731e-03
4.300000000000000711e+01 -5.744559635078511257e-03
4.325000000000000711e+01 -5.735599519868227539e-03
4.350000000000000711e+01 -5.727028144419729974e-03
4.375000000000000711e+01 -5.718842447333540892e-03
4.400000000000000711e+01 -5.711039501831081250e-03
4.425000000000000711e+01 -5.703616513442397867e-03
4.450000000000000711e+01 -5.696570817809526455e-03
4.475000000000000711e+01 -5.689899878602276001e-03
4.500000000000000711e+01 -5.683601285543445590e-03
4.525000000000000711e+01 -5.677672752540647780e-03
4.550000000000000711e+01 -5.672112115922098297e-03
4.575000000000000711e+01 -5.666917332773871441e-03
4.600000000000000711e+01 -5.662086479376325296e-03
4.625000000000000711e+01 -5.657617749737481501e-03
4.650000000000000711e+01 -5.653509454221382000e-03
4.675000000000000711e+01 -5.649760018269540593e-03
4.700000000000000711e+01 -5.646367981213743295e-03
4.725000000000000711e+01 -5.643331995178581598e-03
4.750000000000000711e+01 -5.640650824072324793e-03
4.775000000000000711e+01 -5.638323342664713217e-03
4.800000000000001421e+01 -5.636348535750521430e-03
4.825000000000001421e+01 -5.634725497397827937e-03
4.850000000000001421e+01 -5.633453430279938487e-03
4.875000000000001421e+01 -5.632531645090270780e-03
4.900000000000001421e+01 -5.631959560039344510e-03
4.925000000000001421e+01 -5.631736700433383203e-03
4.950000000000001421e+01 -5.631862698333977083e-03
4.975000000000001421e+01 -5.632337292298466962e-03
5.000000000000001421e+01 -5.633160327200821896e-03
5.025000000000001421e+01 -5.634331754132814590e-03
5.050000000000001421e+01 -5.635851630385529248e-03
5.075000000000001421e+01 -5.637720119511272117e-03
5.100000000000001421e+01 -5.639937491466085959e-03
5.125000000000001421e+01 -5.642504122833210192e-03
5.150000000000001421e+01 -5.645420497127923848e-03
5.175000000000001421e+01 -5.648687205184316044e-03
5.200000000000001421e+01 -5.652304945624703029e-03
5.225000000000001421e+01 -5.656274525412445520e-03
5.250000000000001421e+01 -5.660596860489142124e-03
5.275000000000001421e+01 -5.665272976497210192e-03
5.300000000000001421e+01 -5.670304009589070132e-03
5.325000000000001421e+01 -5.675691207324220361e-03
5.350000000000001421e+01 -5.681435929655698214e-03
5.375000000000001421e+01 -5.687539650007452513e-03
5.400000000000001421e+01 -5.694003956444416287e-03
5.425000000000001421e+01 -5.700830552937147938e-03
5.450000000000001421e+01 -5.708021260723067022e-03
5.475000000000001421e+01 -5.715578019766494669e-03
5.500000000000001421e+01 -5.723502890319831851e-03
5.525000000000001421e+01 -5.731798054588432487e-03
5.550000000000001421e+01 -5.740465818501881007e-03
5.575000000000001421e+01 -5.749508613594502861e-03
5.600000000000001421e+01 -5.758928998998311122e-03
5.625000000000001421e+01 -5.768729663551517770e-03
5.650000000000001421e+01 -5.778913428026234353e-03
5.675000000000001421e+01 -5.789483247479004085e-03
5.700000000000001421e+01 -5.800442213728106665e-03
5.725000000000001421e+01 -5.811793557961837317e-03
5.750000000000001421e+01 -5.823540653482171467e-03
5.775000000000001421e+01 -5.835687018588506594e-03
5.800000000000001421e+01 -5.848236319606465138e-03
5.825000000000001421e+01 -5.861192374066989501e-03
5.850000000000001421e+01 -5.874559154041329723e-03
5.875000000000001421e+01 -5.888340789637786302e-03
5.900000000000001421e+01 -5.902541572666421960e-03
5.925000000000001421e+01 -5.917165960478372455e-03
5.950000000000001421e+01 -5.932218579986665852e-03
5.975000000000001421e+01 -5.947704231875938427e-03
6.000000000000001421e+01 -5.963627895008810978e-03
6.025000000000001421e+01 -5.979994731037152449e-03
6.050000000000001421e+01 -5.996810089226928785e-03
6.075000000000001421e+01 -6.014079511505818904e-03
6.100000000000001421e+01 -6.031808737743308765e-03
6.125000000000001421e+01 -6.050003711273527901e-03
6.150000000000001421e+01 -6.068670584671732871e-03
6.175000000000001421e+01 -6.087815725795861672e-03
6.200000000000001421e+01 -6.107445724105354211e-03
6.225000000000001421e+01 -6.127567397270092253e-03
6.250000000000001421e+01 -6.148187798083033090e-03
6.275000000000001421e+01 -6.169314221690987143e-03
6.300000000000001421e+01 -6.190954213158720958e-03
6.325000000000001421e+01 -6.213115575382593958e-03
6.350000000000001421e+01 -6.235806377370776109e-03
6.375000000000001421e+01 -6.259034962908200349e-03
6.400000000000001421e+01 -6.282809959625418501e-03
6.425000000000001421e+01 -6.307140288491762739e-03
6.450000000000001421e+01 -6.332035173754347462e-03
6.475000000000001421e+01 -6.357504153345841166e-03
6.500000000000001421e+01 -6.383557089785338659e-03
6.525000000000001421e+01 -6.410204181598055245e-03
6.550000000000001421e+01 -6.437455975281329568e-03
6.575000000000001421e+01 -6.465323377845961367e-03
6.600000000000001421e+01 -6.493817669963876729e-03
6.625000000000001421e+01 -6.522950519754943527e-03
6.650000000000001421e+01 -6.552733997247961115e-03
6.675000000000001421e+01 -6.583180589553005481e-03
6.700000000000001421e+01 -6.614303216784707569e-03
6.725000000000001421e+01 -6.646115248778714825e-03
6.750000000000001421e+01 -6.678630522646176841e-03
6.775000000000001421e+01 -6.711863361214182033e-03
6.800000000000001421e+01 -6.745828592403203469e-03
6.825000000000001421e+01 -6.780541569595970389e-03
6.850000000000001421e+01 -6.816018193055942836e-03
6.875000000000001421e+01 -6.852274932457371945e-03
6.900000000000001421e+01 -6.889328850593297304e-03
6.925000000000001421e+01 -6.927197628332260743e-03
6.950000000000001421e+01 -6.965899590899529183e-03
6.975000000000001421e+01 -7.005453735563807807e-03
7.000000000000001421e+01 -7.045879760816211798e-03
7.025000000000001421e+01 -7.087198097134324304e-03
7.050000000000001421e+01 -7.129429939430859987e-03
7.075000000000001421e+01 -7.172597281293595362e-03
7.100000000000001421e+01 -7.216722951130962252e-03
7.125000000000001421e+01 -7.261830650346051685e-03
7.150000000000001421e+01 -7.307944993670881066e-03
7.175000000000001421e+01 -7.355091551802487616e-03
7.200000000000001421e+01 -7.403296896493112567e-03
7.225000000000001421e+01 -7.452588648258187155e-03
7.250000000000001421e+01 -7.502995526878298085e-03
7.275000000000001421e+01 -7.554547404884912054e-03
7.300000000000001421e+01 -7.607275364234269630e-03
7.325000000000001421e+01 -7.661211756389845959e-03
7.350000000000001421e+01 -7.716390266051195018e-03
7.375000000000001421e+01 -7.772845978785846224e-03
7.400000000000001421e+01 -7.830615452841541146e-03
7.425000000000001421e+01 -7.889736795438456046e-03
7.450000000000001421e+01 -7.950249743865671695e-03
7.475000000000001421e+01 -8.012195751732630739e-03
7.500000000000001421e+01 -8.075618080755641442e-03
7.525000000000001421e+01 -8.140561898491332701e-03
7.550000000000001421e+01 -8.207074382463656198e-03
7.575000000000001421e+01 -8.275204831169349906e-03
7.600000000000001421e+01 -8.345004782488493755e-03
7.625000000000001421e+01 -8.416528140072567638e-03
7.650000000000001421e+01 -8.489831308332659518e-03
7.675000000000001421e+01 -8.564973336705836854e-03
7.700000000000001421e+01 -8.642016073938031673e-03
7.725000000000001421e+01 -8.721024333188921729e-03
7.750000000000001421e+01 -8.802066068837380991e-03
7.775000000000001421e+01 -8.885212565947294208e-03
7.800000000000001421e+01 -8.970538643442686408e-03
7.825000000000001421e+01 -9.058122872139747622e-03
7.850000000000001421e+01 -9.148047808892320609e-03
7.875000000000001421e+01 -9.240400248227743224e-03
7.900000000000001421e+01 -9.335271492983557642e-03
7.925000000000001421e+01 -9.432757645603327690e-03
7.950000000000001421e+01 -9.532959921913808019e-03
7.975000000000001421e+01 -9.635984989387991889e-03
8.000000000000001421e+01 -9.741945332100970106e-03
8.025000000000001421e+01 -9.850959644810981797e-03
8.050000000000001421e+01 -9.963153258849208327e-03
8.075000000000001421e+01 -1.007865860278177317e-02
8.100000000000001421e+01 -1.019761570112056974e-02
8.125000000000001421e+01 -1.032017271470885011e-02
8.150000000000001421e+01 -1.044648652679931039e-02
8.175000000000001421e+01 -1.057672337928094834e-02
8.200000000000001421e+01 -1.071105956400335985e-02
8.225000000000001421e+01 -1.084968217470031610e-02
8.250000000000001421e+01 -1.099278992563685990e-02
8.275000000000001421e+01 -1.114059404380524088e-02
8.300000000000001421e+01 -1.129331924228612824e-02
8.325000000000001421e+01 -1.145120478328504922e-02
8.350000000000001421e+01 -1.161450564036530311e-02
8.375000000000001421e+01 -1.178349377054385694e-02
8.400000000000001421e+01 -1.195845950821728537e-02
8.425000000000001421e+01 -1.213971309436187584e-02
8.450000000000001421e+01 -1.232758635613474124e-02
8.475000000000001421e+01 -1.252243455392056462e-02
8.500000000000001421e+01 -1.272463841505987528e-02
8.525000000000001421e+01 -1.293460637600183337e-02
8.550000000000001421e+01 -1.315277705749841146e-02
8.575000000000001421e+01 -1.337962200075732376e-02
8.600000000000001421e+01 -1.361564869626910243e-02
8.625000000000001421e+01 -1.386140394140178943e-02
8.650000000000001421e+01 -1.411747756791518343e-02
8.675000000000001421e+01 -1.438450658640237981e-02
8.700000000000001421e+01 -1.466317980146014145e-02
8.725000000000001421e+01 -1.495424295928967848e-02
8.750000000000001421e+01 -1.525850449863662937e-02
8.775000000000001421e+01 -1.557684198673615211e-02
8.800000000000001421e+01 -1.591020933452729630e-02
8.825000000000001421e+01 -1.625964490019480430e-02
8.850000000000001421e+01 -1.662628060751392828e-02
8.875000000000001421e+01 -1.701135222603806368e-02
8.900000000000001421e+01 -1.741621098451871102e-02
8.925000000000001421e+01 -1.784233671786527448e-02
8.950000000000001421e+01 -1.829135278240463444e-02
8.975000000000001421e+01 -1.876504301537915836e-02
9.000000000000001421e+01 -1.926537106401010960e-02
9.025000000000001421e+01 -1.979450246889648962e-02
9.050000000000001421e+01 -2.035482995833495096e-02
9.075000000000001421e+01 -2.094900249724504504e-02
9.100000000000001421e+01 -2.157995874045522816e-02
9.125000000000001421e+01 -2.225096566983471996e-02
9.150000000000001421e+01 -2.296566335414257018e-02
9.175000000000001421e+01 -2.372811696722102598e-02
9.200000000000001421e+01 -2.454287744427028489e-02
9.225000000000001421e+01 -2.541505246041445704e-02
9.250000000000001421e+01 -2.635038979766703496e-02
9.275000000000001421e+01 -2.735537564827943829e-02
9.300000000000001421e+01 -2.843735101433427989e-02
9.325000000000001421e+01 -2.960465014564541558e-02
9.350000000000001421e+01 -3.086676596515920690e-02
9.375000000000001421e+01 -3.223454873777904794e-02
9.400000000000001421e+01 -3.372044594796416023e-02
9.425000000000001421e+01 -3.533879360749754561e-02
9.450000000000001421e+01 -3.710617222068119531e-02
9.475000000000001421e+01 -3.904184468038736366e-02
9.500000000000001421e+01 -4.116829887574560698e-02
9.525000000000001421e+01 -4.351192537944903460e-02
9.550000000000001421e+01 -4.610387117359825149e-02
9.575000000000001421e+01 -4.898112537122498167e-02
9.600000000000002842e+01 -5.218791446889860242e-02
9.625000000000002842e+01 -5.577751625785069139e-02
9.650000000000002842e+01 -5.981464867867897217e-02
9.675000000000002842e+01 -6.437866183466382786e-02
9.700000000000002842e+01 -6.956787378696588364e-02
9.725000000000002842e+01 -7.550557129956789182e-02
9.750000000000002842e+01 -8.234849587332015997e-02
9.775000000000002842e+01 -9.029914924392788700e-02
9.800000000000002842e+01 -9.962417254824156021e-02
9.825000000000002842e+01 -1.106827832470861916e-01
9.850000000000002842e+01 -1.239727017088697592e-01
9.875000000000002842e+01 -1.402083741679688023e-01
9.900000000000002842e+01 -1.604635132170907919e-01
9.925000000000002842e+01 -1.864548580966100544e-01
9.950000000000002842e+01 -2.211791811326932478e-01
9.975000000000002842e+01 -2.706090220054898632e-01
1.000000000000000142e+02 -3.495058084674670384e-01
