0.0314159265359 -0.000575726343605 -1.83558875919
0.0942477796077 -0.000669456287826 -1.56899687379
0.157079632679 -0.000676541413086 -1.36325530372
0.219911485751 -0.000548389809874 -1.20196002976
0.282743338823 -0.00029678687384 -1.07406953704
0.345575191895 -0.000551848895886 -0.972588597049
0.408407044967 -0.000602368158355 -0.890286124469
0.471238898038 -0.000433681577248 -0.822378110559
0.53407075111 -0.000242184268131 -0.765774573097
0.596902604182 -0.000133874987747 -0.718259579848
0.659734457254 -0.00011108530713 -0.678105666848
0.722566310326 -0.000132227927158 -0.643924900134
0.785398163397 -0.000155648371178 -0.614602326695
0.848230016469 -0.000156648787947 -0.589250119602
0.911061869541 -0.000128079554806 -0.567166272115
0.973893722613 -7.465482435e-05 -0.547796708148
1.03672557568 -6.66688158457e-06 -0.530702430892
1.09955742876 6.46912757563e-05 -0.515532647995
1.16238928183 0.00013004071964 -0.502003747973
1.2252211349 0.00018295111156 -0.489883369437
1.28805298797 0.000220043112809 -0.478978578396
1.35088484104 0.000240531845503 -0.469127193411
1.41371669412 0.000245548705601 -0.460191437328
1.47654854719 0.000237446680567 -0.452053270003
1.53938040026 0.000219198767099 -0.444610911946
1.60221225333 0.000193931994609 -0.437776208321
1.6650441064 0.000164601483416 -0.431472580727
1.72787595947 0.000133788379439 -0.425633395328
1.79070781255 0.000103597068607 -0.420200628471
1.85353966562 7.56257672463e-05 -0.415123750659
1.91637151869 5.09873759635e-05 -0.410358775234
1.97920337176 3.03611696411e-05 -0.405867435434
2.04203522483 1.40605922283e-05 -0.401616466257
2.10486707791 2.10642776732e-06 -0.397576973287
2.16769893098 -5.70189317317e-06 -0.393723876736
2.23053078405 -9.72126379128e-06 -0.390035421083
2.29336263712 -1.04086670589e-05 -0.386492742993
2.35619449019 -8.27459205111e-06 -0.383079491122
2.41902634326 -3.84605333759e-06 -0.379781492529
2.48185819634 2.3614750857e-06 -0.376586460522
2.54469004941 9.86421335902e-06 -0.373483739752
2.60752190248 1.82235677939e-05 -0.370464084098
2.67035375555 2.70540833083e-05 -0.367519463994
2.73318560862 3.60270829072e-05 -0.364642899338
2.79601746169 4.48709349175e-05 -0.36182831517
2.85884931477 5.33689196351e-05 -0.35907041714
2.92168116784 6.13553701214e-05 -0.35636458425
2.98451302091 6.87107770547e-05 -0.353706776571
3.04734487398 7.53562527929e-05 -0.351093456026
3.11017672705 8.12478288936e-05 -0.348521518323
3.17300858013 8.63707774843e-05 -0.345988234594
3.2358404332 9.07342120406e-05 -0.343491201295
3.29867228627 9.43660876667e-05 -0.341028297269
3.36150413934 9.7308679007e-05 -0.338597646814
3.42433599241 9.96145764667e-05 -0.336197588055
3.48716784548 0.000101343221342 -0.333826645664
3.54999969856 0.000102557964218 -0.331483507439
3.61283155163 0.000103323624012 -0.329167004058
3.6756634047 0.000103704502113 -0.326876091618
3.73849525777 0.000103762815065 -0.324609836518
3.80132711084 0.000103557501539 -0.32236740232
3.86415896392 0.000103143353715 -0.320148038347
3.92699081699 0.000102570419664 -0.317951069723
3.98982267006 0.000101883650791 -0.315775888666
4.05265452313 0.000101122736668 -0.313621946862
4.1154863762 0.000100322104292 -0.311488748737
4.17831822927 9.95110356792e-05 -0.309375845565
4.24115008235 9.87138877337e-05 -0.307282830213
4.30398193542 9.7950385447e-05 -0.30520933251
4.36681378849 9.72359579858e-05 -0.303155015134
4.42964564156 9.65821150833e-05 -0.301119569939
4.49247749463 9.59968369325e-05 -0.299102714681
4.55530934771 9.54849706716e-05 -0.2971041901
4.61814120078 9.50486218247e-05 -0.295123757297
4.68097305385 9.46875349039e-05 -0.293161195387
4.74380490692 9.43994551914e-05 -0.291216299405
4.80663675999 9.41804705605e-05 -0.289288878404
4.86946861306 9.4025325414e-05 -0.287378753775
4.93230046614 9.39277106875e-05 -0.285485757714
4.99513231921 9.38805267987e-05 -0.283609731861
5.05796417228 9.38761169835e-05 -0.281750526072
5.12079602535 9.39064758207e-05 -0.279907997322
5.18362787842 9.39634310622e-05 -0.27808200872
5.24645973149 9.40388000061e-05 -0.27627242863
5.30929158457 9.41245240318e-05 -0.274479129884
5.37212343764 9.42127803141e-05 -0.272701989083
5.43495529071 9.42960733803e-05 -0.270940885977
5.49778714378 9.4367310663e-05 -0.269195702908
5.56061899685 9.44198594883e-05 -0.267466324328
5.62345084993 9.44475896096e-05 -0.265752636373
5.686282703 9.44449044153e-05 -0.264054526477
5.74911455607 9.44067595499e-05 -0.262371883054
5.81194640914 9.43286709552e-05 -0.260704595211
5.87477826221 9.42067166982e-05 -0.2590525525
5.93761011528 9.40375292959e-05 -0.257415644714
6.00044196836 9.38182830938e-05 -0.255793761704
6.06327382143 9.35466769474e-05 -0.254186793235
6.1261056745 9.32209122406e-05 -0.252594628863
6.18893752757 9.28396682975e-05 -0.251017157834
6.25176938064 9.240207463e-05 -0.249454269007
6.31460123372 9.19076832684e-05 -0.247905850794
6.37743308679 9.1356437276e-05 -0.246371791118
6.44026493986 9.07486414601e-05 -0.24485197738
6.50309679293 9.00849306276e-05 -0.24334629645
6.565928646 8.9366240001e-05 -0.241854634656
6.62876049907 8.85937744597e-05 -0.240376877793
6.69159235215 8.77689795242e-05 -0.238912911138
6.75442420522 8.68935131568e-05 -0.237462619466
6.81725605829 8.5969218425e-05 -0.236025887083
6.88008791136 8.4998098008e-05 -0.234602597856
6.94291976443 8.39822891483e-05 -0.233192635253
7.00575161751 8.2924040933e-05 -0.23179588238
7.06858347058 8.18256925395e-05 -0.230412222031
7.13141532365 8.06896528744e-05 -0.229041536728
7.19424717672 7.95183824476e-05 -0.227683708775
7.25707902979 7.83143755774e-05 -0.226338620302
7.31991088286 7.70801447847e-05 -0.225006153322
7.38274273594 7.58182065694e-05 -0.223686189774
7.44557458901 7.45310682673e-05 -0.222378611581
7.50840644208 7.32212161134e-05 -0.221083300697
7.57123829515 7.18911051725e-05 -0.219800139157
7.63407014822 7.05431496102e-05 -0.218529009128
7.69690200129 6.91797147789e-05 -0.217269792957
7.75973385437 6.78031097836e-05 -0.216022373218
7.82256570744 6.64155815229e-05 -0.214786632758
7.88539756051 6.50193093645e-05 -0.213562454744
7.94822941358 6.36164005017e-05 -0.212349722705
8.01106126665 6.22088868587e-05 -0.211148320573
8.07389311973 6.0798721544e-05 -0.209958132725
8.1367249728 5.9387777045e-05 -0.208779044022
8.19955682587 5.79778435741e-05 -0.207610939842
8.26238867894 5.65706277391e-05 -0.206453706124
8.32522053201 5.5167752147e-05 -0.205307229392
8.38805238508 5.37707552826e-05 -0.204171396794
8.45088423816 5.23810918494e-05 -0.203046096129
8.51371609123 5.10001332095e-05 -0.201931215877
8.5765479443 4.96291685508e-05 -0.200826645224
8.63937979737 4.82694059203e-05 -0.199732274093
8.70221165044 4.69219740205e-05 -0.198647993159
8.76504350352 4.55879236378e-05 -0.197573693881
8.82787535659 4.42682296296e-05 -0.196509268514
8.89070720966 4.29637930206e-05 -0.195454610134
8.95353906273 4.16754430494e-05 -0.194409612655
9.0163709158 4.04039395918e-05 -0.193374170842
9.07920276887 3.91499754038e-05 -0.192348180332
9.14203462195 3.79141785332e-05 -0.191331537642
9.20486647502 3.66971148917e-05 -0.190324140184
9.26769832809 3.54992906364e-05 -0.189325886278
9.33053018116 3.43211547409e-05 -0.188336675158
9.39336203423 3.31631014845e-05 -0.187356406987
9.45619388731 3.20254730029e-05 -0.186384982858
9.51902574038 3.09085616119e-05 -0.185422304806
9.58185759345 2.98126124747e-05 -0.184468275813
9.64468944652 2.87378258608e-05 -0.183522799811
9.70752129959 2.76843596092e-05 -0.182585781689
9.77035315266 2.6652331341e-05 -0.181657127294
9.83318500574 2.56418208702e-05 -0.180736743435
9.89601685881 2.46528723085e-05 -0.179824537884
9.95884871188 2.36854962186e-05 -0.178920419375
10.021680565 2.27396717314e-05 -0.17802429761
10.084512418 2.181534862e-05 -0.177136083251
10.1473442711 2.09124490755e-05 -0.176255687927
10.2101761242 2.00308697216e-05 -0.175383024225
10.2730079772 1.917048347e-05 -0.174518005693
10.3358398303 1.8331141022e-05 -0.173660546836
10.3986716834 1.7512672851e-05 -0.17281056311
10.4615035365 1.67148905437e-05 -0.171967970924
10.5243353895 1.59375884339e-05 -0.171132687631
10.5871672426 1.5180545069e-05 -0.170304631526
10.6499990957 1.44435246048e-05 -0.16948372184
10.7128309487 1.37262780555e-05 -0.168669878736
10.7756628018 1.30285446236e-05 -0.167863023304
10.8384946549 1.23500529123e-05 -0.167063077551
10.901326508 1.16905219483e-05 -0.166269964402
10.964158361 1.10496624841e-05 -0.165483607687
11.0269902141 1.04271775609e-05 -0.164703932137
11.0898220672 9.82276435124e-06 -0.163930863381
11.1526539202 9.2361134989e-06 -0.163164327929
11.2154857733 8.66691240065e-06 -0.162404253178
11.2783176264 8.11484267116e-06 -0.161650567392
11.3411494795 7.57958497921e-06 -0.160903199702
11.4039813325 7.06081551671e-06 -0.160162080104
11.4668131856 6.55820977569e-06 -0.159427139421
11.5296450387 6.07144309184e-06 -0.15869830936
11.5924768917 5.60018594342e-06 -0.157975522398
11.6553087448 5.14411727837e-06 -0.157258711919
11.7181405979 4.70290351462e-06 -0.156547812038
11.780972451 4.27622851751e-06 -0.15584275775
11.843804304 3.86375959938e-06 -0.155143484819
11.9066361571 3.46518197203e-06 -0.154449929779
11.9694680102 3.08017180162e-06 -0.153762030021
12.0322998632 2.70841139161e-06 -0.153079723618
12.0951317163 2.34959002654e-06 -0.152402949478
12.1579635694 2.00338998146e-06 -0.151731647266
12.2207954225 1.66950815794e-06 -0.151065757327
12.2836272755 1.3476375984e-06 -0.150405220847
12.3464591286 1.03747481628e-06 -0.149749979689
12.4092909817 7.38727712335e-07 -0.149099976408
12.4721228348 4.51098483012e-07 -0.148455154374
12.5349546878 1.74298786071e-07 -0.147815457582
12.5977865409 1.81472125327e-07 -0.147179778532
12.660618394 1.88388635358e-07 -0.146549158448
12.723450247 1.95056445218e-07 -0.145923541734
12.7862821001 2.01483413953e-07 -0.145302873541
12.8491139532 2.07677135489e-07 -0.144687099752
12.9119458063 2.13644953284e-07 -0.144076166972
12.9747776593 2.19393965217e-07 -0.143470022514
13.0376095124 2.24931037351e-07 -0.142868614396
13.1004413655 2.30262807044e-07 -0.142271891321
13.1632732185 2.3539569316e-07 -0.141679802674
13.2261050716 2.40335905399e-07 -0.141092298506
13.2889369247 2.45089450956e-07 -0.140509329528
13.3517687778 2.49662138518e-07 -0.139930847102
13.4146006308 2.54059593363e-07 -0.139356803224
13.4774324839 2.58287252475e-07 -0.138787150525
13.540264337 2.62350380975e-07 -0.138221842251
13.60309619 2.66254074344e-07 -0.137660832263
13.6659280431 2.70003260194e-07 -0.137104075021
13.7287598962 2.73602715151e-07 -0.136551525579
13.7915917493 2.77057056852e-07 -0.136003139574
13.8544236023 2.80370761274e-07 -0.13545887322
13.9172554554 2.83548156954e-07 -0.134918683295
13.9800873085 2.86593436538e-07 -0.134382527138
14.0429191615 2.89510663443e-07 -0.133850362636
14.1057510146 2.92303769633e-07 -0.13332214822
14.1685828677 2.94976564064e-07 -0.132797842854
14.2314147208 2.97532736226e-07 -0.132277406028
14.2942465738 2.99975862816e-07 -0.131760797751
14.3570784269 3.02309403732e-07 -0.131247978543
14.41991028 3.04536714069e-07 -0.130738909425
14.482742133 3.0666104589e-07 -0.130233551918
14.5455739861 3.08685546013e-07 -0.129731868029
14.6084058392 3.10613270216e-07 -0.129233820247
14.6712376923 3.12447175244e-07 -0.128739371536
14.7340695453 3.14190128137e-07 -0.128248485328
14.7969013984 3.15844910226e-07 -0.127761125515
14.8597332515 3.17414211359e-07 -0.127277256445
14.9225651046 3.18900645446e-07 -0.126796842911
14.9853969576 3.20306745127e-07 -0.126319850149
15.0482288107 3.21634966216e-07 -0.125846243831
15.1110606638 3.22887685034e-07 -0.125375990054
15.1738925168 3.24067213953e-07 -0.12490905534
15.2367243699 3.2517578763e-07 -0.124445406627
15.299556223 3.26215582103e-07 -0.123985011264
15.3623880761 3.27188696581e-07 -0.123527837001
15.4252199291 3.28097176538e-07 -0.123073851991
15.4880517822 3.28943006167e-07 -0.122623024778
15.5508836353 3.29728100823e-07 -0.122175324292
15.6137154883 3.30454327457e-07 -0.121730719847
15.6765473414 3.3112349529e-07 -0.121289181132
15.7393791945 3.31737356696e-07 -0.120850678209
15.8022110476 3.32297616534e-07 -0.120415181502
15.8650429006 3.32805929038e-07 -0.119982661799
15.9278747537 3.33263891594e-07 -0.119553090243
15.9907066068 3.33673065178e-07 -0.119126438325
16.0535384598 3.3403495614e-07 -0.118702677884
16.1163703129 3.34351030418e-07 -0.118281781098
16.179202166 3.34622713538e-07 -0.117863720483
16.2420340191 3.34851383066e-07 -0.117448468883
16.3048658721 3.35038378818e-07 -0.117035999471
16.3676977252 3.35185004197e-07 -0.11662628574
16.4305295783 3.35292519082e-07 -0.116219301502
16.4933614313 3.35362150938e-07 -0.115815020881
16.5561932844 3.35395091255e-07 -0.11541341831
16.6190251375 3.35392493334e-07 -0.115014468525
16.6818569906 3.35355480718e-07 -0.114618146563
16.7446888436 3.35285144537e-07 -0.114224427758
16.8075206967 3.35182537725e-07 -0.113833287733
16.8703525498 3.35048694122e-07 -0.113444702402
16.9331844028 3.34884604936e-07 -0.113058647959
16.9960162559 3.34691244053e-07 -0.112675100882
17.058848109 3.34469552055e-07 -0.11229403792
17.1216799621 3.34220440656e-07 -0.111915436099
17.1845118151 3.33944797593e-07 -0.11153927271
17.2473436682 3.33643487949e-07 -0.111165525311
17.3101755213 3.33317347057e-07 -0.11079417172
17.3730073744 3.32967186267e-07 -0.110425190012
17.4358392274 3.32593798724e-07 -0.110058558517
17.4986710805 3.32197952257e-07 -0.109694255815
17.5615029336 3.31780390272e-07 -0.109332260734
17.6243347866 3.31341838411e-07 -0.108972552344
17.6871666397 3.3088300011e-07 -0.108615109957
17.7499984928 3.30404557936e-07 -0.108259913123
17.8128303459 3.29907178909e-07 -0.107906941623
17.8756621989 3.29391504739e-07 -0.107556175472
17.938494052 3.28858164256e-07 -0.10720759491
18.0013259051 3.28307768083e-07 -0.106861180404
18.0641577581 3.27740905082e-07 -0.106516912642
18.1269896112 3.27158150792e-07 -0.106174772531
18.1898214643 3.26560065655e-07 -0.105834741191
18.2526533174 3.25947191016e-07 -0.105496799958
18.3154851704 3.25320054895e-07 -0.105160930378
18.3783170235 3.24679170216e-07 -0.104827114202
18.4411488766 3.24025035248e-07 -0.104495333388
18.5039807296 3.23358131826e-07 -0.104165570093
18.5668125827 3.22678934683e-07 -0.103837806676
18.6296444358 3.21987894569e-07 -0.10351202569
18.6924762889 3.21285460014e-07 -0.103188209884
18.7553081419 3.20572062673e-07 -0.102866342196
18.818139995 3.19848117769e-07 -0.102546405755
18.8809718481 3.19114039637e-07 -0.102228383874
18.9438037011 3.18370216412e-07 -0.101912260052
19.0066355542 3.17617038004e-07 -0.101598017969
19.0694674073 3.16854879223e-07 -0.101285641483
19.1322992604 3.16084098451e-07 -0.100975114629
19.1951311134 3.1530505229e-07 -0.100666421618
19.2579629665 3.14518082245e-07 -0.100359546831
19.3207948196 3.1372352538e-07 -0.10005447482
19.3836266726 3.12921698775e-07 -0.0997511903055
19.4464585257 3.1211292395e-07 -0.0994496781717
19.5092903788 3.11297502886e-07 -0.0991499234676
19.5721222319 3.10475734011e-07 -0.098851911403
19.6349540849 3.09647907315e-07 -0.0985556273473
19.697785938 3.08814301686e-07 -0.0982610568268
19.7606177911 3.07975189351e-07 -0.0979681855229
19.8234496442 3.07130838539e-07 -0.0976769992705
19.8862814972 3.06281501494e-07 -0.0973874840555
19.9491133503 3.05427432234e-07 -0.097099626013
20.0119452034 3.04568872789e-07 -0.0968134114259
20.0747770564 3.03706058524e-07 -0.0965288267222
20.1376089095 3.02839219923e-07 -0.096245858474
20.2004407626 3.0196857681e-07 -0.0959644933949
20.2632726157 3.01094350341e-07 -0.0956847183385
20.3261044687 3.00216747462e-07 -0.0954065202972
20.3889363218 2.99335973342e-07 -0.0951298863997
20.4517681749 2.98452226488e-07 -0.0948548039093
20.5146000279 2.97565697416e-07 -0.0945812602228
20.577431881 2.96676577083e-07 -0.0943092428681
20.6402637341 2.95785044013e-07 -0.0940387395035
20.7030955872 2.94891276731e-07 -0.0937697379151
20.7659274402 2.93995444434e-07 -0.0935022260156
20.8287592933 2.93097713211e-07 -0.0932361918429
20.8915911464 2.92198248264e-07 -0.0929716235585
20.9544229994 2.91297205912e-07 -0.0927085094455
21.0172548525 2.90394734037e-07 -0.0924468379078
21.0800867056 2.89490982297e-07 -0.0921865974682
21.1429185587 2.88586098129e-07 -0.0919277767668
21.2057504117 2.8768021787e-07 -0.0916703645598
21.2685822648 2.86773475633e-07 -0.0914143497183
21.3314141179 2.85866004202e-07 -0.0911597212265
21.3942459709 2.84957928365e-07 -0.0909064681801
21.457077824 2.84049377797e-07 -0.0906545797858
21.5199096771 2.83140466184e-07 -0.0904040453591
21.5827415302 2.82231312987e-07 -0.0901548543234
21.6455733832 2.81322031004e-07 -0.0899069962086
21.7084052363 2.80412728593e-07 -0.0896604606496
21.7712370894 2.79503510114e-07 -0.0894152373856
21.8340689424 2.78594484815e-07 -0.0891713162582
21.8969007955 2.77685745065e-07 -0.0889286872103
21.9597326486 2.76777393005e-07 -0.0886873402856
22.0225645017 2.75869521893e-07 -0.0884472656261
22.0853963547 2.74962216995e-07 -0.0882084534721
22.1482282078 2.74055575566e-07 -0.0879708941604
22.2110600609 2.73149676655e-07 -0.0877345781231
22.273891914 2.72244603305e-07 -0.087499495887
22.336723767 2.71340439895e-07 -0.0872656380719
22.3995556201 2.70437260586e-07 -0.0870329953899
22.4623874732 2.6953514265e-07 -0.086801558644
22.5252193262 2.68634157141e-07 -0.0865713187271
22.5880511793 2.67734374226e-07 -0.0863422666213
22.6508830324 2.66835864959e-07 -0.0861143933959
22.7137148855 2.65938692401e-07 -0.085887690208
22.7765467385 2.65042923608e-07 -0.0856621482996
22.8393785916 2.64148618534e-07 -0.0854377589979
22.9022104447 2.63255836686e-07 -0.0852145137138
22.9650422977 2.62364637571e-07 -0.084992403941
23.0278741508 2.6147507759e-07 -0.0847714212552
23.0907060039 2.60587207812e-07 -0.0845515573128
23.153537857 2.59701081085e-07 -0.0843328038501
23.21636971 2.58816752474e-07 -0.0841151526828
23.2792015631 2.5793426417e-07 -0.0838985957043
23.3420334162 2.57053667685e-07 -0.0836831248854
23.4048652692 2.56175006985e-07 -0.0834687322733
23.4676971223 2.55298328256e-07 -0.0832554099904
23.5305289754 2.544236688e-07 -0.0830431502339
23.5933608285 2.53551075247e-07 -0.0828319452745
23.6561926815 2.52680583124e-07 -0.0826217874562
23.7190245346 2.5181223462e-07 -0.0824126691945
23.7818563877 2.50946059044e-07 -0.0822045829764
23.8446882407 2.50082099029e-07 -0.0819975213594
23.9075200938 2.49220383441e-07 -0.0817914769704
23.9703519469 2.48360947364e-07 -0.0815864425052
24.0331838 2.4750382277e-07 -0.0813824107277
24.096015653 2.46649035418e-07 -0.081179374469
24.1588475061 2.45796619058e-07 -0.0809773266268
24.2216793592 2.44946603001e-07 -0.0807762601643
24.2845112122 2.44099007229e-07 -0.08057616811
24.3473430653 2.43253863275e-07 -0.0803770435568
24.4101749184 2.42411193341e-07 -0.0801788796608
24.4730067715 2.41571019188e-07 -0.0799816696412
24.5358386245 2.40733367907e-07 -0.0797854067793
24.5986704776 2.39898258148e-07 -0.0795900844179
24.6615023307 2.39065707675e-07 -0.0793956959606
24.7243341838 2.38235742689e-07 -0.0792022348709
24.7871660368 2.37408377401e-07 -0.0790096946722
24.8499978899 2.36583631352e-07 -0.0788180689463
24.912829743 2.35761521861e-07 -0.0786273513332
24.975661596 2.34942062693e-07 -0.0784375355305
25.0384934491 2.34125271614e-07 -0.0782486152927
25.1013253022 2.33311163722e-07 -0.0780605844303
25.1641571553 2.32499751007e-07 -0.0778734368097
25.2269890083 2.31691047681e-07 -0.0776871663522
25.2898208614 2.30885067509e-07 -0.0775017670336
25.3526527145 2.30081817598e-07 -0.0773172328833
25.4154845675 2.29281313935e-07 -0.0771335579842
25.4783164206 2.28483565401e-07 -0.0769507364717
25.5411482737 2.27688579102e-07 -0.0767687625335
25.6039801268 2.26896370137e-07 -0.0765876304084
25.6668119798 2.26106939394e-07 -0.0764073343866
25.7296438329 2.25320301528e-07 -0.0762278688087
25.792475686 2.24536459648e-07 -0.0760492280648
25.855307539 2.23755421302e-07 -0.0758714065946
25.9181393921 2.22977193598e-07 -0.0756943988867
25.9809712452 2.22201781419e-07 -0.0755181994781
26.0438030983 2.21429190095e-07 -0.0753428029529
26.1066349513 2.20659426287e-07 -0.0751682039434
26.1694668044 2.19892489994e-07 -0.0749943971279
26.2322986575 2.19128388323e-07 -0.0748213772313
26.2951305105 2.18367123939e-07 -0.0746491390244
26.3579623636 2.17608697728e-07 -0.0744776773231
26.4207942167 2.16853115464e-07 -0.074306986988
26.4836260698 2.1610037626e-07 -0.0741370629244
26.5464579228 2.1535048278e-07 -0.073967900081
26.6092897759 2.14603435023e-07 -0.0737994934504
26.672121629 2.1385923521e-07 -0.0736318380681
26.734953482 2.13117882453e-07 -0.0734649290115
26.7977853351 2.1237937764e-07 -0.0732987614008
26.8606171882 2.11643719439e-07 -0.0731333303974
26.9234490413 2.10910909626e-07 -0.0729686312042
26.9862808943 2.10180945093e-07 -0.0728046590645
27.0491127474 2.09453823174e-07 -0.0726414092623
27.1119446005 2.08729545648e-07 -0.0724788771211
27.1747764536 2.08008107627e-07 -0.0723170580044
27.2376083066 2.07289509557e-07 -0.0721559473145
27.3004401597 2.06573744332e-07 -0.0719955404923
27.3632720128 2.05860815061e-07 -0.0718358330174
27.4261038658 2.05150714638e-07 -0.071676820407
27.4889357189 2.04443441287e-07 -0.0715184982157
27.551767572 2.03738990123e-07 -0.0713608620355
27.6145994251 2.03037358482e-07 -0.0712039074953
27.6774312781 2.02338541033e-07 -0.0710476302598
27.7402631312 2.01642535558e-07 -0.0708920260304
27.8030949843 2.00949335838e-07 -0.0707370905436
27.8659268373 2.00258936545e-07 -0.0705828195714
27.9287586904 1.99571333681e-07 -0.0704292089206
27.9915905435 1.98886523695e-07 -0.070276254433
28.0544223966 1.98204499036e-07 -0.0701239519842
28.1172542496 1.97525254819e-07 -0.0699722974837
28.1800861027 1.9684878394e-07 -0.0698212868747
28.2429179558 1.96175083289e-07 -0.0696709161334
28.3057498088 1.95504143097e-07 -0.0695211812692
28.3685816619 1.94835962031e-07 -0.0693720783237
28.431413515 1.94170527656e-07 -0.0692236033709
28.4942453681 1.93507838642e-07 -0.0690757525167
28.5570772211 1.92847886549e-07 -0.0689285218986
28.6199090742 1.92190663384e-07 -0.0687819076851
28.6827409273 1.91536164706e-07 -0.068635906076
28.7455727803 1.9088437897e-07 -0.0684905133016
28.8084046334 1.90235303954e-07 -0.0683457256224
28.8712364865 1.8958892678e-07 -0.0682015393292
28.9340683396 1.88945245228e-07 -0.0680579507425
28.9969001926 1.88304249971e-07 -0.0679149562122
29.0597320457 1.87665931239e-07 -0.0677725521172
29.1225638988 1.87030284593e-07 -0.0676307348656
29.1853957518 1.86397298041e-07 -0.0674895008939
29.2482276049 1.85766968919e-07 -0.067348846667
29.311059458 1.8513928346e-07 -0.0672087686778
29.3738913111 1.8451423589e-07 -0.0670692634469
29.4367231641 1.83891818661e-07 -0.0669303275228
29.4995550172 1.83272022003e-07 -0.0667919574806
29.5623868703 1.8265483881e-07 -0.0666541499229
29.6252187234 1.82040257979e-07 -0.0665169014788
29.6880505764 1.81428274182e-07 -0.0663802088038
29.7508824295 1.80818877205e-07 -0.0662440685797
29.8137142826 1.80212058609e-07 -0.0661084775143
29.8765461356 1.79607808182e-07 -0.0659734323409
29.9393779887 1.79006119705e-07 -0.0658389298184
30.0022098418 1.784069803e-07 -0.0657049667311
30.0650416949 1.77810384194e-07 -0.0655715398877
30.1278735479 1.77216320285e-07 -0.0654386461223
30.190705401 1.76624781911e-07 -0.0653062822931
30.2535372541 1.76035757082e-07 -0.0651744452826
30.3163691071 1.75449239581e-07 -0.0650431319974
30.3792009602 1.74865218749e-07 -0.064912339368
30.4420328133 1.74283683485e-07 -0.0647820643481
30.5048646664 1.73704625794e-07 -0.0646523039153
30.5676965194 1.73128037684e-07 -0.0645230550699
30.6305283725 1.72553909383e-07 -0.0643943148355
30.6933602256 1.71982229791e-07 -0.064266080258
30.7561920786 1.71412991357e-07 -0.0641383484062
30.8190239317 1.7084618209e-07 -0.0640111163706
30.8818557848 1.70281794443e-07 -0.0638843812646
30.9446876379 1.69719819532e-07 -0.0637581402228
31.0075194909 1.69160247143e-07 -0.0636323904016
31.070351344 1.68603064843e-07 -0.0635071289792
31.1331831971 1.68048267302e-07 -0.0633823531547
31.1960150501 1.67495841197e-07 -0.0632580601482
31.2588469032 1.66945781199e-07 -0.0631342472013
31.3216787563 1.66398073098e-07 -0.0630109115754
31.3845106094 1.6585271112e-07 -0.0628880505531
31.4473424624 1.65309682387e-07 -0.062765661437
31.5101743155 1.64768982014e-07 -0.0626437415497
31.5730061686 1.64230593569e-07 -0.0625222882341
31.6358380216 1.63694513056e-07 -0.0624012988526
31.6986698747 1.63160728928e-07 -0.062280770787
31.7615017278 1.62629229639e-07 -0.0621607014389
31.8243335809 1.62100008083e-07 -0.0620410882289
31.8871654339 1.61573051827e-07 -0.0619219285966
31.949997287 1.61048354208e-07 -0.0618032200004
32.0128291401 1.60525904125e-07 -0.0616849599177
32.0756609932 1.60005692251e-07 -0.0615671458442
32.1384928462 1.59487710594e-07 -0.0614497752937
32.2013246993 1.58971944941e-07 -0.0613328457992
32.2641565524 1.58458388189e-07 -0.0612163549102
32.3269884054 1.57947032786e-07 -0.0611003001953
32.3898202585 1.57437866743e-07 -0.0609846792404
32.4526521116 1.56930880735e-07 -0.0608694896488
32.5154839647 1.56426063658e-07 -0.0607547290416
32.5783158177 1.55923408851e-07 -0.0606403950565
32.6411476708 1.55422907433e-07 -0.0605264853487
32.7039795239 1.54924546081e-07 -0.0604129975906
32.7668113769 1.54428315025e-07 -0.0602999294708
32.82964323 1.53934209379e-07 -0.0601872786949
32.8924750831 1.53442217155e-07 -0.0600750429847
32.9553069362 1.5295232636e-07 -0.0599632200788
33.0181387892 1.52464530334e-07 -0.0598518077315
33.0809706423 1.51978821084e-07 -0.0597408037135
33.1438024954 1.51495184841e-07 -0.059630205811
33.2066343484 1.5101361539e-07 -0.0595200118266
33.2694662015 1.50534101628e-07 -0.0594102195778
33.3322980546 1.50056634229e-07 -0.0593008268982
33.3951299077 1.49581206976e-07 -0.0591918316366
33.4579617607 1.49107806546e-07 -0.0590832316567
33.5207936138 1.48636424502e-07 -0.0589750248377
33.5836254669 1.48167054626e-07 -0.0588672090735
33.6464573199 1.47699682262e-07 -0.0587597822732
33.709289173 1.47234302972e-07 -0.05865274236
33.7721210261 1.46770904763e-07 -0.0585460872722
33.8349528792 1.46309480087e-07 -0.0584398149623
33.8977847322 1.45850016509e-07 -0.0583339233973
33.9606165853 1.45392512252e-07 -0.058228410558
34.0234484384 1.44936949109e-07 -0.0581232744399
34.0862802914 1.44483323528e-07 -0.0580185130519
34.1491121445 1.44031625293e-07 -0.0579141244171
34.2119439976 1.43581844192e-07 -0.0578101065721
34.2747758507 1.4313397223e-07 -0.0577064575671
34.3376077037 1.42688001858e-07 -0.0576031754661
34.4004395568 1.42243921974e-07 -0.057500258346
34.4632714099 1.41801724585e-07 -0.0573977042974
34.526103263 1.41361399475e-07 -0.0572955114236
34.588935116 1.40922941316e-07 -0.0571936778414
34.6517669691 1.40486335898e-07 -0.0570922016802
34.7145988222 1.40051579667e-07 -0.0569910810823
34.7774306752 1.39618661077e-07 -0.0568903142028
34.8402625283 1.39187571246e-07 -0.0567898992092
34.9030943814 1.38758302182e-07 -0.0566898342817
34.9659262345 1.38330843225e-07 -0.0565901176126
35.0287580875 1.37905191266e-07 -0.0564907474069
35.0915899406 1.37481331652e-07 -0.0563917218816
35.1544217937 1.37059259941e-07 -0.0562930392655
35.2172536467 1.36638965031e-07 -0.0561946977997
35.2800854998 1.36220440705e-07 -0.056096695737
35.3429173529 1.35803674972e-07 -0.0559990313423
35.405749206 1.35388662503e-07 -0.0559017028917
35.468581059 1.34975394417e-07 -0.0558047086733
35.5314129121 1.34563859167e-07 -0.0557080469864
35.5942447652 1.34154053644e-07 -0.0556117161418
35.6570766182 1.33745965858e-07 -0.0555157144618
35.7199084713 1.33339589148e-07 -0.0554200402794
35.7827403244 1.32934914632e-07 -0.0553246919393
35.8455721775 1.32531933872e-07 -0.0552296677967
35.9084040305 1.32130638431e-07 -0.0551349662183
35.9712358836 1.3173101987e-07 -0.055040585581
36.0340677367 1.31333074194e-07 -0.0549465242728
36.0968995897 1.30936788967e-07 -0.0548527806925
36.1597314428 1.30542155752e-07 -0.0547593532493
36.2225632959 1.30149168776e-07 -0.0546662403627
36.285395149 1.297578196e-07 -0.054573440463
36.348227002 1.293680989e-07 -0.0544809519904
36.4110588551 1.28980001346e-07 -0.054388773396
36.4738907082 1.28593516724e-07 -0.0542969031402
36.5367225612 1.28208639705e-07 -0.0542053396939
36.5995544143 1.27825358742e-07 -0.0541140815382
36.6623862674 1.27443669395e-07 -0.0540231271638
36.7252181205 1.27063562783e-07 -0.0539324750713
36.7880499735 1.2668503091e-07 -0.053842123771
36.8508818266 1.26308067117e-07 -0.0537520717832
36.9137136797 1.25932662076e-07 -0.0536623176372
36.9765455328 1.25558810016e-07 -0.0535728598723
37.0393773858 1.25186502942e-07 -0.0534836970373
37.1022092389 1.2481573064e-07 -0.0533948276898
37.165041092 1.24446490002e-07 -0.0533062503973
37.227872945 1.24078771702e-07 -0.0532179637362
37.2907047981 1.23712567746e-07 -0.0531299662923
37.3535366512 1.23347870584e-07 -0.05304225666
37.4163685043 1.22984673556e-07 -0.0529548334431
37.4792003573 1.22622970444e-07 -0.0528676952543
37.5420322104 1.22262751034e-07 -0.0527808407152
37.6048640635 1.21904010886e-07 -0.0526942684557
37.6676959165 1.21546742449e-07 -0.0526079771152
37.7305277696 1.21190936841e-07 -0.052521965341
37.7933596227 1.20836587847e-07 -0.0524362317895
37.8561914758 1.20483687471e-07 -0.0523507751255
37.9190233288 1.20132231274e-07 -0.0522655940221
37.9818551819 1.19782209484e-07 -0.0521806871609
38.044687035 1.19433616774e-07 -0.0520960532319
38.107518888 1.19086444261e-07 -0.0520116909329
38.1703507411 1.18740687949e-07 -0.0519275989707
38.2331825942 1.18396339399e-07 -0.0518437760594
38.2960144473 1.18053391507e-07 -0.0517602209217
38.3588463003 1.17711836722e-07 -0.0516769322881
38.4216781534 1.17371668384e-07 -0.0515939088971
38.4845100065 1.1703288294e-07 -0.051511149495
38.5473418595 1.16695468844e-07 -0.0514286528359
38.6101737126 1.16359422986e-07 -0.0513464176815
38.6730055657 1.16024736485e-07 -0.0512644428019
38.7358374188 1.15691404012e-07 -0.051182726974
38.7986692718 1.15359418018e-07 -0.0511012689828
38.8615011249 1.15028773617e-07 -0.0510200676205
38.924332978 1.14699462372e-07 -0.0509391216869
38.987164831 1.14371479842e-07 -0.0508584299892
39.0499966841 1.14044816701e-07 -0.050777991342
39.1128285372 1.1371946762e-07 -0.050697804567
39.1756603903 1.13395428603e-07 -0.0506178684936
39.2384922433 1.13072690322e-07 -0.0505381819579
39.3013240964 1.12751248338e-07 -0.0504587438032
39.3641559495 1.12431094657e-07 -0.0503795528801
39.4269878026 1.12112223949e-07 -0.050300608046
39.4898196556 1.1179462911e-07 -0.0502219081653
39.5526515087 1.11478304365e-07 -0.0501434521096
39.6154833618 1.11163246164e-07 -0.0500652387569
39.6783152148 1.10849444734e-07 -0.0499872669923
39.7411470679 1.1053689386e-07 -0.0499095357076
39.803978921 1.10225590433e-07 -0.0498320438014
39.8668107741 1.09915526458e-07 -0.0497547901787
39.9296426271 1.09606696164e-07 -0.0496777737514
39.9924744802 1.09299093332e-07 -0.0496009934381
40.0553063333 1.08992712633e-07 -0.0495244481631
40.1181381863 1.08687546962e-07 -0.0494481368581
40.1809700394 1.08383593656e-07 -0.0493720584607
40.2438018925 1.08080842054e-07 -0.0492962119149
40.3066337456 1.07779289937e-07 -0.0492205961714
40.3694655986 1.07478929756e-07 -0.0491452101867
40.4322974517 1.07179757514e-07 -0.0490700529237
40.4951293048 1.06881764772e-07 -0.0489951233515
40.5579611578 1.06584948423e-07 -0.0489204204453
40.6207930109 1.06289300472e-07 -0.0488459431865
40.683624864 1.05994816924e-07 -0.0487716905624
40.7464567171 1.05701490671e-07 -0.0486976615664
40.8092885701 1.05409317275e-07 -0.0486238551978
40.8721204232 1.05118291405e-07 -0.0485502704619
40.9349522763 1.0482840862e-07 -0.0484769063695
40.9977841293 1.04539660484e-07 -0.0484037619381
41.0606159824 1.04252041666e-07 -0.04833083619
41.1234478355 1.03965550391e-07 -0.0482581281537
41.1862796886 1.03680175556e-07 -0.0481856368632
41.2491115416 1.03395918494e-07 -0.0481133613586
41.3119433947 1.03112768546e-07 -0.0480413006854
41.3747752478 1.02830722604e-07 -0.0479694538944
41.4376071008 1.02549774006e-07 -0.047897820042
41.5004389539 1.02269918312e-07 -0.0478263981906
41.563270807 1.0199115108e-07 -0.0477551874076
41.6261026601 1.01713466538e-07 -0.0476841867657
41.6889345131 1.01436858468e-07 -0.0476133953433
41.7517663662 1.01161322874e-07 -0.0475428122241
41.8145982193 1.00886854426e-07 -0.0474724364971
41.8774300724 1.00613446463e-07 -0.0474022672564
41.9402619254 1.00341097653e-07 -0.0473323036014
42.0030937785 1.00069797782e-07 -0.0472625446368
42.0659256316 9.97995459606e-08 -0.0471929894724
42.1287574846 9.95303368612e-08 -0.047123637223
42.1915893377 9.92621624896e-08 -0.0470544870085
42.2544211908 9.89950201813e-08 -0.0469855379541
42.3172530439 9.87289041632e-08 -0.0469167891895
42.3800848969 9.84638108825e-08 -0.0468482398502
42.44291675 9.8199733678e-08 -0.0467798890756
42.5057486031 9.7936669885e-08 -0.0467117360109
42.5685804561 9.76746128423e-08 -0.0466437798056
42.6314123092 9.74135572207e-08 -0.0465760196143
42.6942441623 9.7153501244e-08 -0.046508454596
42.7570760154 9.68944369184e-08 -0.0464410839153
42.8199078684 9.66363620236e-08 -0.0463739067408
42.8827397215 9.63792667896e-08 -0.046306922246
42.9455715746 9.61231547691e-08 -0.046240129609
43.0084034276 9.58680148599e-08 -0.0461735280127
43.0712352807 9.56138448416e-08 -0.0461071166446
43.1340671338 9.53606402732e-08 -0.0460408946964
43.1968989869 9.51083940492e-08 -0.0459748613648
43.2597308399 9.48571066139e-08 -0.0459090158511
43.322562693 9.46067677532e-08 -0.0458433573603
43.3853945461 9.43573765788e-08 -0.0457778851026
43.4482263991 9.41089268736e-08 -0.0457125982924
43.5110582522 9.38614186374e-08 -0.0456474961482
43.5738901053 9.36148416564e-08 -0.0455825778934
43.6367219584 9.33691937099e-08 -0.0455178427551
43.6995538114 9.31244694691e-08 -0.0454532899653
43.7623856645 9.28806644929e-08 -0.0453889187597
43.8252175176 9.26377778931e-08 -0.0453247283785
43.8880493706 9.23958007881e-08 -0.0452607180663
43.9508812237 9.21547345101e-08 -0.0451968870715
44.0137130768 9.19145670686e-08 -0.0451332346468
44.0765449299 9.16752997959e-08 -0.0450697600492
44.1393767829 9.14369286953e-08 -0.0450064625395
44.202208636 9.11994462172e-08 -0.0449433413824
44.2650404891 9.09628510293e-08 -0.0448803958476
44.3278723422 9.07271364703e-08 -0.0448176252075
44.3907041952 9.0492301652e-08 -0.0447550287395
44.4535360483 9.02583381368e-08 -0.0446926057242
44.5163679014 9.00252472569e-08 -0.0446303554467
44.5791997544 8.97930201305e-08 -0.0445682771959
44.6420316075 8.95616549812e-08 -0.0445063702642
44.7048634606 8.93311469241e-08 -0.044444633948
44.7676953137 8.91014932947e-08 -0.0443830675479
44.8305271667 8.88726887638e-08 -0.044321670368
44.8933590198 8.86447302229e-08 -0.0442604417162
44.9561908729 8.84176118987e-08 -0.0441993809039
45.0190227259 8.81913346795e-08 -0.0441384872465
45.081854579 8.79658874631e-08 -0.0440777600632
45.1446864321 8.77412711375e-08 -0.0440171986765
45.2075182852 8.75174825943e-08 -0.0439568024129
45.2703501382 8.72945133956e-08 -0.0438965706024
45.3331819913 8.70723653179e-08 -0.0438365025786
45.3960138444 8.68510316998e-08 -0.0437765976783
45.4588456974 8.66305076563e-08 -0.0437168552425
45.5216775505 8.6410790523e-08 -0.0436572746155
45.5845094036 8.61918802997e-08 -0.0435978551447
45.6473412567 8.59737658843e-08 -0.0435385961815
45.7101731097 8.57564499412e-08 -0.0434794970807
45.7730049628 8.5539924477e-08 -0.0434205571999
45.8358368159 8.53241877152e-08 -0.0433617759012
45.8986686689 8.51092361032e-08 -0.0433031525489
45.961500522 8.48950674204e-08 -0.0432446865115
46.0243323751 8.46816741173e-08 -0.0431863771608
46.0871642282 8.44690575263e-08 -0.0431282238714
46.1499960812 8.42572114301e-08 -0.0430702260216
46.2128279343 8.40461304996e-08 -0.043012382993
46.2756597874 8.38358147348e-08 -0.0429546941702
46.3384916404 8.36262579185e-08 -0.0428971589414
46.4013234935 8.34174596065e-08 -0.0428397766973
46.4641553466 8.32094131376e-08 -0.0427825468327
46.5269871997 8.30021162912e-08 -0.0427254687451
46.5898190527 8.27955664029e-08 -0.0426685418353
46.6526509058 8.25897590317e-08 -0.0426117655069
46.7154827589 8.2384690181e-08 -0.042555139167
46.778314612 8.21803585183e-08 -0.0424986622256
46.841146465 8.19767596028e-08 -0.0424423340959
46.9039783181 8.17738903258e-08 -0.0423861541938
46.9668101712 8.15717453584e-08 -0.0423301219388
47.0296420242 8.13703260327e-08 -0.042274236753
47.0924738773 8.1169623023e-08 -0.0422184980617
47.1553057304 8.09696394377e-08 -0.0421629052929
47.2181375835 8.07703677275e-08 -0.0421074578779
47.2809694365 8.05718056718e-08 -0.0420521552504
47.3438012896 8.03739488298e-08 -0.0419969968479
47.4066331427 8.01767985337e-08 -0.0419419821098
47.4694649957 7.99803450136e-08 -0.0418871104793
47.5322968488 7.97845891576e-08 -0.0418323814016
47.5951287019 7.95895287453e-08 -0.0417777943256
47.657960555 7.93951575595e-08 -0.0417233487022
47.720792408 7.92014742679e-08 -0.0416690439857
47.7836242611 7.90084753177e-08 -0.0416148796328
47.8464561142 7.88161589327e-08 -0.0415608551033
47.9092879672 7.86245180073e-08 -0.0415069698595
47.9721198203 7.84335560944e-08 -0.0414532233668
48.0349516734 7.82432652002e-08 -0.0413996150927
48.0977835265 7.80536422162e-08 -0.0413461445081
48.1606153795 7.78646858102e-08 -0.0412928110859
48.2234472326 7.76763937615e-08 -0.0412396143023
48.2862790857 7.74887629618e-08 -0.0411865536358
48.3491109387 7.73017867495e-08 -0.0411336285675
48.4119427918 7.71154664569e-08 -0.0410808385813
48.4747746449 7.69297958669e-08 -0.0410281831636
48.537606498 7.67447767558e-08 -0.0409756618033
48.600438351 7.65604024622e-08 -0.0409232739922
48.6632702041 7.63766694334e-08 -0.0408710192244
48.7261020572 7.61935776694e-08 -0.0408188969964
48.7889339102 7.60111227294e-08 -0.0407669068074
48.8517657633 7.58293015046e-08 -0.0407150481593
48.9145976164 7.56481104425e-08 -0.040663320556
48.9774294695 7.5467549987e-08 -0.0406117235042
49.0402613225 7.52876148091e-08 -0.0405602565133
49.1030931756 7.51083040207e-08 -0.0405089190945
49.1659250287 7.49296105163e-08 -0.0404577107621
49.2287568818 7.47515378485e-08 -0.0404066310324
49.2915887348 7.45740780239e-08 -0.0403556794241
49.3544205879 7.43972297101e-08 -0.0403048554583
49.417252441 7.42209924631e-08 -0.0402541586588
49.480084294 7.4045361842e-08 -0.0402035885515
49.5429161471 7.3870334738e-08 -0.0401531446645
49.6057480002 7.36959084868e-08 -0.0401028265283
49.6685798533 7.35220808679e-08 -0.0400526336762
49.7314117063 7.33488505489e-08 -0.040002565643
49.7942435594 7.31762126449e-08 -0.0399526219661
49.8570754125 7.30041658237e-08 -0.0399028021859
49.9199072655 7.28327074206e-08 -0.0398531058434
49.9827391186 7.26618347713e-08 -0.0398035324838
50.0455709717 7.24915452111e-08 -0.039754081653
50.1084028248 7.23218365195e-08 -0.0397047528998
50.1712346778 7.21527051439e-08 -0.0396555457751
50.2340665309 7.19841501962e-08 -0.039606459832
50.296898384 7.18161681235e-08 -0.0395574946259
50.359730237 7.1648754929e-08 -0.039508649714
50.4225620901 7.14819115011e-08 -0.0394599246559
50.4853939432 7.13156320664e-08 -0.0394113190133
50.5482257963 7.1149916625e-08 -0.03936283235
50.6110576493 7.09847620683e-08 -0.0393144642322
50.6738895024 7.08201657318e-08 -0.0392662142274
50.7367213555 7.06561245067e-08 -0.0392180819063
50.7995532085 7.0492637505e-08 -0.0391700668404
50.8623850616 7.03297002858e-08 -0.0391221686049
50.9252169147 7.01673119607e-08 -0.039074386775
50.9880487678 7.00054711977e-08 -0.0390267209299
51.0508806208 6.98441722236e-08 -0.0389791706497
51.1137124739 6.96834172587e-08 -0.0389317355165
51.176544327 6.95231996417e-08 -0.038884415115
51.23937618 6.93635184845e-08 -0.0388372090315
51.3022080331 6.92043724548e-08 -0.038790116854
51.3650398862 6.9045758444e-08 -0.0387431381733
51.4278717393 6.88876742316e-08 -0.0386962725814
51.4907035923 6.87301184854e-08 -0.0386495196723
51.5535354454 6.85730867644e-08 -0.0386028790425
51.6163672985 6.84165799569e-08 -0.0385563502894
51.6791991516 6.82605927338e-08 -0.0385099330138
51.7420310046 6.81051246509e-08 -0.0384636268172
51.8048628577 6.79501734879e-08 -0.0384174313031
51.8676947108 6.77957348039e-08 -0.0383713460771
51.9305265638 6.76418090428e-08 -0.0383253707468
51.9933584169 6.74883939844e-08 -0.0382795049217
52.05619027 6.73354851877e-08 -0.0382337482125
52.1190221231 6.71830830967e-08 -0.0381881002325
52.1818539761 6.70311832707e-08 -0.0381425605966
52.2446858292 6.68797857095e-08 -0.0380971289212
52.3075176823 6.67288864165e-08 -0.0380518048245
52.3703495353 6.65784849474e-08 -0.038006587927
52.4331813884 6.64285773055e-08 -0.0379614778509
52.4960132415 6.62791630468e-08 -0.0379164742193
52.5588450946 6.61302390625e-08 -0.0378715766581
52.6216769476 6.59818031323e-08 -0.0378267847944
52.6845088007 6.58338557002e-08 -0.0377820982574
52.7473406538 6.5686390105e-08 -0.0377375166777
52.8101725068 6.55394081228e-08 -0.0376930396875
52.8730043599 6.53929062011e-08 -0.0376486669209
52.935836213 6.52468825635e-08 -0.0376043980141
52.9986680661 6.51013363218e-08 -0.0375602326044
53.0614999191 6.49562634791e-08 -0.0375161703311
53.1243317722 6.48116635915e-08 -0.0374722108348
53.1871636253 6.46675317739e-08 -0.0374283537582
53.2499954783 6.45238715791e-08 -0.0373845987452
53.3128273314 6.43806759015e-08 -0.037340945442
53.3756591845 6.42379456295e-08 -0.0372973934957
53.4384910376 6.40956767661e-08 -0.0372539425556
53.5013228906 6.39538706437e-08 -0.0372105922721
53.5641547437 6.38125206009e-08 -0.0371673422976
53.6269865968 6.36716279701e-08 -0.0371241922859
53.6898184498 6.35311905306e-08 -0.0370811418924
53.7526503029 6.33912060621e-08 -0.0370381907743
53.815482156 6.3251671012e-08 -0.0369953385898
53.8783140091 6.31125876005e-08 -0.0369525849995
53.9411458621 6.29739504987e-08 -0.0369099296648
54.0039777152 6.28357583743e-08 -0.0368673722489
54.0668095683 6.26980112273e-08 -0.0368249124166
54.1296414214 6.25607037286e-08 -0.036782549834
54.1924732744 6.24238367664e-08 -0.0367402841693
54.2553051275 6.22874081202e-08 -0.0366981150913
54.3181369806 6.21514169019e-08 -0.0366560422712
54.3809688336 6.20158586706e-08 -0.036614065381
54.4438006867 6.18807316499e-08 -0.0365721840946
54.5066325398 6.17460393926e-08 -0.036530398087
54.5694643929 6.16117730168e-08 -0.036488707035
54.6322962459 6.14779351871e-08 -0.0364471106169
54.695128099 6.13445232389e-08 -0.0364056085122
54.7579599521 6.12115340637e-08 -0.0363642004019
54.8207918051 6.10789672173e-08 -0.0363228859681
54.8836236582 6.09468213675e-08 -0.0362816648953
54.9464555113 6.08150934056e-08 -0.0362405368683
55.0092873644 6.06837824435e-08 -0.0361995015741
55.0721192174 6.0552887593e-08 -0.0361585587007
55.1349510705 6.04224044132e-08 -0.0361177079374
55.1977829236 6.02923351245e-08 -0.0360769489753
55.2606147766 6.0162674842e-08 -0.0360362815066
55.3234466297 6.00334231216e-08 -0.0359957052248
55.3862784828 5.99045786309e-08 -0.0359552198251
55.4491103359 5.97761400378e-08 -0.0359148250035
55.5119421889 5.96481024573e-08 -0.0358745204579
55.574774042 5.95204685538e-08 -0.0358343058873
55.6376058951 5.93932329984e-08 -0.0357941809921
55.7004377481 5.92663971233e-08 -0.0357541454738
55.7632696012 5.91399582639e-08 -0.0357141990354
55.8261014543 5.90139141998e-08 -0.0356743413814
55.8889333074 5.88882662633e-08 -0.0356345722171
55.9517651604 5.87630077931e-08 -0.0355948912492
56.0145970135 5.86381392331e-08 -0.0355552981866
56.0774288666 5.85136619158e-08 -0.0355157927383
56.1402607196 5.83895700679e-08 -0.0354763746149
56.2030925727 5.82658641335e-08 -0.0354370435286
56.2659244258 5.81425454449e-08 -0.0353977991926
56.3287562789 5.80196064526e-08 -0.0353586413214
56.3915881319 5.78970498211e-08 -0.0353195696309
56.454419985 5.77748715536e-08 -0.0352805838379
56.5172518381 5.76530729823e-08 -0.0352416836605
56.5800836912 5.75316505547e-08 -0.0352028688185
56.6429155442 5.74106024942e-08 -0.0351641390324
56.7057473973 5.7289929245e-08 -0.0351254940241
56.7685792504 5.71696263663e-08 -0.0350869335166
56.8314111034 5.70496947461e-08 -0.0350484572344
56.8942429565 5.69301339404e-08 -0.0350100649027
56.9570748096 5.68109377319e-08 -0.0349717562482
57.0199066627 5.66921114498e-08 -0.0349335309989
57.0827385157 5.65736462121e-08 -0.034895388884
57.1455703688 5.64555460159e-08 -0.0348573296333
57.2084022219 5.63378081964e-08 -0.0348193529785
57.2712340749 5.62204300891e-08 -0.0347814586516
57.334065928 5.61034103619e-08 -0.0347436463867
57.3968977811 5.59867490146e-08 -0.0347059159186
57.4597296342 5.58704424947e-08 -0.034668266983
57.5225614872 5.57544912461e-08 -0.0346306993171
57.5853933403 5.56388948247e-08 -0.034593212659
57.6482251934 5.55236492339e-08 -0.0345558067482
57.7110570464 5.54087526972e-08 -0.0345184813249
57.7738888995 5.52942078791e-08 -0.0344812361308
57.8367207526 5.51800094506e-08 -0.0344440709085
57.8995526057 5.50661560794e-08 -0.0344069854018
57.9623844587 5.49526482096e-08 -0.034369979355
58.0252163118 5.48394867295e-08 -0.0343330525149
58.0880481649 5.47266627571e-08 -0.0342962046276
58.1508800179 5.46141829538e-08 -0.0342594354416
58.213711871 5.45020419906e-08 -0.0342227447061
58.2765437241 5.43902389794e-08 -0.034186132171
58.3393755772 5.42787721436e-08 -0.0341495975876
58.4022074302 5.41676437038e-08 -0.0341131407084
58.4650392833 5.40568469987e-08 -0.0340767612866
58.5278711364 5.3946386025e-08 -0.0340404590765
58.5907029894 5.38362527891e-08 -0.0340042338333
58.6535348425 5.37264521761e-08 -0.0339680853138
58.7163666956 5.36169815213e-08 -0.0339320132754
58.7791985487 5.3507836828e-08 -0.0338960174763
58.8420304017 5.33990194285e-08 -0.0338600976763
58.9048622548 5.32905253259e-08 -0.0338242536357
58.9676941079 5.31823594052e-08 -0.0337884851161
59.030525961 5.3074514117e-08 -0.0337527918797
59.093357814 5.29669903493e-08 -0.0337171736903
59.1561896671 5.28597854377e-08 -0.0336816303121
59.2190215202 5.27529016026e-08 -0.0336461615109
59.2818533732 5.26463335149e-08 -0.0336107670528
59.3446852263 5.25400820628e-08 -0.0335754467053
59.4075170794 5.24341476904e-08 -0.033540200237
59.4703489325 5.23285259568e-08 -0.0335050274167
59.5331807855 5.22232186384e-08 -0.0334699280148
59.5960126386 5.21182208502e-08 -0.0334349018028
59.6588444917 5.20135357007e-08 -0.0333999485528
59.7216763447 5.19091591933e-08 -0.0333650680377
59.7845081978 5.18050899956e-08 -0.0333302600317
59.8473400509 5.17013267753e-08 -0.0332955243098
59.910171904 5.15978699767e-08 -0.0332608606479
59.973003757 5.14947195995e-08 -0.0332262688228
60.0358356101 5.13918703149e-08 -0.0331917486119
60.0986674632 5.12893247873e-08 -0.0331572997944
60.1614993162 5.11870790199e-08 -0.0331229221497
60.2243311693 5.10851339008e-08 -0.0330886154581
60.2871630224 5.09834876539e-08 -0.0330543795009
60.3499948755 5.08821393908e-08 -0.0330202140609
60.4128267285 5.07810842265e-08 -0.0329861189206
60.4756585816 5.06803288225e-08 -0.0329520938644
60.5384904347 5.05798665174e-08 -0.0329181386771
60.6013222877 5.04796964229e-08 -0.0328842531444
60.6641541408 5.03798167628e-08 -0.0328504370531
60.7269859939 5.02802306457e-08 -0.0328166901908
60.789817847 5.01809331865e-08 -0.0327830123457
60.8526497 5.00819248295e-08 -0.032749403307
60.9154815531 4.9983203354e-08 -0.0327158628653
60.9783134062 4.98847687602e-08 -0.0326823908109
61.0411452592 4.97866192717e-08 -0.0326489869358
61.1039771123 4.96887535562e-08 -0.032615651033
61.1668089654 4.95911725018e-08 -0.0325823828956
61.2296408185 4.9493873e-08 -0.0325491823179
61.2924726715 4.93968546067e-08 -0.0325160490953
61.3553045246 4.93001159896e-08 -0.0324829830236
61.4181363777 4.92036571487e-08 -0.0324499838993
61.4809682308 4.91074749753e-08 -0.0324170515206
61.5438000838 4.901157169e-08 -0.0323841856855
61.6066319369 4.89159415196e-08 -0.0323513861934
61.66946379 4.88205880167e-08 -0.0323186528442
61.732295643 4.87255080728e-08 -0.0322859854388
61.7951274961 4.86307007996e-08 -0.0322533837788
61.8579593492 4.85361653091e-08 -0.0322208476665
61.9207912023 4.84419002689e-08 -0.0321883769053
61.9836230553 4.8347905679e-08 -0.032155971299
62.0464549084 4.8254179319e-08 -0.0321236306524
62.1092867615 4.81607185243e-08 -0.0320913547713
62.1721186145 4.80675272918e-08 -0.0320591434616
62.2349504676 4.79746002924e-08 -0.0320269965307
62.2977823207 4.78819379701e-08 -0.0319949137863
62.3606141738 4.7789540325e-08 -0.0319628950371
62.4234460268 4.76974055807e-08 -0.0319309400923
62.4862778799 4.7605532405e-08 -0.0318990487622
62.549109733 4.75139199096e-08 -0.0318672208577
62.611941586 4.74225672065e-08 -0.0318354561902
62.6747734391 4.73314716309e-08 -0.0318037545722
62.7376052922 4.7240637624e-08 -0.0317721158168
62.8004371453 4.71500585242e-08 -0.0317405397377
62.8632689983 4.70597334434e-08 -0.0317090261498
62.9261008514 4.69696663785e-08 -0.031677574868
62.9889327045 4.68798533326e-08 -0.0316461857086
63.0517645575 4.67902916412e-08 -0.0316148584881
63.1145964106 4.67009835248e-08 -0.0315835930242
63.1774282637 4.66119258746e-08 -0.031552389135
63.2402601168 4.65231191349e-08 -0.0315212466392
63.3030919698 4.64345601969e-08 -0.0314901653565
63.3659238229 4.63462539457e-08 -0.0314591451075
63.428755676 4.62581923877e-08 -0.0314281857128
63.491587529 4.61703777432e-08 -0.0313972869941
63.5544193821 4.60828100124e-08 -0.0313664487741
63.6172512352 4.59954856424e-08 -0.0313356708756
63.6800830883 4.59084059656e-08 -0.0313049531225
63.7429149413 4.58215696497e-08 -0.031274295339
63.8057467944 4.57349758065e-08 -0.0312436973505
63.8685786475 4.56486222156e-08 -0.0312131589828
63.9314105006 4.55625106532e-08 -0.0311826800622
63.9942423536 4.54766371227e-08 -0.031152260416
64.0570742067 4.53910034004e-08 -0.031121899872
64.1199060598 4.53056063776e-08 -0.0310915982584
64.1827379128 4.52204478307e-08 -0.0310613554048
64.2455697659 4.5135524207e-08 -0.0310311711408
64.308401619 4.50508381711e-08 -0.0310010452965
64.3712334721 4.49663848379e-08 -0.0309709777037
64.4340653251 4.48821655397e-08 -0.0309409681936
64.4968971782 4.47981793883e-08 -0.0309110165988
64.5597290313 4.47144232751e-08 -0.0308811227522
64.6225608843 4.46309003088e-08 -0.030851286488
64.6853927374 4.45476042721e-08 -0.0308215076397
64.7482245905 4.44645436026e-08 -0.0307917860429
64.8110564436 4.438170631e-08 -0.0307621215328
64.8738882966 4.42990977234e-08 -0.0307325139457
64.9367201497 4.42167165104e-08 -0.0307029631184
64.9995520028 4.41345626712e-08 -0.0306734688887
65.0623838558 4.40526330969e-08 -0.0306440310941
65.1252157089 4.39709286759e-08 -0.0306146495739
65.188047562 4.38894467436e-08 -0.0305853241667
65.2508794151 4.38081890763e-08 -0.030556054713
65.3137112681 4.37271534537e-08 -0.030526841053
65.3765431212 4.36463385434e-08 -0.0304976830278
65.4393749743 4.35657430131e-08 -0.0304685804793
65.5022068273 4.34853686393e-08 -0.0304395332497
65.5650386804 4.34052114251e-08 -0.0304105411819
65.6278705335 4.3325273591e-08 -0.0303816041194
65.6907023866 4.32455546928e-08 -0.0303527219066
65.7535342396 4.31660502898e-08 -0.0303238943877
65.8163660927 4.30867626022e-08 -0.030295121408
65.8791979458 4.30076894098e-08 -0.0302664028138
65.9420297988 4.29288302684e-08 -0.0302377384509
66.0048616519 4.28501865102e-08 -0.0302091281669
66.067693505 4.27717545826e-08 -0.030180571809
66.1305253581 4.26935331532e-08 -0.0301520692255
66.1933572111 4.26155244426e-08 -0.0301236202648
66.2561890642 4.25377257862e-08 -0.0300952247767
66.3190209173 4.24601385163e-08 -0.0300668826106
66.3818527704 4.23827590801e-08 -0.0300385936172
66.4446846234 4.23055865895e-08 -0.0300103576473
66.5075164765 4.22286250412e-08 -0.0299821745521
66.5703483296 4.21518655536e-08 -0.0299540441843
66.6331801826 4.20753143437e-08 -0.0299259663962
66.6960120357 4.19989705236e-08 -0.0298979410407
66.7588438888 4.1922828764e-08 -0.029869967972
66.8216757419 4.18468921737e-08 -0.0298420470439
66.8845075949 4.17711589762e-08 -0.0298141781114
66.947339448 4.16956278393e-08 -0.02978636103
67.0101713011 4.1620298763e-08 -0.0297585956552
67.0730031541 4.1545170415e-08 -0.0297308818435
67.1358350072 4.14702423512e-08 -0.029703219452
67.1986668603 4.13955141276e-08 -0.0296756083382
67.2614987134 4.13209861883e-08 -0.0296480483596
67.3243305664 4.12466554245e-08 -0.0296205393749
67.3871624195 4.11725218363e-08 -0.0295930812435
67.4499942726 4.10985849797e-08 -0.0295656738245
67.5128261256 4.10248452987e-08 -0.029538316978
67.5756579787 4.09513005728e-08 -0.0295110105647
67.6384898318 4.08779516903e-08 -0.0294837544455
67.7013216849 4.08047968747e-08 -0.0294565484821
67.7641535379 4.07318339057e-08 -0.0294293925366
67.826985391 4.06590654478e-08 -0.0294022864715
67.8898172441 4.05864892805e-08 -0.0293752301501
67.9526490971 4.05141031834e-08 -0.0293482234359
68.0154809502 4.0441909821e-08 -0.0293212661926
68.0783128033 4.03699034202e-08 -0.0292943582851
68.1411446564 4.02980884218e-08 -0.029267499579
68.2039765094 4.02264639376e-08 -0.0292406899389
68.2668083625 4.01550255269e-08 -0.0292139292312
68.3296402156 4.00837745218e-08 -0.0291872173226
68.3924720686 4.00127126987e-08 -0.0291605540802
68.4553039217 3.99418360608e-08 -0.0291339393712
68.5181357748 3.98711446081e-08 -0.0291073730638
68.5809676279 3.98006383406e-08 -0.0290808550263
68.6437994809 3.97303163702e-08 -0.0290543851281
68.706631334 3.9660180029e-08 -0.0290279632376
68.7694631871 3.95902248762e-08 -0.0290015892256
68.8322950402 3.95204500236e-08 -0.0289752629622
68.8951268932 3.94508608004e-08 -0.0289489843179
68.9579587463 3.93814509891e-08 -0.0289227531645
69.0207905994 3.93122223663e-08 -0.0288965693733
69.0836224524 3.92431740437e-08 -0.0288704328167
69.1464543055 3.9174304689e-08 -0.0288443433673
69.2092861586 3.91056134141e-08 -0.0288183008983
69.2721180117 3.90371028836e-08 -0.0287923052829
69.3349498647 3.89687659919e-08 -0.0287663563958
69.3977817178 3.89006089563e-08 -0.028740454111
69.4606135709 3.88326273359e-08 -0.0287145983033
69.5234454239 3.87648211309e-08 -0.0286887888486
69.586277277 3.86971916733e-08 -0.028663025622
69.6491091301 3.86297349664e-08 -0.0286373085002
69.7119409832 3.85624514543e-08 -0.0286116373598
69.7747728362 3.84953438015e-08 -0.0285860120781
69.8376046893 3.84284075672e-08 -0.0285604325322
69.9004365424 3.83616436395e-08 -0.0285348986005
69.9632683954 3.82950511302e-08 -0.0285094101614
70.0261002485 3.82286304834e-08 -0.0284839670936
70.0889321016 3.81623785906e-08 -0.0284585692766
70.1517639547 3.80962985602e-08 -0.0284332165896
70.2145958077 3.80303872838e-08 -0.0284079089135
70.2774276608 3.79646452053e-08 -0.0283826461282
70.3402595139 3.78990687722e-08 -0.0283574281151
70.4030913669 3.78336637574e-08 -0.0283322547556
70.46592322 3.77684234998e-08 -0.0283071259312
70.5287550731 3.77033506638e-08 -0.0282820415243
70.5915869262 3.7638443473e-08 -0.0282570014176
70.6544187792 3.75737010394e-08 -0.028232005494
70.7172506323 3.75091251392e-08 -0.0282070536375
70.7800824854 3.74447108875e-08 -0.0281821457312
70.8429143384 3.73804627252e-08 -0.0281572816599
70.9057461915 3.73163762113e-08 -0.0281324613078
70.9685780446 3.72524544545e-08 -0.0281076845608
71.0314098977 3.71886921258e-08 -0.0280829513039
71.0942417507 3.71250918896e-08 -0.028058261423
71.1570736038 3.706165419e-08 -0.0280336148043
71.2199054569 3.69983763626e-08 -0.0280090113347
71.28273731 3.69352575191e-08 -0.0279844509013
71.345569163 3.68722994359e-08 -0.0279599333913
71.4084010161 3.68094998926e-08 -0.0279354586929
71.4712328692 3.67468566687e-08 -0.027911026694
71.5340647222 3.66843737609e-08 -0.0278866372835
71.5968965753 3.66220480608e-08 -0.0278622903505
71.6597284284 3.65598791241e-08 -0.0278379857842
71.7225602815 3.64978651746e-08 -0.0278137234745
71.7853921345 3.64360079885e-08 -0.0277895033116
71.8482239876 3.63743062337e-08 -0.027765325186
71.9110558407 3.63127581338e-08 -0.0277411889886
71.9738876937 3.6251365465e-08 -0.0277170946106
72.0367195468 3.6190125563e-08 -0.0276930419441
72.0995513999 3.61290384276e-08 -0.0276690308807
72.162383253 3.60681053913e-08 -0.0276450613132
72.225215106 3.60073229011e-08 -0.0276211331342
72.2880469591 3.59466931776e-08 -0.0275972462368
72.3508788122 3.58862157768e-08 -0.0275734005147
72.4137106652 3.58258884781e-08 -0.0275495958615
72.4765425183 3.57657103933e-08 -0.0275258321719
72.5393743714 3.57056819666e-08 -0.0275021093403
72.6022062245 3.5645803198e-08 -0.0274784272615
72.6650380775 3.55860745316e-08 -0.0274547858311
72.7278699306 3.55264933027e-08 -0.0274311849448
72.7907017837 3.54670590674e-08 -0.0274076244984
72.8535336367 3.54077731579e-08 -0.0273841043888
72.9163654898 3.53486320215e-08 -0.0273606245121
72.9791973429 3.52896392108e-08 -0.0273371847659
73.042029196 3.52307916174e-08 -0.0273137850475
73.104861049 3.51720901293e-08 -0.0272904252549
73.1676929021 3.51135334142e-08 -0.0272671052859
73.2305247552 3.50551196959e-08 -0.0272438250391
73.2933566082 3.49968507507e-08 -0.0272205844134
73.3561884613 3.49387252463e-08 -0.0271973833081
73.4190203144 3.48807431827e-08 -0.0271742216227
73.4818521675 3.48229045599e-08 -0.0271510992567
73.5446840205 3.47652049371e-08 -0.0271280161109
73.6075158736 3.47076500873e-08 -0.0271049720855
73.6703477267 3.4650236902e-08 -0.0270819670816
73.7331795798 3.45929622725e-08 -0.0270590010001
73.7960114328 3.45358284193e-08 -0.0270360737426
73.8588432859 3.44788348983e-08 -0.0270131852112
73.921675139 3.44219799331e-08 -0.026990335308
73.984506992 3.43652635237e-08 -0.0269675239351
74.0473388451 3.43086878907e-08 -0.0269447509962
74.1101706982 3.42522481489e-08 -0.0269220163938
74.1730025513 3.4195946963e-08 -0.0268993200317
74.2358344043 3.41397834447e-08 -0.0268766618137
74.2986662574 3.40837567059e-08 -0.0268540416442
74.3614981105 3.40278658584e-08 -0.026831459427
74.4243299635 3.39721109022e-08 -0.0268089150673
74.4871618166 3.39164896168e-08 -0.0267864084704
74.5499936697 3.38610051109e-08 -0.0267639395415
74.6128255228 3.38056542759e-08 -0.0267415081862
74.6756573758 3.37504388881e-08 -0.026719114311
74.7384892289 3.36953553948e-08 -0.0266967578216
74.801321082 3.36404060164e-08 -0.0266744386255
74.864152935 3.35855907529e-08 -0.0266521566292
74.9269847881 3.35309069399e-08 -0.0266299117398
74.9898166412 3.34763536891e-08 -0.0266077038652
75.0526484943 3.34219341092e-08 -0.0265855329133
75.1154803473 3.33676446473e-08 -0.0265633987924
75.1783122004 3.33134866359e-08 -0.0265413014106
75.2411440535 3.32594591868e-08 -0.0265192406773
75.3039759065 3.32055600794e-08 -0.0264972165012
75.3668077596 3.31517924224e-08 -0.0264752287918
75.4296396127 3.30981517749e-08 -0.0264532774591
75.4924714658 3.30446408014e-08 -0.0264313624124
75.5553033188 3.29912595021e-08 -0.0264094835627
75.6181351719 3.29380038799e-08 -0.0263876408203
75.680967025 3.28848765996e-08 -0.0263658340962
75.743798878 3.28318754406e-08 -0.0263440633017
75.8066307311 3.27790021792e-08 -0.0263223283481
75.8694625842 3.27262545952e-08 -0.0263006291472
75.9322944373 3.26736349088e-08 -0.0262789656112
75.9951262903 3.26211386792e-08 -0.0262573376519
76.0579581434 3.25687672387e-08 -0.0262357451829
76.1207899965 3.25165223636e-08 -0.0262141881162
76.1836218496 3.24643991689e-08 -0.0261926663653
76.2464537026 3.24124016515e-08 -0.0261711798439
76.3092855557 3.23605271468e-08 -0.0261497284657
76.3721174088 3.23087760989e-08 -0.0261283121446
76.4349492618 3.22571476197e-08 -0.0261069307948
76.4977811149 3.22056421531e-08 -0.0260855843313
76.560612968 3.21542574788e-08 -0.0260642726688
76.6234448211 3.21029949291e-08 -0.0260429957224
76.6862766741 3.20518545038e-08 -0.0260217534075
76.7491085272 3.20008330945e-08 -0.0260005456402
76.8119403803 3.19499333656e-08 -0.0259793723357
76.8747722333 3.18991548731e-08 -0.0259582334107
76.9376040864 3.18484922879e-08 -0.0259371287819
77.0004359395 3.17979522713e-08 -0.0259160583661
77.0632677926 3.17475308265e-08 -0.0258950220801
77.1260996456 3.16972297298e-08 -0.0258740198411
77.1889314987 3.16470440964e-08 -0.0258530515669
77.2517633518 3.15969761466e-08 -0.0258321171756
77.3145952048 3.15470272128e-08 -0.0258112165849
77.3774270579 3.14971955184e-08 -0.0257903497136
77.440258911 3.14474801755e-08 -0.0257695164798
77.5030907641 3.13978807398e-08 -0.0257487168027
77.5659226171 3.13483972114e-08 -0.0257279506018
77.6287544702 3.12990304785e-08 -0.0257072177959
77.6915863233 3.12497783206e-08 -0.0256865183051
77.7544181763 3.12006411818e-08 -0.0256658520493
77.8172500294 3.11516208384e-08 -0.0256452189485
77.8800818825 3.11027110733e-08 -0.0256246189234
77.9429137356 3.10539181037e-08 -0.0256040518945
78.0057455886 3.10052370445e-08 -0.025583517783
78.0685774417 3.09566696721e-08 -0.0255630165098
78.1314092948 3.09082159866e-08 -0.0255425479966
78.1942411478 3.08598746557e-08 -0.025522112165
78.2570730009 3.08116447911e-08 -0.025501708937
78.319904854 3.07635277252e-08 -0.0254813382349
78.3827367071 3.07155212376e-08 -0.0254609999807
78.4455685601 3.06676257722e-08 -0.0254406940979
78.5084004132 3.06198417732e-08 -0.0254204205088
78.5712322663 3.05721687965e-08 -0.0254001791367
78.6340641194 3.05246041776e-08 -0.0253799699052
78.6968959724 3.04771514692e-08 -0.0253597927377
78.7597278255 3.04298080067e-08 -0.0253396475584
78.8225596786 3.03825720138e-08 -0.0253195342915
78.8853915316 3.0335446155e-08 -0.0252994528613
78.9482233847 3.0288428654e-08 -0.0252794031919
79.0110552378 3.02415195108e-08 -0.025259385209
79.0738870909 3.01947182813e-08 -0.0252393988372
79.1367189439 3.01480254095e-08 -0.025219444002
79.199550797 3.01014368986e-08 -0.0251995206292
79.2623826501 3.00549571897e-08 -0.025179628644
79.3252145031 3.00085831739e-08 -0.025159767973
79.3880463562 2.99623166278e-08 -0.0251399385419
79.4508782093 2.99161548867e-08 -0.0251201402783
79.5137100624 2.9870099727e-08 -0.0251003731079
79.5765419154 2.98241502605e-08 -0.0250806369579
79.6393737685 2.97783020464e-08 -0.0250609317556
79.7022056216 2.97325635223e-08 -0.0250412574281
79.7650374746 2.96869271388e-08 -0.0250216139036
79.8278693277 2.96413946721e-08 -0.0250020011099
79.8907011808 2.95959665664e-08 -0.0249824189744
79.9535330339 2.95506388248e-08 -0.024962867426
80.0163648869 2.95054167765e-08 -0.0249433463934
80.07919674 2.94602977569e-08 -0.024923855805
80.1420285931 2.94152808777e-08 -0.0249043955899
80.2048604461 2.93703670273e-08 -0.0248849656772
80.2676922992 2.93255522088e-08 -0.0248655659965
80.3305241523 2.92808417512e-08 -0.0248461964773
80.3933560054 2.92362307697e-08 -0.0248268570496
80.4561878584 2.91917201523e-08 -0.0248075476432
80.5190197115 2.91473130076e-08 -0.024788268189
80.5818515646 2.91030057831e-08 -0.0247690186167
80.6446834176 2.90587962581e-08 -0.0247497988574
80.7075152707 2.90146875415e-08 -0.024730608842
80.7703471238 2.89706774126e-08 -0.0247114485019
80.8331789769 2.89267672038e-08 -0.0246923177683
80.8960108299 2.88829569151e-08 -0.0246732165723
80.958842683 2.88392438819e-08 -0.0246541448462
81.0216745361 2.87956294365e-08 -0.0246351025221
81.0845063892 2.87521126907e-08 -0.0246160895323
81.1473382422 2.87086945328e-08 -0.0245971058083
81.2101700953 2.86653714099e-08 -0.0245781512835
81.2730019484 2.86221482071e-08 -0.0245592258906
81.3358338014 2.85790200394e-08 -0.0245403295625
81.3986656545 2.85359895713e-08 -0.0245214622325
81.4614975076 2.84930536942e-08 -0.0245026238342
81.5243293607 2.84502159609e-08 -0.0244838143007
81.5871612137 2.84074719303e-08 -0.0244650335662
81.6499930668 2.83648255994e-08 -0.024446281565
81.7128249199 2.83222716391e-08 -0.0244275582309
81.7756567729 2.82798140461e-08 -0.0244088634986
81.838488626 2.82374514882e-08 -0.0243901973027
81.9013204791 2.81951826331e-08 -0.0243715595778
81.9641523322 2.81530074808e-08 -0.0243529502595
82.0269841852 2.81109260314e-08 -0.0243343692824
82.0898160383 2.80689382848e-08 -0.0243158165822
82.1526478914 2.80270433528e-08 -0.0242972920946
82.2154797444 2.79852416796e-08 -0.0242787957556
82.2783115975 2.79435337092e-08 -0.0242603275005
82.3411434506 2.7901916777e-08 -0.0242418872662
82.4039753037 2.78603913273e-08 -0.024223474989
82.4668071567 2.78189586922e-08 -0.0242050906054
82.5296390098 2.77776175395e-08 -0.024186734052
82.5924708629 2.77363687573e-08 -0.024168405266
82.6553027159 2.76952092371e-08 -0.0241501041844
82.718134569 2.7654140311e-08 -0.0241318307451
82.7809664221 2.76131637555e-08 -0.0241135848847
82.8437982752 2.75722751297e-08 -0.0240953665414
82.9066301282 2.75314770981e-08 -0.0240771756537
82.9694619813 2.74907705489e-08 -0.0240590121585
83.0322938344 2.74501523734e-08 -0.0240408759954
83.0951256875 2.74096225716e-08 -0.0240227671018
83.1579575405 2.73691815877e-08 -0.0240046854169
83.2207893936 2.73288303099e-08 -0.0239866308794
83.2836212467 2.72885678498e-08 -0.0239686034282
83.3464530997 2.72483919872e-08 -0.0239506030029
83.4092849528 2.72083044983e-08 -0.0239326295425
83.4721168059 2.71683062714e-08 -0.0239146829868
83.534948659 2.71283924214e-08 -0.0238967632755
83.597780512 2.70885691656e-08 -0.0238788703482
83.6606123651 2.70488311749e-08 -0.0238610041455
83.7234442182 2.70091788934e-08 -0.0238431646078
83.7862760712 2.69696149857e-08 -0.0238253516747
83.8491079243 2.69301363431e-08 -0.0238075652879
83.9119397774 2.68907420775e-08 -0.0237898053873
83.9747716305 2.68514344093e-08 -0.0237720719142
84.0376034835 2.68122137825e-08 -0.0237543648102
84.1004353366 2.67730757564e-08 -0.0237366840162
84.1632671897 2.67340247717e-08 -0.0237190294738
84.2260990427 2.66950559435e-08 -0.0237014011249
84.2889308958 2.66561741569e-08 -0.023683798911
84.3517627489 2.66173740826e-08 -0.023666222774
84.414594602 2.65786614939e-08 -0.0236486726567
84.477426455 2.65400297295e-08 -0.0236311485012
84.5402583081 2.6501482786e-08 -0.02361365025
84.6030901612 2.6463017555e-08 -0.0235961778456
84.6659220142 2.64246375892e-08 -0.0235787312313
84.7287538673 2.63863384475e-08 -0.0235613103498
84.7915857204 2.63481236829e-08 -0.0235439151447
84.8544175735 2.63099888542e-08 -0.023526545559
84.9172494265 2.62719370703e-08 -0.0235092015363
84.9800812796 2.62339678869e-08 -0.0234918830204
85.0429131327 2.61960786396e-08 -0.0234745899554
85.1057449857 2.6158272437e-08 -0.0234573222847
85.1685768388 2.61205461705e-08 -0.0234400799533
85.2314086919 2.60829025045e-08 -0.0234228629052
85.294240545 2.60453378864e-08 -0.0234056710848
85.357072398 2.60078532044e-08 -0.0233885044371
85.4199042511 2.5970451123e-08 -0.0233713629063
85.4827361042 2.5933125869e-08 -0.0233542464383
85.5455679573 2.58958814392e-08 -0.0233371549776
85.6083998103 2.58587182778e-08 -0.02332008847
85.6712316634 2.58216337201e-08 -0.0233030468609
85.7340635165 2.57846273222e-08 -0.0232860300954
85.7968953695 2.57477008603e-08 -0.0232690381202
85.8597272226 2.57108516699e-08 -0.0232520708808
85.9225590757 2.56740815274e-08 -0.023235128323
85.9853909288 2.56373904328e-08 -0.0232182103935
86.0482227818 2.56007752775e-08 -0.0232013170389
86.1110546349 2.55642405023e-08 -0.0231844482052
86.173886488 2.55277807781e-08 -0.0231676038401
86.236718341 2.54913996578e-08 -0.0231507838891
86.2995501941 2.54550971412e-08 -0.0231339883005
86.3623820472 2.54188683435e-08 -0.0231172170206
86.4252139003 2.53827177055e-08 -0.0231004699978
86.4880457533 2.5346644339e-08 -0.0230837471787
86.5508776064 2.53106460235e-08 -0.0230670485113
86.6137094595 2.52747249796e-08 -0.0230503739432
86.6765413125 2.52388789868e-08 -0.0230337234228
86.7393731656 2.52031089332e-08 -0.0230170968978
86.8022050187 2.51674139307e-08 -0.0230004943166
86.8650368718 2.51317917588e-08 -0.0229839156276
86.9278687248 2.50962486348e-08 -0.0229673607795
86.9907005779 2.50607805619e-08 -0.0229508297205
87.053532431 2.50253835432e-08 -0.0229343224001
87.116364284 2.49900629079e-08 -0.0229178387672
87.1791961371 2.49548146591e-08 -0.0229013787701
87.2420279902 2.49196419055e-08 -0.0228849423593
87.3048598433 2.48845410944e-08 -0.0228685294833
87.3676916963 2.48495175548e-08 -0.0228521400923
87.4305235494 2.48145646253e-08 -0.0228357741355
87.4933554025 2.47796849706e-08 -0.022819431563
87.5561872555 2.47448799229e-08 -0.0228031123251
87.6190191086 2.47101459294e-08 -0.0227868163713
87.6818509617 2.46754860989e-08 -0.0227705436526
87.7446828148 2.46408964344e-08 -0.0227542941189
87.8075146678 2.46063796006e-08 -0.0227380677209
87.8703465209 2.45719355974e-08 -0.0227218644096
87.933178374 2.45375608721e-08 -0.0227056841354
87.9960102271 2.45032598656e-08 -0.0226895268496
88.0588420801 2.44690299134e-08 -0.0226733925028
88.1216739332 2.44348701273e-08 -0.0226572810471
88.1845057863 2.44007827277e-08 -0.0226411924335
88.2473376393 2.43667663824e-08 -0.0226251266135
88.3101694924 2.43328179828e-08 -0.0226090835387
88.3730013455 2.42989428578e-08 -0.022593063161
88.4358331986 2.42651352345e-08 -0.0225770654324
88.4986650516 2.42313986654e-08 -0.0225610903047
88.5614969047 2.41977327065e-08 -0.0225451377309
88.6243287578 2.41641355814e-08 -0.0225292076623
88.6871606108 2.41306090665e-08 -0.0225133000524
88.7499924639 2.40971500531e-08 -0.0224974148529
88.812824317 2.40637625382e-08 -0.022481552017
88.8756561701 2.40304411925e-08 -0.0224657114979
88.9384880231 2.39971886806e-08 -0.0224498932484
89.0013198762 2.39640058908e-08 -0.0224340972211
89.0641517293 2.39308919348e-08 -0.0224183233699
89.1269835823 2.3897844148e-08 -0.022402571648
89.1898154354 2.38648651951e-08 -0.0223868420091
89.2526472885 2.38319532997e-08 -0.0223711344066
89.3154791416 2.37991084617e-08 -0.0223554487948
89.3783109946 2.37663315694e-08 -0.0223397851268
89.4411428477 2.37336230668e-08 -0.0223241433574
89.5039747008 2.37009802895e-08 -0.0223085234404
89.5668065538 2.36684072341e-08 -0.0222929253302
89.6296384069 2.36358976835e-08 -0.0222773489813
89.69247026 2.36034556345e-08 -0.0222617943484
89.7553021131 2.35710775343e-08 -0.022246261386
89.8181339661 2.35387682679e-08 -0.0222307500493
89.8809658192 2.35065238385e-08 -0.022215260292
89.9437976723 2.34743451344e-08 -0.0221997920705
90.0066295253 2.34422343759e-08 -0.0221843453398
90.0694613784 2.34101857899e-08 -0.0221689200548
90.1322932315 2.33782042613e-08 -0.0221535161713
90.1951250846 2.33462866817e-08 -0.0221381336447
90.2579569376 2.33144334949e-08 -0.0221227724302
90.3207887907 2.32826464774e-08 -0.0221074324844
90.3836206438 2.32509234088e-08 -0.0220921137633
90.4464524969 2.32192634009e-08 -0.022076816222
90.5092843499 2.31876691181e-08 -0.0220615398174
90.572116203 2.31561387842e-08 -0.0220462845056
90.6349480561 2.3124671511e-08 -0.0220310502432
90.6977799091 2.30932690748e-08 -0.0220158369864
90.7606117622 2.3061928367e-08 -0.0220006446921
90.8234436153 2.30306524962e-08 -0.0219854733171
90.8862754684 2.2999439242e-08 -0.0219703228181
90.9491073214 2.29682881603e-08 -0.0219551931525
91.0119391745 2.29372019156e-08 -0.021940084277
91.0747710276 2.2906176067e-08 -0.0219249961489
91.1376028806 2.28752132791e-08 -0.0219099287257
91.2004347337 2.28443131078e-08 -0.0218948819645
91.2632665868 2.28134746649e-08 -0.0218798558237
91.3260984399 2.27826992827e-08 -0.0218648502605
91.3889302929 2.27519851848e-08 -0.0218498652325
91.451762146 2.2721331927e-08 -0.0218349006982
91.5145939991 2.26907412859e-08 -0.021819956615
91.5774258521 2.26602101527e-08 -0.0218050329418
91.6402577052 2.26297416361e-08 -0.0217901296362
91.7030895583 2.25993357361e-08 -0.0217752466572
91.7659214114 2.25689875677e-08 -0.0217603839626
91.8287532644 2.25387011277e-08 -0.0217455415118
91.8915851175 2.25084755279e-08 -0.0217307192635
91.9544169706 2.24783112124e-08 -0.0217159171753
92.0172488236 2.24482050726e-08 -0.0217011352077
92.0800806767 2.24181602171e-08 -0.021686373319
92.1429125298 2.23881739814e-08 -0.0216716314686
92.2057443829 2.23582499181e-08 -0.0216569096157
92.2685762359 2.23283831424e-08 -0.0216422077195
92.331408089 2.22985754306e-08 -0.0216275257397
92.3942399421 2.22688281148e-08 -0.0216128636364
92.4570717951 2.22391411953e-08 -0.0215982213685
92.5199036482 2.22095128954e-08 -0.0215835988963
92.5827355013 2.21799401068e-08 -0.0215689961799
92.6455673544 2.21504277143e-08 -0.0215544131786
92.7083992074 2.21209743856e-08 -0.0215398498534
92.7712310605 2.20915783444e-08 -0.0215253061645
92.8340629136 2.20622422553e-08 -0.0215107820717
92.8968947667 2.20329621214e-08 -0.0214962775356
92.9597266197 2.20037410514e-08 -0.0214817925176
93.0225584728 2.19745772689e-08 -0.0214673269772
93.0853903259 2.19454725503e-08 -0.0214528808758
93.1482221789 2.19164220105e-08 -0.0214384541745
93.211054032 2.18874327551e-08 -0.0214240468339
93.2738858851 2.18584990108e-08 -0.0214096588155
93.3367177382 2.18296216659e-08 -0.0213952900803
93.3995495912 2.18008007202e-08 -0.0213809405895
93.4623814443 2.17720370621e-08 -0.0213666103044
93.5252132974 2.1743328027e-08 -0.0213522991874
93.5880451504 2.17146789439e-08 -0.0213380071991
93.6508770035 2.16860835955e-08 -0.0213237343017
93.7137088566 2.16575455347e-08 -0.0213094804568
93.7765407097 2.16290634292e-08 -0.0212952456269
93.8393725627 2.16006350584e-08 -0.0212810297733
93.9022044158 2.15722657515e-08 -0.0212668328585
93.9650362689 2.15439488471e-08 -0.0212526548448
94.0278681219 2.15156883421e-08 -0.0212384956945
94.090699975 2.14874842364e-08 -0.02122435537
94.1535318281 2.14593325332e-08 -0.0212102338335
94.2163636812 2.14312376734e-08 -0.0211961310484
94.2791955342 2.14031974366e-08 -0.0211820469767
94.3420273873 2.13752122669e-08 -0.0211679815813
94.4048592404 2.13472808319e-08 -0.0211539348256
94.4676910934 2.13194031318e-08 -0.0211399066723
94.5305229465 2.12915804987e-08 -0.0211258970846
94.5933547996 2.12638120445e-08 -0.021111906026
94.6561866527 2.12360982133e-08 -0.0210979334593
94.7190185057 2.12084363405e-08 -0.0210839793479
94.7818503588 2.11808290906e-08 -0.0210700436559
94.8446822119 2.11532751315e-08 -0.0210561263466
94.9075140649 2.1125774019e-08 -0.0210422273835
94.970345918 2.10983288618e-08 -0.0210283467307
95.0331777711 2.10709334425e-08 -0.0210144843518
95.0960096242 2.10435926462e-08 -0.0210006402112
95.1588414772 2.10163042524e-08 -0.0209868142726
95.2216733303 2.09890687053e-08 -0.0209730065006
95.2845051834 2.09618855607e-08 -0.0209592168588
95.3473370365 2.09347561508e-08 -0.020945445312
95.4101688895 2.09076773672e-08 -0.0209316918247
95.4730007426 2.08806523183e-08 -0.0209179563615
95.5358325957 2.08536783397e-08 -0.020904238887
95.5986644487 2.08267563195e-08 -0.0208905393654
95.6614963018 2.07998858137e-08 -0.0208768577623
95.7243281549 2.07730672663e-08 -0.0208631940423
95.787160008 2.07462997892e-08 -0.0208495481705
95.849991861 2.07195833823e-08 -0.0208359201119
95.9128237141 2.06929207103e-08 -0.0208223098317
95.9756555672 2.06663064439e-08 -0.0208087172948
96.0384874202 2.06397432478e-08 -0.0207951424671
96.1013192733 2.06132315661e-08 -0.0207815853143
96.1641511264 2.05867722869e-08 -0.0207680458016
96.2269829795 2.05603623016e-08 -0.0207545238942
96.2898148325 2.05340024984e-08 -0.0207410195586
96.3526466856 2.05076928772e-08 -0.02072753276
96.4154785387 2.04814352145e-08 -0.0207140634646
96.4783103917 2.04552241811e-08 -0.0207006116385
96.5411422448 2.04290655503e-08 -0.0206871772477
96.6039740979 2.04029566575e-08 -0.0206737602585
96.666805951 2.03768979468e-08 -0.0206603606367
96.729637804 2.03508876417e-08 -0.0206469783492
96.7924696571 2.03249266306e-08 -0.020633613362
96.8553015102 2.02990162457e-08 -0.0206202656418
96.9181333632 2.02731538224e-08 -0.0206069351557
96.9809652163 2.02473406929e-08 -0.0205936218691
97.0437970694 2.02215768574e-08 -0.0205803257499
97.1066289225 2.01958623158e-08 -0.0205670467648
97.1694607755 2.01701952918e-08 -0.0205537848806
97.2322926286 2.01445775616e-08 -0.0205405400638
97.2951244817 2.01190086813e-08 -0.0205273122826
97.3579563347 2.00934877626e-08 -0.0205141015035
97.4207881878 2.00680161377e-08 -0.0205009076939
97.4836200409 2.00425902541e-08 -0.0204877308212
97.546451894 2.00172136644e-08 -0.0204745708529
97.609283747 1.99918845922e-08 -0.0204614277565
97.6721156001 1.99666034817e-08 -0.0204483014996
97.7349474532 1.99413716651e-08 -0.02043519205
97.7977793063 1.99161860337e-08 -0.0204220993753
97.8606111593 1.98910452553e-08 -0.0204090234433
97.9234430124 1.98659555473e-08 -0.0203959642222
97.9862748655 1.98409133567e-08 -0.0203829216801
98.0491067185 1.98159137987e-08 -0.0203698957849
98.1119385716 1.97909644228e-08 -0.0203568865048
98.1747704247 1.97660616763e-08 -0.0203438938083
98.2376022778 1.97412064473e-08 -0.0203309176633
98.3004341308 1.97163956273e-08 -0.0203179580388
98.3632659839 1.96916318806e-08 -0.0203050149029
98.426097837 1.96669152075e-08 -0.0202920882239
98.48892969 1.96422456078e-08 -0.0202791779713
98.5517615431 1.96176208611e-08 -0.0202662841135
98.6145933962 1.95930427438e-08 -0.0202534066194
98.6774252493 1.95685094795e-08 -0.0202405454577
98.7402571023 1.95440210682e-08 -0.0202277005971
98.8030889554 1.95195792863e-08 -0.0202148720072
98.8659208085 1.94951850219e-08 -0.0202020596574
98.9287526615 1.947083339e-08 -0.0201892635161
98.9915845146 1.94465288317e-08 -0.0201764835534
99.0544163677 1.94222700145e-08 -0.0201637197379
99.1172482208 1.93980556062e-08 -0.0201509720399
99.1800800738 1.93738864951e-08 -0.020138240428
99.2429119269 1.93497604606e-08 -0.0201255248725
99.30574378 1.93256810554e-08 -0.0201128253434
99.368575633 1.93016442829e-08 -0.0201001418094
99.4314074861 1.92776541397e-08 -0.0200874742409
99.4942393392 1.92537079613e-08 -0.0200748226078
99.5570711923 1.92298053037e-08 -0.0200621868803
99.6199030453 1.9205947499e-08 -0.0200495670282
99.6827348984 1.91821332152e-08 -0.0200369630214
99.7455667515 1.91583646725e-08 -0.0200243748312
99.8083986045 1.91346383183e-08 -0.0200118024265
99.8712304576 1.91109572611e-08 -0.019999245778
99.9340623107 1.90873197248e-08 -0.019986704857
99.9968941638 1.90637230446e-08 -0.0199741796331
100.059726017 1.90401716615e-08 -0.0199616700776
100.12255787 1.90166646874e-08 -0.0199491761604
100.185389723 1.89931994576e-08 -0.0199366978524
100.248221576 1.89697777486e-08 -0.0199242351248
100.311053429 1.89464000044e-08 -0.0199117879483
100.373885282 1.89230635605e-08 -0.0198993562939
100.436717135 1.88997706374e-08 -0.0198869401328
100.499548988 1.88765203468e-08 -0.0198745394354
100.562380841 1.88533153533e-08 -0.0198621541736
100.625212694 1.88301503279e-08 -0.0198497843182
100.688044548 1.88070266027e-08 -0.0198374298405
100.750876401 1.87839486188e-08 -0.0198250907121
100.813708254 1.87609106028e-08 -0.0198127669043
100.876540107 1.87379134431e-08 -0.019800458389
100.93937196 1.871495936e-08 -0.0197881651373
101.002203813 1.86920483536e-08 -0.019775887121
101.065035666 1.86691786475e-08 -0.0197636243119
101.127867519 1.86463506857e-08 -0.019751376682
101.190699372 1.86235635802e-08 -0.0197391442029
101.253531225 1.86008191072e-08 -0.0197269268466
101.316363078 1.85781146023e-08 -0.0197147245845
101.379194931 1.85554518417e-08 -0.0197025373902
101.442026784 1.85328321578e-08 -0.0196903652346
101.504858637 1.85102511097e-08 -0.0196782080901
101.567690491 1.848771225e-08 -0.0196660659292
101.630522344 1.84652146906e-08 -0.0196539387241
101.693354197 1.84427566552e-08 -0.0196418264475
101.75618605 1.84203403641e-08 -0.0196297290714
101.819017903 1.83979644852e-08 -0.0196176465688
101.881849756 1.83756285743e-08 -0.0196055789124
101.944681609 1.83533330755e-08 -0.0195935260745
102.007513462 1.8331078433e-08 -0.0195814880279
102.070345315 1.83088642025e-08 -0.0195694647456
102.133177168 1.82866903842e-08 -0.0195574562005
102.196009021 1.8264556978e-08 -0.0195454623653
102.258840874 1.82424617634e-08 -0.0195334832132
102.321672727 1.8220406961e-08 -0.0195215187176
102.38450458 1.81983925707e-08 -0.0195095688513
102.447336434 1.81764177043e-08 -0.0194976335871
102.510168287 1.8154482806e-08 -0.0194857128991
102.57300014 1.81325856552e-08 -0.0194738067602
102.635831993 1.81107284725e-08 -0.0194619151442
102.698663846 1.80889134782e-08 -0.0194500380239
102.761495699 1.8067133567e-08 -0.0194381753734
102.824327552 1.8045394512e-08 -0.0194263271663
102.887159405 1.80236945369e-08 -0.0194144933759
102.949991258 1.80020327534e-08 -0.019402673976
103.012823111 1.79804109379e-08 -0.0193908689409
103.075654964 1.79588277582e-08 -0.0193790782438
103.138486817 1.79372832143e-08 -0.0193673018591
103.20131867 1.79157755298e-08 -0.0193555397607
103.264150523 1.78943082574e-08 -0.0193437919223
103.326982377 1.78728782885e-08 -0.0193320583185
103.38981423 1.78514873994e-08 -0.0193203389231
103.452646083 1.7830134702e-08 -0.0193086337109
103.515477936 1.7808818864e-08 -0.0192969426555
103.578309789 1.77875407736e-08 -0.0192852657315
103.641141642 1.77663026513e-08 -0.0192736029138
103.703973495 1.77451009442e-08 -0.019261954176
103.766805348 1.77239374288e-08 -0.0192503194933
103.829637201 1.7702811661e-08 -0.01923869884
103.892469054 1.76817218644e-08 -0.019227092191
103.955300907 1.76606715918e-08 -0.019215499521
104.01813276 1.76396572904e-08 -0.0192039208045
104.080964613 1.76186820688e-08 -0.019192356017
104.143796467 1.75977410422e-08 -0.0191808051329
104.20662832 1.75768395394e-08 -0.0191692681268
104.269460173 1.75559757842e-08 -0.0191577449749
104.332292026 1.75351475562e-08 -0.0191462356512
104.395123879 1.75143557435e-08 -0.0191347401312
104.457955732 1.74936003461e-08 -0.0191232583903
104.520787585 1.74728844726e-08 -0.0191117904035
104.583619438 1.74522023499e-08 -0.0191003361466
104.646451291 1.74315584189e-08 -0.0190888955942
104.709283144 1.7410949571e-08 -0.0190774687223
104.772114997 1.73903771383e-08 -0.0190660555064
104.83494685 1.73698415651e-08 -0.0190546559216
104.897778703 1.73493424072e-08 -0.0190432699444
104.960610556 1.73288787764e-08 -0.0190318975497
105.02344241 1.73084511168e-08 -0.0190205387139
105.086274263 1.72880598726e-08 -0.0190091934122
105.149106116 1.72677037114e-08 -0.0189978616205
105.211937969 1.72473839655e-08 -0.018986543315
105.274769822 1.72270993026e-08 -0.0189752384713
105.337601675 1.72068514992e-08 -0.018963947066
105.400433528 1.71866374465e-08 -0.0189526690746
105.463265381 1.7166458921e-08 -0.0189414044737
105.526097234 1.71463181431e-08 -0.0189301532394
105.588929087 1.71262097837e-08 -0.0189189153471
105.65176094 1.71061387277e-08 -0.0189076907745
105.714592793 1.70861009785e-08 -0.0188964794973
105.777424646 1.70660996446e-08 -0.0188852814918
105.840256499 1.70461325055e-08 -0.0188740967344
105.903088353 1.70262004495e-08 -0.018862925202
105.965920206 1.70063030325e-08 -0.018851766871
106.028752059 1.69864402544e-08 -0.0188406217177
106.091583912 1.69666125593e-08 -0.0188294897194
106.154415765 1.69468177269e-08 -0.0188183708531
106.217247618 1.6927060198e-08 -0.0188072650946
106.280079471 1.69073337553e-08 -0.0187961724214
106.342911324 1.6887644172e-08 -0.0187850928103
106.405743177 1.68679870072e-08 -0.0187740262381
106.46857503 1.68483644813e-08 -0.018762972682
106.531406883 1.68287761504e-08 -0.0187519321193
106.594238736 1.68092233466e-08 -0.0187409045268
106.657070589 1.6789701629e-08 -0.0187298898815
106.719902442 1.67702167708e-08 -0.0187188881611
106.782734296 1.67507629989e-08 -0.0187078993427
106.845566149 1.67313434218e-08 -0.0186969234035
106.908398002 1.67119584837e-08 -0.0186859603212
106.971229855 1.66926064082e-08 -0.0186750100729
107.034061708 1.66732885276e-08 -0.0186640726368
107.096893561 1.66540026214e-08 -0.0186531479893
107.159725414 1.66347509101e-08 -0.0186422361089
107.222557267 1.66155320613e-08 -0.0186313369731
107.28538912 1.65963465193e-08 -0.0186204505592
107.348220973 1.65771938399e-08 -0.018609576846
107.411052826 1.6558074023e-08 -0.0185987158102
107.473884679 1.65389879569e-08 -0.0185878674296
107.536716532 1.65199338653e-08 -0.0185770316831
107.599548385 1.65009139685e-08 -0.0185662085479
107.662380239 1.64819238258e-08 -0.0185553980026
107.725212092 1.64629678778e-08 -0.0185446000247
107.788043945 1.64440443484e-08 -0.0185338145923
107.850875798 1.64251545698e-08 -0.0185230416843
107.913707651 1.64062954333e-08 -0.0185122812784
107.976539504 1.63874691594e-08 -0.0185015333529
108.039371357 1.636867486e-08 -0.0184907978862
108.10220321 1.63499138672e-08 -0.0184800748563
108.165035063 1.63311844048e-08 -0.0184693642423
108.227866916 1.63124869168e-08 -0.0184586660222
108.290698769 1.6293820071e-08 -0.0184479801748
108.353530622 1.62751865318e-08 -0.0184373066783
108.416362475 1.6256584523e-08 -0.0184266455119
108.479194328 1.62380136004e-08 -0.0184159966533
108.542026182 1.62194742082e-08 -0.0184053600823
108.604858035 1.62009676785e-08 -0.018394735777
108.667689888 1.61824926792e-08 -0.0183841237166
108.730521741 1.61640469898e-08 -0.0183735238798
108.793353594 1.61456354952e-08 -0.0183629362456
108.856185447 1.61272528665e-08 -0.0183523607925
108.9190173 1.61089035444e-08 -0.0183417975005
108.981849153 1.60905839763e-08 -0.0183312463476
109.044681006 1.60722963827e-08 -0.0183207073137
109.107512859 1.60540376548e-08 -0.0183101803775
109.170344712 1.60358122336e-08 -0.0182996655182
109.233176565 1.60176174546e-08 -0.0182891627149
109.296008418 1.59994524296e-08 -0.0182786719476
109.358840271 1.59813198231e-08 -0.018268193195
109.421672125 1.59632174146e-08 -0.0182577264368
109.484503978 1.59451425397e-08 -0.0182472716525
109.547335831 1.59271018596e-08 -0.0182368288214
109.610167684 1.59090900453e-08 -0.0182263979227
109.672999537 1.58911088732e-08 -0.0182159789365
109.73583139 1.58731583433e-08 -0.0182055718428
109.798663243 1.58552384555e-08 -0.0181951766206
109.861495096 1.58373474335e-08 -0.0181847932497
109.924326949 1.58194870536e-08 -0.0181744217095
109.987158802 1.58016577601e-08 -0.0181640619806
110.049990655 1.57838568882e-08 -0.0181537140427
110.112822508 1.57660866584e-08 -0.0181433778751
110.175654361 1.57483466268e-08 -0.0181330534588
110.238486214 1.5730635905e-08 -0.0181227407728
110.301318068 1.57129553813e-08 -0.0181124397977
110.364149921 1.56953023911e-08 -0.0181021505131
110.426981774 1.56776813753e-08 -0.0180918728993
110.489813627 1.56600883372e-08 -0.0180816069367
110.55264548 1.56425268294e-08 -0.0180713526057
110.615477333 1.56249928551e-08 -0.0180611098862
110.678309186 1.56074904112e-08 -0.0180508787587
110.741141039 1.55900150567e-08 -0.0180406592031
110.803972892 1.5572568568e-08 -0.0180304512004
110.866804745 1.55551531655e-08 -0.0180202547309
110.929636598 1.55377661848e-08 -0.0180100697748
110.992468451 1.55204067376e-08 -0.0179998963128
111.055300304 1.55030779325e-08 -0.0179897343253
111.118132157 1.54857779933e-08 -0.0179795837932
111.180964011 1.54685055875e-08 -0.0179694446976
111.243795864 1.54512629358e-08 -0.0179593170181
111.306627717 1.54340487057e-08 -0.0179492007363
111.36945957 1.54168633415e-08 -0.0179390958324
111.432291423 1.53997050667e-08 -0.0179290022878
111.495123276 1.53825778781e-08 -0.0179189200833
111.557955129 1.5365477779e-08 -0.0179088491992
111.620786982 1.53484056575e-08 -0.017898789617
111.683618835 1.53313619577e-08 -0.017888741318
111.746450688 1.53143466797e-08 -0.0178787042825
111.809282541 1.52973602674e-08 -0.0178686784919
111.872114394 1.52804013887e-08 -0.0178586639277
111.934946247 1.52634704875e-08 -0.0178486605706
111.9977781 1.5246567564e-08 -0.0178386684018
112.060609954 1.52296926181e-08 -0.0178286874028
112.123441807 1.52128452058e-08 -0.017818717555
112.18627366 1.51960266592e-08 -0.0178087588397
112.249105513 1.51792334258e-08 -0.0177988112378
112.311937366 1.51624712785e-08 -0.0177888747315
112.374769219 1.51457353326e-08 -0.0177789493015
112.437601072 1.5129026476e-08 -0.01776903493
112.500432925 1.51123464853e-08 -0.0177591315982
112.563264778 1.50956913636e-08 -0.0177492392875
112.626096631 1.50790642195e-08 -0.0177393579794
112.688928484 1.50624654971e-08 -0.0177294876566
112.751760337 1.50458943082e-08 -0.0177196282996
112.81459219 1.50293506529e-08 -0.0177097798908
112.877424043 1.50128331988e-08 -0.017699942412
112.940255897 1.49963423901e-08 -0.0176901158451
113.00308775 1.49798804472e-08 -0.0176803001717
113.065919603 1.49634438174e-08 -0.0176704953735
113.128751456 1.4947034721e-08 -0.0176607014327
113.191583309 1.49306531583e-08 -0.0176509183316
113.254415162 1.49142964645e-08 -0.0176411460519
113.317247015 1.48979681924e-08 -0.0176313845756
113.380078868 1.48816656775e-08 -0.0176216338852
113.442910721 1.48653906962e-08 -0.0176118939625
113.505742574 1.48491410279e-08 -0.01760216479
113.568574427 1.48329184491e-08 -0.0175924463497
113.63140628 1.48167229597e-08 -0.0175827386238
113.694238133 1.48005532274e-08 -0.0175730415944
113.757069986 1.47844105847e-08 -0.0175633552444
113.81990184 1.47682928109e-08 -0.017553679556
113.882733693 1.47522021265e-08 -0.0175440145116
113.945565546 1.47361376435e-08 -0.0175343600937
114.008397399 1.47200980294e-08 -0.0175247162845
114.071229252 1.47040872811e-08 -0.0175150830671
114.134061105 1.46881005136e-08 -0.0175054604235
114.196892958 1.46721399474e-08 -0.0174958483367
114.259724811 1.46562051384e-08 -0.0174862467892
114.322556664 1.46402960866e-08 -0.0174766557636
114.385388517 1.46244127919e-08 -0.0174670752427
114.44822037 1.46085565866e-08 -0.0174575052096
114.511052223 1.45927248063e-08 -0.0174479456469
114.573884076 1.45769187831e-08 -0.0174383965372
114.636715929 1.45611385172e-08 -0.0174288578636
114.699547783 1.45453835643e-08 -0.017419329609
114.762379636 1.45296548126e-08 -0.017409811756
114.825211489 1.45139522623e-08 -0.0174003042883
114.888043342 1.44982723604e-08 -0.0173908071888
114.950875195 1.44826182158e-08 -0.0173813204396
115.013707048 1.44669898283e-08 -0.0173718440249
115.076538901 1.44513867539e-08 -0.0173623779274
115.139370754 1.44358094367e-08 -0.0173529221306
115.202202607 1.44202561003e-08 -0.0173434766168
115.26503446 1.44047271888e-08 -0.0173340413706
115.327866313 1.4389226255e-08 -0.0173246163741
115.390698166 1.43737479696e-08 -0.0173152016115
115.453530019 1.43582958856e-08 -0.0173057970654
115.516361872 1.4342866006e-08 -0.0172964027196
115.579193726 1.43274632158e-08 -0.0172870185582
115.642025579 1.43120852947e-08 -0.0172776445634
115.704857432 1.42967300221e-08 -0.0172682807192
115.767689285 1.42813991744e-08 -0.0172589270093
115.830521138 1.42660963043e-08 -0.0172495834172
115.893352991 1.42508151946e-08 -0.0172402499263
115.956184844 1.42355589539e-08 -0.0172309265205
116.019016697 1.42203275821e-08 -0.0172216131835
116.08184855 1.42051193031e-08 -0.0172123098992
116.144680403 1.41899350048e-08 -0.0172030166507
116.207512256 1.41747764637e-08 -0.0171937334222
116.270344109 1.41596432357e-08 -0.0171844601972
116.333175962 1.4144531324e-08 -0.0171751969603
116.396007816 1.41294451694e-08 -0.017165943695
116.458839669 1.41143825516e-08 -0.0171567003845
116.521671522 1.40993439146e-08 -0.0171474670142
116.584503375 1.40843297025e-08 -0.0171382435667
116.647335228 1.40693390271e-08 -0.0171290300266
116.710167081 1.40543718885e-08 -0.0171198263783
116.772998934 1.40394282866e-08 -0.0171106326056
116.835830787 1.40245104419e-08 -0.0171014486924
116.89866264 1.40096134693e-08 -0.0170922746233
116.961494493 1.39947418099e-08 -0.0170831103821
117.024326346 1.39798927989e-08 -0.0170739559531
117.087158199 1.39650682129e-08 -0.0170648113207
117.149990052 1.39502662755e-08 -0.0170556764693
117.212821905 1.3935489207e-08 -0.0170465513833
117.275653759 1.39207338989e-08 -0.0170374360465
117.338485612 1.39060016835e-08 -0.0170283304436
117.401317465 1.3891293893e-08 -0.0170192345589
117.464149318 1.38766091951e-08 -0.0170101483775
117.526981171 1.38619471457e-08 -0.0170010718833
117.589813024 1.38473095213e-08 -0.0169920050607
117.652644877 1.38326932131e-08 -0.0169829478949
117.71547673 1.38180999976e-08 -0.01697390037
117.778308583 1.3803531651e-08 -0.0169648624706
117.841140436 1.37889841767e-08 -0.0169558341817
117.903972289 1.3774459795e-08 -0.0169468154879
117.966804142 1.37599602823e-08 -0.0169378063739
118.029635995 1.37454807536e-08 -0.0169288068241
118.092467848 1.37310274262e-08 -0.0169198168239
118.155299702 1.37165936387e-08 -0.0169108363575
118.218131555 1.37021833879e-08 -0.0169018654104
118.280963408 1.36877962298e-08 -0.016892903967
118.343795261 1.36734303879e-08 -0.0168839520128
118.406627114 1.36590885269e-08 -0.0168750095316
118.469458967 1.36447693144e-08 -0.0168660765097
118.53229082 1.36304731946e-08 -0.0168571529312
118.595122673 1.36161975028e-08 -0.0168482387819
118.657954526 1.36019444597e-08 -0.0168393340463
118.720786379 1.3587714065e-08 -0.0168304387092
118.783618232 1.3573506763e-08 -0.0168215527563
118.846450085 1.3559319445e-08 -0.0168126761732
118.909281938 1.35451552197e-08 -0.0168038089441
118.972113791 1.35310136429e-08 -0.0167949510549
119.034945645 1.35168947146e-08 -0.0167861024907
119.097777498 1.35027971027e-08 -0.0167772632368
119.160609351 1.34887199188e-08 -0.0167684332787
119.223441204 1.34746667158e-08 -0.0167596126013
119.286273057 1.34606357172e-08 -0.0167508011904
119.34910491 1.34466255908e-08 -0.0167419990312
119.411936763 1.34326354484e-08 -0.0167332061091
119.474768616 1.34186683987e-08 -0.01672442241
119.537600469 1.34047244416e-08 -0.0167156479185
119.600432322 1.33908013566e-08 -0.0167068826213
119.663264175 1.33769000321e-08 -0.0166981265035
119.726096028 1.33630200239e-08 -0.0166893795503
119.788927881 1.33491613319e-08 -0.0166806417477
119.851759734 1.33353239562e-08 -0.0166719130819
119.914591588 1.33215074527e-08 -0.0166631935372
119.977423441 1.33077118214e-08 -0.0166544831003
120.040255294 1.32939397268e-08 -0.0166457817571
120.103087147 1.32801876163e-08 -0.016637089493
120.165919 1.3266456822e-08 -0.0166284062937
120.228750853 1.32527486763e-08 -0.0166197321456
120.291582706 1.32390587382e-08 -0.0166110670338
120.354414559 1.32253941132e-08 -0.0166024109448
120.417246412 1.321174814e-08 -0.0165937638639
120.480078265 1.3198123483e-08 -0.0165851257779
120.542910118 1.318451881e-08 -0.0165764966723
120.605741971 1.31709341211e-08 -0.0165678765335
120.668573824 1.3157373413e-08 -0.0165592653462
120.731405677 1.31438309126e-08 -0.0165506630984
120.794237531 1.31303092843e-08 -0.016542069775
120.857069384 1.3116812525e-08 -0.0165334853625
120.919901237 1.31033326412e-08 -0.0165249098471
120.98273309 1.30898754058e-08 -0.0165163432141
121.045564943 1.30764359341e-08 -0.0165077854516
121.108396796 1.3063019999e-08 -0.0164992365441
121.171228649 1.30496222717e-08 -0.0164906964787
121.234060502 1.30362467488e-08 -0.0164821652413
121.296892355 1.30228903217e-08 -0.0164736428187
121.359724208 1.30095565432e-08 -0.0164651291969
121.422556061 1.29962409723e-08 -0.0164566243622
121.485387914 1.29829467177e-08 -0.0164481283012
121.548219767 1.29696733353e-08 -0.0164396410005
121.61105162 1.29564190487e-08 -0.0164311624466
121.673883474 1.29431860785e-08 -0.0164226926258
121.736715327 1.2929972204e-08 -0.0164142315246
121.79954718 1.29167783136e-08 -0.016405779129
121.862379033 1.29036070717e-08 -0.0163973354267
121.925210886 1.28904544816e-08 -0.0163889004037
121.988042739 1.28773200991e-08 -0.0163804740467
122.050874592 1.2864207477e-08 -0.0163720563424
122.113706445 1.28511143949e-08 -0.0163636472776
122.176538298 1.28380399644e-08 -0.0163552468388
122.239370151 1.28249872944e-08 -0.0163468550126
122.302202004 1.28119559406e-08 -0.0163384717865
122.365033857 1.27989410181e-08 -0.0163300971463
122.42786571 1.27859465238e-08 -0.0163217310794
122.490697563 1.27729729016e-08 -0.016313373573
122.553529417 1.27600183752e-08 -0.016305024613
122.61636127 1.2747084277e-08 -0.0162966841872
122.679193123 1.27341679423e-08 -0.0162883522824
122.742024976 1.27212720358e-08 -0.0162800288852
122.804856829 1.2708395225e-08 -0.0162717139828
122.867688682 1.26955383983e-08 -0.0162634075619
122.930520535 1.26827002234e-08 -0.0162551096101
122.993352388 1.26698838088e-08 -0.0162468201138
123.056184241 1.265708649e-08 -0.0162385390609
123.119016094 1.26443060466e-08 -0.0162302664381
123.181847947 1.26315464755e-08 -0.0162220022321
123.2446798 1.2618805556e-08 -0.0162137464309
123.307511653 1.26060832883e-08 -0.0162054990214
123.370343506 1.25933792283e-08 -0.0161972599903
123.43317536 1.25806973728e-08 -0.0161890293254
123.496007213 1.25680328367e-08 -0.016180807014
123.558839066 1.25553896169e-08 -0.0161725930431
123.621670919 1.25427619402e-08 -0.0161643874002
123.684502772 1.25301538034e-08 -0.0161561900727
123.747334625 1.25175660948e-08 -0.0161480010479
123.810166478 1.25049965938e-08 -0.0161398203131
123.872998331 1.24924453004e-08 -0.0161316478562
123.935830184 1.24799148793e-08 -0.0161234836637
123.998662037 1.24674017776e-08 -0.016115327724
124.06149389 1.24549082159e-08 -0.0161071800245
124.124325743 1.24424301973e-08 -0.016099040552
124.187157596 1.24299748272e-08 -0.0160909092951
124.249989449 1.24175367766e-08 -0.0160827862405
124.312821303 1.24051178219e-08 -0.0160746713762
124.375653156 1.23927161866e-08 -0.0160665646897
124.438485009 1.23803336471e-08 -0.0160584661688
124.501316862 1.23679697595e-08 -0.0160503758013
124.564148715 1.23556231912e-08 -0.0160422935744
124.626980568 1.23432957189e-08 -0.0160342194767
124.689812421 1.23309868982e-08 -0.0160261534947
124.752644274 1.23186962853e-08 -0.0160180956171
124.815476127 1.23064234359e-08 -0.0160100458318
124.87830798 1.22941701264e-08 -0.0160020041255
124.941139833 1.22819336923e-08 -0.0159939704877
125.003971686 1.22697172422e-08 -0.0159859449051
125.066803539 1.22575172234e-08 -0.0159779273659
125.129635392 1.22453363005e-08 -0.0159699178581
125.192467246 1.22331740293e-08 -0.0159619163698
125.255299099 1.22210281894e-08 -0.0159539228888
125.318130952 1.22089010013e-08 -0.0159459374027
125.380962805 1.21967915767e-08 -0.0159379598999
125.443794658 1.21847008039e-08 -0.0159299903688
125.506626511 1.21726269064e-08 -0.0159220287967
125.569458364 1.2160572993e-08 -0.0159140751722
125.632290217 1.21485328464e-08 -0.0159061294837
