# Status file for ctqmc. Used to save all times t_s, t_e.
2
34
3.199854623385287 1.954456693480509 0 0
3.797952903428048 3.534024948648642 0 0
4.297532616156197 4.009681509301197 0 0
7.522541354603685 4.630950448947143 0 0
8.163367114215431 7.942800783083092 0 0
9.849441430700649 9.789203394461506 0 0
10.16495649178723 10.13823539489453 0 0
12.15815564762426 12.06422895037567 0 0
14.02392512130509 13.86227953630255 0 0
14.84697189743764 14.176322276842 0 0
19.87969064258742 17.16701378881544 0 0
24.19192068982085 23.88834229402785 0 0
25.12820480085449 25.06895355731296 0 0
33.88023292319007 33.53602087867663 0 0
37.0992311446924 34.0906586259624 0 0
37.79580322816442 37.72682688266674 0 0
45.18522794722861 42.37184237806756 0 0
49.14628969505382 47.69909808796909 0 0
49.94108401466663 49.37893690095851 0 0
54.31398433972463 54.21714100956368 0 0
55.85042880963534 55.24819743766228 0 0
57.06911033988485 56.45892347154086 0 0
57.4834907893274 57.40095009022776 0 0
59.39937900392499 59.02031082684388 0 0
59.51309308100748 59.48466911117318 0 0
60.46859245407823 59.91506301363879 0 0
76.67382064407767 75.97269024551665 0 0
79.66931748083148 79.38462208742665 0 0
87.71330868149342 87.64921258524707 0 0
89.85563925231732 88.62851181731837 0 0
91.1659814640731 91.13526992988619 0 0
94.17951846928261 92.96705548479098 0 0
98.32871323511462 94.38259040555805 0 0
99.75466735288553 98.48695236930585 0 0
34
2.054567169681675 3.53057289352993 0 0
3.599250437889621 6.22896120708802 0 0
6.409375193280436 7.52880174464582 0 0
8.930211794176907 9.146889445109835 0 0
9.170387112990348 9.264531955771286 0 0
13.90044250593931 13.95197438193581 0 0
13.97391536381808 14.01886571322267 0 0
16.89506393797526 19.64154055485084 0 0
23.30644596637471 23.68177259114567 0 0
26.45586602694637 26.70343924004258 0 0
28.10119178941789 28.10618800879432 0 0
33.22028515751408 37.09768818000936 0 0
41.28608956916045 41.45526642782703 0 0
42.39116251219752 45.37092388644837 0 0
46.52541069790676 46.58020903490137 0 0
46.61458905443503 46.93704430432658 0 0
47.77388297159144 47.83236944406802 0 0
47.86750423922702 48.25976346766278 0 0
48.61291936394597 49.09635678300842 0 0
53.70689632546488 53.81012539998076 0 0
55.57538106028311 55.69451190221399 0 0
56.45955396257595 56.62600332858992 0 0
56.77176298267134 57.03972017585575 0 0
58.47854861627277 58.5548494723128 0 0
60.71094891469128 60.75868450376191 0 0
63.77476192994745 63.87019683239967 0 0
69.39633715831731 69.61205743838426 0 0
77.12664821226173 78.02545826769034 0 0
86.60131937081513 86.9662377187386 0 0
88.3162199670282 90.08831242614517 0 0
92.73354510232129 96.48540530698733 0 0
96.63926797742722 98.42284104853032 0 0
98.43695213367914 99.75813539117902 0 0
99.79003027355259 99.89393835873412 0 0
