# Status file for ctqmc. Used to save all times t_s, t_e.
2
34
3.488970138870545 5.509765798178528 0 0
5.752022999282383 7.08079514057574 0 0
7.19539506649736 10.22076593538206 0 0
10.24312231885991 11.1009631154606 0 0
11.64514859790043 13.11113766455883 0 0
16.81759741033116 16.83591328319227 0 0
19.05066992263887 19.2343741510654 0 0
19.25760974307962 19.71481398777008 0 0
19.84818554323568 19.98855667659976 0 0
22.42135688291489 22.76513293753682 0 0
22.89236180258129 22.92697275349537 0 0
23.81664489987635 23.94366122122308 0 0
26.74853330791164 27.29186766091565 0 0
29.32645380754869 30.02570372889848 0 0
33.45645909289706 36.29544308815819 0 0
37.2595221853127 37.47782829473617 0 0
38.41715641753349 38.54139649842565 0 0
38.6879735961604 38.7087284118631 0 0
40.1702383193153 40.47769523559719 0 0
40.53056424078889 41.24756412342359 0 0
42.02781305635226 44.62065191229212 0 0
44.75151507870816 49.69764585408733 0 0
50.58716912176608 50.96346852591694 0 0
60.57539503193411 60.96988170669245 0 0
64.36739175162653 64.38666291205688 0 0
75.89847706833538 76.70872426806226 0 0
77.23930202495886 77.5934953001273 0 0
81.78062221077148 82.02731485145608 0 0
83.23035548044231 83.54860569895349 0 0
84.07042849717214 84.37242253458686 0 0
85.64520826498639 87.04265431066912 0 0
88.34512381217901 88.5109687078189 0 0
89.25104478796628 91.01636310923649 0 0
93.50684838058132 93.54288379864296 0 0
37
3.975013854404028 3.376904477996256 0 0
7.498920964876664 4.283811149840954 0 0
11.10982461070496 7.944065948730785 0 0
13.03021911977404 11.54760406863952 0 0
13.76891523132419 13.47545330053553 0 0
17.06948526325317 17.04916520155118 0 0
19.80433707569718 19.0557653838942 0 0
20.6670989875647 20.3942198816574 0 0
22.60212955647647 22.37340200742432 0 0
24.6014575352296 24.48537105601403 0 0
28.33175996609758 26.87888652111596 0 0
30.16686457381886 29.25321607070076 0 0
31.07224278511738 30.51097623141118 0 0
32.66661007886771 32.62992390294957 0 0
33.04246544799984 32.75807237045863 0 0
33.88497219844875 33.21484537071323 0 0
34.48359131949824 34.3627853164777 0 0
34.62656767644985 34.57010972542494 0 0
36.38707078778324 34.88140766965991 0 0
37.95912347561863 37.4480459477437 0 0
38.97320642002687 38.88388560048016 0 0
42.24460728011071 40.26647024876348 0 0
42.71528521059303 42.2718894516151 0 0
48.68456865686283 42.75563070344799 0 0
49.75757926087537 48.70725217869602 0 0
50.84470736793931 50.49920069801945 0 0
52.45537451471878 52.33438590492567 0 0
71.80340850520969 71.21936055966647 0 0
76.15672195565459 75.98889873383435 0 0
76.98880720947287 76.51408067672843 0 0
81.96365163565778 81.68713798481959 0 0
83.65236010269102 83.39729321918182 0 0
87.14945760793022 85.55037815741768 0 0
87.89106204709047 87.83308541201313 0 0
89.71590758346285 88.19780098221102 0 0
91.17149873342628 90.27546465374562 0 0
94.79703671887626 94.71292668113941 0 0
