# Status file for ctqmc. Used to save all times t_s, t_e.
8
5
13.15129995346069 13.68580460548401 0 0
17.12467934535731 17.24821925163269 0 0
22.11349010467529 22.13083939353879 0 0
58.96203517913818 58.77977013587952 0 0
59.06700491905212 59.11865234375 0 0
6
0.5733132362365723 0.6368279457092285 0 0
21.40220273595794 22.09105491638184 0 0
25.89290879722448 25.95670819282532 0 0
53.47464084625244 51.04181170463562 0 0
69.94617581367493 69.97421979904175 0 0
75.23093819618225 75.23676156997681 0 0
41
2.206629514694214 1.252955198287964 0 0
3.156107664108276 3.059506416320801 0 0
10.25213218965888 6.454383766802911 0 0
12.32503652572632 10.3202903484516 0 0
14.68820571899414 12.97600658382714 0 0
15.41212171026121 15.23995995521545 0 0
16.77582067711576 15.48641642549988 0 0
18.96130294058133 17.07825075186394 0 0
19.63043212890625 19.2219743307573 0 0
20.86959395528933 20.61352133750916 0 0
22.26237484367796 21.38120231019371 0 0
24.25623442147589 23.20471619792233 0 0
24.41015740804978 24.32348953448093 0 0
24.94198292760384 24.65458839472689 0 0
26.26731507950358 25.73759083542343 0 0
28.34022190538403 27.95660802756613 0 0
29.39802205366237 28.37056556975685 0 0
31.52391663141085 29.85797250930885 0 0
31.68443119859026 31.58415277985987 0 0
33.11166433251653 31.79063398212452 0 0
35.60860179165186 33.24965309301911 0 0
36.80237647467399 35.61444254637191 0 0
38.43364916264888 37.95428373083445 0 0
40.55453538894653 39.92154002189636 0 0
44.89706557632984 40.63833095373563 0 0
45.8417017960708 45.77891613835691 0 0
48.09999181476776 47.23260854869832 0 0
49.11037087440491 48.11108179719668 0 0
53.8686013064851 50.12013530865993 0 0
57.17664712308824 54.4101543659731 0 0
58.23483467102051 57.30588436126709 0 0
64.76134760310588 64.64846569247405 0 0
65.21930367240303 64.9392403239514 0 0
71.50071689737439 67.58463382720947 0 0
73.13102315430773 71.75500186964018 0 0
76.02451566750747 74.63333652647 0 0
79.02287341425171 76.29412050427781 0 0
92.60061979293823 83.09237815852272 0 0
97.89103458660614 93.9807822249918 0 0
98.23310182483567 98.20592403411865 0 0
98.53141206387053 98.438738680848 0 0
33
0.6716225113713343 1.618172176272512 0 0
2.757549281054987 2.771619960146794 0 0
2.948272143773332 4.994338750839233 0 0
6.077694892883301 9.764623954657496 0 0
10.43373346328735 10.46977180330862 0 0
10.71540713310242 19.91842985153198 0 0
19.9904791573085 20.67035419698104 0 0
22.31456981276939 24.18504853097638 0 0
24.39662218093872 24.57695330439105 0 0
27.67080068588257 27.94857621192932 0 0
28.24006223186792 28.82632331820362 0 0
30.83768012896696 33.36672036608575 0 0
33.73984650306218 34.24849510192871 0 0
34.34941056240249 35.36735851213422 0 0
35.57842719385296 35.59377193450928 0 0
35.83531975746155 36.23482584953308 0 0
37.37642329892985 37.51751632113028 0 0
43.50348711013794 44.06855200173475 0 0
48.24721715496377 48.3262326931084 0 0
48.66675542756983 48.86722564697266 0 0
50.12313950594934 54.95107149988394 0 0
55.00514620047819 56.56789764998052 0 0
60.30045247593246 61.38259416941714 0 0
61.44117259127378 62.55710124969482 0 0
62.53560902834801 63.76648072317614 0 0
63.71292471885681 71.3980495929718 0 0
71.58733606338501 71.70630097389221 0 0
72.05825524335597 72.78187517127216 0 0
73.30367827308174 84.44835142644706 0 0
89.38958048820496 91.36661291122437 0 0
94.34151649475098 95.30434608459473 0 0
96.08051456303683 96.11436724662781 0 0
96.47914434266745 98.20649708271215 0 0
42
0.78474547914392 0.4421635078565564 0 0
0.9749165320509013 0.8192098902049609 0 0
1.069504216615241 1.037193645426155 0 0
3.997110168555744 3.887293547804038 0 0
5.021807177224455 4.171276012374911 0 0
5.375067373064016 5.166858749328277 0 0
6.983280181884766 6.136804819107056 0 0
12.05079449053915 11.86046085243231 0 0
12.44097887581407 12.10033043196947 0 0
13.94078162964598 12.69723617992455 0 0
14.89349007606506 14.01091814041138 0 0
17.08263423822333 15.86186751235132 0 0
17.41287826953296 17.08354353904724 0 0
22.26146992054224 17.50091725191556 0 0
24.77733819109553 22.25272240639237 0 0
28.31147313117981 25.54617352097003 0 0
30.92357255226225 28.7464439868927 0 0
33.16148523592069 31.78218603134155 0 0
34.44613939729145 33.61174139050829 0 0
36.21893535909619 34.49715353646194 0 0
41.26166728710476 39.10202251823458 0 0
51.41457820560541 51.50325858254376 0 0
51.93400554021644 52.09795649722533 0 0
52.38432288169861 53.05013656616211 0 0
56.23518228530884 55.91229796409607 0 0
57.30379223823547 56.70061111450195 0 0
60.29192209243774 58.61114859580994 0 0
62.9572331905365 60.39191687909593 0 0
66.1748134104144 63.7883722782135 0 0
71.59541249275208 66.19706153869629 0 0
74.19600342570902 72.03100323677063 0 0
78.23519110679626 76.83228556094431 0 0
79.94953582389655 78.71283888816833 0 0
80.89477876100975 80.28007573040554 0 0
84.1267126625177 81.26016585231224 0 0
90.17022848129272 89.16153717051226 0 0
91.56924486160278 90.35133185494979 0 0
95.24351820458921 91.66674971014704 0 0
95.64068626380387 95.56624527985429 0 0
96.50369080198853 95.88593713151189 0 0
97.11110591888428 96.57342898098642 0 0
98.43579194033789 97.3810613155365 0 0
31
2.177125215530396 2.622818946838379 0 0
7.947676733710124 7.720070518380803 0 0
10.78268733686592 11.21166439072523 0 0
13.73698937429928 14.38747222485083 0 0
17.05522792854919 17.47133438680176 0 0
17.91400192674879 19.46812571177236 0 0
22.43645929728191 22.45692544795437 0 0
25.33229989147264 26.75458788871765 0 0
27.53976557864909 28.3001184463501 0 0
28.51880788803101 32.09788998793258 0 0
32.53138529373647 33.18164048273656 0 0
33.55704247397562 37.04415559768677 0 0
37.02631592750549 39.14273977279663 0 0
39.02822136878967 43.06830882139637 0 0
44.47498077055094 44.95090704080913 0 0
45.3098781398687 45.6843665233754 0 0
47.11284088323393 48.99917646458757 0 0
53.70583574900536 53.79558205604553 0 0
57.15974944138453 58.22226256731358 0 0
59.86406207084656 59.94095773120924 0 0
62.10073232650757 62.11570501327515 0 0
63.09224831909503 63.29899430274963 0 0
64.63571786880493 64.79178667068481 0 0
68.05904507637024 68.81385445594788 0 0
69.27312016487122 69.91420388221741 0 0
72.67213463783264 73.46219420433044 0 0
76.84018293695318 79.26739806433574 0 0
82.84734270846585 84.35626029968262 0 0
84.81192588806152 88.57910434595296 0 0
88.74386311381456 94.82832551002502 0 0
95.01532316207886 99.49184139603346 0 0
34
1.513344049453735 2.090364694595337 0 0
3.292232751846313 3.478129904262062 0 0
3.513380894030989 3.661484310585001 0 0
11.41111850738525 11.55997514724731 0 0
17.37660484010613 17.92105072058625 0 0
18.62530632253618 19.05328631401062 0 0
20.35206894377923 21.62316910631673 0 0
25.56171118580881 26.99972236387177 0 0
29.54203364371173 29.80563176130072 0 0
32.28822710889801 32.32165575027466 0 0
35.43480619525042 35.51072478294373 0 0
35.90005375370313 36.27411906714624 0 0
45.21987438201904 45.18586993217468 0 0
45.90152104911567 45.41658759117126 0 0
46.41788992055272 46.98883416336938 0 0
47.79430162545896 47.91025586003635 0 0
49.22463658453739 49.40556456913455 0 0
51.54911663593148 52.27512218203587 0 0
55.71037998185162 56.35786647321645 0 0
57.16661214828491 57.40335530108106 0 0
58.49641561508179 58.54060649871826 0 0
59.85116362571716 59.86831188201904 0 0
66.71370267868042 66.74039959907532 0 0
69.92642628984507 69.87963941286785 0 0
70.88920212097686 70.89643506807141 0 0
72.25842324947239 72.95476930010329 0 0
73.17947408109592 73.2277270462545 0 0
73.31743815580346 73.57302606320262 0 0
73.81595523138054 74.28144081450313 0 0
79.15312051773071 79.18996172859518 0 0
80.02220613396318 80.42713461358844 0 0
82.44370818138123 82.45221376419067 0 0
85.01801490783691 85.16733050346375 0 0
86.28659549315573 86.29710624349264 0 0
29
6.482473675006741 6.863797109133053 0 0
10.22986284912375 10.34862995147705 0 0
11.36928952885444 11.43276858306406 0 0
11.99445858135823 12.06177910290517 0 0
12.80674338340759 13.6247456073761 0 0
15.66789959218937 16.08650088310242 0 0
21.8232558301325 21.88858567616307 0 0
23.91776605465417 24.06500915340232 0 0
24.30074522330324 24.51521417133343 0 0
26.24208927154541 26.37281894853816 0 0
27.4481475353241 27.47866938030296 0 0
28.98268305997753 29.2610579841129 0 0
31.30370378494263 31.53916597366333 0 0
33.40946684228204 33.48582459546496 0 0
40.28105735778809 41.27001762390137 0 0
44.83075443045786 44.8777660852318 0 0
48.01221085483912 48.12422394752502 0 0
57.93449878692627 58.18202340563105 0 0
58.38386326848919 58.54489820183678 0 0
61.10538981098004 61.61431030370688 0 0
62.03973629588364 62.04518979161497 0 0
62.11531162261963 62.21073233158346 0 0
65.44448074995159 65.50075252232045 0 0
80.51268445826399 81.26286177026275 0 0
92.46919747290063 93.02243590354919 0 0
94.90295567838227 95.06168961524963 0 0
95.19790587365749 95.42272090911865 0 0
96.55737378295932 96.79064750671387 0 0
97.9010631393102 97.99987190368509 0 0
