# Status file for ctqmc. Used to save all times t_s, t_e.
8
7
2.325737476348877 2.361428737640381 0 0
22.84945249557495 22.75229692459106 0 0
29.91714477539062 29.81202602386475 0 0
30.61912595516663 29.95281219482422 0 0
34.51186216296067 34.95582763858788 0 0
35.10354096119703 35.52535570995817 0 0
35.64608709569959 36.07493042945862 0 0
4
32.48115996629366 32.50466643820819 0 0
52.1990389095299 52.64880657196045 0 0
58.3695113658905 58.70208740234375 0 0
66.85800174981722 66.98461174964905 0 0
36
7.550132807346039 0.7693369967644728 0 0
7.940070649392272 7.884870187507609 0 0
13.10574142824013 7.954544167748335 0 0
14.4203481815293 13.66755686669865 0 0
15.69633282000808 14.93597217572637 0 0
17.96625852584839 15.86695886071809 0 0
18.44524438857851 18.34955811500549 0 0
18.66580881688717 18.52727296300098 0 0
21.42772078514099 19.6769248629171 0 0
22.34387388658488 22.28436470031738 0 0
23.06013107299805 22.46123696015603 0 0
24.67592015351816 24.61521618783287 0 0
26.93043512249395 25.3037879524198 0 0
27.70845553760087 27.37618992679323 0 0
31.88498020172119 31.88903331756592 0 0
35.69585224848862 37.70121612841777 0 0
38.2455211889415 38.88593126712084 0 0
39.30845111258672 39.795918441353 0 0
39.8381233215332 40.19285440444946 0 0
42.20209717750549 42.67687797546387 0 0
47.50213623046875 47.06171805919271 0 0
49.64748412228133 50.29965347824685 0 0
53.00534963607788 52.88518667221069 0 0
61.87014579772949 57.21956139260047 0 0
62.78994584050542 62.03225255012512 0 0
68.91169548034668 62.88323569335872 0 0
71.9503700820888 68.9573710312854 0 0
73.70855680820436 73.32733195559535 0 0
74.836836822682 73.79023480419046 0 0
76.0416279304405 75.14067245782825 0 0
77.44563221931458 76.35674028944301 0 0
80.99010459439526 78.96800281111922 0 0
85.96910238265991 85.92669109631727 0 0
88.99881839752197 85.98997931343817 0 0
95.11491656303406 89.18453454971313 0 0
99.5684802532196 95.42688610089165 0 0
45
0.6968140602111816 0.8368672326343275 0 0
1.326611921793196 1.452554553945569 0 0
5.695612296007956 5.921465158462524 0 0
8.900119976502205 8.944211473017427 0 0
10.12934148227157 11.36879703690162 0 0
11.79004491271253 11.8058986455037 0 0
12.41693387195226 12.51437614589022 0 0
12.55297708406886 12.77794628912702 0 0
12.8145684918003 13.64492380117455 0 0
13.94598002106358 15.39213349946685 0 0
16.11685752868652 18.64359974861145 0 0
19.30654644966125 20.1202929019928 0 0
24.50670880620262 24.76163454338938 0 0
26.61996886362346 26.80020332336426 0 0
27.56680285310798 30.22021832183839 0 0
30.31451106071472 30.35065531730652 0 0
31.10705070022846 38.23707103729248 0 0
37.96282997489728 47.25651727110691 0 0
47.14253307510998 48.09842712888266 0 0
48.80273889275256 52.97139159109179 0 0
57.75595102808339 58.41354727745056 0 0
58.51437638111757 59.68372213617673 0 0
63.1848258173747 63.78057898188208 0 0
64.79381322860718 64.79478379641225 0 0
66.11098872812981 66.64025508839626 0 0
68.90445860088172 69.33135715140621 0 0
69.60696150344086 69.73532508281842 0 0
72.74072411132545 72.89800874296444 0 0
73.00608623120495 73.08126453474411 0 0
74.78999137214807 74.79435848831034 0 0
75.1580826290551 75.51277952485083 0 0
76.28240575075107 77.53101132461894 0 0
77.5919727805499 77.79222962546149 0 0
78.03219184062638 78.12694048974807 0 0
80.14721274375916 80.37811025104548 0 0
80.48876544821385 80.97525454975273 0 0
82.59682059288025 82.60652422904968 0 0
82.73389921621437 82.735675573349 0 0
82.85747573832089 83.10541161365394 0 0
83.36689115771755 88.61690270244124 0 0
90.35379845764633 91.53045118707799 0 0
91.88283958170678 92.15813875198364 0 0
93.98218915534112 94.85735182278083 0 0
94.93301912823395 95.59341669082642 0 0
95.68515874555814 98.50610052478886 0 0
33
3.283675194192206 3.014189004898071 0 0
6.46023031585672 6.636704168854054 0 0
8.352565832434205 8.705971036718223 0 0
9.874769791031072 9.515098981650315 0 0
11.58842808846006 11.42762303352356 0 0
14.40401337986652 13.80004878668939 0 0
15.02501344970882 14.53647712160626 0 0
16.0896718093767 15.15602386942292 0 0
20.04814743995667 17.17574223031846 0 0
21.61526820709192 20.9072979829138 0 0
22.23063426276245 21.78325338749651 0 0
26.59236839342753 26.30627338407239 0 0
27.81171798706055 27.63227005670463 0 0
28.14929731846258 27.94536821161144 0 0
29.61829683729828 28.20879911252724 0 0
31.1477033533249 30.9560389202914 0 0
38.39597072376588 31.1989145449102 0 0
53.66243093024821 35.67552924956983 0 0
57.31475353240967 53.71391177177429 0 0
58.30128115448048 57.35557675361633 0 0
61.77724599838257 61.66200129568504 0 0
66.41760468482971 65.44494032859802 0 0
67.46417284011841 67.39538717895158 0 0
68.34693732861611 67.98409057020424 0 0
70.01731581666768 69.18414348146413 0 0
76.48632423691087 75.32073347932091 0 0
78.90831828117371 76.84913434855518 0 0
84.99157749518034 82.92933702468872 0 0
85.99793910980225 85.28898283319822 0 0
87.23674782927543 86.28515910339793 0 0
89.70987200737 87.56523944678688 0 0
94.44689611410853 94.46385296354948 0 0
95.3026294708252 94.68944668769836 0 0
36
1.229413712234173 1.468485572585052 0 0
1.61214010969368 3.156503958483028 0 0
3.716486692428589 9.974783658981323 0 0
12.04106882505707 12.45929002761841 0 0
12.56867051124573 12.72652630651382 0 0
13.68632874928153 14.62730169296265 0 0
16.29151701927185 16.54626118437508 0 0
17.50832200050354 17.96549292849097 0 0
20.78021611193117 21.18450386904323 0 0
23.35653931540922 23.43515487800154 0 0
24.52985644340515 24.65478777885437 0 0
26.83181643063217 26.87317132949829 0 0
41.46351248835756 41.1936045502688 0 0
43.89809966087341 44.10501718521118 0 0
53.45579175368461 53.52573394775391 0 0
53.78415339402721 53.90700562567439 0 0
55.48367991758191 55.56675791740417 0 0
55.80077743433507 56.19971752166748 0 0
56.18109703063965 58.50493522997224 0 0
61.98812264367746 62.38183205466954 0 0
63.0007803440094 63.48680224973259 0 0
63.78052581860169 63.91794967227001 0 0
64.99531269073486 66.07477068901062 0 0
66.28358617384583 66.45138869964363 0 0
67.02168583869934 67.31424331665039 0 0
68.42755187065777 68.61514506045509 0 0
68.74402761459351 68.95899176597595 0 0
75.72320771229457 79.84805107116699 0 0
84.12023415001532 84.34986559701088 0 0
85.00277930101528 86.03629214969702 0 0
86.12749456143827 87.25527743173416 0 0
87.36255893791558 87.86836862564087 0 0
89.17994499206543 89.91327881813049 0 0
94.73633018962927 95.4015599220504 0 0
97.91155309867209 98.19194887636685 0 0
98.99251327850911 99.91849723963409 0 0
43
0.9386513823099327 1.138397954313252 0 0
1.722838412529726 2.059974209342596 0 0
3.67504358291626 3.772947265557639 0 0
4.078849923121197 4.437345266342163 0 0
5.241072177886963 5.24526834487915 0 0
13.41941952705383 13.63473534584045 0 0
20.72891505367418 20.8093523979187 0 0
21.81724758581661 21.90737439941271 0 0
26.80760191238945 26.83352056532191 0 0
26.96068174720094 27.75771855159973 0 0
28.67118583278331 28.8303017616272 0 0
29.18136119842529 29.68276580993372 0 0
30.64519188622567 30.67574085749274 0 0
31.11190942411683 31.13828492120517 0 0
34.63226214011453 34.38604240151473 0 0
36.23416417684992 34.73590325015546 0 0
37.49705403202128 37.96214802317379 0 0
38.08460383379286 38.16120623041157 0 0
38.2066011428833 38.48226549188063 0 0
40.46409726142883 40.5354917049408 0 0
42.80445575714111 43.08713674545288 0 0
43.28489899635315 43.28696727752686 0 0
46.50606513023376 46.60217965289495 0 0
48.00649285316467 48.0125219867426 0 0
53.63694415421492 53.86365652084351 0 0
54.42949212482944 54.55443561206721 0 0
57.01017379760742 57.90298581123352 0 0
60.25118231773376 61.1812617743975 0 0
61.72746954127009 61.7575344639457 0 0
63.79206776618958 65.79884157975295 0 0
67.83519778718193 68.62681297947013 0 0
69.39785884102298 69.896328999389 0 0
69.96827579162047 71.16920679472264 0 0
71.66612158509575 71.72680362541134 0 0
73.36388299716013 74.10029165217829 0 0
74.38814043998718 74.4547723180907 0 0
78.60212922096252 78.74841690063477 0 0
79.836374923923 79.98954271807868 0 0
83.15808176994324 83.17664414043936 0 0
89.87131118774414 89.93020057678223 0 0
90.30431528655285 90.4459141006097 0 0
91.23281935749939 93.18485036504647 0 0
98.73897610025021 98.85770670413579 0 0
34
2.998656553858619 3.054120457676309 0 0
6.821459531784058 7.645142078399658 0 0
7.948648929595947 8.083837300565495 0 0
8.251941204071045 8.37058823244374 0 0
8.894688981006867 8.738464117050171 0 0
9.980661165886831 10.2134873969968 0 0
12.23861495527893 12.40253894631459 0 0
12.78704842955136 13.02108016121567 0 0
19.60158013746331 20.04704654776843 0 0
20.23733258247375 21.48215851369416 0 0
25.97037553787231 26.00041627883911 0 0
29.58618867937695 30.23989478209721 0 0
41.54758639866687 41.7351211845175 0 0
42.16881931378639 42.24199582488738 0 0
42.70585468980742 43.12852370337547 0 0
44.36431194180795 44.38234702406094 0 0
47.19304214200404 47.22501770935855 0 0
47.4010464297543 47.48683842252341 0 0
48.6293826361233 48.65233302116394 0 0
49.6106762502198 49.44892047640235 0 0
51.96064429074461 52.00484643030094 0 0
52.81393261624447 52.97182202339172 0 0
58.92732413594821 58.93083540201257 0 0
59.40072536468506 59.47041511535645 0 0
62.45726346969604 62.77108788490295 0 0
69.92282867431641 70.21785378456116 0 0
74.10522103309631 74.78171586990356 0 0
76.93703280082849 77.34829657839417 0 0
77.72889975895227 78.35543409203203 0 0
85.67991852760315 84.82691572249574 0 0
89.16438817977905 89.3801212310791 0 0
89.98793941192979 90.55421352386475 0 0
94.24671195930931 93.95078812564107 0 0
99.03137514716653 99.08195777679119 0 0
