-1.800000000000201084e+01 2.656705974170222102e-08
-1.768637079511795918e+01 4.074010810011016315e-08
-1.738314684757837725e+01 5.029170850893776527e-08
-1.708981328123576660e+01 3.559074273815835772e-08
-1.680588863433072433e+01 6.610215499079539721e-08
-1.653092219204418001e+01 8.770391826183778535e-08
-1.626449157056260830e+01 1.004236209314754066e-07
-1.600620052541652782e+01 1.426373556951372281e-07
-1.575567696017295916e+01 1.763323956226255146e-07
-1.551257111443442049e+01 2.173707641504879619e-07
-1.527655391258613626e+01 2.155612910400485686e-07
-1.504731545689701200e+01 2.437502384327411508e-07
-1.482456365046278535e+01 3.753005841610676889e-07
-1.460802293712368716e+01 4.145013518922803254e-07
-1.439743314692604947e+01 4.169390044097898945e-07
-1.419254843695589230e+01 5.046184199755421494e-07
-1.399313631847824624e+01 6.095584860598012944e-07
-1.379897676228727654e+01 6.505967805937746836e-07
-1.360986137502872673e+01 7.285470780335658880e-07
-1.342559264001182306e+01 8.013153381252904741e-07
-1.324598321669588152e+01 9.662337687747366211e-07
-1.307085529362816168e+01 1.071561243978608455e-06
-1.290003999013476133e+01 1.218513139711015313e-06
-1.273337680253193582e+01 1.306812318570621458e-06
-1.257071309104041035e+01 1.497083845171945552e-06
-1.241190360395464154e+01 1.635529040302414843e-06
-1.225681003594876195e+01 1.864036248699483040e-06
-1.210530061769597765e+01 1.895775262496805541e-06
-1.195724973424155202e+01 2.217371405146380499e-06
-1.181253756980619762e+01 2.316380742598272273e-06
-1.167104977690866718e+01 2.406325691428769204e-06
-1.153267716788677255e+01 2.635231993276803270e-06
-1.139731542706779699e+01 3.084052940459472819e-06
-1.126486484199332239e+01 3.171637885669520618e-06
-1.113523005224293527e+01 3.544913285968341143e-06
-1.100831981452695096e+01 3.762081584952137934e-06
-1.088404678283180083e+01 3.681210247126058000e-06
-1.076232730250476877e+01 4.431135754149953328e-06
-1.064308121725769141e+01 4.428755725445115884e-06
-1.052623168815380517e+01 4.790578219951423198e-06
-1.041170502371859463e+01 4.931259266764427704e-06
-1.029943052038521678e+01 5.108478590963682866e-06
-1.018934031254830330e+01 5.482328266677580460e-06
-1.008136923155793951e+01 5.570179088381596813e-06
-9.975454673037956965e+00 5.867321218460963188e-06
-9.871536471960840942e+00 6.262768183849130925e-06
-9.769556784955334194e+00 6.417702829309535882e-06
-9.669459979362780899e+00 6.923548736720218187e-06
-9.571192528595137361e+00 7.028901308789215995e-06
-9.474702913380864899e+00 7.308751301811625770e-06
-9.379941528515811200e+00 7.788183169644979659e-06
-9.286860594764403842e+00 7.780724720116675178e-06
-9.195414075582201363e+00 8.413160893655939450e-06
-9.105557598354884874e+00 8.506241227843697886e-06
-9.017248379870389741e+00 8.968822729232795330e-06
-8.930445155761116638e+00 8.000538359188996571e-06
-8.845108113671695804e+00 9.261158180766289395e-06
-8.761198829924738973e+00 9.547368456129580144e-06
-8.678680209472876328e+00 9.755338388562515776e-06
-8.597516428939853128e+00 1.017733696420494110e-05
-8.517672882566811765e+00 1.056684238125921632e-05
-8.439116130892410084e+00 1.081295530666495298e-05
-8.361813852006719117e+00 1.080397021966515368e-05
-8.285734795229661387e+00 1.117903739595531790e-05
-8.210848737074378789e+00 1.145686487936722576e-05
-8.137126439365120589e+00 1.170424359826601458e-05
-8.064539609387715302e+00 1.196692609111864436e-05
-7.993060861958362295e+00 1.310940066953457266e-05
-7.922663683303976967e+00 1.223105429139745664e-05
-7.853322396653874549e+00 1.277979687387073039e-05
-7.785012129448951157e+00 1.305525449451398178e-05
-7.717708782080378249e+00 1.368623812125603947e-05
-7.651388998075133507e+00 1.304480893808873437e-05
-7.586030135650944750e+00 1.362825373993405842e-05
-7.521610240567749628e+00 1.409104873811237823e-05
-7.458108020207273370e+00 1.428077443352984752e-05
-7.395502818816379609e+00 1.458353578244276762e-05
-7.333774593853726209e+00 1.409385735917233380e-05
-7.272903893382695273e+00 1.462002785938184006e-05
-7.212871834457117437e+00 1.499886032824426965e-05
-7.153660082449187385e+00 1.544217201946742536e-05
-7.095250831272068126e+00 1.583788347474482275e-05
-7.037626784452278628e+00 1.639112152426010625e-05
-6.980771137009643468e+00 1.479378404482108733e-05
-6.924667558104775189e+00 1.594558497140966755e-05
-6.869300174416541616e+00 1.626264053939650516e-05
-6.814653554213885300e+00 1.659240051915950777e-05
-6.760712692088343800e+00 1.625818926458212133e-05
-6.707462994315648963e+00 1.700895577101476196e-05
-6.654890264816202716e+00 1.346460108347749155e-05
-6.602980691686176407e+00 1.755848818374540225e-05
-6.551720834272277472e+00 1.865904946651054748e-05
-6.501097610764786872e+00 1.739845854495563943e-05
-6.451098286284775440e+00 1.782027796597720654e-05
-6.401710461442654321e+00 1.829785793371705102e-05
-6.352922061346510496e+00 1.807981084377924971e-05
-6.304721325039668756e+00 1.750416107157838118e-05
-6.257096795348075169e+00 1.814227312932068431e-05
-6.210037309119101678e+00 1.771583225924688648e-05
-6.163531987834188541e+00 1.859223620285002835e-05
-6.117570228578837366e+00 1.833580860337100788e-05
-6.072141695354100754e+00 1.845180915633031136e-05
-6.027236310714632950e+00 1.890418168469945465e-05
-5.982844247719062203e+00 2.076547719423216975e-05
-5.938955922179146363e+00 1.990332773949269579e-05
-5.895561985194874843e+00 1.895300199287899921e-05
-5.852653315963272540e+00 2.051219541019505386e-05
-5.810221014849253685e+00 1.875624473174730312e-05
-5.768256396707496236e+00 2.045139160868044827e-05
-5.726750984444712422e+00 2.044897433362700531e-05
-5.685696502812374042e+00 1.885746695621942501e-05
-5.645084872420248701e+00 2.021797022620679590e-05
-5.604908203961667112e+00 2.015566381104098211e-05
-5.565158792641851981e+00 2.051492263307246803e-05
-5.525829112800970222e+00 1.970481173848397241e-05
-5.486911812724083681e+00 2.074861368584452769e-05
-5.448399709630409760e+00 2.025069534536424226e-05
-5.410285784834729661e+00 2.005331778776369694e-05
-5.372563179074079542e+00 2.151976851246214574e-05
-5.335225187993163587e+00 2.085461778080398155e-05
-5.298265257782246884e+00 2.125850083945658635e-05
-5.261676980961550676e+00 1.935616975066052479e-05
-5.225454092306433651e+00 2.130527320556145925e-05
-5.189590464907923639e+00 2.137428623581560358e-05
-5.154080106363324809e+00 2.043870340796712342e-05
-5.118917155092023386e+00 2.152727331512190032e-05
-5.084095876771596245e+00 2.094927336067841519e-05
-5.049610660889740643e+00 2.214696968357799932e-05
-5.015456017407655231e+00 2.319562807930327866e-05
-4.981626573530626878e+00 1.975993675368457555e-05
-4.948117070581910859e+00 2.163555747371362378e-05
-4.914922360976011539e+00 2.127564828365257872e-05
-4.882037405287712239e+00 1.994523833609072760e-05
-4.849457269413337102e+00 1.990625591365697056e-05
-4.817177121820895636e+00 2.180917489262287955e-05
-4.785192230885824571e+00 2.171236736952474576e-05
-4.753497962309302771e+00 2.278967530686883017e-05
-4.722089776616123835e+00 2.279369993689070402e-05
-4.690963226729293112e+00 2.295685635888029745e-05
-4.660113955618596648e+00 2.146890920338307150e-05
-4.629537694020590344e+00 2.411371930603907997e-05
-4.599230258227382961e+00 2.117950256543598832e-05
-4.569187547941903738e+00 2.303294021615670653e-05
-4.539405544197283149e+00 2.056868981668922691e-05
-4.509880307338105077e+00 2.259158637803183168e-05
-4.480607975061465353e+00 2.228789148778275312e-05
-4.451584760515686412e+00 2.260762472189955616e-05
-4.422806950454783781e+00 2.285919490044333805e-05
-4.394270903446768628e+00 2.185250302696492062e-05
-4.365973048133954926e+00 2.195562657817973782e-05
-4.337909881543509094e+00 2.234397681990317572e-05
-4.310077967446587444e+00 2.229236817282950991e-05
-4.282473934764412071e+00 2.376869759644538530e-05
-4.255094476019731786e+00 2.284662549512073330e-05
-4.227936345832168819e+00 2.806574820480735159e-05
-4.200996359456015128e+00 2.145566513499864018e-05
-4.174271391359062555e+00 2.394968414342681331e-05
-4.147758373841154089e+00 2.338844969556261107e-05
-4.121454295691163061e+00 2.345728768579833615e-05
-4.095356200881122177e+00 2.292040980752617143e-05
-4.069461187296388616e+00 2.246181477447607174e-05
-4.043766405500584860e+00 2.292065789006965927e-05
-4.018269057534298305e+00 2.325881924361186993e-05
-3.992966395746416985e+00 2.194567944076959441e-05
-3.967855721657088441e+00 2.242012700067348561e-05
-3.942934384851309204e+00 2.142044489679979493e-05
-3.918199781902168777e+00 2.226597147457123267e-05
-3.893649355322847061e+00 2.268946066950449508e-05
-3.869280592546462394e+00 2.540545079634184633e-05
-3.845091024932894896e+00 2.276055671040752207e-05
-3.821078226801797317e+00 2.356442140173443356e-05
-3.797239814490932730e+00 2.362528962980228013e-05
-3.773573445439120100e+00 2.361733486753512024e-05
-3.750076817293014120e+00 2.291693165190433437e-05
-3.726747667036997225e+00 2.403835774661706513e-05
-3.703583770145510101e+00 2.443807104523150825e-05
-3.680582939757102157e+00 2.055543846673620815e-05
-3.657743025869630404e+00 2.431999304072699931e-05
-3.635061914555887341e+00 2.485062835704643263e-05
-3.612537527199123133e+00 2.665984294740021221e-05
-3.590167819747855482e+00 2.327635105248490130e-05
-3.567950781989368547e+00 2.409209055971400670e-05
-3.545884436841426179e+00 2.401263122514013689e-05
-3.523966839661581307e+00 2.404690484235429577e-05
-3.502196077573649369e+00 2.434763877263913557e-05
-3.480570268810808887e+00 2.314511108229388897e-05
-3.459087562074850908e+00 2.432705504476163886e-05
-3.437746135911134981e+00 2.547881431557048881e-05
-3.416544198098792506e+00 2.564884819750840039e-05
-3.395479985055740890e+00 2.352502816186030093e-05
-3.374551761258098193e+00 2.531647759471943805e-05
-3.353757818673582580e+00 2.661850020986112291e-05
-3.333096476208523118e+00 2.442934409584653194e-05
-3.312566079168071553e+00 2.443721605368553521e-05
-3.292164998729279812e+00 2.383217183803519335e-05
-3.271891631426664837e+00 2.535475204793863799e-05
-3.251744398649922374e+00 2.456214893114712496e-05
-3.231721746153456643e+00 2.701340547924857333e-05
-3.211822143577407918e+00 2.481829187576136181e-05
-3.192044083979844071e+00 2.504760642841426913e-05
-3.172386083379843402e+00 2.618356295424906707e-05
-3.152846680311138350e+00 2.482725191353643595e-05
-3.133424435386072737e+00 2.529191805740116646e-05
-3.114117930869558570e+00 2.393934676309157102e-05
-3.094925770262795250e+00 2.602005689958053155e-05
-3.075846577896469647e+00 2.632206546967394593e-05
-3.056878998533198555e+00 2.727555803238282037e-05
-3.038021696978961295e+00 2.732474998645518380e-05
-3.019273357703287086e+00 2.365542150135882993e-05
-3.000632684467968048e+00 2.565744045022233362e-05
-2.982098399964077995e+00 2.663151359434565792e-05
-2.963669245457069223e+00 2.666965613376291730e-05
-2.945343980439752762e+00 2.621951273681303378e-05
-2.927121382292947160e+00 2.640949922407190281e-05
-2.909000245953597297e+00 2.568162875073346467e-05
-2.890979383590179363e+00 2.583815885323459841e-05
-2.873057624285205058e+00 2.659920022424482150e-05
-2.855233813724623815e+00 2.634460185417146773e-05
-2.837506813893987179e+00 2.872515119293289905e-05
-2.819875502781155951e+00 2.641787441264706782e-05
-2.802338774085429751e+00 2.773967778255804798e-05
-2.784895536932901372e+00 2.670706231372646167e-05
-2.767544715597910265e+00 2.716775662542295558e-05
-2.750285249230413953e+00 3.139329534758779252e-05
-2.733116091589155250e+00 2.436177574025241236e-05
-2.716036210780464089e+00 2.779176967082469575e-05
-2.699044589002566052e+00 2.732614749426354636e-05
-2.682140222295249732e+00 2.788132680239567768e-05
-2.665322120294779662e+00 2.734207207951452038e-05
-2.648589305993904297e+00 2.753295303155351575e-05
-2.631940815506855547e+00 2.824110243385507166e-05
-2.615375697839200431e+00 2.886304121425101762e-05
-2.598893014662444045e+00 3.249870621870805149e-05
-2.582491840093254609e+00 2.786205836427040910e-05
-2.566171260477212002e+00 3.220789346207878146e-05
-2.549930374176959447e+00 3.144453575364741164e-05
-2.533768291364664638e+00 2.971322678407234099e-05
-2.517684133818677505e+00 3.205428337386185308e-05
-2.501677034724291371e+00 3.116885055700123155e-05
-2.485746138478510670e+00 3.145223831385679048e-05
-2.469890600498723998e+00 3.152844705990533094e-05
-2.454109587035200768e+00 3.159768540237054311e-05
-2.438402274987315543e+00 3.009049873854565568e-05
-2.422767851723407695e+00 4.224955730014048552e-05
-2.407205514904207533e+00 3.360482025143072767e-05
-2.391714472309731221e+00 3.418395111959154095e-05
-2.376293941669569421e+00 2.850777702843809320e-05
-2.360943150496495058e+00 3.263803715648358001e-05
-2.345661335923311608e+00 3.238905866237504482e-05
-2.330447744542858413e+00 3.353928921706612724e-05
-2.315301632251118846e+00 3.473040345631323386e-05
-2.300222264093345625e+00 3.760094611994467675e-05
-2.285208914113144640e+00 2.813394389574849823e-05
-2.270260865204440481e+00 3.412852818363276550e-05
-2.255377408966269037e+00 3.190468714039898811e-05
-2.240557845560325223e+00 3.351905009264386832e-05
-2.225801483571210770e+00 3.492297383447386474e-05
-2.211107639869315467e+00 3.605790457217583476e-05
-2.196475639476279440e+00 3.622912111959869323e-05
-2.181904815432973432e+00 3.746017191442191097e-05
-2.167394508669943320e+00 3.739587569141565826e-05
-2.152944067880271817e+00 3.714473386764600960e-05
-2.138552849394784516e+00 4.867082512278598074e-05
-2.124220217059574090e+00 4.036408555592668426e-05
-2.109945542115772454e+00 3.842204864577707573e-05
-2.095728203081529628e+00 3.761778713167716903e-05
-2.081567585636154849e+00 3.917831762587030398e-05
-2.067463082506362237e+00 3.823571215552853399e-05
-2.053414093354584136e+00 4.159430261806592287e-05
-2.039420024669305942e+00 3.949100390001194437e-05
-2.025480289657382471e+00 4.096998556725406983e-05
-2.011594308138276332e+00 3.903835927410724446e-05
-1.997761506440205226e+00 4.408053593147039047e-05
-1.983981317298131319e+00 4.041887914864474409e-05
-1.970253179753569617e+00 4.470173034549440675e-05
-1.956576539056167352e+00 4.596710468209406358e-05
-1.942950846567025547e+00 4.839964344594856324e-05
-1.929375559663717654e+00 4.391611976470257453e-05
-1.915850141646975535e+00 4.644158657920895020e-05
-1.902374061649005244e+00 5.233438050163498524e-05
-1.888946794543396868e+00 4.779369012122459964e-05
-1.875567820856598900e+00 4.644823093041196591e-05
-1.862236626680921825e+00 5.623882627044537411e-05
-1.848952703589041180e+00 4.958099681797676359e-05
-1.835715548549967879e+00 2.812149439074931097e-05
-1.822524663846452730e+00 5.051105362074649927e-05
-1.809379556993800708e+00 5.127185242336054657e-05
-1.796279740660062796e+00 5.017665218936338931e-05
-1.783224732587581407e+00 5.746782133967121280e-05
-1.770214055515849871e+00 5.494519240743573116e-05
-1.757247237105675541e+00 5.402070619058289331e-05
-1.744323809864610553e+00 5.732181454458117390e-05
-1.731443311073621372e+00 5.537566876312167394e-05
-1.718605282714980698e+00 5.574794836396662861e-05
-1.705809271401351745e+00 6.053958250118972995e-05
-1.693054828306041149e+00 6.195212007284411589e-05
-1.680341509094399610e+00 6.639979935400837200e-05
-1.667668873856344547e+00 7.072326451098044100e-05
-1.655036487039980519e+00 6.379479923214532891e-05
-1.642443917386301022e+00 6.244983879884438596e-05
-1.629890737864948980e+00 6.604845934729658397e-05
-1.617376525611005755e+00 8.296121870119489749e-05
-1.604900861862805783e+00 5.093746674140061200e-05
-1.592463331900736856e+00 6.606707334453045736e-05
-1.580063524987020074e+00 7.187533389446384773e-05
-1.567701034306447028e+00 7.192778089535488059e-05
-1.555375456908052678e+00 7.667329031657194624e-05
-1.543086393647707277e+00 9.138321901870843174e-05
-1.530833449131608237e+00 6.727834513344930123e-05
-1.518616231660659732e+00 7.443776685072639823e-05
-1.506434353175712282e+00 7.077799043108705585e-05
-1.494287429203655870e+00 7.930214898825828861e-05
-1.482175078804342627e+00 8.090559247429797397e-05
-1.470096924518329295e+00 8.453669994287411925e-05
-1.458052592315416618e+00 9.102801552256519044e-05
-1.446041711543979202e+00 9.847352786121162712e-05
-1.434063914881057000e+00 9.348792154060537576e-05
-1.422118838283209508e+00 9.898475271831276893e-05
-1.410206120938107599e+00 9.425218252374339815e-05
-1.398325405216850115e+00 1.002937019988531551e-04
-1.386476336626996986e+00 1.264948842631946483e-04
-1.374658563766294916e+00 1.043455292360383804e-04
-1.362871738277095179e+00 1.026127955222976668e-04
-1.351115514801437101e+00 1.098965079430398218e-04
-1.339389550936797013e+00 1.160954208831360473e-04
-1.327693507192477362e+00 1.158192417877170963e-04
-1.316027046946637080e+00 1.381308319256573851e-04
-1.304389836403941239e+00 1.343343585282718005e-04
-1.292781544553817996e+00 1.437417089171734094e-04
-1.281201843129320173e+00 1.368637303538398052e-04
-1.269650406566570577e+00 1.427871859110039175e-04
-1.258126911964788874e+00 1.506744507570439691e-04
-1.246631039046874889e+00 1.462092686649215094e-04
-1.235162470120555911e+00 1.528549089488110042e-04
-1.223720890040073339e+00 1.664003025329217076e-04
-1.212305986168408234e+00 1.783289370434351997e-04
-1.200917448340022453e+00 1.505746538148771286e-04
-1.189554968824123149e+00 1.896677195687510183e-04
-1.178218242288426865e+00 1.932762143047105986e-04
-1.166906965763418569e+00 1.917822852280543790e-04
-1.155620838607101852e+00 1.929798093369796471e-04
-1.144359562470215863e+00 2.024719787352811278e-04
-1.133122841261928526e+00 2.192719770803035965e-04
-1.121910381115985400e+00 2.102206199498524977e-04
-1.110721890357309283e+00 2.561834750910639796e-04
-1.099557079469039467e+00 2.566348253393585933e-04
-1.088415661060010642e+00 2.520993660987712933e-04
-1.077297349832647466e+00 2.515489146566929801e-04
-1.066201862551285018e+00 2.837242416787234302e-04
-1.055128918010896033e+00 2.962775104850567964e-04
-1.044078237006218046e+00 3.142230670498027522e-04
-1.033049542301277102e+00 3.478962209100173748e-04
-1.022042558599299822e+00 3.341310918778966649e-04
-1.011057012512998066e+00 3.461403822507802259e-04
-1.000092632535235726e+00 3.776194345879382180e-04
-9.891491490100537964e-01 4.269348845428948920e-04
-9.782262941040561488e-01 4.080251358007694036e-04
-9.673238017781481402e-01 4.388848056115895991e-04
-9.564414077596213870e-01 4.613170241331700054e-04
-9.455788495145712735e-01 5.055776657791437312e-04
-9.347358662206534108e-01 5.184793689337469091e-04
-9.239121987401626157e-01 5.662477958519840067e-04
-9.131075895934324116e-01 5.619169007808837808e-04
-9.023217829325496098e-01 5.905928474191333728e-04
-8.915545245153719822e-01 6.296192178681328131e-04
-8.808055616798529108e-01 6.928899818386578206e-04
-8.700746433186589135e-01 7.293143820992578370e-04
-8.593615198540814903e-01 7.864231559706246150e-04
-8.486659432132259706e-01 8.324669020224443900e-04
-8.379876668034880183e-01 8.954486096181149633e-04
-8.273264454882990337e-01 9.812801711578339556e-04
-8.166820355631438932e-01 9.849910063835086872e-04
-8.060541947318363709e-01 1.061278895931241006e-03
-7.954426820830584610e-01 1.104087983400051402e-03
-7.848472580671504994e-01 1.218813088811896437e-03
-7.742676844731486430e-01 1.295503984989981872e-03
-7.637037244060699281e-01 1.387975237647054655e-03
-7.531551422644284788e-01 1.532297231405670623e-03
-7.426217037179922986e-01 1.654303027577078405e-03
-7.321031756857663275e-01 1.770349318003217563e-03
-7.215993263142009839e-01 1.924579618470286749e-03
-7.111099249556180890e-01 2.047040438284184090e-03
-7.006347421468592795e-01 2.226134875823670804e-03
-6.901735495881351490e-01 2.380588502969478888e-03
-6.797261201220911042e-01 2.691867667912916512e-03
-6.692922277130706199e-01 2.879285593693404859e-03
-6.588716474265783329e-01 3.164984852652295150e-03
-6.484641554089376481e-01 3.334504245275662047e-03
-6.380695288671385246e-01 3.661624344065955890e-03
-6.276875460488731129e-01 4.025471411077830713e-03
-6.173179862227488046e-01 4.428553202283357602e-03
-6.069606296586862459e-01 4.867275583192009342e-03
-5.966152576084875481e-01 5.351513350742620294e-03
-5.862816522865772484e-01 5.814289099616401328e-03
-5.759595968509094721e-01 6.458534621686358793e-03
-5.656488753840412942e-01 7.142054511744367479e-03
-5.553492728743597562e-01 7.857682395386362054e-03
-5.450605751974718638e-01 8.738888095524364671e-03
-5.347825690977430213e-01 9.695526473614738891e-03
-5.245150421699888987e-01 1.070206794708268745e-02
-5.142577828413065211e-01 1.195593198434227560e-02
-5.040105803530536832e-01 1.323419864126219696e-02
-4.937732247429644228e-01 1.471754533645956362e-02
-4.835455068274036594e-01 1.665922659921482973e-02
-4.733272181837471781e-01 1.848116300346168764e-02
-4.631181511328986700e-01 2.064105546008688022e-02
-4.529180987219272314e-01 2.321221189880654304e-02
-4.427268547068332061e-01 2.619438089886101315e-02
-4.325442135354257145e-01 2.904095161705828529e-02
-4.223699703303245845e-01 3.261686552729663180e-02
-4.122039208720716941e-01 3.672577288302460857e-02
-4.020458615823537807e-01 4.115173104409802773e-02
-3.918955895073323314e-01 4.620748220673426970e-02
-3.817529023010813316e-01 5.231879177110912438e-02
-3.716175982091194929e-01 5.878553738683257868e-02
-3.614894760520483419e-01 6.571776278566994478e-02
-3.513683352092828449e-01 7.394565330227502453e-02
-3.412539756028758475e-01 8.583552643075699484e-02
-3.311461976814312758e-01 9.506512008056842988e-02
-3.210448024041094306e-01 1.070149258300003431e-01
-3.109495912247085547e-01 1.161961350509028018e-01
-3.008603660758366605e-01 1.445109372952151638e-01
-2.907769293531580201e-01 1.562448933939896145e-01
-2.806990838997174276e-01 1.750767218010289561e-01
-2.706266329903371237e-01 1.938270757565979108e-01
-2.605593803160889399e-01 2.504274523704822508e-01
-2.504971299688272257e-01 2.594019539830732524e-01
-2.404396864257955790e-01 2.393859371064815944e-01
-2.303868545342923901e-01 2.776664342526145579e-01
-2.203384394963986970e-01 3.129079245770421402e-01
-2.102942468537628840e-01 3.332589188689122350e-01
-2.002540824724450275e-01 3.464372974279780748e-01
-1.902177525278067050e-01 3.628770667317559595e-01
-1.801850634894590075e-01 4.230212389675919726e-01
-1.701558221062540455e-01 3.516004020398150187e-01
-1.601298353913264694e-01 4.018311618316067757e-01
-1.501069106071708514e-01 3.684177875320961970e-01
-1.400868552507662790e-01 3.605767420388131805e-01
-1.300694770387391397e-01 4.347553492755584781e-01
-1.200545838925550501e-01 3.881309326872918186e-01
-1.100419839237516545e-01 5.234011608071046373e-01
-1.000314854191983877e-01 8.357200586228382688e-01
-9.002289682638489610e-02 9.858466697674096446e-01
-8.001602673873924043e-02 1.279282897139623509e+00
-7.001068388096250150e-02 1.831776786003340929e+00
-6.000667709439190534e-02 2.867382709446077538e+00
-5.000381532237931775e-02 3.295513559665791181e+00
-4.000190759568706539e-02 5.247398973260549937e+00
-3.000076301789707939e-02 5.364463529236010331e+00
-2.000019075083557876e-02 7.502075429759586633e+00
-9.999999999999974187e-03 9.200120125513121749e+00
0.000000000000000000e+00 7.481411489772689549e+00
9.999999999999974187e-03 9.387680454646922357e+00
2.000019075083557876e-02 9.024201541877175714e+00
3.000076301789707939e-02 5.549776946171421699e+00
4.000190759568635068e-02 4.487142541278900332e+00
5.000381532237860305e-02 2.878216820203081117e+00
6.000667709439118369e-02 2.614039602923252659e+00
7.001068388096322315e-02 1.769467488141443612e+00
8.001602673873996208e-02 1.366673648453539114e+00
9.002289682638561774e-02 1.155343293643673164e+00
1.000314854191983877e-01 7.280982548141753385e-01
1.100419839237516545e-01 5.914940121980705179e-01
1.200545838925550501e-01 4.951163529857112722e-01
1.300694770387391397e-01 3.735023703543325913e-01
1.400868552507662790e-01 4.152945974064256029e-01
1.501069106071708514e-01 3.752002289506060628e-01
1.601298353913264694e-01 4.229240195013956316e-01
1.701558221062540455e-01 4.048063206186761076e-01
1.801850634894582859e-01 4.074844330408556314e-01
1.902177525278067050e-01 3.523751653803989803e-01
2.002540824724450275e-01 3.491733440565209512e-01
2.102942468537628840e-01 3.557478198768895816e-01
2.203384394963986970e-01 3.044337468174423966e-01
2.303868545342923901e-01 3.064036800905011737e-01
2.404396864257955790e-01 2.979368875200239519e-01
2.504971299688272257e-01 2.501712858900753678e-01
2.605593803160889399e-01 2.164800344524498432e-01
2.706266329903371237e-01 2.054572883791144222e-01
2.806990838997167059e-01 1.843002995364008967e-01
2.907769293531572985e-01 1.379737431405642090e-01
3.008603660758359388e-01 1.187085039071814757e-01
3.109495912247092764e-01 1.071603586898173671e-01
3.210448024041101522e-01 9.760871777216512113e-02
3.311461976814320529e-01 8.796017495602294345e-02
3.412539756028758475e-01 7.667031523923958924e-02
3.513683352092828449e-01 6.937076052502492984e-02
3.614894760520483419e-01 6.111934878630860546e-02
3.716175982091194929e-01 5.387673812755138653e-02
3.817529023010813316e-01 4.874519159608418917e-02
3.918955895073323314e-01 4.357807808449113557e-02
4.020458615823530590e-01 3.899168750966328784e-02
4.122039208720709169e-01 3.496822654830206850e-02
4.223699703303238628e-01 3.100912203734135231e-02
4.325442135354264361e-01 2.788220846453658835e-02
4.427268547068339277e-01 2.499065859564495243e-02
4.529180987219279531e-01 2.238963719317605197e-02
4.631181511328986700e-01 2.008089858045811887e-02
4.733272181837471781e-01 1.821780638688808712e-02
4.835455068274036594e-01 1.658443539983003173e-02
4.937732247429644228e-01 1.477701233115064072e-02
5.040105803530536832e-01 1.337878098708549825e-02
5.142577828413065211e-01 1.193214020233752427e-02
5.245150421699888987e-01 1.096986275096588012e-02
5.347825690977430213e-01 9.989113828794424568e-03
5.450605751974710866e-01 9.038308660771579919e-03
5.553492728743597562e-01 8.223584236224318680e-03
5.656488753840412942e-01 7.520947768063244131e-03
5.759595968509094721e-01 6.776723454058986712e-03
5.862816522865772484e-01 6.213332885419418569e-03
5.966152576084875481e-01 5.755243893683097307e-03
6.069606296586862459e-01 5.260943323766151605e-03
6.173179862227488046e-01 4.767307231569803405e-03
6.276875460488731129e-01 4.455887211097620676e-03
6.380695288671385246e-01 4.085219986819488280e-03
6.484641554089369819e-01 3.744877237863727601e-03
6.588716474265774448e-01 3.511222033669587992e-03
6.692922277130698427e-01 3.251390922711701152e-03
6.797261201220904381e-01 2.991301491991095463e-03
6.901735495881360372e-01 2.751378632425469702e-03
7.006347421468600567e-01 2.518720376294956466e-03
7.111099249556188662e-01 2.360984326454537447e-03
7.215993263142009839e-01 2.246145156068472121e-03
7.321031756857663275e-01 2.053890760472775953e-03
7.426217037179922986e-01 1.895560092912717360e-03
7.531551422644284788e-01 1.751510484071223603e-03
7.637037244060699281e-01 1.662955867738910923e-03
7.742676844731486430e-01 1.592697754242702055e-03
7.848472580671498333e-01 1.461953821589059366e-03
7.954426820830577949e-01 1.402436482258974035e-03
8.060541947318363709e-01 1.308677247228551060e-03
8.166820355631446704e-01 1.208349232565703512e-03
8.273264454882999219e-01 1.115104449950212514e-03
8.379876668034880183e-01 1.000379888958307165e-03
8.486659432132259706e-01 1.038576720425683341e-03
8.593615198540814903e-01 9.237362533623812936e-04
8.700746433186589135e-01 9.037858776262145885e-04
8.808055616798529108e-01 8.408434546669215975e-04
8.915545245153719822e-01 7.767991211949803760e-04
9.023217829325496098e-01 7.751118621984570385e-04
9.131075895934324116e-01 6.994253533470805913e-04
9.239121987401619496e-01 7.069829872449091834e-04
9.347358662206525226e-01 6.206848485072533192e-04
9.455788495145712735e-01 5.964059349486304984e-04
9.564414077596213870e-01 5.633556097045562408e-04
9.673238017781488063e-01 5.312075753243222656e-04
9.782262941040561488e-01 5.254961405012529641e-04
9.891491490100537964e-01 4.847509561722294935e-04
1.000092632535235726e+00 4.881789974396837182e-04
1.011057012512998066e+00 4.092537921135615850e-04
1.022042558599299822e+00 4.543825756676162517e-04
1.033049542301277102e+00 4.012571164659491595e-04
1.044078237006217380e+00 4.168449670194006806e-04
1.055128918010895367e+00 3.917255904511806187e-04
1.066201862551284352e+00 3.514119263057520330e-04
1.077297349832648132e+00 3.160978176874511617e-04
1.088415661060011308e+00 3.223418858736357010e-04
1.099557079469040355e+00 3.247764143812366627e-04
1.110721890357309283e+00 2.896266597600157932e-04
1.121910381115985400e+00 2.847397676543968084e-04
1.133122841261928526e+00 3.034360682583447499e-04
1.144359562470215863e+00 2.585121332909301808e-04
1.155620838607101852e+00 2.569972895170281554e-04
1.166906965763418569e+00 2.500260927827832277e-04
1.178218242288425976e+00 2.372835654843917323e-04
1.189554968824123149e+00 2.080124246791727010e-04
1.200917448340022453e+00 2.103949664012448682e-04
1.212305986168408900e+00 2.057849550879270201e-04
1.223720890040074227e+00 1.957544439563721765e-04
1.235162470120555911e+00 2.333002881661788588e-04
1.246631039046874889e+00 1.947521103064132225e-04
1.258126911964788874e+00 1.810630991419005787e-04
1.269650406566570577e+00 1.659523604797172292e-04
1.281201843129320173e+00 1.714121957665374393e-04
1.292781544553817996e+00 1.624242551783157493e-04
1.304389836403941239e+00 1.655006346851255661e-04
1.316027046946637080e+00 1.439324781444132945e-04
1.327693507192476696e+00 1.516620177258577815e-04
1.339389550936796125e+00 1.428806008800773716e-04
1.351115514801436435e+00 1.336293172266258449e-04
1.362871738277095179e+00 1.464852645779079403e-04
1.374658563766295805e+00 1.353179500058392733e-04
1.386476336626997652e+00 1.297187144086298766e-04
1.398325405216850559e+00 1.105275717939611317e-04
1.410206120938107599e+00 1.276225869624594638e-04
1.422118838283209508e+00 1.121119977155630374e-04
1.434063914881057000e+00 1.293152844476274982e-04
1.446041711543979202e+00 1.146133407716769579e-04
1.458052592315416618e+00 1.102764665335177903e-04
1.470096924518328407e+00 1.171430676055767626e-04
1.482175078804341739e+00 1.022329556917747612e-04
1.494287429203654982e+00 1.100729306127754247e-04
1.506434353175713392e+00 9.945559948491467417e-05
1.518616231660660620e+00 8.599129705820335019e-05
1.530833449131608681e+00 9.617930297656101005e-05
1.543086393647707277e+00 1.062010570954077424e-04
1.555375456908052678e+00 8.803629708996673156e-05
1.567701034306447028e+00 7.427578514993314976e-05
1.580063524987019630e+00 1.035066723224926900e-04
1.592463331900736190e+00 8.453746678149103055e-05
1.604900861862805117e+00 8.472777397350550162e-05
1.617376525611005755e+00 8.996399274463674637e-05
1.629890737864948091e+00 7.855662185553620609e-05
1.642443917386300800e+00 7.594309622659215246e-05
1.655036487039980742e+00 7.782887327786300108e-05
1.667668873856345213e+00 7.077159456643451535e-05
1.680341509094400276e+00 7.384807290091517824e-05
1.693054828306040926e+00 7.352883408581456753e-05
1.705809271401351079e+00 6.916271420093169817e-05
1.718605282714980920e+00 6.803157911549263424e-05
1.731443311073621594e+00 6.881834278962680677e-05
1.744323809864610997e+00 6.721806738874403213e-05
1.757247237105675541e+00 7.216975316873857813e-05
1.770214055515848983e+00 6.085334827402421855e-05
1.783224732587580741e+00 6.308167400398863583e-05
1.796279740660062352e+00 5.977955743469464723e-05
1.809379556993800708e+00 6.222219231812999647e-05
1.822524663846453397e+00 5.400974060503471437e-05
1.835715548549968767e+00 5.637059087010181974e-05
1.848952703589041624e+00 5.528720010339797746e-05
1.862236626680921825e+00 5.577841124782712695e-05
1.875567820856598900e+00 5.843526970109929545e-05
1.888946794543396868e+00 5.342093609943765025e-05
1.902374061649005244e+00 5.362822027454476815e-05
1.915850141646975535e+00 5.258922947188385120e-05
1.929375559663716988e+00 5.416116546063693701e-05
1.942950846567024437e+00 5.012708635158279511e-05
1.956576539056166242e+00 4.988599999340205017e-05
1.970253179753570727e+00 4.201250694803136806e-05
1.983981317298132430e+00 5.055756864055387822e-05
1.997761506440205892e+00 4.251956536085103433e-05
2.011594308138276332e+00 4.730316538874334756e-05
2.025480289657382471e+00 4.697669657562491158e-05
2.039420024669305942e+00 4.315557576714304489e-05
2.053414093354583247e+00 4.157060660265539148e-05
2.067463082506361793e+00 4.054720098365823374e-05
2.081567585636154405e+00 4.525525091658876882e-05
2.095728203081529628e+00 4.244642568936797165e-05
2.109945542115771566e+00 4.336930634837834391e-05
2.124220217059573645e+00 4.383293622938776754e-05
2.138552849394784072e+00 3.901056214549865580e-05
2.152944067880272261e+00 4.969512501320742527e-05
2.167394508669943765e+00 4.293973929255233039e-05
2.181904815432972988e+00 3.729413826703507489e-05
2.196475639476278996e+00 4.154172079090911719e-05
2.211107639869315911e+00 3.892439582736853109e-05
2.225801483571211214e+00 4.227497528299936847e-05
2.240557845560325667e+00 3.990461685211736876e-05
2.255377408966268149e+00 3.996931177691611596e-05
2.270260865204440481e+00 3.918291884257108578e-05
2.285208914113143308e+00 4.710749525302258746e-05
2.300222264093344737e+00 3.924125967583050670e-05
2.315301632251118846e+00 3.747998830558325726e-05
2.330447744542859301e+00 3.404916125670137049e-05
2.345661335923311608e+00 3.806091604531201789e-05
2.360943150496495946e+00 3.673724777284219177e-05
2.376293941669568088e+00 3.859367475768670414e-05
2.391714472309731221e+00 3.989976656224992048e-05
2.407205514904206645e+00 3.645111435668795154e-05
2.422767851723407695e+00 3.204351873806129969e-05
2.438402274987316432e+00 3.623265145904527959e-05
2.454109587035200768e+00 3.508914458361776534e-05
2.469890600498723998e+00 3.458483873825109970e-05
2.485746138478509337e+00 3.324938598654918003e-05
2.501677034724291371e+00 3.337450953548452734e-05
2.517684133818678394e+00 3.210187219699963822e-05
2.533768291364664638e+00 3.240790523262250029e-05
2.549930374176959891e+00 3.344239164764533414e-05
2.566171260477213334e+00 3.203676029257529885e-05
2.582491840093254609e+00 3.068004575545240986e-05
2.598893014662444489e+00 3.433761967026118271e-05
2.615375697839199987e+00 3.256762795146730212e-05
2.631940815506855991e+00 3.081452770515262637e-05
2.648589305993903409e+00 3.009395029214017960e-05
2.665322120294779218e+00 2.869910936814474640e-05
2.682140222295247955e+00 2.956352093925741054e-05
2.699044589002565164e+00 2.824921488014604231e-05
2.716036210780464977e+00 3.238815322775714500e-05
2.733116091589157026e+00 3.100554639148432254e-05
2.750285249230413953e+00 3.030145205117007674e-05
2.767544715597911598e+00 3.035987509338402253e-05
2.784895536932901372e+00 3.110049271466929351e-05
2.802338774085429751e+00 3.487286885337669066e-05
2.819875502781155063e+00 3.271091267789273779e-05
2.837506813893987179e+00 2.664071327329417700e-05
2.855233813724622927e+00 2.932519101243859116e-05
2.873057624285204170e+00 2.832848671406514593e-05
2.890979383590180252e+00 2.846323624747532308e-05
2.909000245953595520e+00 2.110448068173133315e-05
2.927121382292947160e+00 3.555955675619156101e-05
2.945343980439754095e+00 2.763869078379933852e-05
2.963669245457068335e+00 2.732701221274512227e-05
2.982098399964077995e+00 2.765349647466943485e-05
3.000632684467967159e+00 2.851943785329634045e-05
3.019273357703287086e+00 3.383091691075997795e-05
3.038021696978962627e+00 2.704739731799090649e-05
3.056878998533198555e+00 2.679508258271888198e-05
3.075846577896470535e+00 2.846214436987990471e-05
3.094925770262794362e+00 2.668856591022999227e-05
3.114117930869559014e+00 2.483062108395597774e-05
3.133424435386071849e+00 2.749179384343075410e-05
3.152846680311138350e+00 3.237757690198453582e-05
3.172386083379844290e+00 2.588308138642202529e-05
3.192044083979846292e+00 2.586885123412361483e-05
3.211822143577407918e+00 2.631623453397222647e-05
3.231721746153457975e+00 2.501869539555102477e-05
3.251744398649921930e+00 2.531826042774278356e-05
3.271891631426665281e+00 2.489611045065735512e-05
3.292164998729279368e+00 2.799835848589238432e-05
3.312566079168071553e+00 2.737359062493522753e-05
3.333096476208521786e+00 2.405470878228302859e-05
3.353757818673582580e+00 2.641071870960984448e-05
3.374551761258096416e+00 2.703822824211525526e-05
3.395479985055740446e+00 2.415767729695549528e-05
3.416544198098793395e+00 2.596382946691598511e-05
3.437746135911136314e+00 2.619568505446761298e-05
3.459087562074850908e+00 2.641760560732637009e-05
3.480570268810810663e+00 2.860031905463732821e-05
3.502196077573649369e+00 2.417099884372802529e-05
3.523966839661581307e+00 2.557767475937928054e-05
3.545884436841424847e+00 2.606064698082859277e-05
3.567950781989368547e+00 2.407270724860245553e-05
3.590167819747851929e+00 2.587837720748422022e-05
3.612537527199123133e+00 2.402850205415771884e-05
3.635061914555887341e+00 2.594175475648920827e-05
3.657743025869628628e+00 2.441351413064348619e-05
3.680582939757102157e+00 2.462708291559804596e-05
3.703583770145510101e+00 2.524021412705192087e-05
3.726747667036997225e+00 2.501807028090645061e-05
3.750076817293014120e+00 2.067280971360057650e-05
3.773573445439117879e+00 2.221955401027659403e-05
3.797239814490932730e+00 2.261779281576058940e-05
3.821078226801799538e+00 2.445610694727827429e-05
3.845091024932894896e+00 2.443114303024170020e-05
3.869280592546462394e+00 2.421906808724510411e-05
3.893649355322847061e+00 2.304347571038142559e-05
3.918199781902168777e+00 2.348836294436093568e-05
3.942934384851307872e+00 2.459788848209950937e-05
3.967855721657088441e+00 2.366079325475069819e-05
3.992966395746416985e+00 2.577233346649686422e-05
4.018269057534300082e+00 2.933997045873430946e-05
4.043766405500584860e+00 2.412927393445543018e-05
4.069461187296391280e+00 2.300251840919095232e-05
4.095356200881122177e+00 2.575133199751308361e-05
4.121454295691163061e+00 2.351738816719767323e-05
4.147758373841154089e+00 2.289177395082486407e-05
4.174271391359062555e+00 2.257154147884231891e-05
4.200996359456013352e+00 2.320185314013494039e-05
4.227936345832168819e+00 2.241133828896889899e-05
4.255094476019727345e+00 2.287709129825992506e-05
4.282473934764413848e+00 2.328804973608394568e-05
4.310077967446587444e+00 2.336588107048540359e-05
4.337909881543510870e+00 2.203501691936067257e-05
4.365973048133954926e+00 2.265539203338559838e-05
4.394270903446770404e+00 2.063211933061185745e-05
4.422806950454781116e+00 2.269795996909391831e-05
4.451584760515686412e+00 2.272842103108181459e-05
4.480607975061463577e+00 2.310556864862256424e-05
4.509880307338105077e+00 2.277460436451419958e-05
4.539405544197283149e+00 2.248443839392136778e-05
4.569187547941903738e+00 2.279670447918524996e-05
4.599230258227382961e+00 2.214356284760074590e-05
4.629537694020593008e+00 2.204959766322215077e-05
4.660113955618596648e+00 2.410373273968186025e-05
4.690963226729293112e+00 2.175950597987487363e-05
4.722089776616123835e+00 2.352955780301978534e-05
4.753497962309302771e+00 2.173324641161680562e-05
4.785192230885826348e+00 2.130693654642341344e-05
4.817177121820895636e+00 2.128007684321519776e-05
4.849457269413340654e+00 2.156845910674227523e-05
4.882037405287709575e+00 1.966073787839604724e-05
4.914922360976011539e+00 2.075490791423624577e-05
4.948117070581908195e+00 2.141680264002381086e-05
4.981626573530626878e+00 2.295857826461537686e-05
5.015456017407652567e+00 2.069918634487911895e-05
5.049610660889745972e+00 2.136775819974594834e-05
5.084095876771596245e+00 2.081307694972916997e-05
5.118917155092026050e+00 2.144147890271650130e-05
5.154080106363324809e+00 2.270971930787838276e-05
5.189590464907923639e+00 2.079964825960486932e-05
5.225454092306433651e+00 2.131637028928233033e-05
5.261676980961550676e+00 2.052814955033635888e-05
5.298265257782244220e+00 2.044409505721942624e-05
5.335225187993163587e+00 2.040380226732583247e-05
5.372563179074077766e+00 2.079541427767042996e-05
5.410285784834729661e+00 1.998305596038479570e-05
5.448399709630405319e+00 1.886957452838027932e-05
5.486911812724086346e+00 2.076047479688158782e-05
5.525829112800970222e+00 2.001194758158595654e-05
5.565158792641854646e+00 2.057507718049946438e-05
5.604908203961667112e+00 2.159072291476503902e-05
5.645084872420248701e+00 1.926706772053421473e-05
5.685696502812371378e+00 1.960905091071723279e-05
5.726750984444712422e+00 1.902027682435723744e-05
5.768256396707492684e+00 1.999076117344404153e-05
5.810221014849253685e+00 1.960815937709223518e-05
5.852653315963272540e+00 1.908866152419939628e-05
5.895561985194872179e+00 1.923161771216219210e-05
5.938955922179146363e+00 1.926184723799118705e-05
5.982844247719065756e+00 1.865312574887547037e-05
6.027236310714632950e+00 1.880885026594919775e-05
6.072141695354100754e+00 1.824123019769143819e-05
6.117570228578833813e+00 1.544835993526560858e-05
6.163531987834188541e+00 1.717559020658966345e-05
6.210037309119105231e+00 1.932404523635946147e-05
6.257096795348075169e+00 1.856025626898134544e-05
6.304721325039668756e+00 1.754714169320193735e-05
6.352922061346506943e+00 1.694714602986797575e-05
6.401710461442654321e+00 1.847113046096020419e-05
6.451098286284771888e+00 1.762135090600808066e-05
6.501097610764786872e+00 1.707148951502989362e-05
6.551720834272277472e+00 2.099739462935621358e-05
6.602980691686179959e+00 1.672227602493272497e-05
6.654890264816202716e+00 1.726002404326086920e-05
6.707462994315653404e+00 1.648151723083014027e-05
6.760712692088343800e+00 1.636757205367269912e-05
6.814653554213885300e+00 1.625443394025128635e-05
6.869300174416541616e+00 1.664108205146192689e-05
6.924667558104775189e+00 1.617031700335747581e-05
6.980771137009639027e+00 1.511681640146866115e-05
7.037626784452278628e+00 1.452869754106765230e-05
7.095250831272059244e+00 1.528164183952607203e-05
7.153660082449184721e+00 1.420762348988875113e-05
7.212871834457117437e+00 1.534693057481204765e-05
7.272903893382699714e+00 1.473188257072085005e-05
7.333774593853726209e+00 1.393453432179070657e-05
7.395502818816384050e+00 1.403804034434540809e-05
7.458108020207268929e+00 1.359265802545193696e-05
7.521610240567749628e+00 1.355533965392871255e-05
7.586030135650939421e+00 1.295583376274735239e-05
7.651388998075133507e+00 1.292739052982371831e-05
7.717708782080382690e+00 1.293581925281543592e-05
7.785012129448951157e+00 1.307610362439119927e-05
7.853322396653874549e+00 1.206751774046585929e-05
7.922663683303971638e+00 1.227420265298871449e-05
7.993060861958362295e+00 1.159544747268045568e-05
8.064539609387720631e+00 1.118110765786530907e-05
8.137126439365120589e+00 1.106796807221923073e-05
8.210848737074378789e+00 1.138112167256707672e-05
8.285734795229668492e+00 1.180046867482932700e-05
8.361813852006719117e+00 1.086416295853306556e-05
8.439116130892415413e+00 1.031126229027930071e-05
8.517672882566811765e+00 9.816676970612172378e-06
8.597516428939853128e+00 9.975316046651855375e-06
8.678680209472870999e+00 9.489694871836797921e-06
8.761198829924738973e+00 9.117367152767628274e-06
8.845108113671690475e+00 8.970629113455078798e-06
8.930445155761116638e+00 8.338466771019055417e-06
9.017248379870389741e+00 8.233733425700792769e-06
9.105557598354891979e+00 8.100217093101027345e-06
9.195414075582201363e+00 7.650610491593143407e-06
9.286860594764410948e+00 7.181256686791897845e-06
9.379941528515811200e+00 7.375577987043554470e-06
9.474702913380864899e+00 7.301372155065226607e-06
9.571192528595130256e+00 6.596463221363395517e-06
9.669459979362780899e+00 6.342098566491041840e-06
9.769556784955327089e+00 6.142345507492325673e-06
9.871536471960840942e+00 5.822085204213049780e-06
9.975454673037942754e+00 5.707705568483406234e-06
1.008136923155793063e+01 5.400202755602682918e-06
1.018934031254830330e+01 4.919310045671670419e-06
1.029943052038522566e+01 4.858170034282922408e-06
1.041170502371859463e+01 4.665470579989978813e-06
1.052623168815380517e+01 4.365435794113062582e-06
1.064308121725768252e+01 4.141006392778319235e-06
1.076232730250476877e+01 3.914662187232890149e-06
1.088404678283179194e+01 3.855533356784048483e-06
1.100831981452695096e+01 3.521664016857618748e-06
1.113523005224294415e+01 3.244586694987255483e-06
1.126486484199331350e+01 3.113799087077165886e-06
1.139731542706779699e+01 2.653347138648029935e-06
1.153267716788676189e+01 2.531732933550534753e-06
1.167104977690866718e+01 2.416003352576502606e-06
1.181253756980620828e+01 2.345372523826126888e-06
1.195724973424156268e+01 2.061560064668633686e-06
1.210530061769597765e+01 2.005519414280593236e-06
1.225681003594877438e+01 1.675284975618364648e-06
1.241190360395464154e+01 1.517188115079066542e-06
1.257071309104042101e+01 1.378184450027690902e-06
1.273337680253192516e+01 1.461929318512867627e-06
1.290003999013476133e+01 1.237534179244657006e-06
1.307085529362815102e+01 1.065495632451048263e-06
1.324598321669588152e+01 9.562764985712592816e-07
1.342559264001181063e+01 8.034068862299802438e-07
1.360986137502873916e+01 7.386800414524181221e-07
1.379897676228727654e+01 6.375272496950754401e-07
1.399313631847826045e+01 5.256986012248787869e-07
1.419254843695589230e+01 4.482461846804851816e-07
1.439743314692606369e+01 4.060369742301944216e-07
1.460802293712368716e+01 3.401019698779929846e-07
1.482456365046278535e+01 3.742751343749738271e-07
1.504731545689699779e+01 1.997587703198179572e-07
1.527655391258613626e+01 1.391136724703918978e-07
1.551257111443440273e+01 1.870134195690604969e-07
1.575567696017295916e+01 1.769146508181358299e-07
1.600620052541652782e+01 1.236146187885143289e-07
1.626449157056262607e+01 9.324940664457217466e-08
1.653092219204418001e+01 7.871493203232237220e-08
1.680588863433074565e+01 1.347462734386753710e-08
1.708981328123576660e+01 7.198745075373198937e-08
1.738314684757837725e+01 4.936643150664178093e-08
1.768637079511793431e+01 1.855155116867476499e-08
1.800000000000201084e+01 2.218588111628132429e-08
