# Status file for ctqmc. Used to save all times t_s, t_e.
4
3
26.51344936907197 26.83999705280515 0 0
67.84383680688023 68.49430503908326 0 0
74.54751067169906 75.0224597269372 0 0
3
46.03083791441151 46.25619952106732 0 0
83.08491068645797 83.15177852827679 0 0
98.2746215954849 98.28998510795637 0 0
4
14.28934180670565 14.04160875853808 0 0
20.39601960285485 20.05741316963033 0 0
25.85011541034578 25.82055099533667 0 0
37.87022937747064 37.04475564226134 0 0
2
5.359131097793579 5.015462636947632 0 0
78.50382206633952 78.04036104801497 0 0
