# Status file for ctqmc. Used to save all times t_s, t_e.
4
6
49.0571762398977 48.85101989612367 0 0
54.41318523734148 53.93208545645157 0 0
86.73500181893979 86.65551850152396 0 0
92.65181595871893 91.91692394651095 0 0
97.15311617374921 96.16697467134783 0 0
98.81041813786645 97.2359754468022 0 0
5
14.10208463929912 13.7095133133313 0 0
43.05169137563142 43.0292665874385 0 0
47.79355938853387 47.56453182035017 0 0
58.91020626398586 58.81200845567884 0 0
95.62161653031845 95.602075942108 0 0
4
37.78040440715915 37.91792417099753 0 0
53.20695031196722 53.31762597204909 0 0
57.02472309395085 57.0876773572558 0 0
95.5959827539848 98.4271135769329 0 0
1
45.13415326521998 45.44744358981198 0 0
