# Status file for ctqmc. Used to save all times t_s, t_e.
4
5
3.544404553910439 3.844399967377726 0 0
13.02030396216544 14.25549964487184 0 0
14.9567588632119 14.99688529210865 0 0
28.04806035667992 28.14582828259253 0 0
98.38051728900612 98.43417066252209 0 0
8
30.47642907470726 30.48129548345661 0 0
30.50425834232873 30.66813616499328 0 0
36.50821848246321 36.62287119649982 0 0
38.55771134059484 38.58349911347449 0 0
81.71965760576575 82.14609370893774 0 0
87.40073914701055 87.70823635383576 0 0
96.60111977591896 96.79121916867707 0 0
98.9692298351282 99.22817231284351 0 0
1
29.58267567920791 29.32363071208999 0 0
10
6.860501627250812 6.521907425201277 0 0
15.30725962790984 15.07579326459305 0 0
24.88087388879592 24.85279111014589 0 0
27.27047881532065 26.74521515862206 0 0
27.49769759937418 27.3889458215626 0 0
40.13836326695995 40.13396985520009 0 0
53.7280920227613 53.43975907972418 0 0
74.55671006430023 74.07634014163617 0 0
85.38109484420259 85.35006128639951 0 0
93.69124022173561 93.68025446008797 0 0
