# Status file for ctqmc. Used to save all times t_s, t_e.
4
5
13.25780637149803 13.55175134917219 0 0
38.29062421469338 39.18368484092376 0 0
42.29333627763212 42.50734290673883 0 0
55.21891432500205 55.25342019298684 0 0
59.40321068045339 59.65381346472086 0 0
3
4.949577724314722 4.620218172269958 0 0
24.89498990653355 24.58240865968402 0 0
79.76303023729102 79.18125346664216 0 0
3
54.30438477415412 54.26280804413742 0 0
61.5882061923209 61.53714645070453 0 0
90.25673591231225 90.03611977958732 0 0
6
34.02216652403285 34.48558847650045 0 0
44.04210349008291 44.32845524156325 0 0
44.4003241829579 44.7010822629498 0 0
44.95677169984916 45.0310375957988 0 0
49.73193893016683 49.82703403585559 0 0
94.3663740279469 94.37155014509347 0 0
