# Status file for ctqmc. Used to save all times t_s, t_e.
4
5
9.931501100990445 10.13396459501136 0 0
17.27681039765091 17.36887493326191 0 0
70.41571880632128 70.42649353607692 0 0
89.7628897701175 89.893411056254 0 0
96.41521360787715 96.65311404401928 0 0
3
13.69286557992064 13.87212118337118 0 0
35.32641108833133 35.40850522463344 0 0
84.73587641239854 84.93359668498253 0 0
2
4.525352415531378 4.348550333918757 0 0
79.19745944335754 79.18078574534589 0 0
4
11.35218239796558 11.31756090418875 0 0
35.08878245955561 35.03814779580603 0 0
35.71945310633539 35.23040690145714 0 0
77.53937811187261 77.43294120198733 0 0
