# Status file for ctqmc. Used to save all times t_s, t_e.
4
4
4.360218174174207 4.451154892186736 0 0
22.86374212338902 22.87485277647745 0 0
23.02721272341877 24.9710422117114 0 0
41.40659410089098 41.5314363177222 0 0
2
7.850959282438168 7.805851159248926 0 0
82.37602131440738 82.23346190284879 0 0
4
13.94799500997527 13.82366092855982 0 0
24.32609726110213 23.84314424726115 0 0
54.24466972580447 53.94269880410942 0 0
81.44992679866191 81.33085649888491 0 0
3
38.14460647319111 38.16838002241467 0 0
59.50475653330354 59.95139437815456 0 0
89.43573813765789 89.61976467237602 0 0
