# Status file for ctqmc. Used to save all times t_s, t_e.
4
2
51.70163043109923 51.71515138207599 0 0
58.64736066987167 59.23119266163708 0 0
10
17.756407098078 17.51907014275869 0 0
22.71486594602744 22.26759914586736 0 0
29.77016404643582 29.51069777940425 0 0
42.94820873529846 42.89209143047451 0 0
61.6887204370658 61.55038237654102 0 0
64.78206744418256 64.44962610004042 0 0
67.32957028689411 67.14645257427536 0 0
70.753200648351 70.57109792663135 0 0
90.34449982327666 90.31675082321371 0 0
98.18163818368599 97.79609159193535 0 0
3
1.514309327213009 1.238303769521636 0 0
2.596717862600455 2.500108786595641 0 0
10.50607347577181 10.48844934687247 0 0
5
8.922658722411995 8.968784207569996 0 0
23.27796983250596 23.282245562014 0 0
37.8096032334185 38.52340855140322 0 0
66.69235898291718 66.73420667340076 0 0
97.4025004639054 97.45138306003044 0 0
