Occupation number per spin is:
0.63896007621

calculating Grand potential for H0...

calculating Grand potential correction at order 1

calculating Grand potential correction at order 2
0 5.65363180887 0.00507644992304
1 4.80372079029 0.00505710020835
2 7.67904446926 0.0135377860774
3 6.87631373007 0.00547827926788
4 5.70492258748 0.00507919260599
5 5.6873706768 0.0050782181543
6 7.38106407198 0.00726391613383
7 6.35799407832 0.00516684918302
8 3.25647897795 0.00505666286924
9 7.98079293124 0.0569387008611
10 3.95913311837 0.00505455791184
11 0.313084650065 0.013892280281
12 5.30063585896 0.00506411075367
13 3.73615060284 0.00505477659696
14 5.85496067674 0.0050893186446
15 5.11912226424 0.00506064585653
16 6.1590955862 0.00512471952673
17 1.53784255114 0.00519908208385
18 0.298631621129 0.0145899760753
19 3.11472676722 0.00505779560304
20 4.80411737598 0.00505710329189
21 7.28258364698 0.00657924471619
22 4.39509570508 0.00505507052751
23 0.392256673483 0.0109903080876
24 1.38641663751 0.00526533446035
25 5.93808123753 0.00509662836919
26 0.589791348473 0.00753541274888
27 2.6378814566 0.00506563181675
28 4.06777491234 0.00505456710407
29 4.14803853763 0.00505462196823
30 2.48969594724 0.00507026363612
31 4.92997085836 0.00505823370826
32 7.15474139631 0.00603634402283
33 6.49486076808 0.00521117162449
34 3.6777248581 0.00505489086268
35 3.65412558268 0.00505494440533
36 5.09273307966 0.0050602467057
37 5.67756096682 0.00507769011229
38 1.2346752971 0.00536742768168
39 1.29174260388 0.0053236058048
40 7.70687417699 0.0148727522529
41 4.22646581015 0.00505471655921
42 1.69851506745 0.0051526722958
43 7.17251757387 0.00609574803955
44 0.924752165481 0.00581596112669
45 3.18492946791 0.00505718955263
46 7.66686610304 0.0130219359581
47 7.23126948687 0.00632579722267
48 3.12844091164 0.00505766964448
49 7.14022023972 0.00599084477583
50 1.1117290689 0.00549273792627
51 6.88284975195 0.00548611254886
52 1.12554147258 0.00547608608965
53 2.82516764351 0.00506156770857
54 0.0118366393017 0.059649386275
55 7.00227272528 0.0056641055374
56 7.42212068226 0.00765801872735
57 4.52460858331 0.00505550518102
58 0.295247211352 0.0147626410309
59 1.12925530563 0.00547173523377
60 4.61129922054 0.00505589187663
61 3.0958224688 0.00505797562799
62 7.03201317656 0.00572117420807
63 0.91806405423 0.0058320294641
64 6.04121847822 0.005107916524
65 2.19761113263 0.00508536971259
66 3.39098536633 0.00505588057652
67 2.09737406213 0.00509333718172
68 3.62301946937 0.00505502178347
69 3.07450652965 0.00505818784923
70 5.75378053871 0.00508211809048
71 5.5501197037 0.00507178901471
72 1.72103564727 0.0051475650053
73 3.83935942289 0.00505463438269
74 5.36885786083 0.00506581133698
75 2.83575012567 0.00506138389055
76 5.10356807596 0.00506040782044
77 4.59945542922 0.00505583397486
78 2.94929858795 0.00505965648806
79 1.52919688677 0.00520217607393
80 3.5611368108 0.00505519997619
81 5.35165408422 0.00506535826773
82 5.9458495729 0.0050973865585
83 0.17599898203 0.02404349421
84 1.79145914917 0.00513333116924
85 7.48095828255 0.00838419273607
86 2.95073228712 0.00505963729409
87 3.91043433558 0.00505457790953
88 1.59497501851 0.00518032285665
89 3.28989848942 0.00505644486712
90 3.5624739329 0.00505519576952
91 4.04453750694 0.00505455889666
92 6.24455769983 0.00514029895832
93 7.16394154015 0.00606656010818
94 1.76673377784 0.00513804717531
95 4.3911392835 0.00505505964552
96 6.33326878845 0.00516039412603
97 7.62301400489 0.0114490283295
98 6.48604428752 0.00520780744013
99 7.83417449869 0.025234691714
100 1.30527711025 0.00531426157883
101 6.94790669872 0.00557406753294
102 6.86140298253 0.00546101996498
103 2.99874901588 0.0050590279613
104 7.86156095735 0.0288957935909
105 6.98799853648 0.00563878786121
106 5.57494567545 0.00507281073479
107 0.109866760472 0.0335569732493
108 5.05917779166 0.00505977120215
109 3.7986667247 0.00505468170385
110 5.37782585603 0.00506605437402
111 0.584591516125 0.00758804652704
112 7.93802307609 0.0439224931899
113 5.04675011727 0.00505960373414
114 7.79072387439 0.0206799137565
115 5.97867911745 0.00510074756151
116 3.13843380175 0.00505758025103
117 7.39411431038 0.00738075013023
118 0.333257447607 0.0130168965407
119 4.29340597855 0.00505483121163
120 1.00142868003 0.0056574174424
121 4.89328095116 0.00505787094151
122 6.55350318962 0.00523571549206
123 6.07871325116 0.00511275423446
124 4.90179534464 0.00505795252567
125 5.41991412042 0.0050672611243
126 7.28275974152 0.00658021569917
127 3.92909692435 0.00505456846979
128 1.14853090729 0.0054499742269
129 6.97408841304 0.00561530689895
130 5.98457415923 0.00510137901257
131 2.35585586529 0.00507597637406
132 2.52992046049 0.00506885330813
133 1.17316187764 0.00542405316144
134 0.0715396065591 0.041547806603
135 1.15987654005 0.00543778163121
136 7.66154888153 0.012808439689
137 3.99188077069 0.00505455287579
138 1.95359404731 0.00510856030838
139 3.43924463763 0.00505565620288
140 5.49430036219 0.00506968745407
141 2.26734972362 0.00508081300918
142 1.06477899283 0.00555537733506
143 5.56697810944 0.00507247665519
144 3.38291840789 0.00505592076094
145 4.2470490602 0.0050547483862
146 2.37200458322 0.00507519318212
147 4.0949247599 0.00505458103045
148 0.859180285813 0.0059926719093
149 4.40182934388 0.00505508935508
150 6.09964846749 0.00511565047105
151 0.0169860017885 0.0577391871388
152 6.57987791002 0.00524810925531
153 2.93867212176 0.00505980063881
154 1.85228550665 0.00512288053446
155 5.58178235522 0.00507310216239
156 0.467224831633 0.00923676939976
157 7.85025204027 0.0272980699943
158 0.68001823991 0.0068035856429
159 5.29183413283 0.00506390925186
160 2.00099823872 0.00510296194687
161 2.39647288031 0.00507405918826
162 3.31664300729 0.00505628219171
163 5.43003882929 0.0050675684577
164 0.624176053346 0.00721902742678
165 0.0520565232277 0.0465739427796
166 0.176987160117 0.0239321932615
167 3.54234269112 0.00505526083693
168 1.36731807161 0.00527584689411
169 2.81936099168 0.00506167038395
170 6.20744996015 0.0051331296651
171 6.70955192981 0.00532451926972
172 0.980006263027 0.00569737487936
173 7.24547318603 0.00639043438646
174 3.69050186552 0.00505486367989
175 1.08335248914 0.00552941837816
176 4.90542111101 0.00505798773658
177 3.39087082527 0.00505588114157
178 4.69458081626 0.00505634922519
179 6.30172246125 0.005152727725
180 3.99867026791 0.00505455267451
181 7.98479714836 0.058391969326
182 4.72782881078 0.00505655840986
183 1.55623146589 0.00519273302734
184 3.68715886619 0.00505487067114
185 6.53510477568 0.00522758853662
186 0.754199107356 0.00639197242634
187 2.49175039367 0.00507018852269
188 1.49668184538 0.00521447470673
189 2.26751471127 0.00508080306322
190 3.87867989111 0.00505459909102
191 0.506342371661 0.00857196368386
192 4.9204541686 0.00505813677333
193 3.80106845988 0.0050546786003
194 7.80564944903 0.0220948042513
195 5.56545722063 0.0050724135554
196 7.91507180371 0.038495941983
197 6.89336704378 0.00549907442429
198 0.405881749297 0.0106139337057
199 7.27344159406 0.00652985669221
200 5.80037319725 0.00508522758143
201 1.0301591861 0.00560836059915
202 1.6155161418 0.00517423576139
203 1.15636677996 0.00544150630612
204 1.5094948311 0.0052094996536
205 7.23541103163 0.00634424242433
206 3.81850856475 0.00505465723888
207 1.50055395601 0.00521295307738
208 5.29747606647 0.00506403796912
209 3.52939131303 0.00505530469315
210 4.84585985967 0.0050574437061
211 5.51086648628 0.00507028425914
212 5.84362519187 0.00508842636711
213 1.45641490777 0.00523128351574
214 7.50761736859 0.00879341305282
215 0.396392926044 0.0108729078553
216 4.19313447685 0.00505467127113
217 4.17859048105 0.00505465388483
218 3.15010309951 0.00505747834726
219 7.91700918104 0.0389189687068
220 1.74218293153 0.00514302530991
221 0.962099666953 0.00573321424856
222 6.49834473371 0.00521252318964
223 5.77242707169 0.00508332301524
224 6.65666832395 0.00528988796763
225 3.88266195468 0.00505459607883
226 2.31899562297 0.00507787413757
227 6.54803098823 0.00523325525956
228 4.99226612404 0.00505892087692
229 1.0347938962 0.00560089697899
230 7.99550508066 0.0625098294944
231 4.42326537779 0.00505515190602
232 3.14701544121 0.00505750505332
233 6.92607306932 0.00554238917278
234 1.12873591447 0.00547234056228
235 3.94316625811 0.00505456281467
236 7.73280564656 0.0163451965825
237 3.48337009372 0.00505547370954
238 6.96623269166 0.00560253986924
239 5.46445352804 0.00506866585596
240 7.16482111532 0.0060695075814
241 0.750116348635 0.00641131659952
242 5.57611974737 0.00507286046675
243 2.06835813322 0.00509601023521
244 1.71653490471 0.00514856266441
245 1.05169797052 0.00557466305282
246 4.66996873537 0.00505620451095
247 7.61596528679 0.011232208246
248 1.61303045582 0.00517495520107
249 7.7994822193 0.021492815574
250 2.93520510963 0.00505984839702
251 3.08008164187 0.00505813137592
252 3.32528520184 0.00505623176813
253 3.31791101176 0.00505627472906
254 2.31992662122 0.00507782424155
255 1.11130098261 0.00549326613579
256 6.33638577455 0.00516118556293
257 5.83059327414 0.00508742891585
258 0.943068297536 0.00577395480923
259 4.33838492282 0.00505492693852
260 5.35620629472 0.00506547649589
261 0.894738002465 0.00589135712584
262 1.30222981846 0.00531633304654
263 4.7292263688 0.00505656756069
264 5.30217049775 0.0050641462851
265 6.10393204746 0.00511626125909
266 7.09795256092 0.00587219756269
267 0.737144362813 0.00647508678191
268 2.42681625718 0.00507273634562
269 0.28250195639 0.015446865792
270 0.82309879391 0.00611106190173
271 5.39760445267 0.00506660758753
272 0.284923152274 0.015312615827
273 6.39731815747 0.0051780008354
274 1.28838401504 0.00532598299455
275 3.13404693986 0.00505761925006
276 7.93070871587 0.0420908906555
277 6.30486482502 0.00515346416345
278 6.64956800378 0.00528563043413
279 2.79352622691 0.00506214327116
280 4.69116803322 0.00505632865568
281 5.6371771396 0.00507563500263
282 6.79708239251 0.00539531139227
283 3.69246405398 0.00505485961602
284 4.89669369029 0.00505790345762
285 6.61741194937 0.00526739643609
286 4.29532723793 0.00505483498556
287 4.32601551009 0.00505489905834
288 1.06562779323 0.00555415525814
289 7.48321789363 0.00841669607529
290 0.722482708836 0.0065516295311
291 1.18922598403 0.00540820434479
292 5.79586033111 0.00508491173166
293 3.29005260318 0.00505644390034
294 2.28977357585 0.00507949474821
295 2.83971948426 0.0050613160273
296 4.60988677492 0.00505588488289
297 6.23892024713 0.00513916681642
298 2.61091904963 0.0050663662354
299 4.41798692268 0.00505513612993
300 3.192607645 0.00505712886116
301 1.96270822723 0.00510743446396
302 4.7214123696 0.00505651677373
303 3.18253409636 0.00505720870212
304 6.18188841897 0.00512855972317
305 0.840021903313 0.00605340663942
306 1.74566095511 0.00514230141968
307 5.99711972714 0.00510275239001
308 2.5737070029 0.00506745395514
309 0.486127277995 0.00889811001118
310 7.70901805671 0.0149855317615
311 6.85150866309 0.00545001753045
312 7.90886557422 0.0371809421266
313 7.59086580642 0.0105283629778
314 1.11292038434 0.00549127187849
315 3.33795067088 0.00505615970506
316 3.46173132605 0.00505556060722
317 4.0700669554 0.00505456809867
318 3.84248659378 0.00505463120423
319 1.30725543782 0.00531292666073
320 3.29840303366 0.00505639203188
321 5.76313059556 0.00508271589041
322 5.07978579739 0.00506005910234
323 5.22257764676 0.00506245178818
324 1.91639315965 0.00511341824428
325 2.57511755871 0.00506741108129
326 3.19138875492 0.00505713842588
327 7.20715407581 0.00622455711817
328 3.4635254696 0.00505555321493
329 0.222699846455 0.0195231411817
330 4.657454435 0.00505613409184
331 4.38014388278 0.00505503009703
332 1.11831499922 0.00548470435167
333 4.57403408939 0.00505571527144
334 6.79243036665 0.00539105420868
335 6.3586623877 0.00516702940352
336 7.04749194767 0.00575339189915
337 2.5747871471 0.00506742111222
338 2.51702617528 0.00506929181707
339 0.333480928734 0.0130077907439
340 5.27526172423 0.00506354020201
341 0.00685106938202 0.0615737782911
342 5.78147849085 0.00508392662663
343 0.267795621422 0.0163082288738
344 6.2947468261 0.00515111368432
345 4.55558744447 0.00505563374486
346 0.267538237394 0.0163240361467
347 2.14950452145 0.00508896438004
348 1.73107599003 0.00514537963465
349 5.2744261478 0.00506352194572
350 2.88808533929 0.00506053455111
351 3.44554319974 0.00505562887066
352 5.52601412291 0.00507084946374
353 4.13081225004 0.00505460668568
354 7.60254662237 0.0108432581285
355 0.432805428607 0.00995102533026
356 5.68607402218 0.00507814768576
357 1.56133248874 0.00519102589834
358 7.54170917644 0.00940934475554
359 4.93732881806 0.00505831006039
360 3.68652882188 0.00505487199832
361 6.50019307167 0.00521324540139
362 0.210316523138 0.0205864964062
363 3.89389231954 0.00505458813509
364 0.0439223108819 0.0489021806549
365 1.16909262659 0.00542819688319
366 7.3856204527 0.00730387525192
367 5.90344609161 0.00509341028531
368 0.998661670596 0.00566240888842
369 6.00187557548 0.00510328373661
370 0.517550446966 0.00840560083177
371 0.322055847316 0.0134895830004
372 4.01354033046 0.00505455324421
373 6.49144037013 0.00520985699684
374 1.41210548675 0.00525205990559
375 4.13523636646 0.00505461042556
376 7.7332284059 0.0163712745559
377 1.43168547252 0.00524256383658
378 3.17599953474 0.00505726146878
379 0.613906766259 0.00730807187883
380 4.87195298027 0.00505767320897
381 2.61126847323 0.00506635643712
382 1.66191785069 0.00516161894557
383 3.95499456583 0.0050545590283
384 1.17794951195 0.00541924561882
385 7.31566114437 0.00677569477902
386 0.57784311167 0.00765840250977
387 3.23904817577 0.00505678339797
388 7.73202491233 0.0162972223567
389 3.63860535212 0.00505498202907
390 5.16013942686 0.00506131362591
391 5.32373039501 0.00506465826222
392 2.04798849646 0.0050979978385
393 5.33313411748 0.00506488923974
394 7.58260872191 0.0103181243606
395 3.81757778389 0.00505465832702
396 3.79701819774 0.0050546838569
397 0.288065347507 0.0151414242721
398 7.60733040808 0.0109784614474
399 0.219757642217 0.0197678860251
400 1.76079280206 0.00513922406061
401 7.06293251995 0.00578740367972
402 6.86544276334 0.00546561401814
403 4.42454146614 0.00505515575699
404 0.0543358309696 0.0459469905824
405 6.00904483829 0.00510409609153
406 6.03285639673 0.0051068953437
407 0.383296782729 0.0112544906816
408 2.33099250244 0.00507723911991
409 4.13949436635 0.00505461414559
410 2.54071709278 0.00506849561699
411 6.93377771169 0.0055533014093
412 6.99681821987 0.00565428019081
413 2.8525523557 0.00506110059567
414 0.201280661673 0.0214200832432
415 7.77116970194 0.0190282937982
416 1.81448352874 0.00512919100205
417 1.57902631012 0.00518527912523
418 2.24533048774 0.00508217438196
419 2.6577718107 0.00506511717666
420 5.27727254984 0.00506358427268
421 3.59654154582 0.00505509396858
422 6.5049699757 0.00521512868257
423 2.66448511356 0.00506494847459
424 1.92662614437 0.00511203856548
425 6.56356338628 0.00524033641929
426 3.55064027066 0.00505523356556
427 4.46362659542 0.00505528085353
428 4.65312366252 0.005056110206
429 6.575851949 0.00524615827861
430 1.57657310101 0.00518606003058
431 0.198937736398 0.0216446549953
432 2.33186414245 0.00507719364728
433 3.14454378982 0.00505752656426
434 0.347634857953 0.0124554885651
435 3.40345248096 0.0050558200146
436 5.52253338145 0.00507071790211
437 6.03308387789 0.005106922856
438 5.03710226028 0.00505947682012
439 4.23283048961 0.00505472608207
440 5.55052092023 0.00507180508228
441 3.38366925586 0.00505591698723
442 0.624203346225 0.0072187965595
443 5.51638189408 0.00507048786254
444 7.88768085329 0.0331181681666
445 4.2896770721 0.00505482396567
446 0.459727626797 0.00938101809286
447 0.576570931228 0.00767193146954
448 6.45265509105 0.00519576260309
449 7.7876411271 0.020404999976
450 3.01486459979 0.00505883737712
451 1.89692268856 0.00511613887989
452 2.62470743005 0.00506598523573
453 7.2195304166 0.0062752356236
454 5.62415250471 0.00507501094437
455 6.09214097646 0.00511459506721
456 0.535618985571 0.00815705694295
457 0.2884680166 0.0151197306771
458 7.95118792133 0.0474853198272
459 3.14063783897 0.00505756080047
460 3.09918015883 0.00505794310034
461 7.30159756027 0.0066885988561
462 6.17257363181 0.00512696443165
463 0.151601240052 0.0270481922151
464 6.19303065285 0.00513051648428
465 3.67405494732 0.00505489890296
466 4.38513808852 0.00505504339229
467 2.7722996026 0.00506255222014
468 7.69809859794 0.0144265947763
469 5.66231223883 0.00507689211218
470 0.82377271729 0.00610868989942
471 7.76734022547 0.0187292157089
472 0.674423323238 0.00684052861175
473 1.37973993319 0.0052689449217
474 3.40727369125 0.00505580182146
475 1.39281705398 0.00526193679952
476 5.7027274885 0.0050790686143
477 4.66590686618 0.00505618142493
478 3.61015953471 0.00505505610212
479 5.90812301915 0.00509382983162
480 4.16578222036 0.0050546397496
481 1.14795214543 0.00545060813839
482 2.60207096355 0.00506661686803
483 6.10653957901 0.00511663616124
484 6.57963515324 0.00524799099507
485 7.05940992489 0.00577947277598
486 5.05167248939 0.00505966952271
487 2.38563565262 0.00507455379404
488 6.54083762496 0.00523007699534
489 5.00333171802 0.0050590530618
490 7.21464774136 0.00625492881926
491 3.28802119875 0.00505645667143
492 6.91746175825 0.00553052279513
493 3.94056570986 0.00505456376559
494 7.2933235089 0.00663987232268
495 0.759662147138 0.00636661207181
496 0.0831743371389 0.0388786363149
497 2.50418184382 0.00506974122764
498 3.55290511405 0.0050552262325
499 7.22794182048 0.00631120944758
500 0.325840713195 0.0133262358376
501 3.33325059968 0.00505618619532
502 5.19545230151 0.00506193827334
503 4.33090250065 0.00505490993032
504 5.96241344368 0.00509904996977
505 1.81517369226 0.00512907048084
506 6.74524795052 0.00535114637346
507 6.53560466976 0.0052278039751
508 1.82297683186 0.00512772193904
509 4.90494100118 0.00505798305786
510 3.07397622211 0.00505819325724
511 2.46885604616 0.00507104521701
512 5.6183574968 0.00507473908318
513 2.12714202472 0.00509077580969
514 6.06791535661 0.00511131633147
515 4.82831400458 0.00505729672699
516 2.88224238187 0.00506062464835
517 6.22205665682 0.00513587331275
518 2.59690908693 0.00506676534921
519 2.92120926655 0.00506004490187
520 2.73635431002 0.00506328936655
521 0.221677596876 0.0196076335097
522 1.34616730111 0.00528817720781
523 2.71801912353 0.00506368822335
524 4.87524059628 0.00505770308193
525 6.72173475186 0.0053332898719
526 2.94979475859 0.00505964983867
527 4.18686364599 0.00505466359972
528 3.93491706589 0.00505456597843
529 1.37374255535 0.00527224682086
530 1.97829854366 0.00510556429936
531 4.84131105524 0.00505740504593
532 0.81678993219 0.00613358459487
533 3.79473488741 0.00505468686971
534 7.16475654872 0.0060692908636
535 4.194627995 0.00505467313752
536 6.28249453427 0.00514834656861
537 1.92363942882 0.00511243776288
538 3.72915759276 0.0050547889399
539 2.52319606849 0.00506908043286
540 1.21479935423 0.00538455856472
541 5.09199055534 0.00506023580306
542 0.271582070761 0.0160786703334
543 6.66250573124 0.00529345410445
544 3.38173371995 0.00505592672915
545 2.2755027346 0.0050803259438
546 7.32357731905 0.00682721836648
547 2.84825976196 0.00506117198879
548 3.72435651391 0.00505479762036
549 2.70534105943 0.0050639734999
550 0.106751421124 0.0341257999353
551 5.06848634463 0.00505989964527
552 5.73390755599 0.00508088892419
553 5.2232549821 0.00506246500318
554 6.75849400835 0.00536177662364
555 2.56666486434 0.00506767000295
556 0.644059910395 0.00705852024217
557 1.23779926113 0.00536482863065
558 2.55766504437 0.00506795103153
559 2.38213792985 0.00507471600445
560 0.243916314855 0.0178925025132
561 5.51163150471 0.0050703123517
562 3.87720533887 0.00505460023246
563 5.25767109019 0.00506316280552
564 0.366925105136 0.0117744729357
565 5.10180345599 0.00506038132096
566 0.860049508057 0.00599002401893
567 4.39246762296 0.00505506328425
568 7.02923035688 0.00571557180445
569 7.8352516364 0.0253658048993
570 2.35538903829 0.00507599943915
571 1.50443236486 0.00521144482075
572 1.09218097015 0.00551763442138
573 1.9019947447 0.00511541783546
574 4.77653716608 0.00505689530241
575 3.8663293627 0.0050546090874
576 7.06421067298 0.00579030705333
577 3.28865254328 0.00505645269582
578 6.76314880191 0.00536561478001
579 4.47476400712 0.00505531910146
580 0.925819607747 0.00581343363549
581 2.87402716098 0.0050607532797
582 1.30323723762 0.00531564617493
583 0.649187031626 0.00701951696362
584 1.44625766366 0.00523582385705
585 4.64709291078 0.00505607735269
586 2.83942131488 0.00506132110469
587 0.396711020333 0.0108639950237
588 4.61908420987 0.00505593085976
589 1.77292001759 0.00513684001528
590 1.00585438445 0.00564953466349
591 6.3007365939 0.00515249788256
592 4.99853132054 0.00505899532502
593 7.96054461564 0.0502436632473
594 4.03197840831 0.00505455587848
595 2.65556449294 0.00506517318913
596 2.35098315261 0.00507621832075
597 5.17579486558 0.00506158463841
598 5.88416621952 0.0050917280728
599 3.93659366328 0.00505456530056
600 2.6683802492 0.00506485172168
601 5.2538745323 0.00506308323491
602 6.62450599794 0.00527127672885
603 0.593055585352 0.00750305270081
604 1.61407578242 0.00517465208392
605 5.38038075408 0.00506612449227
606 3.35343388449 0.00505607450534
607 2.75743490935 0.00506285007043
608 4.43203306331 0.00505517865786
609 1.80781011444 0.00513036695634
610 1.56844879257 0.00518868238306
611 0.214614261297 0.0202074370632
612 6.90816812407 0.00551809383148
613 4.11027866233 0.00505459099056
614 0.643661229522 0.00706159259623
615 6.04762150448 0.00510871231649
616 1.12266371171 0.00547949378858
617 4.50444626152 0.0050554269115
618 1.24560277658 0.00535844319984
619 7.00191413064 0.00566345374704
620 6.65118109362 0.00528659006043
621 0.570314614105 0.00773972514921
622 6.69755733053 0.00531618775226
623 4.8124687557 0.00505716886956
624 4.49181623765 0.00505537997725
625 5.5963935793 0.00507374009403
626 7.0354454125 0.00572816229222
627 7.56143057577 0.0098217167129
628 6.11654312934 0.00511809651891
629 5.59363701044 0.00507361814382
630 3.53925623702 0.00505527114485
631 5.41735072504 0.00506718439272
632 2.07797441016 0.00509510426141
633 6.38447606388 0.00517423351274
634 2.29325601975 0.00507929595661
635 1.29340489187 0.00532243795856
636 3.91345211662 0.00505457623281
637 2.38344500059 0.00507465523912
638 4.87449680795 0.00505769630438
639 2.17163686847 0.00508726119731
640 6.41265729239 0.00518266890593
641 1.38811822419 0.00526442517238
642 6.92502868042 0.00554093166285
643 5.54331111913 0.00507151852359
644 0.337592084965 0.0128424668277
645 6.62443693025 0.00527123857248
646 5.48398090145 0.00506932659451
647 4.62323505755 0.00505595194892
648 2.09538636211 0.00509351459397
649 7.28049137968 0.00656776557352
650 4.28832932045 0.00505482137224
651 7.68351618513 0.0137370746844
652 6.65006058701 0.00528592299975
653 7.60752662823 0.0109840874744
654 0.858301115192 0.00599535933874
655 3.37554060483 0.00505595821009
656 4.26407453093 0.0050547769888
657 6.85898906936 0.0054583033079
658 2.31518689408 0.0050780793568
659 3.31387559671 0.00505629855631
660 2.06975309396 0.00509587754901
661 4.3989412693 0.00505508123235
662 3.5214178039 0.00505533248693
663 6.00148328917 0.00510323968227
664 3.33843413376 0.00505615699692
665 4.81429418683 0.00505718336832
666 5.22825123208 0.0050625630862
667 5.89999047399 0.0050931032128
668 5.92395880753 0.005095284767
669 4.18785197947 0.00505466479113
670 5.79746900506 0.00508502394694
671 2.68884438257 0.00506435672464
672 5.37077655102 0.00506586293336
673 1.33241032965 0.0052966093605
674 3.91555853269 0.00505457509687
675 3.56134302558 0.00505519932636
676 0.900555197361 0.00587606574325
677 5.30597392742 0.00506423486087
678 5.28248088198 0.00506369932536
679 7.21913822515 0.00627358913703
680 6.29496363562 0.00515116342331
681 5.67515979759 0.00507756262944
682 3.66159322326 0.00505492698885
683 3.27224258738 0.00505655794315
684 3.33607243826 0.00505617025562
685 5.12011060244 0.00506066125584
686 5.57993951237 0.00507302316968
687 3.1929982198 0.00505712580185
688 1.29089017093 0.00532420691555
689 0.275236968595 0.0158622954708
690 0.552894951308 0.00794008172199
691 4.74529630932 0.00505667492592
692 6.33894827067 0.00516184094403
693 2.50666347021 0.00506965340028
694 5.81326016131 0.00508614769379
695 2.12543504762 0.00509091796184
696 5.24617286231 0.0050629238277
697 4.05409102369 0.00505456185806
698 4.0606469379 0.00505456422363
699 3.89399982904 0.00505458806296
700 1.95491160972 0.00510839603993
701 7.52955820396 0.0091766593951
702 1.8766749213 0.00511910684099
703 0.350641731685 0.0123441042771
704 2.32148250239 0.00507774108878
705 0.596546496354 0.00746901377615
706 1.05466382479 0.00557021486835
707 4.67873795092 0.00505625511388
708 6.063104566 0.00511068757076
709 3.6452636054 0.00505496565071
710 7.09210907339 0.00585725966467
711 4.89515328842 0.00505788875047
712 7.40256671264 0.00746045910844
713 3.87565246364 0.00505460144976
714 1.57071536146 0.00518794514064
715 5.48676684078 0.00506942320573
716 1.36314682035 0.00527821987858
717 2.73596279371 0.00506329771782
718 2.78840981233 0.00506224012082
719 7.23056544626 0.00632269371059
720 7.73764278251 0.0166478487352
721 6.65098345279 0.00528647224458
722 0.00784968764094 0.0611822570027
723 3.59620738329 0.00505509491773
724 2.36640103871 0.0050754617401
725 3.93751192849 0.00505456493683
726 1.89680286695 0.0051161560205
727 7.8498856387 0.0272484091948
728 6.25581644991 0.00514260814783
729 4.01060016669 0.00505455302151
730 4.19300646276 0.00505467111186
731 2.60557129207 0.00506651713462
732 5.89247673065 0.00509244396867
733 4.44465636328 0.00505521838984
734 3.36277980676 0.00505602458355
735 6.31420744981 0.00515568861733
736 0.48609038261 0.0088987379935
737 0.956142612921 0.00574566265288
738 3.83194604162 0.00505464217682
739 1.05792039516 0.00556538216934
740 6.33497021071 0.00516082535509
741 6.05164926595 0.00510921915791
742 6.62078672895 0.00526923263337
743 7.98145869546 0.057177192205
744 2.52699264675 0.00506895178432
745 2.33694070192 0.00507693057289
746 6.80808039451 0.00540562415265
747 5.56633339051 0.00507244988051
748 2.76450985967 0.00506270710313
749 3.67419570254 0.00505489859265
750 0.0043393756313 0.0625722375995
751 0.444393556278 0.00969521390902
752 6.87607304251 0.00547799398425
753 6.65423054987 0.00528841639294
754 5.46607156703 0.00506871952892
755 4.53515364485 0.00505554779445
756 5.96599930552 0.00509941866091
757 5.53861104984 0.00507133417225
758 7.16942462838 0.006085105073
759 6.82678409011 0.0054239984982
760 5.17712590779 0.005061608109
761 7.53028171638 0.00919008694506
762 2.28393695058 0.00507983145706
763 6.25630658255 0.00514271015587
764 4.34912775628 0.00505495213168
765 6.37033469246 0.00517022754172
766 3.5562354177 0.00505521553535
767 7.52416884906 0.00907828062829
768 5.08806625016 0.00506017847363
769 0.521334939874 0.00835159530652
770 1.3650184529 0.00527715162959
771 1.47112578086 0.00522492791308
772 3.02111833824 0.00505876521247
773 7.26530790749 0.00648755027076
774 7.62818741698 0.011613965104
775 3.16091898577 0.00505738623594
776 5.27425790098 0.00506351827376
777 4.76679881237 0.00505682491524
778 3.94876455086 0.00505456091256
779 4.7328186334 0.00505659121765
780 5.36012374562 0.00506557918633
781 6.21739670393 0.00513498722615
782 4.68182690949 0.00505627318941
783 5.49744626879 0.00506979911073
784 6.79328407276 0.00539183086433
785 3.9476389262 0.00505456127911
786 2.41841103766 0.00507309385743
787 0.447561505519 0.00962810392852
788 4.01168836373 0.00505455309761
789 2.04055699383 0.0050987468955
790 0.950754077364 0.00575715887259
791 1.57226909885 0.00518744229291
792 3.43278037955 0.00505568471132
793 2.24069472058 0.00508246977898
794 4.89910117986 0.00505792654402
795 2.36595088541 0.00507548346106
796 4.78232783344 0.00505693790073
797 1.27394223505 0.0053364792796
798 1.88363451837 0.00511807027634
799 6.39539189059 0.00517742770567
800 3.0468292649 0.00505847870509
801 3.99585993401 0.00505455272274
802 6.3279091969 0.00515904789488
803 5.65945538915 0.00507674562803
804 4.43876261799 0.00505519965922
805 1.47403002081 0.00522370309605
806 6.40737300422 0.00518103962652
807 5.78480737615 0.00508415177385
808 5.10156473411 0.00506037774386
809 3.35883672779 0.00505604550924
810 2.81224801649 0.00506179793982
811 4.85457298767 0.0050575188639
812 2.21002727044 0.00508450453517
813 2.89167186118 0.00506047981269
814 1.73631840096 0.00514426025113
815 3.48775660416 0.00505545668652
816 4.71702650346 0.00505648866741
817 3.20682664195 0.00505701920426
818 5.58480584644 0.00507323246831
819 4.36727640898 0.00505499679717
820 7.33151556172 0.00688079238791
821 2.18533118645 0.00508624992654
822 6.04388676791 0.00510824667519
823 1.77538072707 0.00513636496626
824 7.61548572135 0.0112177787081
825 5.93640913843 0.00509646696496
826 0.103594237265 0.0347155908333
827 7.17939528015 0.00611989685626
828 0.658234800123 0.00695292673799
829 3.5251474745 0.00505531941019
830 5.25321438815 0.0050630694663
831 4.4380855183 0.00505519752761
832 6.16039612662 0.00512493293837
833 4.55740171555 0.00505564159552
834 0.690148190271 0.0067390457231
835 5.93896544511 0.0050967139751
836 6.91138530445 0.00552235286666
837 6.81568657169 0.00541296642644
838 4.85975870694 0.00505756429294
839 0.0507317149306 0.0469433700755
840 7.52812698132 0.00915025248471
841 1.81535936114 0.00512903809286
842 5.77848675179 0.00508372573634
843 6.52942208816 0.00522516005777
844 2.3905546857 0.0050743278059
845 7.94961790624 0.0470414856984
846 0.962876000644 0.00573161176105
847 7.05339186062 0.00576616005785
848 1.31726008171 0.00530629311484
849 5.63632143931 0.00507559344136
850 7.1147649735 0.00591708232286
851 2.50149332746 0.00506983692276
852 2.79922748978 0.00506203661434
853 4.26355057778 0.00505477607744
854 0.340310864821 0.0127353767866
855 1.8233049503 0.00512766579653
856 1.79406555339 0.00513285062515
857 0.600391388063 0.00743218933273
858 7.14376296508 0.00600170548723
859 7.01295943855 0.00568391625824
860 2.80800725199 0.00506187493399
861 7.28630499128 0.00659992589192
862 0.731617974148 0.00650336348745
863 4.35303874472 0.00505496153203
864 2.18292607432 0.00508642524219
865 1.48977419923 0.00521722906823
866 4.79719210272 0.0050570498409
867 6.23364494811 0.00513812168227
868 6.40441008657 0.0051801358751
869 5.09794282326 0.00506032369933
870 7.49724277869 0.00862728296067
871 2.29264863087 0.00507933051616
872 6.09904795363 0.00511556534737
873 7.00119335207 0.00566214614593
874 3.85069426417 0.00505462316922
875 5.15111823692 0.00506116160249
876 7.11997734391 0.00593159775857
877 4.40189640562 0.00505508954454
878 0.169900183918 0.024747490494
879 5.22057471647 0.00506241282432
880 0.234544305675 0.0185847871998
881 2.39450104382 0.00507414829241
882 2.49247801523 0.00507016200168
883 5.37143643254 0.00506588072875
884 2.47126089275 0.00507095317115
885 3.77504130313 0.00505471434573
886 5.99348069134 0.00510234982863
887 7.6065196494 0.0109552830313
888 4.55739126361 0.00505564155018
889 0.533445047394 0.00818574581676
890 5.06415475635 0.00505983955196
891 7.55487796794 0.00967967730826
892 7.85961365946 0.0286114804276
893 3.09558544342 0.00505797793331
894 5.76906005803 0.00508310163915
895 3.40868936989 0.0050557951248
896 3.43992804546 0.00505565321609
897 4.04703738069 0.00505455961597
898 1.81681596415 0.00512878451506
899 4.05046807547 0.00505456066725
900 1.24060357264 0.00536251648274
901 0.289563299686 0.01506100072
902 4.5504188769 0.00505561157741
903 0.890352819687 0.00590311143419
904 0.238715656062 0.0182713985179
905 7.25911821571 0.00645634519055
906 5.71796778177 0.00507994230498
907 3.68521415755 0.00505487477743
908 3.27415672428 0.00505654545976
909 4.0675868597 0.00505456702395
910 1.84372188072 0.0051242595109
911 0.615043601209 0.00729799690778
912 3.66817073891 0.00505491201309
913 3.89356244606 0.00505458835684
914 0.644235144773 0.00705717165289
915 2.200265349 0.0050851826921
916 5.97864656228 0.00510074409861
917 2.36364277883 0.00507559517768
918 1.584075638 0.00518368754722
919 4.2124621024 0.00505469660022
920 1.730358919 0.00514553389303
921 3.22976452495 0.00505684957701
922 5.12985203441 0.00506081482316
923 5.31290682806 0.00506439822282
924 6.3660234236 0.00516903506647
925 7.17816015644 0.00611551040997
926 4.57627437642 0.00505572543296
927 5.07633925636 0.00506001004815
928 5.81771258976 0.00508647195897
929 1.59841814558 0.0051792796973
930 4.23373915731 0.0050547274648
931 4.96894502311 0.00505865256442
932 7.33383805679 0.00689683962795
933 7.05978011874 0.00578030139029
934 6.62400155485 0.00527099822206
935 3.03782454288 0.00505857721435
936 5.38858842953 0.00506635242666
937 1.87414105812 0.00511948859026
938 5.28751282065 0.00506381173053
939 6.48315321985 0.0052067215
940 4.43376005148 0.0050551840084
941 4.47346085236 0.00505531456506
942 4.51768147611 0.00505547781977
943 0.206148812183 0.0209646814947
944 7.41079805487 0.00754131131374
945 0.313729278758 0.0138625957383
946 7.00226906312 0.00566409887679
947 6.85898362836 0.00545829720836
948 3.74169479722 0.00505476706304
949 5.23822656861 0.00506276213834
950 1.16799385392 0.00542932494533
951 4.09639609677 0.00505458191943
952 7.61153257519 0.0111003568584
953 4.95266910705 0.0050584732745
954 2.6530655115 0.0050652369303
955 4.75984382738 0.00505677559271
956 0.446000427166 0.00966102660026
957 3.81158574681 0.00505466547189
958 4.82745041569 0.00505728964082
959 3.71637000472 0.00505481243499
960 5.64187039287 0.00507586437734
961 5.48639623869 0.00506941031961
962 0.186178416823 0.0229324114744
963 7.46707747183 0.00819268938781
964 2.84988101026 0.00506114494626
965 7.32478030433 0.00683521235728
966 0.939003882079 0.00578303119201
967 2.26922728337 0.00508070004361
968 0.579513554814 0.00764076751742
969 7.34546514836 0.00697981906961
970 4.48064459894 0.00505533977565
971 1.37869248213 0.00526951755946
972 7.26789269749 0.00650083217891
973 3.52850190143 0.00505530776324
974 0.355405770426 0.0121716870204
975 2.39120526783 0.00507429810283
976 3.16634513419 0.00505734085731
977 4.04161258578 0.00505455810504
978 0.0525311891861 0.0464424834912
979 1.89770232836 0.0051160274724
980 4.83306864635 0.00505733598768
981 3.70431904173 0.00505483568338
982 1.7895073052 0.00513369306106
983 3.18833334676 0.00505716251754
984 5.77068978043 0.00508320857885
985 5.21641455668 0.00506233243615
986 2.58124443596 0.005067226391
987 7.15661279602 0.00604240068209
988 1.28886865881 0.00532563850501
989 5.18627061573 0.0050617712116
990 1.72101108823 0.00514757041862
991 0.965108444383 0.00572702873359
992 2.31889814681 0.00507787936777
993 4.29573120411 0.00505483578258
994 5.69677682513 0.00507873556329
995 5.8572234746 0.00508949957015
996 5.60306901644 0.00507403854345
997 0.905067501537 0.0058644358795
998 6.63015270677 0.00527442173409
999 5.63556828836 0.00507555692683
0.0595861933771

Grand canonical potential order by order is 
[-2.27242324  0.81653996 -0.11917239]

Total canonical poetential is
-1.57505566569
