-1.800000000000201084e+01 2.460804463177755478e-08
-1.768637079511795918e+01 3.948818137671731839e-09
-1.738314684757837725e+01 9.418168104446272159e-09
-1.708981328123576660e+01 1.291086702644322667e-08
-1.680588863433072433e+01 1.162598538897896612e-08
-1.653092219204418001e+01 8.975429246124196914e-09
-1.626449157056260830e+01 2.246834244108645779e-08
-1.600620052541652782e+01 2.780606841787839020e-08
-1.575567696017295916e+01 3.320596334525171900e-08
-1.551257111443442049e+01 4.170634674393784167e-08
-1.527655391258613626e+01 4.586010689264116738e-08
-1.504731545689701200e+01 5.234396662876588873e-08
-1.482456365046278535e+01 9.791216251737511147e-08
-1.460802293712368716e+01 8.783741484961283816e-08
-1.439743314692604947e+01 1.895825726491101931e-07
-1.419254843695589230e+01 1.127567886844040842e-07
-1.399313631847824624e+01 1.640308586548136522e-07
-1.379897676228727654e+01 1.480282133523993877e-07
-1.360986137502872673e+01 1.986049975365625095e-07
-1.342559264001182306e+01 2.348830340391022608e-07
-1.324598321669588152e+01 1.812077436293777047e-07
-1.307085529362816168e+01 2.568307020598152529e-07
-1.290003999013476133e+01 2.404786574977066523e-07
-1.273337680253193582e+01 2.809973252822385505e-07
-1.257071309104041035e+01 3.685516359487035856e-07
-1.241190360395464154e+01 3.111342939633498569e-07
-1.225681003594876195e+01 4.288822118880673919e-07
-1.210530061769597765e+01 4.405897322526999289e-07
-1.195724973424155202e+01 4.368984378400671561e-07
-1.181253756980619762e+01 4.969049942068481652e-07
-1.167104977690866718e+01 5.364390122848244840e-07
-1.153267716788677255e+01 7.119745580310528160e-07
-1.139731542706779699e+01 6.028153577493656938e-07
-1.126486484199332239e+01 7.228582249456727582e-07
-1.113523005224293527e+01 6.603134913869861388e-07
-1.100831981452695096e+01 7.399072870774791276e-07
-1.088404678283180083e+01 6.685988586210480821e-07
-1.076232730250476877e+01 8.118153044548325900e-07
-1.064308121725769141e+01 8.682895259261038160e-07
-1.052623168815380517e+01 8.932671391065880871e-07
-1.041170502371859463e+01 9.305031677573534145e-07
-1.029943052038521678e+01 1.031456725115647345e-06
-1.018934031254830330e+01 1.081161968305631106e-06
-1.008136923155793951e+01 1.031086322130273776e-06
-9.975454673037956965e+00 1.669977453636086116e-06
-9.871536471960840942e+00 1.101524695287496605e-06
-9.769556784955334194e+00 1.402819749245297671e-06
-9.669459979362780899e+00 1.078662779450262513e-06
-9.571192528595137361e+00 1.487924524436736962e-06
-9.474702913380864899e+00 1.368977513975551349e-06
-9.379941528515811200e+00 1.530623197963421184e-06
-9.286860594764403842e+00 1.427075988980019022e-06
-9.195414075582201363e+00 1.459218303210909243e-06
-9.105557598354884874e+00 1.316390941293116886e-06
-9.017248379870389741e+00 1.452318530489281527e-06
-8.930445155761116638e+00 1.644548250804630898e-06
-8.845108113671695804e+00 1.625687148531216632e-06
-8.761198829924738973e+00 1.562415818844311491e-06
-8.678680209472876328e+00 1.534215436509847710e-06
-8.597516428939853128e+00 1.369421866891595015e-06
-8.517672882566811765e+00 1.656447265270572570e-06
-8.439116130892410084e+00 1.541135411511277105e-06
-8.361813852006719117e+00 1.734161076548668660e-06
-8.285734795229661387e+00 1.695106192080164356e-06
-8.210848737074378789e+00 1.702952338427128166e-06
-8.137126439365120589e+00 1.854891661717467133e-06
-8.064539609387715302e+00 1.767893754819990834e-06
-7.993060861958362295e+00 1.825358677886215897e-06
-7.922663683303976967e+00 1.856726551427802897e-06
-7.853322396653874549e+00 1.738666326239402855e-06
-7.785012129448951157e+00 1.941703405254430426e-06
-7.717708782080378249e+00 2.141934284228291942e-06
-7.651388998075133507e+00 1.992287761976630191e-06
-7.586030135650944750e+00 2.219389969298292622e-06
-7.521610240567749628e+00 1.657652300168460880e-06
-7.458108020207273370e+00 1.994926128141771789e-06
-7.395502818816379609e+00 1.961710610778511314e-06
-7.333774593853726209e+00 1.892411755569965773e-06
-7.272903893382695273e+00 2.011821144918716914e-06
-7.212871834457117437e+00 1.977399335282263706e-06
-7.153660082449187385e+00 1.664276890898241719e-06
-7.095250831272068126e+00 1.709954481490616820e-06
-7.037626784452278628e+00 2.013500135824125402e-06
-6.980771137009643468e+00 1.934723043506511862e-06
-6.924667558104775189e+00 2.230475743845234976e-06
-6.869300174416541616e+00 2.239723751224950559e-06
-6.814653554213885300e+00 1.855279594655336828e-06
-6.760712692088343800e+00 2.039642211650509702e-06
-6.707462994315648963e+00 2.053312683161097884e-06
-6.654890264816202716e+00 2.107613626091402937e-06
-6.602980691686176407e+00 2.014582060485418792e-06
-6.551720834272277472e+00 1.912177383979391477e-06
-6.501097610764786872e+00 1.965545027167520705e-06
-6.451098286284775440e+00 2.093142339217755100e-06
-6.401710461442654321e+00 1.991395937366394355e-06
-6.352922061346510496e+00 1.962460092512378622e-06
-6.304721325039668756e+00 2.321609156544166686e-06
-6.257096795348075169e+00 2.063582688860097494e-06
-6.210037309119101678e+00 2.140985244500200658e-06
-6.163531987834188541e+00 2.239852886486896478e-06
-6.117570228578837366e+00 1.827878248885790611e-06
-6.072141695354100754e+00 1.589531350243015228e-06
-6.027236310714632950e+00 2.178677557211425992e-06
-5.982844247719062203e+00 1.924886821378209881e-06
-5.938955922179146363e+00 2.042209700352879582e-06
-5.895561985194874843e+00 2.371168142857111058e-06
-5.852653315963272540e+00 1.862102255261270865e-06
-5.810221014849253685e+00 1.584245679565116888e-06
-5.768256396707496236e+00 2.132384572958203959e-06
-5.726750984444712422e+00 1.817295944431371068e-06
-5.685696502812374042e+00 1.950443294287331918e-06
-5.645084872420248701e+00 1.506727415570219549e-06
-5.604908203961667112e+00 1.809292679930443247e-06
-5.565158792641851981e+00 1.643221458756454541e-06
-5.525829112800970222e+00 1.874103820446557536e-06
-5.486911812724083681e+00 1.797343216233274560e-06
-5.448399709630409760e+00 2.188083128598180233e-06
-5.410285784834729661e+00 1.744277770826595746e-06
-5.372563179074079542e+00 1.967849961894155825e-06
-5.335225187993163587e+00 1.714852023845851137e-06
-5.298265257782246884e+00 1.919549757229382423e-06
-5.261676980961550676e+00 1.368610662407905700e-06
-5.225454092306433651e+00 1.812426176682969530e-06
-5.189590464907923639e+00 1.948048850588247217e-06
-5.154080106363324809e+00 1.913737088173277802e-06
-5.118917155092023386e+00 1.614150714353558839e-06
-5.084095876771596245e+00 1.663858709183486924e-06
-5.049610660889740643e+00 1.877049721754573620e-06
-5.015456017407655231e+00 1.626775095846813361e-06
-4.981626573530626878e+00 1.844447379562249562e-06
-4.948117070581910859e+00 1.416977289193436742e-06
-4.914922360976011539e+00 1.518523801231580282e-06
-4.882037405287712239e+00 1.737713306566380957e-06
-4.849457269413337102e+00 1.488643675348345858e-06
-4.817177121820895636e+00 1.691113944574482911e-06
-4.785192230885824571e+00 1.528132470688581325e-06
-4.753497962309302771e+00 1.532701041707524104e-06
-4.722089776616123835e+00 1.580130268341497236e-06
-4.690963226729293112e+00 1.379516651598537868e-06
-4.660113955618596648e+00 1.622356238301360335e-06
-4.629537694020590344e+00 1.650127980958722233e-06
-4.599230258227382961e+00 1.396116677601302442e-06
-4.569187547941903738e+00 1.496183646644469186e-06
-4.539405544197283149e+00 1.431165077396537845e-06
-4.509880307338105077e+00 1.880275272403601777e-06
-4.480607975061465353e+00 1.486616805587032119e-06
-4.451584760515686412e+00 1.449427512068724340e-06
-4.422806950454783781e+00 1.180762554754047887e-06
-4.394270903446768628e+00 1.661405975953013984e-06
-4.365973048133954926e+00 1.443533253605093925e-06
-4.337909881543509094e+00 1.647063792756494255e-06
-4.310077967446587444e+00 1.636473617190965517e-06
-4.282473934764412071e+00 1.327042518090851939e-06
-4.255094476019731786e+00 1.487038235446792314e-06
-4.227936345832168819e+00 1.527439026832988173e-06
-4.200996359456015128e+00 1.650905290541153328e-06
-4.174271391359062555e+00 1.349546302288872954e-06
-4.147758373841154089e+00 1.709467101920776787e-06
-4.121454295691163061e+00 1.134205358179745724e-06
-4.095356200881122177e+00 1.331009837754210044e-06
-4.069461187296388616e+00 1.451092058224214233e-06
-4.043766405500584860e+00 1.261462445647969772e-06
-4.018269057534298305e+00 1.433665088820910579e-06
-3.992966395746416985e+00 1.361836457238406776e-06
-3.967855721657088441e+00 9.145288096783282221e-07
-3.942934384851309204e+00 1.514618414276294905e-06
-3.918199781902168777e+00 1.373753536037315499e-06
-3.893649355322847061e+00 1.319284387006021793e-06
-3.869280592546462394e+00 1.493676282785234407e-06
-3.845091024932894896e+00 1.871505242603631842e-06
-3.821078226801797317e+00 1.320346389241979437e-06
-3.797239814490932730e+00 1.439313582806502274e-06
-3.773573445439120100e+00 2.813237229121490217e-06
-3.750076817293014120e+00 1.056109833490118173e-06
-3.726747667036997225e+00 1.476049313514572074e-06
-3.703583770145510101e+00 1.351426542067352912e-06
-3.680582939757102157e+00 1.216070092738765645e-06
-3.657743025869630404e+00 1.299977296978982108e-06
-3.635061914555887341e+00 9.544653380752207336e-07
-3.612537527199123133e+00 1.398526187830067568e-06
-3.590167819747855482e+00 1.329392291461898521e-06
-3.567950781989368547e+00 1.257987065601310434e-06
-3.545884436841426179e+00 1.228319636402013305e-06
-3.523966839661581307e+00 1.369807401862812381e-06
-3.502196077573649369e+00 1.210875016890382108e-06
-3.480570268810808887e+00 1.109949947191711696e-06
-3.459087562074850908e+00 1.304449190206967509e-06
-3.437746135911134981e+00 1.278159031398628141e-06
-3.416544198098792506e+00 1.288030229226959577e-06
-3.395479985055740890e+00 1.086891030388820725e-06
-3.374551761258098193e+00 1.253092599471655326e-06
-3.353757818673582580e+00 1.486361663907561525e-06
-3.333096476208523118e+00 1.231675325979683558e-06
-3.312566079168071553e+00 1.059443120132390090e-06
-3.292164998729279812e+00 1.185525226183756117e-06
-3.271891631426664837e+00 1.192337097282259753e-06
-3.251744398649922374e+00 1.064268991619097631e-06
-3.231721746153456643e+00 1.415922020639807089e-06
-3.211822143577407918e+00 8.993158754319781218e-07
-3.192044083979844071e+00 1.477552504396020643e-06
-3.172386083379843402e+00 1.147338391715329107e-06
-3.152846680311138350e+00 1.326731541136057527e-06
-3.133424435386072737e+00 9.675396377282200067e-07
-3.114117930869558570e+00 1.233885249163620207e-06
-3.094925770262795250e+00 1.538925730682305949e-06
-3.075846577896469647e+00 1.512236941989413854e-06
-3.056878998533198555e+00 1.572411167049561943e-06
-3.038021696978961295e+00 1.201972318540165881e-06
-3.019273357703287086e+00 9.692147781451988137e-07
-3.000632684467968048e+00 1.050790434698798781e-06
-2.982098399964077995e+00 1.113705178749328084e-06
-2.963669245457069223e+00 1.067956605814699167e-06
-2.945343980439752762e+00 1.046487400505895392e-06
-2.927121382292947160e+00 1.229944765192679178e-06
-2.909000245953597297e+00 1.164152098759649315e-06
-2.890979383590179363e+00 1.086946096817933820e-06
-2.873057624285205058e+00 1.626619226903685781e-06
-2.855233813724623815e+00 9.863530221901858347e-07
-2.837506813893987179e+00 1.259772028126148572e-06
-2.819875502781155951e+00 1.007913379228153465e-06
-2.802338774085429751e+00 1.071161452807879846e-06
-2.784895536932901372e+00 1.190299022682926571e-06
-2.767544715597910265e+00 1.104032182696631654e-06
-2.750285249230413953e+00 8.035726809097602062e-07
-2.733116091589155250e+00 1.240944258428667368e-06
-2.716036210780464089e+00 1.117217602622218099e-06
-2.699044589002566052e+00 1.259038783711563695e-06
-2.682140222295249732e+00 1.276178955198812348e-06
-2.665322120294779662e+00 1.400093375910836286e-06
-2.648589305993904297e+00 1.396191317082895326e-06
-2.631940815506855547e+00 1.142237150044652534e-06
-2.615375697839200431e+00 1.211835423042939539e-06
-2.598893014662444045e+00 1.542817875956151558e-06
-2.582491840093254609e+00 1.825323622164353243e-06
-2.566171260477212002e+00 1.335807630793599066e-06
-2.549930374176959447e+00 1.237837869553561731e-06
-2.533768291364664638e+00 1.438302850259044086e-06
-2.517684133818677505e+00 1.689291812716380037e-06
-2.501677034724291371e+00 1.285629669331668002e-06
-2.485746138478510670e+00 1.317363703963853850e-06
-2.469890600498723998e+00 7.638973107130886501e-07
-2.454109587035200768e+00 1.645912178211693768e-06
-2.438402274987315543e+00 1.640829036048810386e-06
-2.422767851723407695e+00 1.584250465655209427e-06
-2.407205514904207533e+00 1.457553947796849577e-06
-2.391714472309731221e+00 1.496693609069100319e-06
-2.376293941669569421e+00 8.285318833318426499e-07
-2.360943150496495058e+00 1.250165497512235553e-06
-2.345661335923311608e+00 2.332153955501233687e-06
-2.330447744542858413e+00 1.511296250255212922e-06
-2.315301632251118846e+00 1.508902189331649469e-06
-2.300222264093345625e+00 1.122795698621244808e-06
-2.285208914113144640e+00 1.512674700880608124e-06
-2.270260865204440481e+00 1.596074429300034048e-06
-2.255377408966269037e+00 1.485357142265998802e-06
-2.240557845560325223e+00 1.806299482527245818e-06
-2.225801483571210770e+00 1.255222378103574907e-06
-2.211107639869315467e+00 1.885609569485264626e-06
-2.196475639476279440e+00 1.327881953289687273e-06
-2.181904815432973432e+00 1.310542894977652148e-06
-2.167394508669943320e+00 1.706649094699356030e-06
-2.152944067880271817e+00 1.995796835400345965e-06
-2.138552849394784516e+00 1.950031801002946848e-06
-2.124220217059574090e+00 2.608699141546025245e-06
-2.109945542115772454e+00 1.859507107719675396e-06
-2.095728203081529628e+00 1.822768687548435368e-06
-2.081567585636154849e+00 1.550825568328991872e-06
-2.067463082506362237e+00 2.607787788378572909e-06
-2.053414093354584136e+00 1.773083854544977289e-06
-2.039420024669305942e+00 2.388550798073106481e-06
-2.025480289657382471e+00 2.146541786788669700e-06
-2.011594308138276332e+00 2.231841790878278021e-06
-1.997761506440205226e+00 1.945254935855714122e-06
-1.983981317298131319e+00 2.910208278827291427e-06
-1.970253179753569617e+00 2.119055593545912654e-06
-1.956576539056167352e+00 3.371124683799098156e-06
-1.942950846567025547e+00 2.730042511663277047e-06
-1.929375559663717654e+00 2.804184078718967737e-06
-1.915850141646975535e+00 2.479445334833565810e-06
-1.902374061649005244e+00 2.364755263214991603e-06
-1.888946794543396868e+00 2.850316856074531911e-06
-1.875567820856598900e+00 2.860462279879376941e-06
-1.862236626680921825e+00 2.854189495937745343e-06
-1.848952703589041180e+00 2.960619632031368316e-06
-1.835715548549967879e+00 3.685371057053874520e-06
-1.822524663846452730e+00 2.977496131935767610e-06
-1.809379556993800708e+00 3.405066211847028027e-06
-1.796279740660062796e+00 2.817032812956352611e-06
-1.783224732587581407e+00 3.283957788501274948e-06
-1.770214055515849871e+00 4.048023876319496419e-06
-1.757247237105675541e+00 3.175831481763175311e-06
-1.744323809864610553e+00 3.892527749080107475e-06
-1.731443311073621372e+00 3.385991135455735901e-06
-1.718605282714980698e+00 3.684952511193439113e-06
-1.705809271401351745e+00 3.585482149984952949e-06
-1.693054828306041149e+00 4.231568054144028438e-06
-1.680341509094399610e+00 4.072232280662564360e-06
-1.667668873856344547e+00 4.949980833229767291e-06
-1.655036487039980519e+00 4.708662285060526224e-06
-1.642443917386301022e+00 1.288876605960239625e-05
-1.629890737864948980e+00 5.990152442170832899e-06
-1.617376525611005755e+00 5.007088451592108665e-06
-1.604900861862805783e+00 5.096407846005810548e-06
-1.592463331900736856e+00 6.442508520917549427e-06
-1.580063524987020074e+00 6.108626611097268521e-06
-1.567701034306447028e+00 6.142604662886699113e-06
-1.555375456908052678e+00 6.686805729997416029e-06
-1.543086393647707277e+00 7.712515828872476637e-06
-1.530833449131608237e+00 7.424159505795695087e-06
-1.518616231660659732e+00 1.102651290192160860e-05
-1.506434353175712282e+00 7.244152736633483764e-06
-1.494287429203655870e+00 8.579764070720886766e-06
-1.482175078804342627e+00 8.926491894528598987e-06
-1.470096924518329295e+00 9.415054365114978180e-06
-1.458052592315416618e+00 9.037059534672446125e-06
-1.446041711543979202e+00 1.163717792955954491e-05
-1.434063914881057000e+00 1.216887842890170698e-05
-1.422118838283209508e+00 1.355238870893495513e-05
-1.410206120938107599e+00 1.243613300892756770e-05
-1.398325405216850115e+00 1.353762792701412255e-05
-1.386476336626996986e+00 1.465666437034310925e-05
-1.374658563766294916e+00 1.485084459765298200e-05
-1.362871738277095179e+00 1.522063468426791530e-05
-1.351115514801437101e+00 1.863869087479789539e-05
-1.339389550936797013e+00 1.861901723262144329e-05
-1.327693507192477362e+00 1.854458962435020315e-05
-1.316027046946637080e+00 1.799326154231910505e-05
-1.304389836403941239e+00 2.118913340161159215e-05
-1.292781544553817996e+00 2.132236235818748928e-05
-1.281201843129320173e+00 1.620703109577834603e-05
-1.269650406566570577e+00 2.603560389713384504e-05
-1.258126911964788874e+00 2.985740591454004011e-05
-1.246631039046874889e+00 3.356398765497441009e-05
-1.235162470120555911e+00 4.090263311777539863e-05
-1.223720890040073339e+00 3.380591225328584361e-05
-1.212305986168408234e+00 3.478076436520618239e-05
-1.200917448340022453e+00 3.872073270794686200e-05
-1.189554968824123149e+00 4.195148070406349449e-05
-1.178218242288426865e+00 4.780319854110068393e-05
-1.166906965763418569e+00 4.952016168246314019e-05
-1.155620838607101852e+00 4.411514442462874397e-05
-1.144359562470215863e+00 5.681216173467657936e-05
-1.133122841261928526e+00 5.107684311614498450e-05
-1.121910381115985400e+00 7.533946824753501629e-05
-1.110721890357309283e+00 7.551644006114727149e-05
-1.099557079469039467e+00 8.060007646965468558e-05
-1.088415661060010642e+00 8.996944411287485831e-05
-1.077297349832647466e+00 9.718689926113520264e-05
-1.066201862551285018e+00 1.286654320704492724e-04
-1.055128918010896033e+00 1.088250525405532365e-04
-1.044078237006218046e+00 1.337511804688037607e-04
-1.033049542301277102e+00 1.426519450840046401e-04
-1.022042558599299822e+00 1.562757277424032490e-04
-1.011057012512998066e+00 2.023660242246143326e-04
-1.000092632535235726e+00 1.911678015230975757e-04
-9.891491490100537964e-01 2.482811492211216145e-04
-9.782262941040561488e-01 2.302797201966790767e-04
-9.673238017781481402e-01 2.835288358556887676e-04
-9.564414077596213870e-01 2.805362537661752406e-04
-9.455788495145712735e-01 3.674665460907640207e-04
-9.347358662206534108e-01 3.593239204889279071e-04
-9.239121987401626157e-01 3.873427961197643430e-04
-9.131075895934324116e-01 4.780717368961318937e-04
-9.023217829325496098e-01 4.788062445190121577e-04
-8.915545245153719822e-01 5.845640950254408401e-04
-8.808055616798529108e-01 6.250488180912569655e-04
-8.700746433186589135e-01 7.050681961647221538e-04
-8.593615198540814903e-01 8.141758127844234139e-04
-8.486659432132259706e-01 8.507268021841174173e-04
-8.379876668034880183e-01 9.749726538614673053e-04
-8.273264454882990337e-01 1.070936132901940518e-03
-8.166820355631438932e-01 1.290800972457250293e-03
-8.060541947318363709e-01 1.435962947328734817e-03
-7.954426820830584610e-01 1.599640659997124490e-03
-7.848472580671504994e-01 1.810864920423854024e-03
-7.742676844731486430e-01 2.065367623244816677e-03
-7.637037244060699281e-01 2.288229836745722754e-03
-7.531551422644284788e-01 2.573382155569129120e-03
-7.426217037179922986e-01 2.944244515378731820e-03
-7.321031756857663275e-01 3.322094513043760081e-03
-7.215993263142009839e-01 3.851177193248645717e-03
-7.111099249556180890e-01 4.174789278348155219e-03
-7.006347421468592795e-01 4.813110163038382926e-03
-6.901735495881351490e-01 5.503951468187942390e-03
-6.797261201220911042e-01 6.252837132188287031e-03
-6.692922277130706199e-01 7.094713867486512199e-03
-6.588716474265783329e-01 8.006854677185261740e-03
-6.484641554089376481e-01 9.176793428618249329e-03
-6.380695288671385246e-01 1.036694197902486222e-02
-6.276875460488731129e-01 1.169367648029520819e-02
-6.173179862227488046e-01 1.325448811774852798e-02
-6.069606296586862459e-01 1.505654593110412540e-02
-5.966152576084875481e-01 1.697388982735176591e-02
-5.862816522865772484e-01 1.901634921270908829e-02
-5.759595968509094721e-01 2.147344571674136490e-02
-5.656488753840412942e-01 2.404124190692349949e-02
-5.553492728743597562e-01 2.706313830970986239e-02
-5.450605751974718638e-01 3.036367452938030717e-02
-5.347825690977430213e-01 3.375665189661773702e-02
-5.245150421699888987e-01 3.781982019836799269e-02
-5.142577828413065211e-01 4.218576298565877153e-02
-5.040105803530536832e-01 4.630954061496117546e-02
-4.937732247429644228e-01 5.158231665645419267e-02
-4.835455068274036594e-01 5.600037765020526859e-02
-4.733272181837471781e-01 6.167205371469702824e-02
-4.631181511328986700e-01 6.738803452206015843e-02
-4.529180987219272314e-01 7.381662556335842618e-02
-4.427268547068332061e-01 8.060512547456727406e-02
-4.325442135354257145e-01 8.427541494637107167e-02
-4.223699703303245845e-01 9.196463206353411302e-02
-4.122039208720716941e-01 9.162525884702811541e-02
-4.020458615823537807e-01 1.043810933832163834e-01
-3.918955895073323314e-01 1.175720835746494747e-01
-3.817529023010813316e-01 1.166227758885308302e-01
-3.716175982091194929e-01 1.287063112887083249e-01
-3.614894760520483419e-01 1.284694706792806618e-01
-3.513683352092828449e-01 1.330883416675344155e-01
-3.412539756028758475e-01 1.234731225231206625e-01
-3.311461976814312758e-01 1.365065869320956082e-01
-3.210448024041094306e-01 1.412359829904412667e-01
-3.109495912247085547e-01 1.492761196912569810e-01
-3.008603660758366605e-01 1.633015334517974315e-01
-2.907769293531580201e-01 1.454227516583466995e-01
-2.806990838997174276e-01 1.551141006023978031e-01
-2.706266329903371237e-01 1.503267059711380915e-01
-2.605593803160889399e-01 1.581030405381901038e-01
-2.504971299688272257e-01 1.657770684424627605e-01
-2.404396864257955790e-01 1.635635105276398160e-01
-2.303868545342923901e-01 1.585364462213030012e-01
-2.203384394963986970e-01 1.886900635832283457e-01
-2.102942468537628840e-01 2.098160163863253547e-01
-2.002540824724450275e-01 2.474402538813844366e-01
-1.902177525278067050e-01 3.027722184923940518e-01
-1.801850634894590075e-01 2.896059100314580803e-01
-1.701558221062540455e-01 3.785169225279569338e-01
-1.601298353913264694e-01 1.069553220830324669e+00
-1.501069106071708514e-01 9.073883835624030336e-01
-1.400868552507662790e-01 1.662353386357829699e+00
-1.300694770387391397e-01 2.079405831903777369e+00
-1.200545838925550501e-01 2.618561140146812516e+00
-1.100419839237516545e-01 3.253812353829273363e+00
-1.000314854191983877e-01 3.926914614318484098e+00
-9.002289682638489610e-02 5.155317214230755951e+00
-8.001602673873924043e-02 5.712505011314940262e+00
-7.001068388096250150e-02 6.847025694629919279e+00
-6.000667709439190534e-02 6.981940716286991311e+00
-5.000381532237931775e-02 7.426928954142172579e+00
-4.000190759568706539e-02 8.016996563791959574e+00
-3.000076301789707939e-02 8.354658879110443692e+00
-2.000019075083557876e-02 7.426091486185801394e+00
-9.999999999999974187e-03 5.234457787994153399e+00
0.000000000000000000e+00 3.645857890338989549e+00
9.999999999999974187e-03 2.617522759530998222e+00
2.000019075083557876e-02 1.178060031770322258e+00
3.000076301789707939e-02 7.165582147168204630e-01
4.000190759568635068e-02 3.225731153012795227e-01
5.000381532237860305e-02 5.227271093783106837e-01
6.000667709439118369e-02 5.557777446930314280e-01
7.001068388096322315e-02 7.061000990084637108e-01
8.001602673873996208e-02 8.175206753051681430e-01
9.002289682638561774e-02 8.430303720270162504e-01
1.000314854191983877e-01 8.587130102495248440e-01
1.100419839237516545e-01 7.807319625702568988e-01
1.200545838925550501e-01 6.378515502013231142e-01
1.300694770387391397e-01 5.779898491431972873e-01
1.400868552507662790e-01 4.336847092959614791e-01
1.501069106071708514e-01 3.402558430706440484e-01
1.601298353913264694e-01 2.407066270141279551e-01
1.701558221062540455e-01 1.931242546020513762e-01
1.801850634894582859e-01 1.516249459532301447e-01
1.902177525278067050e-01 1.386243295450478863e-01
2.002540824724450275e-01 1.155266921737993363e-01
2.102942468537628840e-01 9.575740543964865459e-02
2.203384394963986970e-01 8.644527327628763469e-02
2.303868545342923901e-01 7.699262574593739028e-02
2.404396864257955790e-01 7.128414702872812314e-02
2.504971299688272257e-01 6.594196856137923834e-02
2.605593803160889399e-01 6.342871055822602022e-02
2.706266329903371237e-01 6.205441082339024222e-02
2.806990838997167059e-01 5.703979194303861189e-02
2.907769293531572985e-01 5.488547352041196065e-02
3.008603660758359388e-01 5.408134635861494566e-02
3.109495912247092764e-01 5.131374890856652687e-02
3.210448024041101522e-01 4.981549774117784157e-02
3.311461976814320529e-01 4.786276318079758091e-02
3.412539756028758475e-01 4.604930523062263775e-02
3.513683352092828449e-01 4.448546690757790301e-02
3.614894760520483419e-01 4.297938619797115473e-02
3.716175982091194929e-01 4.107957227035841097e-02
3.817529023010813316e-01 3.911964482242527574e-02
3.918955895073323314e-01 3.763734001145426639e-02
4.020458615823530590e-01 3.591246878841353185e-02
4.122039208720709169e-01 3.418539734398857305e-02
4.223699703303238628e-01 3.250693235864662856e-02
4.325442135354264361e-01 3.048763495947675456e-02
4.427268547068339277e-01 2.867045358196084262e-02
4.529180987219279531e-01 2.696747162780644552e-02
4.631181511328986700e-01 2.528969915251147796e-02
4.733272181837471781e-01 2.354120983081140969e-02
4.835455068274036594e-01 2.195678157062353961e-02
4.937732247429644228e-01 2.058537884458436218e-02
5.040105803530536832e-01 1.900830616162305434e-02
5.142577828413065211e-01 1.766925788449096729e-02
5.245150421699888987e-01 1.614901920058252338e-02
5.347825690977430213e-01 1.489199198915306180e-02
5.450605751974710866e-01 1.387113328462774922e-02
5.553492728743597562e-01 1.253020952150955998e-02
5.656488753840412942e-01 1.151891285686727079e-02
5.759595968509094721e-01 1.055168545275138314e-02
5.862816522865772484e-01 9.549176251699391729e-03
5.966152576084875481e-01 8.717202309688395004e-03
6.069606296586862459e-01 7.817370993445867805e-03
6.173179862227488046e-01 7.314217567031610495e-03
6.276875460488731129e-01 6.711106700713833847e-03
6.380695288671385246e-01 6.015745304334755607e-03
6.484641554089369819e-01 5.380074286608855019e-03
6.588716474265774448e-01 4.907917112527657687e-03
6.692922277130698427e-01 4.533375756314720999e-03
6.797261201220904381e-01 4.114103607328586758e-03
6.901735495881360372e-01 3.662853074275938467e-03
7.006347421468600567e-01 3.363776737715260586e-03
7.111099249556188662e-01 3.038306604662476072e-03
7.215993263142009839e-01 2.758311695114345694e-03
7.321031756857663275e-01 2.479337917260190840e-03
7.426217037179922986e-01 2.286287831818405517e-03
7.531551422644284788e-01 2.014169087723989646e-03
7.637037244060699281e-01 1.859115896040373136e-03
7.742676844731486430e-01 1.677526051786806111e-03
7.848472580671498333e-01 1.574120208078329556e-03
7.954426820830577949e-01 1.379605260333419863e-03
8.060541947318363709e-01 1.297239742738764100e-03
8.166820355631446704e-01 1.187301435900668190e-03
8.273264454882999219e-01 1.071707790336659701e-03
8.379876668034880183e-01 9.905646383105554380e-04
8.486659432132259706e-01 8.666302464747327287e-04
8.593615198540814903e-01 7.711582576414520961e-04
8.700746433186589135e-01 7.481504973573798335e-04
8.808055616798529108e-01 6.695857394563760074e-04
8.915545245153719822e-01 5.961554830257127574e-04
9.023217829325496098e-01 5.613442674046500427e-04
9.131075895934324116e-01 5.028374902313148629e-04
9.239121987401619496e-01 4.612601052218010650e-04
9.347358662206525226e-01 4.439934770587903689e-04
9.455788495145712735e-01 3.984959865651576511e-04
9.564414077596213870e-01 3.611686441706720265e-04
9.673238017781488063e-01 3.417772234852749138e-04
9.782262941040561488e-01 3.381966011460825917e-04
9.891491490100537964e-01 2.873247482607044169e-04
1.000092632535235726e+00 2.528967849379029913e-04
1.011057012512998066e+00 2.306737549470170429e-04
1.022042558599299822e+00 2.455965302007120541e-04
1.033049542301277102e+00 2.140454881614055327e-04
1.044078237006217380e+00 1.823462683392182556e-04
1.055128918010895367e+00 1.643210282916872584e-04
1.066201862551284352e+00 2.000068218923674193e-04
1.077297349832648132e+00 1.546308520416096862e-04
1.088415661060011308e+00 1.398196532040841492e-04
1.099557079469040355e+00 1.315670652569709653e-04
1.110721890357309283e+00 9.807458003938992867e-05
1.121910381115985400e+00 1.195825862154666124e-04
1.133122841261928526e+00 1.030699163302340745e-04
1.144359562470215863e+00 1.119806569723214560e-04
1.155620838607101852e+00 9.005968344436974160e-05
1.166906965763418569e+00 9.186355102911545494e-05
1.178218242288425976e+00 7.394464935427263216e-05
1.189554968824123149e+00 8.125570589118652064e-05
1.200917448340022453e+00 6.813348890017677825e-05
1.212305986168408900e+00 5.937521089656108567e-05
1.223720890040074227e+00 6.203103585178202240e-05
1.235162470120555911e+00 6.144958757666150746e-05
1.246631039046874889e+00 4.725478666410471210e-05
1.258126911964788874e+00 6.374278249979450754e-05
1.269650406566570577e+00 5.251336635097725444e-05
1.281201843129320173e+00 5.885829393394684830e-05
1.292781544553817996e+00 4.507928881694355975e-05
1.304389836403941239e+00 4.398668064280376487e-05
1.316027046946637080e+00 4.032155252996317087e-05
1.327693507192476696e+00 3.695149527823670272e-05
1.339389550936796125e+00 3.514872124807405805e-05
1.351115514801436435e+00 3.633614683266234055e-05
1.362871738277095179e+00 3.206981726750227025e-05
1.374658563766295805e+00 3.114941826469055849e-05
1.386476336626997652e+00 2.986892855804094309e-05
1.398325405216850559e+00 2.730408490206189746e-05
1.410206120938107599e+00 2.984642898940297279e-05
1.422118838283209508e+00 2.450406832996351812e-05
1.434063914881057000e+00 2.532982749232499164e-05
1.446041711543979202e+00 2.827558628821498054e-05
1.458052592315416618e+00 2.215419501610548962e-05
1.470096924518328407e+00 2.253831390406891322e-05
1.482175078804341739e+00 2.081458682290162972e-05
1.494287429203654982e+00 1.556651179956687858e-05
1.506434353175713392e+00 1.939504158978036955e-05
1.518616231660660620e+00 1.917956089846311650e-05
1.530833449131608681e+00 1.804579131153837373e-05
1.543086393647707277e+00 1.646091194982393633e-05
1.555375456908052678e+00 1.593504522941799844e-05
1.567701034306447028e+00 1.600526291557969509e-05
1.580063524987019630e+00 1.937790009818009333e-05
1.592463331900736190e+00 1.342359143739209310e-05
1.604900861862805117e+00 1.406465216444929667e-05
1.617376525611005755e+00 1.284852207553009823e-05
1.629890737864948091e+00 1.113504323052514308e-05
1.642443917386300800e+00 1.326561898464768621e-05
1.655036487039980742e+00 1.321030451725209960e-05
1.667668873856345213e+00 1.139722959549128145e-05
1.680341509094400276e+00 1.081111104477709806e-05
1.693054828306040926e+00 1.228193531863172870e-05
1.705809271401351079e+00 1.015899051624839872e-05
1.718605282714980920e+00 1.268273013924048355e-05
1.731443311073621594e+00 1.124532450395197544e-05
1.744323809864610997e+00 1.800962356051022324e-05
1.757247237105675541e+00 8.744815702789903225e-06
1.770214055515848983e+00 9.849082952168754647e-06
1.783224732587580741e+00 9.401221493129484889e-06
1.796279740660062352e+00 1.020466991851719602e-05
1.809379556993800708e+00 8.728151216354213711e-06
1.822524663846453397e+00 8.265343607147415691e-06
1.835715548549968767e+00 1.152106447165809132e-05
1.848952703589041624e+00 7.438606975453430098e-06
1.862236626680921825e+00 6.377071026917399399e-06
1.875567820856598900e+00 7.429919735006023165e-06
1.888946794543396868e+00 7.011643825690359774e-06
1.902374061649005244e+00 6.833223216406503398e-06
1.915850141646975535e+00 7.393436255438409989e-06
1.929375559663716988e+00 7.976016812547135802e-06
1.942950846567024437e+00 7.122655645042855149e-06
1.956576539056166242e+00 1.050590322206748196e-05
1.970253179753570727e+00 6.211129226509789800e-06
1.983981317298132430e+00 6.832708958942009397e-06
1.997761506440205892e+00 6.427012268104642104e-06
2.011594308138276332e+00 6.663117760286282570e-06
2.025480289657382471e+00 6.557883384983748515e-06
2.039420024669305942e+00 6.010845210626367738e-06
2.053414093354583247e+00 5.186679342252004645e-06
2.067463082506361793e+00 3.765447073842883712e-06
2.081567585636154405e+00 5.547471808817895911e-06
2.095728203081529628e+00 5.734011573141305444e-06
2.109945542115771566e+00 5.729704976637951135e-06
2.124220217059573645e+00 5.235053392051479683e-06
2.138552849394784072e+00 5.811889098097614031e-06
2.152944067880272261e+00 4.778026175748688622e-06
2.167394508669943765e+00 5.932946420264695065e-06
2.181904815432972988e+00 4.693291020068446676e-06
2.196475639476278996e+00 5.283556524146327438e-06
2.211107639869315911e+00 6.497150259387298517e-06
2.225801483571211214e+00 4.551948077519406750e-06
2.240557845560325667e+00 4.907477526745338198e-06
2.255377408966268149e+00 4.919563899995000176e-06
2.270260865204440481e+00 5.682591368780310942e-06
2.285208914113143308e+00 4.285661009508914987e-06
2.300222264093344737e+00 5.388962881431879988e-06
2.315301632251118846e+00 6.187229705220592259e-06
2.330447744542859301e+00 7.281248840064102589e-06
2.345661335923311608e+00 4.426508210362887359e-06
2.360943150496495946e+00 5.311157793315978615e-06
2.376293941669568088e+00 4.687654625657807553e-06
2.391714472309731221e+00 4.517620458465830054e-06
2.407205514904206645e+00 4.313726895614857545e-06
2.422767851723407695e+00 3.780918881153783776e-06
2.438402274987316432e+00 4.290660903096715500e-06
2.454109587035200768e+00 3.987827025100887821e-06
2.469890600498723998e+00 4.348077679608167915e-06
2.485746138478509337e+00 3.898286311863055860e-06
2.501677034724291371e+00 3.939830784327495787e-06
2.517684133818678394e+00 4.651364826421205071e-06
2.533768291364664638e+00 4.100596132725796397e-06
2.549930374176959891e+00 4.367549023050219485e-06
2.566171260477213334e+00 3.719827066371277492e-06
2.582491840093254609e+00 3.781625022032746568e-06
2.598893014662444489e+00 4.005419225024897240e-06
2.615375697839199987e+00 4.477970461625223440e-06
2.631940815506855991e+00 3.747360617258754247e-06
2.648589305993903409e+00 3.817117971616017756e-06
2.665322120294779218e+00 3.859437667864923344e-06
2.682140222295247955e+00 3.511624664747572723e-06
2.699044589002565164e+00 5.126584445619267034e-06
2.716036210780464977e+00 4.308278350694690187e-06
2.733116091589157026e+00 4.456733786759963454e-06
2.750285249230413953e+00 3.870554660598597452e-06
2.767544715597911598e+00 3.671278458192498720e-06
2.784895536932901372e+00 3.408627010984650605e-06
2.802338774085429751e+00 4.080272875050827583e-06
2.819875502781155063e+00 3.119748126365195977e-06
2.837506813893987179e+00 3.824923125503768115e-06
2.855233813724622927e+00 3.550570286584752095e-06
2.873057624285204170e+00 3.644133249773952839e-06
2.890979383590180252e+00 3.203832921175767831e-06
2.909000245953595520e+00 3.821382870133554509e-06
2.927121382292947160e+00 3.486056709974282650e-06
2.945343980439754095e+00 3.092686705537442828e-06
2.963669245457068335e+00 4.044034654995807803e-06
2.982098399964077995e+00 3.511505156048987972e-06
3.000632684467967159e+00 2.993689747415474740e-06
3.019273357703287086e+00 3.476247060156097047e-06
3.038021696978962627e+00 3.447262158690838972e-06
3.056878998533198555e+00 3.527607502011533424e-06
3.075846577896470535e+00 3.117021270591819640e-06
3.094925770262794362e+00 3.274851969120927845e-06
3.114117930869559014e+00 3.606079516461329188e-06
3.133424435386071849e+00 3.387925469030866044e-06
3.152846680311138350e+00 3.489914172228241062e-06
3.172386083379844290e+00 3.274616183227421889e-06
3.192044083979846292e+00 3.601182325978180409e-06
3.211822143577407918e+00 3.643221385782097790e-06
3.231721746153457975e+00 3.353351583931938861e-06
3.251744398649921930e+00 3.365606259049860973e-06
3.271891631426665281e+00 3.309599766385963520e-06
3.292164998729279368e+00 3.252377905392571165e-06
3.312566079168071553e+00 3.321014665458623228e-06
3.333096476208521786e+00 3.413474282868848388e-06
3.353757818673582580e+00 3.567029420396343127e-06
3.374551761258096416e+00 2.933796618614290303e-06
3.395479985055740446e+00 3.084822522173819050e-06
3.416544198098793395e+00 3.780973334176264517e-06
3.437746135911136314e+00 3.329474838986337304e-06
3.459087562074850908e+00 2.797128674155189474e-06
3.480570268810810663e+00 3.118700137940864995e-06
3.502196077573649369e+00 3.555790293361773439e-06
3.523966839661581307e+00 3.208103733508685348e-06
3.545884436841424847e+00 3.111415243835993037e-06
3.567950781989368547e+00 3.709973216590752846e-06
3.590167819747851929e+00 3.154917057455812571e-06
3.612537527199123133e+00 3.601234664385582836e-06
3.635061914555887341e+00 3.649483161839982845e-06
3.657743025869628628e+00 3.731352065714979284e-06
3.680582939757102157e+00 3.633166069831486348e-06
3.703583770145510101e+00 3.537797068033802742e-06
3.726747667036997225e+00 3.330834566917093340e-06
3.750076817293014120e+00 3.886869976659418897e-06
3.773573445439117879e+00 3.833294379091419676e-06
3.797239814490932730e+00 6.215107991720348036e-06
3.821078226801799538e+00 4.026691151590918672e-06
3.845091024932894896e+00 3.924414284836742982e-06
3.869280592546462394e+00 3.871987888090241673e-06
3.893649355322847061e+00 3.989201566995838666e-06
3.918199781902168777e+00 3.169916676655198472e-06
3.942934384851307872e+00 3.727858457113312142e-06
3.967855721657088441e+00 8.414720311870647136e-06
3.992966395746416985e+00 4.381650024223322663e-06
4.018269057534300082e+00 3.705633251395202872e-06
4.043766405500584860e+00 4.426100388669042519e-06
4.069461187296391280e+00 2.851628609648115580e-06
4.095356200881122177e+00 3.656911652306575109e-06
4.121454295691163061e+00 3.600989457785889976e-06
4.147758373841154089e+00 3.635010441534111873e-06
4.174271391359062555e+00 3.690926010122745882e-06
4.200996359456013352e+00 3.812335856643595492e-06
4.227936345832168819e+00 3.738087523919367865e-06
4.255094476019727345e+00 3.400389999934803262e-06
4.282473934764413848e+00 3.484339496856863138e-06
4.310077967446587444e+00 3.822115291985843747e-06
4.337909881543510870e+00 4.089004575248241130e-06
4.365973048133954926e+00 3.813807827899947448e-06
4.394270903446770404e+00 3.795453230178725943e-06
4.422806950454781116e+00 4.202685701578110281e-06
4.451584760515686412e+00 3.580682634855302296e-06
4.480607975061463577e+00 4.045357146610801842e-06
4.509880307338105077e+00 3.592659174805207154e-06
4.539405544197283149e+00 3.930232474545367176e-06
4.569187547941903738e+00 4.230438903898482959e-06
4.599230258227382961e+00 3.159395604917457724e-06
4.629537694020593008e+00 3.704149983223927536e-06
4.660113955618596648e+00 3.928444140520437345e-06
4.690963226729293112e+00 3.705434085766597854e-06
4.722089776616123835e+00 3.592566213737821034e-06
4.753497962309302771e+00 4.058532018781714929e-06
4.785192230885826348e+00 4.036444973247238322e-06
4.817177121820895636e+00 3.950598840847391189e-06
4.849457269413340654e+00 4.290724303076919083e-06
4.882037405287709575e+00 3.538142527923354697e-06
4.914922360976011539e+00 4.626866058912494220e-06
4.948117070581908195e+00 4.564507592425283062e-06
4.981626573530626878e+00 3.456636937469157700e-06
5.015456017407652567e+00 4.126440255331681177e-06
5.049610660889745972e+00 4.238536156603298820e-06
5.084095876771596245e+00 4.201704907385563524e-06
5.118917155092026050e+00 4.339853714636664870e-06
5.154080106363324809e+00 4.806769458378973804e-06
5.189590464907923639e+00 3.899231725283186480e-06
5.225454092306433651e+00 4.177576979065554484e-06
5.261676980961550676e+00 4.267107012016540653e-06
5.298265257782244220e+00 3.632821826588242307e-06
5.335225187993163587e+00 4.996034042029342632e-06
5.372563179074077766e+00 4.141155782428047416e-06
5.410285784834729661e+00 3.659369776342333989e-06
5.448399709630405319e+00 4.373280894703797621e-06
5.486911812724086346e+00 4.416721495263444336e-06
5.525829112800970222e+00 3.830599745191674699e-06
5.565158792641854646e+00 4.126690249003207197e-06
5.604908203961667112e+00 4.870773993224020751e-06
5.645084872420248701e+00 4.211050958279912611e-06
5.685696502812371378e+00 4.603554086312799902e-06
5.726750984444712422e+00 4.020356127845976977e-06
5.768256396707492684e+00 4.164056740351516832e-06
5.810221014849253685e+00 4.322177826986703303e-06
5.852653315963272540e+00 4.601955079978929046e-06
5.895561985194872179e+00 4.050562466580525704e-06
5.938955922179146363e+00 4.087433356722934479e-06
5.982844247719065756e+00 4.732549818504463267e-06
6.027236310714632950e+00 4.233006123371209902e-06
6.072141695354100754e+00 4.943377857285447146e-06
6.117570228578833813e+00 4.312984490937292249e-06
6.163531987834188541e+00 4.160591865254396238e-06
6.210037309119105231e+00 4.108645917493556304e-06
6.257096795348075169e+00 4.233946899146436967e-06
6.304721325039668756e+00 4.868848430892971357e-06
6.352922061346506943e+00 4.260096557778664036e-06
6.401710461442654321e+00 4.251028192708853315e-06
6.451098286284771888e+00 4.468462453897302377e-06
6.501097610764786872e+00 4.290664610768410087e-06
6.551720834272277472e+00 4.241879819820857673e-06
6.602980691686179959e+00 4.548704999644939558e-06
6.654890264816202716e+00 4.611067887973819242e-06
6.707462994315653404e+00 4.459487380687785456e-06
6.760712692088343800e+00 4.300566034993190376e-06
6.814653554213885300e+00 4.526468179631264504e-06
6.869300174416541616e+00 4.240965019183891681e-06
6.924667558104775189e+00 3.572445061848661972e-06
6.980771137009639027e+00 5.750907125511265465e-06
7.037626784452278628e+00 4.875774162751826498e-06
7.095250831272059244e+00 4.399527678863089943e-06
7.153660082449184721e+00 4.478467872928112539e-06
7.212871834457117437e+00 3.734704815354534323e-06
7.272903893382699714e+00 3.757369889376730770e-06
7.333774593853726209e+00 3.854804929289241754e-06
7.395502818816384050e+00 4.110826387729913484e-06
7.458108020207268929e+00 4.309631763108898282e-06
7.521610240567749628e+00 4.395393702234164490e-06
7.586030135650939421e+00 3.906615730500232347e-06
7.651388998075133507e+00 3.958369827256556965e-06
7.717708782080382690e+00 3.928400212820748535e-06
7.785012129448951157e+00 3.851750388425204757e-06
7.853322396653874549e+00 3.792950536836992297e-06
7.922663683303971638e+00 3.841454129299062267e-06
7.993060861958362295e+00 3.954798463606506778e-06
8.064539609387720631e+00 3.440148692156602334e-06
8.137126439365120589e+00 3.803929404569940152e-06
8.210848737074378789e+00 3.801716261330555846e-06
8.285734795229668492e+00 3.717163241040328640e-06
8.361813852006719117e+00 3.503578982333049116e-06
8.439116130892415413e+00 3.319498512721312341e-06
8.517672882566811765e+00 3.418621077016441636e-06
8.597516428939853128e+00 3.085250123015815315e-06
8.678680209472870999e+00 3.263519165447358047e-06
8.761198829924738973e+00 3.145335181596927215e-06
8.845108113671690475e+00 3.009699785106822420e-06
8.930445155761116638e+00 3.483208068496349872e-06
9.017248379870389741e+00 2.881988789228542607e-06
9.105557598354891979e+00 2.297387738026817494e-06
9.195414075582201363e+00 2.955603749681629929e-06
9.286860594764410948e+00 2.480771770440206318e-06
9.379941528515811200e+00 2.685278931850214676e-06
9.474702913380864899e+00 2.471159132038629078e-06
9.571192528595130256e+00 2.390620245055062320e-06
9.669459979362780899e+00 2.551247104575738043e-06
9.769556784955327089e+00 2.403545096685226412e-06
9.871536471960840942e+00 2.278856632567149251e-06
9.975454673037942754e+00 2.195870686617335594e-06
1.008136923155793063e+01 2.174867074576094549e-06
1.018934031254830330e+01 2.010039585025221830e-06
1.029943052038522566e+01 1.845204094729049894e-06
1.041170502371859463e+01 1.774597498646512878e-06
1.052623168815380517e+01 1.829010332337855162e-06
1.064308121725768252e+01 1.432714599851064377e-06
1.076232730250476877e+01 1.323365536628515418e-06
1.088404678283179194e+01 1.333478745524170987e-06
1.100831981452695096e+01 1.474701882283198148e-06
1.113523005224294415e+01 1.453993355642492814e-06
1.126486484199331350e+01 1.281908860615975398e-06
1.139731542706779699e+01 1.222720836148229225e-06
1.153267716788676189e+01 1.150851631719199634e-06
1.167104977690866718e+01 1.050879761512963289e-06
1.181253756980620828e+01 8.721742504551062154e-07
1.195724973424156268e+01 9.520342241231304322e-07
1.210530061769597765e+01 7.870160537649599461e-07
1.225681003594877438e+01 6.915201711792345796e-07
1.241190360395464154e+01 6.912653162864168038e-07
1.257071309104042101e+01 6.570225325614218179e-07
1.273337680253192516e+01 5.874274427920831656e-07
1.290003999013476133e+01 5.102291777113294439e-07
1.307085529362815102e+01 4.510935658848940093e-07
1.324598321669588152e+01 3.662026201489951716e-07
1.342559264001181063e+01 3.713779205232558799e-07
1.360986137502873916e+01 3.317981744541927116e-07
1.379897676228727654e+01 2.737587048314235542e-07
1.399313631847826045e+01 2.743096422964363829e-07
1.419254843695589230e+01 2.021482099756945604e-07
1.439743314692606369e+01 1.519861729617615057e-07
1.460802293712368716e+01 1.859542839941276760e-07
1.482456365046278535e+01 1.814487304180189906e-07
1.504731545689699779e+01 1.308781786541619565e-07
1.527655391258613626e+01 1.822749933458323395e-07
1.551257111443440273e+01 5.720694337512011695e-08
1.575567696017295916e+01 8.194950208438161677e-08
1.600620052541652782e+01 5.012795227983914045e-08
1.626449157056262607e+01 7.925869532674814806e-08
1.653092219204418001e+01 1.238548053334654632e-08
1.680588863433074565e+01 3.990162216638986920e-08
1.708981328123576660e+01 2.731454091003418818e-08
1.738314684757837725e+01 2.905842584294985241e-08
1.768637079511793431e+01 1.432854865478517170e-08
1.800000000000201084e+01 7.486862174435763358e-09
