-1.800000000000201084e+01 1.902412736701421735e-09
-1.768637079511795918e+01 1.224977883923505032e-08
-1.738314684757837725e+01 1.164689401777706854e-08
-1.708981328123576660e+01 1.677163286958694786e-08
-1.680588863433072433e+01 1.233536497441205266e-09
-1.653092219204418001e+01 1.885663583745303853e-08
-1.626449157056260830e+01 5.413571649547722105e-12
-1.600620052541652782e+01 2.292017887849472208e-08
-1.575567696017295916e+01 3.804483685743272005e-08
-1.551257111443442049e+01 3.091108526821132370e-08
-1.527655391258613626e+01 3.902897922458467297e-09
-1.504731545689701200e+01 6.187196852489689696e-09
-1.482456365046278535e+01 3.474025135715675205e-09
-1.460802293712368716e+01 2.859118912526613266e-08
-1.439743314692604947e+01 3.984715673326306462e-08
-1.419254843695589230e+01 6.554148716301458513e-08
-1.399313631847824624e+01 6.217037874419729919e-08
-1.379897676228727654e+01 8.065052044359211190e-08
-1.360986137502872673e+01 1.587492247330704209e-08
-1.342559264001182306e+01 7.972827895846764912e-08
-1.324598321669588152e+01 1.218229859132880664e-08
-1.307085529362816168e+01 7.300234546859001003e-08
-1.290003999013476133e+01 6.888614754019568837e-08
-1.273337680253193582e+01 8.701430251779634715e-08
-1.257071309104041035e+01 1.240747957120086710e-07
-1.241190360395464154e+01 1.640071817066942147e-07
-1.225681003594876195e+01 1.176426270913183708e-07
-1.210530061769597765e+01 1.028860594082230435e-07
-1.195724973424155202e+01 2.073830084951955523e-07
-1.181253756980619762e+01 1.176313675643062775e-07
-1.167104977690866718e+01 2.089369051545411741e-07
-1.153267716788677255e+01 1.411973691587830018e-07
-1.139731542706779699e+01 2.687825047507589504e-07
-1.126486484199332239e+01 2.829911182464878588e-07
-1.113523005224293527e+01 2.129358761697730059e-07
-1.100831981452695096e+01 2.247175099352779844e-07
-1.088404678283180083e+01 3.014025135696096948e-07
-1.076232730250476877e+01 3.398422759520948890e-07
-1.064308121725769141e+01 3.135823058078502385e-07
-1.052623168815380517e+01 2.866499160825733267e-07
-1.041170502371859463e+01 1.936348246692056293e-07
-1.029943052038521678e+01 3.699376095989311717e-07
-1.018934031254830330e+01 4.603222119490649035e-07
-1.008136923155793951e+01 5.043384412742864052e-07
-9.975454673037956965e+00 4.065009895013896997e-07
-9.871536471960840942e+00 3.998233880812647620e-07
-9.769556784955334194e+00 2.987471813558065025e-07
-9.669459979362780899e+00 3.437534772929820303e-07
-9.571192528595137361e+00 4.553153146242735245e-07
-9.474702913380864899e+00 4.020174784087385076e-07
-9.379941528515811200e+00 3.462776538728791095e-07
-9.286860594764403842e+00 6.228928303380940843e-07
-9.195414075582201363e+00 6.174936878716589345e-07
-9.105557598354884874e+00 4.167522552849341513e-07
-9.017248379870389741e+00 4.887257014766386005e-07
-8.930445155761116638e+00 5.315110568771283375e-07
-8.845108113671695804e+00 4.949321403523306925e-07
-8.761198829924738973e+00 4.968885972994624540e-07
-8.678680209472876328e+00 5.293528774503049685e-07
-8.597516428939853128e+00 6.376574111939515253e-07
-8.517672882566811765e+00 4.576306065921958624e-07
-8.439116130892410084e+00 4.825825701818592735e-07
-8.361813852006719117e+00 5.110748734748237785e-07
-8.285734795229661387e+00 1.176703707872948445e-06
-8.210848737074378789e+00 5.793124686511668716e-07
-8.137126439365120589e+00 7.998914427560952131e-07
-8.064539609387715302e+00 1.123059547355456526e-06
-7.993060861958362295e+00 7.150693786791230951e-07
-7.922663683303976967e+00 4.868131589659335267e-07
-7.853322396653874549e+00 9.041967934348208400e-07
-7.785012129448951157e+00 5.127302219425484260e-07
-7.717708782080378249e+00 5.464888891974936843e-07
-7.651388998075133507e+00 5.577778684526863340e-07
-7.586030135650944750e+00 4.592778961263070764e-07
-7.521610240567749628e+00 5.757361560310025950e-07
-7.458108020207273370e+00 3.443507240541202327e-07
-7.395502818816379609e+00 5.623730388976670232e-07
-7.333774593853726209e+00 6.288149818211082798e-07
-7.272903893382695273e+00 5.655105165362154301e-07
-7.212871834457117437e+00 5.164824585888754624e-07
-7.153660082449187385e+00 7.658714127526961368e-07
-7.095250831272068126e+00 4.503671931104229843e-07
-7.037626784452278628e+00 6.288119091260581103e-07
-6.980771137009643468e+00 5.917626050409063705e-07
-6.924667558104775189e+00 5.668236758190998450e-07
-6.869300174416541616e+00 7.693957810392626664e-07
-6.814653554213885300e+00 6.403815777973485595e-07
-6.760712692088343800e+00 7.590912706092152697e-07
-6.707462994315648963e+00 6.860389014773511924e-07
-6.654890264816202716e+00 5.797066775967728382e-07
-6.602980691686176407e+00 3.463314110531115480e-07
-6.551720834272277472e+00 4.646671150799967641e-07
-6.501097610764786872e+00 4.709412075801189868e-07
-6.451098286284775440e+00 3.282547465653088910e-07
-6.401710461442654321e+00 5.843174404752117531e-07
-6.352922061346510496e+00 4.857061960292335336e-07
-6.304721325039668756e+00 5.368389420918307677e-07
-6.257096795348075169e+00 7.622846770955931664e-07
-6.210037309119101678e+00 4.019970218945075754e-07
-6.163531987834188541e+00 7.832513024363563687e-07
-6.117570228578837366e+00 3.474215199401641946e-07
-6.072141695354100754e+00 6.667629752045175493e-07
-6.027236310714632950e+00 5.804219274164384620e-07
-5.982844247719062203e+00 6.632609280184255104e-07
-5.938955922179146363e+00 4.695806988819572713e-07
-5.895561985194874843e+00 5.937211661630120662e-07
-5.852653315963272540e+00 7.631762420650976139e-07
-5.810221014849253685e+00 4.948438249335976538e-07
-5.768256396707496236e+00 5.193962604291339344e-07
-5.726750984444712422e+00 4.036957694999307037e-07
-5.685696502812374042e+00 3.424180286092203592e-07
-5.645084872420248701e+00 5.288815056063172630e-07
-5.604908203961667112e+00 4.524778543579228609e-07
-5.565158792641851981e+00 4.250032538725824805e-07
-5.525829112800970222e+00 4.398826199143379370e-07
-5.486911812724083681e+00 5.233021954835150489e-07
-5.448399709630409760e+00 5.068255581556142722e-07
-5.410285784834729661e+00 3.839347912843362940e-07
-5.372563179074079542e+00 4.042404992369494555e-07
-5.335225187993163587e+00 5.338192794239891479e-07
-5.298265257782246884e+00 4.940137101624589333e-07
-5.261676980961550676e+00 3.286680330718094441e-07
-5.225454092306433651e+00 3.573776692821294721e-07
-5.189590464907923639e+00 2.831126056624412526e-07
-5.154080106363324809e+00 5.547936151955257944e-07
-5.118917155092023386e+00 3.791485716075062256e-07
-5.084095876771596245e+00 7.338314459344523603e-07
-5.049610660889740643e+00 4.464116109685685189e-07
-5.015456017407655231e+00 4.594879311797390209e-07
-4.981626573530626878e+00 3.155495453963968416e-07
-4.948117070581910859e+00 3.253790371053783830e-07
-4.914922360976011539e+00 4.343855417318392048e-07
-4.882037405287712239e+00 3.189027388748664593e-07
-4.849457269413337102e+00 6.257999397764003479e-07
-4.817177121820895636e+00 3.458176318434357488e-07
-4.785192230885824571e+00 3.634605649741962910e-07
-4.753497962309302771e+00 3.568528618309551217e-07
-4.722089776616123835e+00 3.885586633558909518e-07
-4.690963226729293112e+00 1.714964941988675149e-07
-4.660113955618596648e+00 1.320658590703330250e-06
-4.629537694020590344e+00 5.901916472472738635e-07
-4.599230258227382961e+00 2.537594341677832794e-07
-4.569187547941903738e+00 2.221421196796411975e-07
-4.539405544197283149e+00 2.488321351809024157e-07
-4.509880307338105077e+00 2.932419309379259986e-07
-4.480607975061465353e+00 1.214105497165579570e-07
-4.451584760515686412e+00 1.806449029455100695e-06
-4.422806950454783781e+00 2.100865300947925254e-07
-4.394270903446768628e+00 3.653769023588915575e-07
-4.365973048133954926e+00 3.874537406995852697e-07
-4.337909881543509094e+00 3.325176146213269261e-07
-4.310077967446587444e+00 5.004634161881901536e-07
-4.282473934764412071e+00 4.941393473498441584e-07
-4.255094476019731786e+00 4.242777395676859699e-07
-4.227936345832168819e+00 3.799062737371287795e-07
-4.200996359456015128e+00 1.395917250425521876e-07
-4.174271391359062555e+00 3.615723789472287109e-07
-4.147758373841154089e+00 3.429663604420859614e-07
-4.121454295691163061e+00 2.303432176265509656e-07
-4.095356200881122177e+00 2.030049825693740363e-07
-4.069461187296388616e+00 5.799085809644513478e-07
-4.043766405500584860e+00 3.221101643791557466e-07
-4.018269057534298305e+00 2.919244868852847997e-07
-3.992966395746416985e+00 1.356600710634802271e-07
-3.967855721657088441e+00 3.627011086359210308e-07
-3.942934384851309204e+00 5.535097897027624974e-07
-3.918199781902168777e+00 3.357791736928337466e-07
-3.893649355322847061e+00 1.267474861160417993e-06
-3.869280592546462394e+00 5.425063704407811421e-07
-3.845091024932894896e+00 4.857101086204949328e-07
-3.821078226801797317e+00 4.505087906728706716e-07
-3.797239814490932730e+00 1.824426004819522636e-07
-3.773573445439120100e+00 6.079519634812919174e-07
-3.750076817293014120e+00 2.221888160145091974e-07
-3.726747667036997225e+00 2.288899984943103487e-07
-3.703583770145510101e+00 2.439625375190865263e-07
-3.680582939757102157e+00 3.487292911187340036e-07
-3.657743025869630404e+00 2.679941905863166413e-07
-3.635061914555887341e+00 3.015828519172116884e-07
-3.612537527199123133e+00 4.628905296405389120e-07
-3.590167819747855482e+00 3.820173526969637016e-07
-3.567950781989368547e+00 2.770669997421504674e-07
-3.545884436841426179e+00 2.991949692187350289e-07
-3.523966839661581307e+00 3.106673810520355542e-07
-3.502196077573649369e+00 2.296728333870326447e-07
-3.480570268810808887e+00 4.948474450706828450e-07
-3.459087562074850908e+00 2.314580315277077072e-07
-3.437746135911134981e+00 4.123568623720909529e-07
-3.416544198098792506e+00 4.231110438848725625e-07
-3.395479985055740890e+00 6.661133497272872634e-08
-3.374551761258098193e+00 3.777502906356096036e-08
-3.353757818673582580e+00 1.086445341004755592e-07
-3.333096476208523118e+00 3.386933720879745627e-07
-3.312566079168071553e+00 1.162087873094906030e-06
-3.292164998729279812e+00 2.567059007973768356e-07
-3.271891631426664837e+00 1.351567406121598606e-06
-3.251744398649922374e+00 1.388603835725551027e-06
-3.231721746153456643e+00 6.778348247371372032e-07
-3.211822143577407918e+00 2.345353094718675078e-07
-3.192044083979844071e+00 1.059948473576902260e-07
-3.172386083379843402e+00 2.927379945003561679e-07
-3.152846680311138350e+00 5.634555796914089549e-07
-3.133424435386072737e+00 2.997249236911106500e-07
-3.114117930869558570e+00 1.473740280829783939e-07
-3.094925770262795250e+00 3.073038655648681639e-07
-3.075846577896469647e+00 3.592166009054391095e-07
-3.056878998533198555e+00 1.749202153737541545e-07
-3.038021696978961295e+00 4.723354407023484258e-07
-3.019273357703287086e+00 1.986935400062975754e-07
-3.000632684467968048e+00 3.729313530674386219e-07
-2.982098399964077995e+00 1.410206573559132678e-07
-2.963669245457069223e+00 2.134946718813331143e-07
-2.945343980439752762e+00 5.827878210468367162e-07
-2.927121382292947160e+00 3.611434317081860575e-07
-2.909000245953597297e+00 5.039936519752443120e-08
-2.890979383590179363e+00 2.293320543607063228e-07
-2.873057624285205058e+00 5.190560964339739590e-07
-2.855233813724623815e+00 2.170470439410125449e-07
-2.837506813893987179e+00 1.825693135743342061e-07
-2.819875502781155951e+00 3.558834098651138309e-07
-2.802338774085429751e+00 3.255322536852927446e-08
-2.784895536932901372e+00 4.299739227674646485e-07
-2.767544715597910265e+00 3.200101296358454084e-07
-2.750285249230413953e+00 1.060640747274811221e-07
-2.733116091589155250e+00 1.897115000150264814e-07
-2.716036210780464089e+00 5.441375821605127080e-07
-2.699044589002566052e+00 2.178121643388539998e-07
-2.682140222295249732e+00 3.195262044926266834e-08
-2.665322120294779662e+00 1.809873444534532469e-07
-2.648589305993904297e+00 4.730569791098380730e-07
-2.631940815506855547e+00 3.515662457704748289e-07
-2.615375697839200431e+00 1.364960381130117834e-06
-2.598893014662444045e+00 3.479479605796649862e-07
-2.582491840093254609e+00 1.159868092300068605e-08
-2.566171260477212002e+00 2.043829597561474978e-07
-2.549930374176959447e+00 2.134377036193472251e-07
-2.533768291364664638e+00 2.038956490782757560e-07
-2.517684133818677505e+00 2.313429740085288747e-07
-2.501677034724291371e+00 1.971365519001824775e-07
-2.485746138478510670e+00 4.395096490064607373e-07
-2.469890600498723998e+00 2.553036156040660998e-07
-2.454109587035200768e+00 3.958048897566139641e-07
-2.438402274987315543e+00 4.713650591605642949e-07
-2.422767851723407695e+00 3.765834160347347084e-07
-2.407205514904207533e+00 4.413408478356176517e-07
-2.391714472309731221e+00 2.404920940864229079e-07
-2.376293941669569421e+00 2.629978723489259805e-07
-2.360943150496495058e+00 2.202480802693550746e-07
-2.345661335923311608e+00 4.560614122556559929e-07
-2.330447744542858413e+00 7.850163077661732449e-07
-2.315301632251118846e+00 4.402878093625353162e-07
-2.300222264093345625e+00 2.372587872219464174e-07
-2.285208914113144640e+00 3.790193608005519841e-07
-2.270260865204440481e+00 3.417357720443841066e-07
-2.255377408966269037e+00 1.257793169233713274e-07
-2.240557845560325223e+00 1.651686717211701371e-07
-2.225801483571210770e+00 5.066907268509565951e-07
-2.211107639869315467e+00 4.177052683509576063e-07
-2.196475639476279440e+00 4.770977868647607840e-07
-2.181904815432973432e+00 4.051977746670268791e-07
-2.167394508669943320e+00 5.137378086652340367e-07
-2.152944067880271817e+00 4.076689879893088877e-07
-2.138552849394784516e+00 2.213674764412343704e-07
-2.124220217059574090e+00 3.324768984656627623e-07
-2.109945542115772454e+00 1.448991988967929925e-07
-2.095728203081529628e+00 8.116583783581036090e-07
-2.081567585636154849e+00 5.389298295430593295e-07
-2.067463082506362237e+00 2.392716232589507394e-07
-2.053414093354584136e+00 3.791466998463523499e-07
-2.039420024669305942e+00 1.428738782050724406e-07
-2.025480289657382471e+00 1.746030362090727090e-07
-2.011594308138276332e+00 5.000106603608953284e-07
-1.997761506440205226e+00 6.503709601891866696e-07
-1.983981317298131319e+00 5.318663300734650589e-08
-1.970253179753569617e+00 5.707137278362487620e-07
-1.956576539056167352e+00 4.934464218328009429e-07
-1.942950846567025547e+00 1.063309401955155176e-06
-1.929375559663717654e+00 1.058302814229476615e-06
-1.915850141646975535e+00 2.006655802375641922e-06
-1.902374061649005244e+00 9.661739155994059249e-08
-1.888946794543396868e+00 1.407393380922814004e-06
-1.875567820856598900e+00 3.343549188119771906e-07
-1.862236626680921825e+00 1.370148366701341717e-06
-1.848952703589041180e+00 8.249858006033514040e-07
-1.835715548549967879e+00 2.511935112476904890e-06
-1.822524663846452730e+00 9.033380909361058676e-07
-1.809379556993800708e+00 8.878758698643522600e-07
-1.796279740660062796e+00 9.788059625638809283e-07
-1.783224732587581407e+00 4.552133588297592616e-07
-1.770214055515849871e+00 8.794608092473188354e-07
-1.757247237105675541e+00 8.300117381464489364e-07
-1.744323809864610553e+00 4.920135725514548813e-07
-1.731443311073621372e+00 1.385427779215094252e-06
-1.718605282714980698e+00 1.437491092803733133e-06
-1.705809271401351745e+00 5.565247682901071376e-07
-1.693054828306041149e+00 1.944101273432769048e-06
-1.680341509094399610e+00 5.531294911579103245e-07
-1.667668873856344547e+00 1.379289382456621373e-06
-1.655036487039980519e+00 7.199424002119169999e-07
-1.642443917386301022e+00 6.869247791955031824e-07
-1.629890737864948980e+00 1.285012293274344863e-06
-1.617376525611005755e+00 1.039699602813430315e-06
-1.604900861862805783e+00 1.668309467146761918e-06
-1.592463331900736856e+00 1.195289716404918575e-06
-1.580063524987020074e+00 5.908184998719787880e-06
-1.567701034306447028e+00 1.463859851456642049e-06
-1.555375456908052678e+00 1.949644625616974486e-06
-1.543086393647707277e+00 3.102472961828572719e-06
-1.530833449131608237e+00 2.142780449253610308e-06
-1.518616231660659732e+00 3.454314328107415632e-06
-1.506434353175712282e+00 2.167398269131159836e-06
-1.494287429203655870e+00 2.687113702523922079e-06
-1.482175078804342627e+00 1.670627147757388326e-06
-1.470096924518329295e+00 2.152612226574453118e-06
-1.458052592315416618e+00 4.214540389295437389e-06
-1.446041711543979202e+00 3.231523404121732274e-06
-1.434063914881057000e+00 3.010969469448121246e-06
-1.422118838283209508e+00 4.242444254884495570e-06
-1.410206120938107599e+00 4.528532959488483636e-06
-1.398325405216850115e+00 3.541145224722376387e-06
-1.386476336626996986e+00 4.366231605476428922e-06
-1.374658563766294916e+00 4.532064963647804282e-06
-1.362871738277095179e+00 4.941044798760950557e-06
-1.351115514801437101e+00 4.195501916394519641e-06
-1.339389550936797013e+00 4.212537851021772228e-06
-1.327693507192477362e+00 7.175891442033508054e-06
-1.316027046946637080e+00 9.625955101099334420e-06
-1.304389836403941239e+00 6.873408856346264590e-06
-1.292781544553817996e+00 6.562688231290185070e-06
-1.281201843129320173e+00 9.756839725619066223e-06
-1.269650406566570577e+00 8.347931932764138434e-06
-1.258126911964788874e+00 8.577653951747563733e-06
-1.246631039046874889e+00 1.129215221828886466e-05
-1.235162470120555911e+00 8.278808574492599863e-06
-1.223720890040073339e+00 1.549114075158861836e-05
-1.212305986168408234e+00 1.299125564728634983e-05
-1.200917448340022453e+00 1.420196451703172527e-05
-1.189554968824123149e+00 1.346699113644433995e-05
-1.178218242288426865e+00 1.792145375565730553e-05
-1.166906965763418569e+00 2.120359723950959068e-05
-1.155620838607101852e+00 2.085006980504803875e-05
-1.144359562470215863e+00 2.196511049825049364e-05
-1.133122841261928526e+00 2.113164139553782501e-05
-1.121910381115985400e+00 2.170413946123958852e-05
-1.110721890357309283e+00 2.549195201171688605e-05
-1.099557079469039467e+00 3.565227311385500117e-05
-1.088415661060010642e+00 3.121791711990788600e-05
-1.077297349832647466e+00 3.737170342493881291e-05
-1.066201862551285018e+00 5.721752233985290758e-05
-1.055128918010896033e+00 5.237718491800411009e-05
-1.044078237006218046e+00 5.538502834831082625e-05
-1.033049542301277102e+00 6.625156933445205997e-05
-1.022042558599299822e+00 1.087856691988172331e-04
-1.011057012512998066e+00 8.216929922039853200e-05
-1.000092632535235726e+00 8.710785762722842156e-05
-9.891491490100537964e-01 1.168970198340868629e-04
-9.782262941040561488e-01 1.326392054117082745e-04
-9.673238017781481402e-01 1.769506786564494156e-04
-9.564414077596213870e-01 1.869465264130584705e-04
-9.455788495145712735e-01 1.653551726587985861e-04
-9.347358662206534108e-01 1.787326094493105395e-04
-9.239121987401626157e-01 2.027253139680716286e-04
-9.131075895934324116e-01 2.454651182473496242e-04
-9.023217829325496098e-01 2.545269061380749293e-04
-8.915545245153719822e-01 3.351331042979407721e-04
-8.808055616798529108e-01 3.726089456754664501e-04
-8.700746433186589135e-01 4.272556942030419219e-04
-8.593615198540814903e-01 5.176236844444607847e-04
-8.486659432132259706e-01 5.772559579052037679e-04
-8.379876668034880183e-01 7.099500777129403488e-04
-8.273264454882990337e-01 6.999562687629365529e-04
-8.166820355631438932e-01 8.221714062166056132e-04
-8.060541947318363709e-01 8.989869906040423185e-04
-7.954426820830584610e-01 1.066422922231645247e-03
-7.848472580671504994e-01 1.262161206931541272e-03
-7.742676844731486430e-01 1.546577776142748963e-03
-7.637037244060699281e-01 1.737780932017023421e-03
-7.531551422644284788e-01 1.867874591300429030e-03
-7.426217037179922986e-01 2.334946847240661379e-03
-7.321031756857663275e-01 2.751700306149295738e-03
-7.215993263142009839e-01 2.962230150492123695e-03
-7.111099249556180890e-01 3.546395727498553082e-03
-7.006347421468592795e-01 3.985451337544345871e-03
-6.901735495881351490e-01 4.680520572227022356e-03
-6.797261201220911042e-01 5.590095996877813590e-03
-6.692922277130706199e-01 6.525240773727037161e-03
-6.588716474265783329e-01 7.378843373365071012e-03
-6.484641554089376481e-01 8.511248677219588471e-03
-6.380695288671385246e-01 9.745654883509103847e-03
-6.276875460488731129e-01 1.124296798009794332e-02
-6.173179862227488046e-01 1.311772072110081039e-02
-6.069606296586862459e-01 1.500785695619421233e-02
-5.966152576084875481e-01 1.764726369541269602e-02
-5.862816522865772484e-01 2.000745481563552877e-02
-5.759595968509094721e-01 2.286647005557494727e-02
-5.656488753840412942e-01 2.583546101096483721e-02
-5.553492728743597562e-01 2.940387678680674369e-02
-5.450605751974718638e-01 3.326875888873635778e-02
-5.347825690977430213e-01 3.793501771765961372e-02
-5.245150421699888987e-01 4.290821797605254978e-02
-5.142577828413065211e-01 4.819313303839069251e-02
-5.040105803530536832e-01 5.473398548388911516e-02
-4.937732247429644228e-01 5.976069429847476883e-02
-4.835455068274036594e-01 6.553127167802677566e-02
-4.733272181837471781e-01 7.420917600694487692e-02
-4.631181511328986700e-01 7.894215722390061918e-02
-4.529180987219272314e-01 9.131601955470240728e-02
-4.427268547068332061e-01 9.475142252460325154e-02
-4.325442135354257145e-01 9.438874347694442557e-02
-4.223699703303245845e-01 1.069284643458052464e-01
-4.122039208720716941e-01 1.098314908428671272e-01
-4.020458615823537807e-01 1.292862807995859287e-01
-3.918955895073323314e-01 1.290530008771312853e-01
-3.817529023010813316e-01 1.278700292799851701e-01
-3.716175982091194929e-01 1.281125061751401117e-01
-3.614894760520483419e-01 1.291906142034756899e-01
-3.513683352092828449e-01 1.364549184623101985e-01
-3.412539756028758475e-01 1.246418641404164335e-01
-3.311461976814312758e-01 1.279610623403810987e-01
-3.210448024041094306e-01 1.367872428965701825e-01
-3.109495912247085547e-01 1.137787981078088179e-01
-3.008603660758366605e-01 1.469122112780055500e-01
-2.907769293531580201e-01 1.136093379961460315e-01
-2.806990838997174276e-01 1.169383383638090135e-01
-2.706266329903371237e-01 1.092411762833819799e-01
-2.605593803160889399e-01 1.269656418965756928e-01
-2.504971299688272257e-01 8.833309546806394907e-02
-2.404396864257955790e-01 1.129847056184126453e-01
-2.303868545342923901e-01 1.050221451508771553e-01
-2.203384394963986970e-01 1.169386008149242151e-01
-2.102942468537628840e-01 1.313576089035723704e-01
-2.002540824724450275e-01 2.019961603070306866e-01
-1.902177525278067050e-01 2.108731696521583820e-01
-1.801850634894590075e-01 2.374112965322402180e-01
-1.701558221062540455e-01 3.116577184503773190e-01
-1.601298353913264694e-01 1.316080009310975019e+00
-1.501069106071708514e-01 1.110915036451397775e+00
-1.400868552507662790e-01 1.940572246871470341e+00
-1.300694770387391397e-01 2.221642931527936238e+00
-1.200545838925550501e-01 2.653626657671140254e+00
-1.100419839237516545e-01 3.431538066242461493e+00
-1.000314854191983877e-01 3.817459373254134203e+00
-9.002289682638489610e-02 5.302334100717515319e+00
-8.001602673873924043e-02 5.593733361014768590e+00
-7.001068388096250150e-02 6.661252361254952348e+00
-6.000667709439190534e-02 6.737166767437170911e+00
-5.000381532237931775e-02 7.317403185922005449e+00
-4.000190759568706539e-02 7.957581588139453821e+00
-3.000076301789707939e-02 8.319114539783736717e+00
-2.000019075083557876e-02 7.438643168850339826e+00
-9.999999999999974187e-03 5.437937515889665896e+00
0.000000000000000000e+00 3.696889907129693675e+00
9.999999999999974187e-03 2.751275264083265615e+00
2.000019075083557876e-02 1.323791589151095627e+00
3.000076301789707939e-02 6.557432581919693249e-01
4.000190759568635068e-02 2.256466462331286338e-01
5.000381532237860305e-02 3.202889168570047795e-01
6.000667709439118369e-02 4.784806979072195321e-01
7.001068388096322315e-02 6.263903598639682935e-01
8.001602673873996208e-02 7.308158457166233912e-01
9.002289682638561774e-02 8.275129658324462678e-01
1.000314854191983877e-01 8.212730364403714178e-01
1.100419839237516545e-01 8.186165236736651085e-01
1.200545838925550501e-01 7.562347770331607766e-01
1.300694770387391397e-01 6.618819575537502331e-01
1.400868552507662790e-01 5.671940891452573741e-01
1.501069106071708514e-01 4.530501949421998353e-01
1.601298353913264694e-01 3.079046102091900217e-01
1.701558221062540455e-01 2.494847606626259540e-01
1.801850634894582859e-01 1.899162747779914728e-01
1.902177525278067050e-01 1.148600738052684700e-01
2.002540824724450275e-01 7.919696183437802128e-02
2.102942468537628840e-01 6.527332802062207895e-02
2.203384394963986970e-01 5.704580165568458316e-02
2.303868545342923901e-01 5.100910503019935593e-02
2.404396864257955790e-01 4.723847284311061268e-02
2.504971299688272257e-01 4.437272499761196753e-02
2.605593803160889399e-01 4.200813243934007485e-02
2.706266329903371237e-01 4.151015772506003176e-02
2.806990838997167059e-01 3.966990047171607692e-02
2.907769293531572985e-01 3.867240578193015949e-02
3.008603660758359388e-01 3.809876960467507151e-02
3.109495912247092764e-01 3.733523257516398186e-02
3.210448024041101522e-01 3.702406298470270474e-02
3.311461976814320529e-01 3.654183763086769204e-02
3.412539756028758475e-01 3.677133547962307958e-02
3.513683352092828449e-01 3.602128234149446634e-02
3.614894760520483419e-01 3.577637212484236634e-02
3.716175982091194929e-01 3.585220221789364725e-02
3.817529023010813316e-01 3.500156116960847358e-02
3.918955895073323314e-01 3.459327180519264355e-02
4.020458615823530590e-01 3.384874625556585220e-02
4.122039208720709169e-01 3.312228353234564215e-02
4.223699703303238628e-01 3.201254649450271245e-02
4.325442135354264361e-01 3.115366019602205244e-02
4.427268547068339277e-01 2.992201464722818102e-02
4.529180987219279531e-01 2.887451213533904007e-02
4.631181511328986700e-01 2.766425588401784721e-02
4.733272181837471781e-01 2.614395368601829875e-02
4.835455068274036594e-01 2.527008440939539427e-02
4.937732247429644228e-01 2.367325434837491346e-02
5.040105803530536832e-01 2.237141330920695836e-02
5.142577828413065211e-01 2.094967098825047461e-02
5.245150421699888987e-01 1.954963268536226081e-02
5.347825690977430213e-01 1.854736879430243790e-02
5.450605751974710866e-01 1.709821248005798794e-02
5.553492728743597562e-01 1.542625030998885129e-02
5.656488753840412942e-01 1.468027508963914984e-02
5.759595968509094721e-01 1.334444325302042676e-02
5.862816522865772484e-01 1.250155366408746936e-02
5.966152576084875481e-01 1.129020809842200095e-02
6.069606296586862459e-01 1.023467426721364794e-02
6.173179862227488046e-01 9.579652952006485062e-03
6.276875460488731129e-01 8.646652337106748229e-03
6.380695288671385246e-01 7.954169090887320756e-03
6.484641554089369819e-01 7.053512344153899452e-03
6.588716474265774448e-01 6.298918668184574216e-03
6.692922277130698427e-01 5.891479088231218152e-03
6.797261201220904381e-01 5.261814473029272077e-03
6.901735495881360372e-01 4.780589003957766425e-03
7.006347421468600567e-01 4.485319233800559406e-03
7.111099249556188662e-01 3.835125268948371812e-03
7.215993263142009839e-01 3.455354592243302034e-03
7.321031756857663275e-01 3.301800513812413757e-03
7.426217037179922986e-01 2.917810102192020753e-03
7.531551422644284788e-01 2.563364849142260680e-03
7.637037244060699281e-01 2.296292924030664609e-03
7.742676844731486430e-01 2.126278550294496712e-03
7.848472580671498333e-01 1.928920555466943909e-03
7.954426820830577949e-01 1.865409695914205983e-03
8.060541947318363709e-01 1.661071985194369303e-03
8.166820355631446704e-01 1.415989981572814442e-03
8.273264454882999219e-01 1.336254961687548216e-03
8.379876668034880183e-01 1.250204673945161382e-03
8.486659432132259706e-01 9.837080912787950909e-04
8.593615198540814903e-01 9.595112388967006216e-04
8.700746433186589135e-01 9.130708730334845735e-04
8.808055616798529108e-01 7.854112794766899110e-04
8.915545245153719822e-01 7.107184005539928006e-04
9.023217829325496098e-01 8.058997822852659743e-04
9.131075895934324116e-01 6.336842086971797901e-04
9.239121987401619496e-01 4.958612112489948608e-04
9.347358662206525226e-01 4.997940799186270742e-04
9.455788495145712735e-01 5.248602747985606828e-04
9.564414077596213870e-01 4.204520765702427464e-04
9.673238017781488063e-01 3.621637067767816674e-04
9.782262941040561488e-01 2.919544283307274712e-04
9.891491490100537964e-01 2.813208325031970724e-04
1.000092632535235726e+00 3.792800215153268608e-04
1.011057012512998066e+00 2.594325861746148479e-04
1.022042558599299822e+00 2.357044529380813741e-04
1.033049542301277102e+00 2.669156146049924436e-04
1.044078237006217380e+00 1.952183105815099868e-04
1.055128918010895367e+00 1.733741315744948539e-04
1.066201862551284352e+00 1.692435375716299436e-04
1.077297349832648132e+00 1.315627841730109210e-04
1.088415661060011308e+00 1.330454891695597146e-04
1.099557079469040355e+00 1.426064430672363656e-04
1.110721890357309283e+00 1.040792177996280820e-04
1.121910381115985400e+00 1.198977861209186806e-04
1.133122841261928526e+00 1.289603372826557284e-04
1.144359562470215863e+00 4.391124293159226217e-05
1.155620838607101852e+00 7.435260102173091453e-05
1.166906965763418569e+00 1.151029970661712548e-04
1.178218242288425976e+00 7.454988757122371916e-05
1.189554968824123149e+00 3.841828945174514866e-05
1.200917448340022453e+00 6.126695797226009094e-05
1.212305986168408900e+00 6.596495414843850261e-05
1.223720890040074227e+00 5.485836910209926267e-05
1.235162470120555911e+00 5.196172701606072868e-05
1.246631039046874889e+00 7.133647095754432120e-05
1.258126911964788874e+00 4.258041119381597144e-05
1.269650406566570577e+00 4.031974886100716556e-05
1.281201843129320173e+00 3.798266047152939985e-05
1.292781544553817996e+00 4.225575545071817078e-05
1.304389836403941239e+00 3.308377668610390157e-05
1.316027046946637080e+00 4.870766382538027113e-05
1.327693507192476696e+00 3.520905509055001584e-05
1.339389550936796125e+00 5.594494425280151033e-05
1.351115514801436435e+00 1.862400745893166219e-05
1.362871738277095179e+00 2.521857858319387585e-05
1.374658563766295805e+00 2.559484796404375186e-05
1.386476336626997652e+00 2.040145180513582154e-05
1.398325405216850559e+00 2.094332286642278847e-05
1.410206120938107599e+00 2.240493545168845265e-05
1.422118838283209508e+00 2.305027637104477430e-05
1.434063914881057000e+00 2.154979661756665723e-05
1.446041711543979202e+00 2.254835417699507967e-05
1.458052592315416618e+00 1.399101751852134770e-05
1.470096924518328407e+00 1.661204230860674166e-05
1.482175078804341739e+00 1.427447169829091507e-05
1.494287429203654982e+00 1.853388482169274548e-05
1.506434353175713392e+00 1.448146619253175155e-05
1.518616231660660620e+00 1.204039672111858061e-05
1.530833449131608681e+00 1.448631485331213513e-05
1.543086393647707277e+00 1.493362947069640679e-05
1.555375456908052678e+00 1.165766966600010596e-05
1.567701034306447028e+00 1.169825155559049801e-05
1.580063524987019630e+00 1.068368926688079537e-05
1.592463331900736190e+00 1.014281563933053109e-05
1.604900861862805117e+00 8.074981673814349853e-06
1.617376525611005755e+00 9.244205463714686124e-06
1.629890737864948091e+00 1.011524736945367374e-05
1.642443917386300800e+00 8.861301018583620377e-06
1.655036487039980742e+00 8.125354503492893533e-06
1.667668873856345213e+00 1.090603828141594200e-05
1.680341509094400276e+00 7.050040273379024508e-06
1.693054828306040926e+00 8.851900889330790138e-06
1.705809271401351079e+00 7.128687670387850870e-06
1.718605282714980920e+00 6.538564807903979277e-06
1.731443311073621594e+00 6.275795732942696310e-06
1.744323809864610997e+00 7.488354412446269016e-06
1.757247237105675541e+00 5.915823531532764335e-06
1.770214055515848983e+00 1.108545449803903541e-05
1.783224732587580741e+00 3.555844607552028775e-06
1.796279740660062352e+00 8.284809324529222174e-06
1.809379556993800708e+00 4.418371327212658402e-06
1.822524663846453397e+00 8.133510045503070704e-06
1.835715548549968767e+00 4.660980231287579440e-06
1.848952703589041624e+00 5.031997634420964311e-06
1.862236626680921825e+00 5.029193833299276253e-06
1.875567820856598900e+00 5.368391585556930512e-06
1.888946794543396868e+00 3.377764994364514643e-06
1.902374061649005244e+00 3.000522410400672086e-06
1.915850141646975535e+00 3.827923478246264723e-06
1.929375559663716988e+00 4.216872993246736454e-06
1.942950846567024437e+00 5.245056980992970994e-06
1.956576539056166242e+00 3.148049177955258937e-06
1.970253179753570727e+00 3.901641260354271749e-06
1.983981317298132430e+00 5.630956440685437188e-06
1.997761506440205892e+00 4.146780597113703659e-06
2.011594308138276332e+00 3.515787569666345130e-06
2.025480289657382471e+00 4.759485174217689719e-06
2.039420024669305942e+00 8.847279600011671784e-07
2.053414093354583247e+00 1.948950746723968958e-06
2.067463082506361793e+00 6.044375954831603301e-06
2.081567585636154405e+00 5.901948455842452503e-06
2.095728203081529628e+00 4.057168389532388463e-06
2.109945542115771566e+00 3.865557498189761297e-06
2.124220217059573645e+00 2.918195449808842959e-06
2.138552849394784072e+00 3.194070524697059684e-06
2.152944067880272261e+00 3.442357661406906482e-06
2.167394508669943765e+00 3.247714936378607019e-06
2.181904815432972988e+00 3.171937820320431763e-06
2.196475639476278996e+00 2.053654916198336856e-06
2.211107639869315911e+00 2.208751523625347002e-06
2.225801483571211214e+00 2.293582702679034638e-06
2.240557845560325667e+00 2.533709398468375744e-06
2.255377408966268149e+00 1.775499140937898871e-06
2.270260865204440481e+00 2.682377586772678430e-06
2.285208914113143308e+00 2.766767034918830828e-06
2.300222264093344737e+00 3.638396976708515331e-06
2.315301632251118846e+00 2.895875052174486894e-06
2.330447744542859301e+00 2.992859698110426299e-06
2.345661335923311608e+00 1.682418909197195689e-06
2.360943150496495946e+00 2.401169574396084402e-06
2.376293941669568088e+00 1.630801257937229382e-06
2.391714472309731221e+00 8.327177471118961107e-07
2.407205514904206645e+00 2.218378438906755270e-06
2.422767851723407695e+00 2.901422600418691038e-06
2.438402274987316432e+00 1.743904032684605651e-06
2.454109587035200768e+00 1.763944728267922453e-06
2.469890600498723998e+00 2.402762331058504502e-06
2.485746138478509337e+00 2.256125420043620691e-06
2.501677034724291371e+00 2.546992066113128604e-06
2.517684133818678394e+00 1.925131912970970948e-06
2.533768291364664638e+00 1.877215317220654177e-06
2.549930374176959891e+00 2.411445740389507058e-06
2.566171260477213334e+00 1.071183819024053059e-06
2.582491840093254609e+00 1.604135116224709087e-06
2.598893014662444489e+00 2.396189485784314290e-06
2.615375697839199987e+00 2.684027023275355093e-06
2.631940815506855991e+00 1.644296248601783473e-06
2.648589305993903409e+00 1.414885786399779751e-06
2.665322120294779218e+00 1.258058780485034199e-06
2.682140222295247955e+00 1.004479593382243799e-06
2.699044589002565164e+00 1.948874916039648923e-06
2.716036210780464977e+00 2.485172381745614324e-06
2.733116091589157026e+00 2.362927196388275075e-06
2.750285249230413953e+00 2.477030039949928791e-06
2.767544715597911598e+00 1.966446555087268038e-06
2.784895536932901372e+00 1.910686455622907470e-06
2.802338774085429751e+00 1.827386998197208034e-06
2.819875502781155063e+00 1.818325297601310162e-06
2.837506813893987179e+00 2.257025568508961926e-06
2.855233813724622927e+00 1.756002582209185001e-06
2.873057624285204170e+00 2.315435702828410094e-06
2.890979383590180252e+00 2.040253727891325295e-06
2.909000245953595520e+00 2.486597581974752868e-06
2.927121382292947160e+00 1.459055817620792416e-06
2.945343980439754095e+00 1.347917332270297768e-06
2.963669245457068335e+00 1.642514252377671213e-06
2.982098399964077995e+00 1.291164029392656820e-06
3.000632684467967159e+00 1.772138270733723083e-06
3.019273357703287086e+00 1.731752784264192243e-06
3.038021696978962627e+00 1.625391637849051196e-06
3.056878998533198555e+00 1.310738441476971881e-06
3.075846577896470535e+00 1.609297192046964558e-06
3.094925770262794362e+00 1.579240550288507027e-06
3.114117930869559014e+00 2.912749448550816091e-06
3.133424435386071849e+00 1.662336711285048003e-06
3.152846680311138350e+00 1.553399738272888951e-06
3.172386083379844290e+00 1.559748394300858557e-06
3.192044083979846292e+00 2.174119051494505287e-06
3.211822143577407918e+00 1.502248409658383193e-06
3.231721746153457975e+00 1.600620171336881712e-06
3.251744398649921930e+00 8.165073175434899081e-07
3.271891631426665281e+00 1.100077330833820283e-06
3.292164998729279368e+00 4.728517712914231040e-06
3.312566079168071553e+00 1.436652885647649253e-06
3.333096476208521786e+00 1.036945778701672579e-06
3.353757818673582580e+00 1.649972906834213796e-06
3.374551761258096416e+00 2.807877145871858464e-06
3.395479985055740446e+00 1.899491732996028008e-06
3.416544198098793395e+00 1.025451263415995128e-06
3.437746135911136314e+00 1.845087140014245891e-06
3.459087562074850908e+00 1.822482060032788493e-06
3.480570268810810663e+00 5.164081189013227354e-07
3.502196077573649369e+00 1.411535592625241708e-06
3.523966839661581307e+00 1.739170482616819639e-06
3.545884436841424847e+00 2.332690933474794745e-06
3.567950781989368547e+00 1.385948286882445246e-06
3.590167819747851929e+00 1.713676965410822817e-06
3.612537527199123133e+00 1.306310160301183846e-06
3.635061914555887341e+00 1.276792690649878356e-06
3.657743025869628628e+00 3.071938148985664788e-06
3.680582939757102157e+00 1.558365264630607106e-06
3.703583770145510101e+00 1.396787108846997736e-06
3.726747667036997225e+00 1.408871688148947115e-06
3.750076817293014120e+00 1.665397347840840271e-06
3.773573445439117879e+00 2.745692408230125952e-06
3.797239814490932730e+00 7.071902058946800568e-07
3.821078226801799538e+00 1.604999125774284452e-06
3.845091024932894896e+00 2.368952228079332288e-06
3.869280592546462394e+00 1.971993340447971914e-06
3.893649355322847061e+00 1.849674193617521464e-06
3.918199781902168777e+00 2.065349784218582476e-06
3.942934384851307872e+00 1.602558775448873862e-06
3.967855721657088441e+00 5.529089731674705627e-07
3.992966395746416985e+00 2.467964220597578502e-06
4.018269057534300082e+00 1.588494158099115667e-06
4.043766405500584860e+00 1.374957856016955670e-06
4.069461187296391280e+00 1.692530970967813282e-06
4.095356200881122177e+00 1.739118446281739039e-06
4.121454295691163061e+00 1.893372201090372919e-06
4.147758373841154089e+00 1.442637163588586451e-06
4.174271391359062555e+00 2.829803657438901582e-06
4.200996359456013352e+00 3.974500042602996576e-06
4.227936345832168819e+00 1.551856882044995230e-06
4.255094476019727345e+00 2.443366934757498484e-06
4.282473934764413848e+00 1.462974436366263215e-06
4.310077967446587444e+00 2.191937782976954011e-06
4.337909881543510870e+00 1.948889528752404767e-06
4.365973048133954926e+00 1.559487702555062516e-06
4.394270903446770404e+00 1.839840780854143008e-06
4.422806950454781116e+00 1.948538741651002301e-06
4.451584760515686412e+00 1.328098650649050656e-06
4.480607975061463577e+00 1.983053519586963517e-06
4.509880307338105077e+00 1.783926228963682343e-06
4.539405544197283149e+00 1.869363273571778281e-06
4.569187547941903738e+00 1.640710858237021439e-06
4.599230258227382961e+00 1.529385287744800109e-06
4.629537694020593008e+00 1.880935039426784549e-06
4.660113955618596648e+00 1.450642876496782523e-06
4.690963226729293112e+00 9.323250616138118635e-07
4.722089776616123835e+00 1.838195973085376831e-06
4.753497962309302771e+00 2.170558801672428084e-06
4.785192230885826348e+00 2.407794402437599108e-06
4.817177121820895636e+00 1.677857192880509167e-06
4.849457269413340654e+00 2.438104447199199847e-06
4.882037405287709575e+00 2.059263727781914058e-06
4.914922360976011539e+00 1.796585252180686690e-06
4.948117070581908195e+00 2.029722404016189107e-06
4.981626573530626878e+00 2.225747733220529227e-06
5.015456017407652567e+00 2.130758301184954972e-06
5.049610660889745972e+00 2.017468796865759627e-06
5.084095876771596245e+00 2.425271081883395981e-06
5.118917155092026050e+00 1.846194716550214072e-06
5.154080106363324809e+00 1.759688001080128527e-06
5.189590464907923639e+00 1.809672353465764985e-06
5.225454092306433651e+00 3.851584202138352428e-06
5.261676980961550676e+00 2.289410886503963794e-06
5.298265257782244220e+00 2.210964074433344175e-06
5.335225187993163587e+00 2.648791037373605845e-06
5.372563179074077766e+00 1.910371661574317524e-06
5.410285784834729661e+00 2.049905347202775955e-06
5.448399709630405319e+00 1.997828236157149278e-06
5.486911812724086346e+00 1.894594558640681524e-06
5.525829112800970222e+00 1.963521247864751625e-06
5.565158792641854646e+00 2.351425137920295019e-06
5.604908203961667112e+00 2.234410297754841167e-06
5.645084872420248701e+00 2.692980247734740426e-06
5.685696502812371378e+00 2.284496810317207034e-06
5.726750984444712422e+00 2.136360128628358886e-06
5.768256396707492684e+00 2.452262752595083203e-06
5.810221014849253685e+00 2.430786381499407368e-06
5.852653315963272540e+00 2.449781627986234960e-06
5.895561985194872179e+00 2.014858308102006412e-06
5.938955922179146363e+00 1.843028826425416299e-06
5.982844247719065756e+00 2.313874071564536081e-06
6.027236310714632950e+00 1.986073588982252269e-06
6.072141695354100754e+00 2.333247373324653076e-06
6.117570228578833813e+00 2.220167093994792231e-06
6.163531987834188541e+00 2.347248105897047344e-06
6.210037309119105231e+00 2.548556454735886819e-06
6.257096795348075169e+00 2.684258226830191126e-06
6.304721325039668756e+00 2.323991844671368226e-06
6.352922061346506943e+00 2.676576963138426675e-06
6.401710461442654321e+00 2.281900811954540694e-06
6.451098286284771888e+00 2.234792070385683330e-06
6.501097610764786872e+00 2.593971519283122229e-06
6.551720834272277472e+00 2.420036409597983615e-06
6.602980691686179959e+00 2.221790121871032045e-06
6.654890264816202716e+00 1.692287591789363627e-06
6.707462994315653404e+00 2.093009357076793353e-06
6.760712692088343800e+00 1.800342915348747048e-06
6.814653554213885300e+00 2.274299192402189041e-06
6.869300174416541616e+00 2.342827987911216683e-06
6.924667558104775189e+00 1.663329909533764158e-06
6.980771137009639027e+00 2.269669869407502385e-06
7.037626784452278628e+00 1.754064909082869407e-06
7.095250831272059244e+00 2.362236242739331419e-06
7.153660082449184721e+00 2.468467306120716537e-06
7.212871834457117437e+00 2.166738153372068707e-06
7.272903893382699714e+00 2.528852399247092067e-06
7.333774593853726209e+00 2.077108076269431074e-06
7.395502818816384050e+00 2.277212390209294041e-06
7.458108020207268929e+00 2.276255006921923543e-06
7.521610240567749628e+00 2.293123780088096915e-06
7.586030135650939421e+00 1.944827259605528913e-06
7.651388998075133507e+00 2.020033918360384714e-06
7.717708782080382690e+00 2.116728929181115770e-06
7.785012129448951157e+00 2.048744417530764869e-06
7.853322396653874549e+00 2.595715083246039099e-06
7.922663683303971638e+00 1.948874293862254039e-06
7.993060861958362295e+00 2.130965212285119786e-06
8.064539609387720631e+00 2.072460145103094299e-06
8.137126439365120589e+00 1.691596589194468436e-06
8.210848737074378789e+00 1.926701953364839859e-06
8.285734795229668492e+00 2.304330146184903046e-06
8.361813852006719117e+00 1.522344791802434519e-06
8.439116130892415413e+00 1.894019458924571675e-06
8.517672882566811765e+00 1.782041076674035759e-06
8.597516428939853128e+00 1.679660880671680143e-06
8.678680209472870999e+00 2.019192700862051547e-06
8.761198829924738973e+00 1.533662323566039130e-06
8.845108113671690475e+00 1.682041464769370200e-06
8.930445155761116638e+00 1.654474950826562676e-06
9.017248379870389741e+00 1.555927572816096621e-06
9.105557598354891979e+00 1.834402055264313354e-06
9.195414075582201363e+00 1.676077667321173418e-06
9.286860594764410948e+00 1.489331608628543094e-06
9.379941528515811200e+00 1.449778376189019413e-06
9.474702913380864899e+00 1.744561853771403702e-06
9.571192528595130256e+00 1.362618731488800861e-06
9.669459979362780899e+00 1.343493236490235308e-06
9.769556784955327089e+00 1.079828071753492233e-06
9.871536471960840942e+00 1.293249378405538553e-06
9.975454673037942754e+00 1.100932298882175256e-06
1.008136923155793063e+01 1.187749987034399951e-06
1.018934031254830330e+01 1.244950863873904109e-06
1.029943052038522566e+01 1.060730441663000701e-06
1.041170502371859463e+01 9.345079659902271474e-07
1.052623168815380517e+01 9.368229532572911402e-07
1.064308121725768252e+01 1.013323974937158987e-06
1.076232730250476877e+01 9.906233760514097945e-07
1.088404678283179194e+01 7.353737965135760926e-07
1.100831981452695096e+01 7.201859391925677836e-07
1.113523005224294415e+01 6.636605791383978093e-07
1.126486484199331350e+01 7.107004048156277327e-07
1.139731542706779699e+01 6.524947623919717531e-07
1.153267716788676189e+01 6.501072768098380973e-07
1.167104977690866718e+01 6.435494065142238867e-07
1.181253756980620828e+01 6.463699793501457520e-07
1.195724973424156268e+01 4.224380536233874973e-07
1.210530061769597765e+01 4.200601887432193297e-07
1.225681003594877438e+01 3.876196108294289432e-07
1.241190360395464154e+01 3.799561586782867872e-07
1.257071309104042101e+01 4.467767611890155983e-07
1.273337680253192516e+01 2.053976267041322857e-07
1.290003999013476133e+01 3.225556212439800003e-07
1.307085529362815102e+01 3.241129389796240689e-07
1.324598321669588152e+01 2.123773709011527826e-07
1.342559264001181063e+01 2.451925826509612674e-07
1.360986137502873916e+01 1.460487808606604458e-07
1.379897676228727654e+01 1.554018516837728189e-07
1.399313631847826045e+01 9.137081587865568685e-08
1.419254843695589230e+01 1.072884972892117804e-07
1.439743314692606369e+01 3.293073482850027015e-08
1.460802293712368716e+01 1.168394536361059479e-07
1.482456365046278535e+01 7.859702658464597687e-08
1.504731545689699779e+01 5.763503720922269148e-08
1.527655391258613626e+01 7.511124454379455830e-08
1.551257111443440273e+01 5.835742538773416650e-08
1.575567696017295916e+01 7.189711997742715137e-08
1.600620052541652782e+01 5.690066449830275942e-08
1.626449157056262607e+01 2.775023509042802560e-08
1.653092219204418001e+01 1.026831569885450779e-07
1.680588863433074565e+01 3.306152043308344710e-08
1.708981328123576660e+01 1.839978221244689708e-08
1.738314684757837725e+01 2.309096618042557540e-08
1.768637079511793431e+01 9.460815818480444400e-09
1.800000000000201084e+01 5.000759089147405469e-08
