-1.800000000000201084e+01 2.839115120913537058e-08
-1.768637079511795918e+01 1.160407930090400883e-08
-1.738314684757837725e+01 1.230546058481360047e-08
-1.708981328123576660e+01 2.168388830732081968e-08
-1.680588863433072433e+01 4.803473943173426073e-08
-1.653092219204418001e+01 2.702801540827118127e-08
-1.626449157056260830e+01 2.004859157116383061e-08
-1.600620052541652782e+01 2.751873098801333904e-08
-1.575567696017295916e+01 5.582673993586350968e-08
-1.551257111443442049e+01 6.729526113589313720e-08
-1.527655391258613626e+01 9.139092744696941383e-08
-1.504731545689701200e+01 9.687610445471378908e-08
-1.482456365046278535e+01 1.233022475718654242e-07
-1.460802293712368716e+01 1.329409528395852086e-07
-1.439743314692604947e+01 1.822323468208955731e-07
-1.419254843695589230e+01 2.337679872248983235e-07
-1.399313631847824624e+01 2.068271408588426592e-07
-1.379897676228727654e+01 2.602645883433580889e-07
-1.360986137502872673e+01 2.298338805296577289e-07
-1.342559264001182306e+01 3.849328153853798612e-07
-1.324598321669588152e+01 4.470017224987441882e-07
-1.307085529362816168e+01 4.308727802221910017e-07
-1.290003999013476133e+01 4.674333531661657728e-07
-1.273337680253193582e+01 5.330683351782815262e-07
-1.257071309104041035e+01 6.013502059815817725e-07
-1.241190360395464154e+01 5.616951959236899525e-07
-1.225681003594876195e+01 7.411371820178167818e-07
-1.210530061769597765e+01 6.608356859795918543e-07
-1.195724973424155202e+01 8.163596991455862817e-07
-1.181253756980619762e+01 9.172563874647844142e-07
-1.167104977690866718e+01 1.012274812543964701e-06
-1.153267716788677255e+01 9.746123124591777643e-07
-1.139731542706779699e+01 1.070350940090854310e-06
-1.126486484199332239e+01 1.160903554737629696e-06
-1.113523005224293527e+01 1.161855337952953916e-06
-1.100831981452695096e+01 1.101679873703331391e-06
-1.088404678283180083e+01 1.328771141612239559e-06
-1.076232730250476877e+01 1.347828441375138798e-06
-1.064308121725769141e+01 1.480236332892916835e-06
-1.052623168815380517e+01 1.548665493992475670e-06
-1.041170502371859463e+01 1.679631731322004226e-06
-1.029943052038521678e+01 1.777021919084461983e-06
-1.018934031254830330e+01 1.818348721580990956e-06
-1.008136923155793951e+01 1.972541445371661600e-06
-9.975454673037956965e+00 2.003780663420508696e-06
-9.871536471960840942e+00 1.899185981793579485e-06
-9.769556784955334194e+00 1.987292854576877009e-06
-9.669459979362780899e+00 2.028698559853870741e-06
-9.571192528595137361e+00 2.135168046323576148e-06
-9.474702913380864899e+00 2.258395687072590695e-06
-9.379941528515811200e+00 2.266912515377602661e-06
-9.286860594764403842e+00 2.272301048420012962e-06
-9.195414075582201363e+00 2.639872878018879939e-06
-9.105557598354884874e+00 2.612500586695185122e-06
-9.017248379870389741e+00 2.572413882910866929e-06
-8.930445155761116638e+00 2.567281103199049064e-06
-8.845108113671695804e+00 2.934674675549514078e-06
-8.761198829924738973e+00 3.033937171587154480e-06
-8.678680209472876328e+00 3.020649543881883876e-06
-8.597516428939853128e+00 2.942798485413860216e-06
-8.517672882566811765e+00 2.926131861965614686e-06
-8.439116130892410084e+00 3.102176474766242227e-06
-8.361813852006719117e+00 3.012372735546095736e-06
-8.285734795229661387e+00 3.186726499148792779e-06
-8.210848737074378789e+00 3.159368158350429907e-06
-8.137126439365120589e+00 3.595453720531505094e-06
-8.064539609387715302e+00 3.157549482042710341e-06
-7.993060861958362295e+00 3.224526840407061331e-06
-7.922663683303976967e+00 3.226768155524121501e-06
-7.853322396653874549e+00 3.455802564352221285e-06
-7.785012129448951157e+00 3.130865218109477944e-06
-7.717708782080378249e+00 3.423362311043289620e-06
-7.651388998075133507e+00 3.469544820813369680e-06
-7.586030135650944750e+00 3.558865438177040599e-06
-7.521610240567749628e+00 3.490895838881173294e-06
-7.458108020207273370e+00 3.844576567501264589e-06
-7.395502818816379609e+00 3.460755769837213644e-06
-7.333774593853726209e+00 3.621257301738052384e-06
-7.272903893382695273e+00 3.819864034867910009e-06
-7.212871834457117437e+00 3.741212535855085807e-06
-7.153660082449187385e+00 3.322469624542063272e-06
-7.095250831272068126e+00 3.662077654970303022e-06
-7.037626784452278628e+00 3.744533302274860280e-06
-6.980771137009643468e+00 3.767974651187188585e-06
-6.924667558104775189e+00 3.797084035619075877e-06
-6.869300174416541616e+00 3.848616148471962110e-06
-6.814653554213885300e+00 3.865435967520789741e-06
-6.760712692088343800e+00 4.111728546462980539e-06
-6.707462994315648963e+00 4.008216813292123784e-06
-6.654890264816202716e+00 3.548314976894049720e-06
-6.602980691686176407e+00 3.976388546502169743e-06
-6.551720834272277472e+00 3.616974024285757213e-06
-6.501097610764786872e+00 3.967525570136028332e-06
-6.451098286284775440e+00 3.547238128451065298e-06
-6.401710461442654321e+00 3.789670515229256867e-06
-6.352922061346510496e+00 3.552299778897269308e-06
-6.304721325039668756e+00 3.826470937236169352e-06
-6.257096795348075169e+00 3.764383543292606715e-06
-6.210037309119101678e+00 4.027075509545486618e-06
-6.163531987834188541e+00 3.760811456804598825e-06
-6.117570228578837366e+00 4.021279004072895239e-06
-6.072141695354100754e+00 3.798590119591794588e-06
-6.027236310714632950e+00 4.404596063459840582e-06
-5.982844247719062203e+00 3.946144861558146645e-06
-5.938955922179146363e+00 4.252773217468198210e-06
-5.895561985194874843e+00 3.860753621519722215e-06
-5.852653315963272540e+00 4.289862394525495809e-06
-5.810221014849253685e+00 3.907334741729891230e-06
-5.768256396707496236e+00 4.120710905052448550e-06
-5.726750984444712422e+00 3.609137771742675310e-06
-5.685696502812374042e+00 3.558652764011614179e-06
-5.645084872420248701e+00 3.657005744066334930e-06
-5.604908203961667112e+00 3.812923949764730889e-06
-5.565158792641851981e+00 3.786386782644658974e-06
-5.525829112800970222e+00 4.029090137285596007e-06
-5.486911812724083681e+00 3.794342967482412730e-06
-5.448399709630409760e+00 3.593426303389580092e-06
-5.410285784834729661e+00 3.508779757889325642e-06
-5.372563179074079542e+00 3.796668272535474007e-06
-5.335225187993163587e+00 3.855870430250772887e-06
-5.298265257782246884e+00 3.440806235809598338e-06
-5.261676980961550676e+00 3.630554633467059565e-06
-5.225454092306433651e+00 3.611245745014856605e-06
-5.189590464907923639e+00 2.801534643653314581e-06
-5.154080106363324809e+00 3.798959329760510358e-06
-5.118917155092023386e+00 3.532345168028189671e-06
-5.084095876771596245e+00 3.873374151587905224e-06
-5.049610660889740643e+00 3.664671096119152982e-06
-5.015456017407655231e+00 3.869324757775219243e-06
-4.981626573530626878e+00 3.635921436844546095e-06
-4.948117070581910859e+00 3.693873709219058532e-06
-4.914922360976011539e+00 3.399123228601668013e-06
-4.882037405287712239e+00 3.261870885762984627e-06
-4.849457269413337102e+00 3.033943743202262409e-06
-4.817177121820895636e+00 3.844383569141750958e-06
-4.785192230885824571e+00 3.445614590038794402e-06
-4.753497962309302771e+00 3.344701310321462364e-06
-4.722089776616123835e+00 3.390471134147168675e-06
-4.690963226729293112e+00 3.261879191735257275e-06
-4.660113955618596648e+00 2.996854451582076063e-06
-4.629537694020590344e+00 3.676861097738539587e-06
-4.599230258227382961e+00 3.141733533830948970e-06
-4.569187547941903738e+00 3.274758255886611673e-06
-4.539405544197283149e+00 3.519577650231519694e-06
-4.509880307338105077e+00 3.189371780410136770e-06
-4.480607975061465353e+00 3.370301687861897981e-06
-4.451584760515686412e+00 3.157658420831387619e-06
-4.422806950454783781e+00 3.457490032641621299e-06
-4.394270903446768628e+00 3.410773904094957279e-06
-4.365973048133954926e+00 3.327132076207305148e-06
-4.337909881543509094e+00 2.931436051079842615e-06
-4.310077967446587444e+00 3.099828228756539192e-06
-4.282473934764412071e+00 3.396845887520812543e-06
-4.255094476019731786e+00 3.175834764296627603e-06
-4.227936345832168819e+00 3.541407905757388349e-06
-4.200996359456015128e+00 3.243630188482319601e-06
-4.174271391359062555e+00 3.095722289474372889e-06
-4.147758373841154089e+00 3.108356872911272354e-06
-4.121454295691163061e+00 2.944155348707014517e-06
-4.095356200881122177e+00 3.057262960314126230e-06
-4.069461187296388616e+00 3.174095270332424666e-06
-4.043766405500584860e+00 3.087941391509874466e-06
-4.018269057534298305e+00 2.827488171448302357e-06
-3.992966395746416985e+00 3.195093965371755708e-06
-3.967855721657088441e+00 3.409590811789796129e-06
-3.942934384851309204e+00 2.983097424989845505e-06
-3.918199781902168777e+00 3.351439392432720298e-06
-3.893649355322847061e+00 2.585187890478676264e-06
-3.869280592546462394e+00 2.916105516955652235e-06
-3.845091024932894896e+00 3.064693093261826247e-06
-3.821078226801797317e+00 2.871835028956887809e-06
-3.797239814490932730e+00 2.875215334722500418e-06
-3.773573445439120100e+00 2.883934104498166839e-06
-3.750076817293014120e+00 2.882238509733757905e-06
-3.726747667036997225e+00 2.950083705834247412e-06
-3.703583770145510101e+00 2.879294983908380811e-06
-3.680582939757102157e+00 2.747293828370948333e-06
-3.657743025869630404e+00 3.022131075563729654e-06
-3.635061914555887341e+00 3.198285171256280446e-06
-3.612537527199123133e+00 3.157411971379662988e-06
-3.590167819747855482e+00 2.828433352166534049e-06
-3.567950781989368547e+00 3.017923466796584235e-06
-3.545884436841426179e+00 2.543100673084242993e-06
-3.523966839661581307e+00 2.694826945095991100e-06
-3.502196077573649369e+00 2.947755506434051582e-06
-3.480570268810808887e+00 2.868675211630684349e-06
-3.459087562074850908e+00 3.016792319525711262e-06
-3.437746135911134981e+00 2.794888044492240869e-06
-3.416544198098792506e+00 3.157132460198279221e-06
-3.395479985055740890e+00 2.947979748565742832e-06
-3.374551761258098193e+00 3.022553931550331218e-06
-3.353757818673582580e+00 2.932009634635267991e-06
-3.333096476208523118e+00 3.006847098868144942e-06
-3.312566079168071553e+00 3.236171835150266225e-06
-3.292164998729279812e+00 2.676532541456504495e-06
-3.271891631426664837e+00 2.960632778910327247e-06
-3.251744398649922374e+00 2.897658941695457504e-06
-3.231721746153456643e+00 2.809766954743998121e-06
-3.211822143577407918e+00 2.754645423070233411e-06
-3.192044083979844071e+00 2.797232406627779429e-06
-3.172386083379843402e+00 2.845304133199730109e-06
-3.152846680311138350e+00 2.723384030660119384e-06
-3.133424435386072737e+00 3.039168204585288245e-06
-3.114117930869558570e+00 3.186535855228698099e-06
-3.094925770262795250e+00 2.701077141663641681e-06
-3.075846577896469647e+00 2.846045383306821941e-06
-3.056878998533198555e+00 3.210606480280096025e-06
-3.038021696978961295e+00 2.179283431938443229e-06
-3.019273357703287086e+00 3.108751185823034437e-06
-3.000632684467968048e+00 3.207726349184967837e-06
-2.982098399964077995e+00 2.708124374244568128e-06
-2.963669245457069223e+00 2.853491019342986518e-06
-2.945343980439752762e+00 2.010687555552478019e-06
-2.927121382292947160e+00 2.667964822771070812e-06
-2.909000245953597297e+00 3.205411656333233541e-06
-2.890979383590179363e+00 3.621228102398311134e-06
-2.873057624285205058e+00 2.513190796796273647e-06
-2.855233813724623815e+00 3.084566479244554643e-06
-2.837506813893987179e+00 2.899643088925004628e-06
-2.819875502781155951e+00 3.189239030124914295e-06
-2.802338774085429751e+00 2.690758249428918204e-06
-2.784895536932901372e+00 3.074814111663196966e-06
-2.767544715597910265e+00 3.895543037591068444e-06
-2.750285249230413953e+00 3.145150533234544691e-06
-2.733116091589155250e+00 3.148253808497214415e-06
-2.716036210780464089e+00 2.771610590341992885e-06
-2.699044589002566052e+00 2.993620030993188950e-06
-2.682140222295249732e+00 3.038700500750655771e-06
-2.665322120294779662e+00 2.814151387708321176e-06
-2.648589305993904297e+00 3.241299722668967395e-06
-2.631940815506855547e+00 3.205672698071147304e-06
-2.615375697839200431e+00 3.197376922168405409e-06
-2.598893014662444045e+00 2.976314966508257106e-06
-2.582491840093254609e+00 3.144916059310009054e-06
-2.566171260477212002e+00 3.154906977238327825e-06
-2.549930374176959447e+00 3.301693836158291994e-06
-2.533768291364664638e+00 3.376063292254954794e-06
-2.517684133818677505e+00 3.236331159731721156e-06
-2.501677034724291371e+00 2.639537632438689821e-06
-2.485746138478510670e+00 3.375161879859241434e-06
-2.469890600498723998e+00 2.790670174858898857e-06
-2.454109587035200768e+00 3.259510887012417169e-06
-2.438402274987315543e+00 3.159795291879109849e-06
-2.422767851723407695e+00 3.386767603628968363e-06
-2.407205514904207533e+00 3.811997267154694925e-06
-2.391714472309731221e+00 3.026800418478229302e-06
-2.376293941669569421e+00 3.942497747924903577e-06
-2.360943150496495058e+00 3.515644326248389787e-06
-2.345661335923311608e+00 3.419926318711953675e-06
-2.330447744542858413e+00 4.025061749467517145e-06
-2.315301632251118846e+00 3.643167316674259967e-06
-2.300222264093345625e+00 4.142342857121961794e-06
-2.285208914113144640e+00 3.458400402252742112e-06
-2.270260865204440481e+00 3.823572386927413520e-06
-2.255377408966269037e+00 4.346415430177166971e-06
-2.240557845560325223e+00 3.976085902842723913e-06
-2.225801483571210770e+00 3.923633568548617114e-06
-2.211107639869315467e+00 4.135621944675091858e-06
-2.196475639476279440e+00 4.338477878258981654e-06
-2.181904815432973432e+00 4.618124974238290750e-06
-2.167394508669943320e+00 4.386286980470800852e-06
-2.152944067880271817e+00 4.419238703419949060e-06
-2.138552849394784516e+00 4.324105468673090242e-06
-2.124220217059574090e+00 4.228321928230606155e-06
-2.109945542115772454e+00 5.059174785873373235e-06
-2.095728203081529628e+00 4.705501868966833570e-06
-2.081567585636154849e+00 4.779287364691083630e-06
-2.067463082506362237e+00 4.840253313508260851e-06
-2.053414093354584136e+00 4.979703276854822654e-06
-2.039420024669305942e+00 5.300661037157908893e-06
-2.025480289657382471e+00 5.201088308210704949e-06
-2.011594308138276332e+00 5.968742707245039156e-06
-1.997761506440205226e+00 5.536598062571411414e-06
-1.983981317298131319e+00 5.715804416897141200e-06
-1.970253179753569617e+00 5.650712294576613315e-06
-1.956576539056167352e+00 5.467474343278105011e-06
-1.942950846567025547e+00 5.936770541420820612e-06
-1.929375559663717654e+00 6.777484430952168761e-06
-1.915850141646975535e+00 6.784122048995824787e-06
-1.902374061649005244e+00 6.092589881369476561e-06
-1.888946794543396868e+00 7.126562625784131364e-06
-1.875567820856598900e+00 6.289813219447654473e-06
-1.862236626680921825e+00 9.632135845352357209e-06
-1.848952703589041180e+00 6.561170900186259862e-06
-1.835715548549967879e+00 7.301840895337702639e-06
-1.822524663846452730e+00 7.571285867572022862e-06
-1.809379556993800708e+00 8.368853601362945325e-06
-1.796279740660062796e+00 9.195891249224270856e-06
-1.783224732587581407e+00 8.473139959942817159e-06
-1.770214055515849871e+00 8.553038325550657074e-06
-1.757247237105675541e+00 9.476115886177023136e-06
-1.744323809864610553e+00 8.915853997439647727e-06
-1.731443311073621372e+00 8.228098473447761004e-06
-1.718605282714980698e+00 8.566413095605422318e-06
-1.705809271401351745e+00 1.093548818969744437e-05
-1.693054828306041149e+00 1.123612577976507436e-05
-1.680341509094399610e+00 9.735703692122029567e-06
-1.667668873856344547e+00 1.028087321593705650e-05
-1.655036487039980519e+00 1.068312480309647083e-05
-1.642443917386301022e+00 1.200323729461004127e-05
-1.629890737864948980e+00 1.130800280199779918e-05
-1.617376525611005755e+00 1.373744035111785650e-05
-1.604900861862805783e+00 1.313723136545708305e-05
-1.592463331900736856e+00 2.158925074730994574e-05
-1.580063524987020074e+00 1.305035378090848441e-05
-1.567701034306447028e+00 1.447396464458560883e-05
-1.555375456908052678e+00 1.309685161466113626e-05
-1.543086393647707277e+00 1.655146109836637899e-05
-1.530833449131608237e+00 1.519352134802325130e-05
-1.518616231660659732e+00 1.978804422175709616e-05
-1.506434353175712282e+00 1.897528652476800992e-05
-1.494287429203655870e+00 1.812144584900119307e-05
-1.482175078804342627e+00 1.996460964617749478e-05
-1.470096924518329295e+00 1.912357329367037889e-05
-1.458052592315416618e+00 2.258496085022721557e-05
-1.446041711543979202e+00 2.364551304456222861e-05
-1.434063914881057000e+00 2.114183848722508982e-05
-1.422118838283209508e+00 2.258313408106299479e-05
-1.410206120938107599e+00 3.310934660648379369e-05
-1.398325405216850115e+00 3.348988589574429921e-05
-1.386476336626996986e+00 2.740278010398483415e-05
-1.374658563766294916e+00 3.069756572266929979e-05
-1.362871738277095179e+00 3.147444740338723704e-05
-1.351115514801437101e+00 3.323982238210522932e-05
-1.339389550936797013e+00 2.989315117217666127e-05
-1.327693507192477362e+00 3.839380753115533083e-05
-1.316027046946637080e+00 4.062812832865791941e-05
-1.304389836403941239e+00 4.037466526797022561e-05
-1.292781544553817996e+00 4.520881283421765662e-05
-1.281201843129320173e+00 4.616902573710418431e-05
-1.269650406566570577e+00 5.326489611688988395e-05
-1.258126911964788874e+00 4.919646224952852528e-05
-1.246631039046874889e+00 4.956870389129834712e-05
-1.235162470120555911e+00 6.229286508147465460e-05
-1.223720890040073339e+00 6.284054257032813129e-05
-1.212305986168408234e+00 7.223278942151139137e-05
-1.200917448340022453e+00 7.340347154147889327e-05
-1.189554968824123149e+00 8.304753805729979811e-05
-1.178218242288426865e+00 8.145831389707397453e-05
-1.166906965763418569e+00 9.411124734114789615e-05
-1.155620838607101852e+00 1.000171717776999624e-04
-1.144359562470215863e+00 9.131813156240706859e-05
-1.133122841261928526e+00 1.142150474718906661e-04
-1.121910381115985400e+00 1.365380331097169127e-04
-1.110721890357309283e+00 1.257522351120274199e-04
-1.099557079469039467e+00 1.405744002058945466e-04
-1.088415661060010642e+00 1.377233323369688942e-04
-1.077297349832647466e+00 1.693592663429070147e-04
-1.066201862551285018e+00 1.872894244636812600e-04
-1.055128918010896033e+00 1.980781581831533129e-04
-1.044078237006218046e+00 2.085724251085414893e-04
-1.033049542301277102e+00 2.243381250124677230e-04
-1.022042558599299822e+00 2.499631371995667223e-04
-1.011057012512998066e+00 2.603994946414498412e-04
-1.000092632535235726e+00 3.082422761588834883e-04
-9.891491490100537964e-01 3.360383646193690235e-04
-9.782262941040561488e-01 3.496735192066968939e-04
-9.673238017781481402e-01 3.881373724822798164e-04
-9.564414077596213870e-01 4.412112109361416559e-04
-9.455788495145712735e-01 4.790772667003136425e-04
-9.347358662206534108e-01 5.095377161300069764e-04
-9.239121987401626157e-01 5.804915497888600909e-04
-9.131075895934324116e-01 5.990074659558146560e-04
-9.023217829325496098e-01 7.213158337102012867e-04
-8.915545245153719822e-01 7.960574743560417223e-04
-8.808055616798529108e-01 8.475725957103166829e-04
-8.700746433186589135e-01 9.613147715566156947e-04
-8.593615198540814903e-01 1.072662301970725386e-03
-8.486659432132259706e-01 1.141030077600457002e-03
-8.379876668034880183e-01 1.297744039352653495e-03
-8.273264454882990337e-01 1.431758251807722449e-03
-8.166820355631438932e-01 1.574088445149210425e-03
-8.060541947318363709e-01 1.755325144940083227e-03
-7.954426820830584610e-01 1.954126607164786804e-03
-7.848472580671504994e-01 2.175269314516919961e-03
-7.742676844731486430e-01 2.431092233435063962e-03
-7.637037244060699281e-01 2.763321286666251073e-03
-7.531551422644284788e-01 3.095862900902595152e-03
-7.426217037179922986e-01 3.366461495196478287e-03
-7.321031756857663275e-01 3.844393195598960842e-03
-7.215993263142009839e-01 4.274087475771555164e-03
-7.111099249556180890e-01 4.815982092271116864e-03
-7.006347421468592795e-01 5.308275991488994525e-03
-6.901735495881351490e-01 5.990699879774095092e-03
-6.797261201220911042e-01 6.677892642893489689e-03
-6.692922277130706199e-01 7.469853616453928959e-03
-6.588716474265783329e-01 8.430002370003960438e-03
-6.484641554089376481e-01 9.340796708671328386e-03
-6.380695288671385246e-01 1.041569485728832505e-02
-6.276875460488731129e-01 1.179414681468562640e-02
-6.173179862227488046e-01 1.319356932421120177e-02
-6.069606296586862459e-01 1.474170447524685186e-02
-5.966152576084875481e-01 1.640545217802050551e-02
-5.862816522865772484e-01 1.844884463161806584e-02
-5.759595968509094721e-01 2.036460928434991394e-02
-5.656488753840412942e-01 2.279005825854384798e-02
-5.553492728743597562e-01 2.521864269201538195e-02
-5.450605751974718638e-01 2.810157438137222269e-02
-5.347825690977430213e-01 3.116198729379950419e-02
-5.245150421699888987e-01 3.433824311028974008e-02
-5.142577828413065211e-01 3.804781389207666231e-02
-5.040105803530536832e-01 4.200542785517788480e-02
-4.937732247429644228e-01 4.621621083266858054e-02
-4.835455068274036594e-01 5.029068114542604301e-02
-4.733272181837471781e-01 5.530648403679577080e-02
-4.631181511328986700e-01 6.047592293504321093e-02
-4.529180987219272314e-01 6.561517772534014581e-02
-4.427268547068332061e-01 7.081381439785279508e-02
-4.325442135354257145e-01 7.662950982869308481e-02
-4.223699703303245845e-01 8.025285112101258889e-02
-4.122039208720716941e-01 8.846275473088242858e-02
-4.020458615823537807e-01 9.894785235120870381e-02
-3.918955895073323314e-01 1.000539851585045686e-01
-3.817529023010813316e-01 1.063939030716269246e-01
-3.716175982091194929e-01 1.134519637871713033e-01
-3.614894760520483419e-01 1.191636597325247404e-01
-3.513683352092828449e-01 1.242963464642736632e-01
-3.412539756028758475e-01 1.283215666399027677e-01
-3.311461976814312758e-01 1.537976540110670143e-01
-3.210448024041094306e-01 1.334037446890463940e-01
-3.109495912247085547e-01 1.511317040704147630e-01
-3.008603660758366605e-01 1.717765550339847569e-01
-2.907769293531580201e-01 1.628358158959520852e-01
-2.806990838997174276e-01 1.659936573099520529e-01
-2.706266329903371237e-01 1.765231567814576352e-01
-2.605593803160889399e-01 1.869681263959484530e-01
-2.504971299688272257e-01 1.909421308598635014e-01
-2.404396864257955790e-01 1.966331503637841205e-01
-2.303868545342923901e-01 2.369656798712136414e-01
-2.203384394963986970e-01 2.544471657851407054e-01
-2.102942468537628840e-01 2.592305849106984472e-01
-2.002540824724450275e-01 3.174888844549405564e-01
-1.902177525278067050e-01 3.876146440010452832e-01
-1.801850634894590075e-01 4.211997655766251403e-01
-1.701558221062540455e-01 4.743780390658776103e-01
-1.601298353913264694e-01 8.294391077562018877e-01
-1.501069106071708514e-01 8.818014560800262469e-01
-1.400868552507662790e-01 1.391475845434417602e+00
-1.300694770387391397e-01 1.845383028618955423e+00
-1.200545838925550501e-01 2.290637426048923508e+00
-1.100419839237516545e-01 3.274679641627560756e+00
-1.000314854191983877e-01 3.995141742861508583e+00
-9.002289682638489610e-02 5.132337375231155185e+00
-8.001602673873924043e-02 5.959596039516648958e+00
-7.001068388096250150e-02 6.895935150494192811e+00
-6.000667709439190534e-02 7.113954629428983267e+00
-5.000381532237931775e-02 7.589484672798747056e+00
-4.000190759568706539e-02 8.064288127237430714e+00
-3.000076301789707939e-02 8.339244736956548110e+00
-2.000019075083557876e-02 7.367815353164161252e+00
-9.999999999999974187e-03 5.193161092590409034e+00
0.000000000000000000e+00 3.497830841158815041e+00
9.999999999999974187e-03 2.472501398997212441e+00
2.000019075083557876e-02 1.139093493199736962e+00
3.000076301789707939e-02 7.430462551333709698e-01
4.000190759568635068e-02 5.175713008708199281e-01
5.000381532237860305e-02 6.231684578686920162e-01
6.000667709439118369e-02 6.499693854434458462e-01
7.001068388096322315e-02 7.593519149062201157e-01
8.001602673873996208e-02 8.275621459506872224e-01
9.002289682638561774e-02 9.068731391201265701e-01
1.000314854191983877e-01 7.792249843343657112e-01
1.100419839237516545e-01 6.510359912272277727e-01
1.200545838925550501e-01 5.619175517719423585e-01
1.300694770387391397e-01 5.116510094124356867e-01
1.400868552507662790e-01 3.988233798855123080e-01
1.501069106071708514e-01 2.679454939800947066e-01
1.601298353913264694e-01 2.335334259461181450e-01
1.701558221062540455e-01 1.866462900742364428e-01
1.801850634894582859e-01 1.740920596897705952e-01
1.902177525278067050e-01 1.483440458382376814e-01
2.002540824724450275e-01 1.228114172389300207e-01
2.102942468537628840e-01 1.095250100671631838e-01
2.203384394963986970e-01 1.052840762189234114e-01
2.303868545342923901e-01 9.525869393340270774e-02
2.404396864257955790e-01 8.882602602117543877e-02
2.504971299688272257e-01 8.716015539529647915e-02
2.605593803160889399e-01 7.441298181428188108e-02
2.706266329903371237e-01 7.106251365863089364e-02
2.806990838997167059e-01 6.892264980344270375e-02
2.907769293531572985e-01 6.448458321535571747e-02
3.008603660758359388e-01 6.109286494055866240e-02
3.109495912247092764e-01 5.879128869754062653e-02
3.210448024041101522e-01 5.549624963831546742e-02
3.311461976814320529e-01 5.254987838071308037e-02
3.412539756028758475e-01 5.046984026863760020e-02
3.513683352092828449e-01 4.779774387650762707e-02
3.614894760520483419e-01 4.570988072379939676e-02
3.716175982091194929e-01 4.280594232901207413e-02
3.817529023010813316e-01 4.039075521944324870e-02
3.918955895073323314e-01 3.828359858266944249e-02
4.020458615823530590e-01 3.589399227822421407e-02
4.122039208720709169e-01 3.358914131276411613e-02
4.223699703303238628e-01 3.154313984322777015e-02
4.325442135354264361e-01 2.919915544810641403e-02
4.427268547068339277e-01 2.725025628040193132e-02
4.529180987219279531e-01 2.533955670089223233e-02
4.631181511328986700e-01 2.329157121613361150e-02
4.733272181837471781e-01 2.157339505219068101e-02
4.835455068274036594e-01 1.998446307385019771e-02
4.937732247429644228e-01 1.832412649432530946e-02
5.040105803530536832e-01 1.690727023839209975e-02
5.142577828413065211e-01 1.556820512299780281e-02
5.245150421699888987e-01 1.417082385643567317e-02
5.347825690977430213e-01 1.307899881988359124e-02
5.450605751974710866e-01 1.191754414990042060e-02
5.553492728743597562e-01 1.094653756028561749e-02
5.656488753840412942e-01 9.921612678358660703e-03
5.759595968509094721e-01 9.014495884234557943e-03
5.862816522865772484e-01 8.302020055146339117e-03
5.966152576084875481e-01 7.601471542739423985e-03
6.069606296586862459e-01 6.776862124007795168e-03
6.173179862227488046e-01 6.208345363589584318e-03
6.276875460488731129e-01 5.669129260772741256e-03
6.380695288671385246e-01 5.116460081105154468e-03
6.484641554089369819e-01 4.608142636798743912e-03
6.588716474265774448e-01 4.193296112008074693e-03
6.692922277130698427e-01 3.834051624118000549e-03
6.797261201220904381e-01 3.498997936736282944e-03
6.901735495881360372e-01 3.153111320622271896e-03
7.006347421468600567e-01 2.893525429341919745e-03
7.111099249556188662e-01 2.656170874940249390e-03
7.215993263142009839e-01 2.396105235648012758e-03
7.321031756857663275e-01 2.159585795908376855e-03
7.426217037179922986e-01 1.959429475593158117e-03
7.531551422644284788e-01 1.776921932048433324e-03
7.637037244060699281e-01 1.640162683298108763e-03
7.742676844731486430e-01 1.492374957447428936e-03
7.848472580671498333e-01 1.331071817267351310e-03
7.954426820830577949e-01 1.221409224603112924e-03
8.060541947318363709e-01 1.117587615449280912e-03
8.166820355631446704e-01 1.027498821799017028e-03
8.273264454882999219e-01 9.354080450475755733e-04
8.379876668034880183e-01 8.648976055470429525e-04
8.486659432132259706e-01 7.826676176252094592e-04
8.593615198540814903e-01 6.889163427727424023e-04
8.700746433186589135e-01 6.617006884931830217e-04
8.808055616798529108e-01 5.996443054303051594e-04
8.915545245153719822e-01 5.637430480082849691e-04
9.023217829325496098e-01 5.566817958748525178e-04
9.131075895934324116e-01 4.574586307268085059e-04
9.239121987401619496e-01 4.434619949403330037e-04
9.347358662206525226e-01 3.833936950884012183e-04
9.455788495145712735e-01 3.848982048469042506e-04
9.564414077596213870e-01 2.840333029976786468e-04
9.673238017781488063e-01 3.110691605319232844e-04
9.782262941040561488e-01 2.763341144843366572e-04
9.891491490100537964e-01 2.714729433555439957e-04
1.000092632535235726e+00 2.521088002933596505e-04
1.011057012512998066e+00 2.259920556039427019e-04
1.022042558599299822e+00 2.202103105769777987e-04
1.033049542301277102e+00 2.097239033492592037e-04
1.044078237006217380e+00 1.925918900206867207e-04
1.055128918010895367e+00 1.796205187108714744e-04
1.066201862551284352e+00 1.674750630774542485e-04
1.077297349832648132e+00 1.497078405043392050e-04
1.088415661060011308e+00 1.479186798088009426e-04
1.099557079469040355e+00 1.268410414240260075e-04
1.110721890357309283e+00 1.123505604769619134e-04
1.121910381115985400e+00 1.149876963053812485e-04
1.133122841261928526e+00 1.099163004642339877e-04
1.144359562470215863e+00 9.876481043939718343e-05
1.155620838607101852e+00 9.321126655742294339e-05
1.166906965763418569e+00 1.001867766040884569e-04
1.178218242288425976e+00 8.420587571637917009e-05
1.189554968824123149e+00 1.163319494356079950e-04
1.200917448340022453e+00 8.372299186767745080e-05
1.212305986168408900e+00 7.267797944660152343e-05
1.223720890040074227e+00 6.743973334415463749e-05
1.235162470120555911e+00 6.187464769158146350e-05
1.246631039046874889e+00 6.197515128182685723e-05
1.258126911964788874e+00 6.359586379896802627e-05
1.269650406566570577e+00 5.523186076415193831e-05
1.281201843129320173e+00 4.749446405480818730e-05
1.292781544553817996e+00 4.481006366493984924e-05
1.304389836403941239e+00 5.087484143462773833e-05
1.316027046946637080e+00 4.736370361630325620e-05
1.327693507192476696e+00 4.316586883054017085e-05
1.339389550936796125e+00 4.247295928560557707e-05
1.351115514801436435e+00 4.214469686047388859e-05
1.362871738277095179e+00 4.243904474180833301e-05
1.374658563766295805e+00 3.769332093543426769e-05
1.386476336626997652e+00 3.502723595050655789e-05
1.398325405216850559e+00 3.153483793859955639e-05
1.410206120938107599e+00 3.235983188414879214e-05
1.422118838283209508e+00 2.567786425143497625e-05
1.434063914881057000e+00 2.960025311267136712e-05
1.446041711543979202e+00 2.932129644179598573e-05
1.458052592315416618e+00 2.797908972755602379e-05
1.470096924518328407e+00 2.580281687498187012e-05
1.482175078804341739e+00 2.558885255005109043e-05
1.494287429203654982e+00 2.391642657976930010e-05
1.506434353175713392e+00 2.536764248068461348e-05
1.518616231660660620e+00 2.257246742079125780e-05
1.530833449131608681e+00 2.107642762790346469e-05
1.543086393647707277e+00 2.335838305668903525e-05
1.555375456908052678e+00 1.682134195603325657e-05
1.567701034306447028e+00 2.024859240900269555e-05
1.580063524987019630e+00 1.928329071522305848e-05
1.592463331900736190e+00 1.782900298119683734e-05
1.604900861862805117e+00 1.714465561039950654e-05
1.617376525611005755e+00 1.661666828754407586e-05
1.629890737864948091e+00 1.730791701014268820e-05
1.642443917386300800e+00 1.638868790117806702e-05
1.655036487039980742e+00 1.645777432932713741e-05
1.667668873856345213e+00 1.426579214605444977e-05
1.680341509094400276e+00 1.450887108992396023e-05
1.693054828306040926e+00 1.409734328719631483e-05
1.705809271401351079e+00 1.481894146716939757e-05
1.718605282714980920e+00 2.215197705644274289e-05
1.731443311073621594e+00 1.203496964342321923e-05
1.744323809864610997e+00 1.298806594570056552e-05
1.757247237105675541e+00 1.280840565802305881e-05
1.770214055515848983e+00 2.405022701142225903e-05
1.783224732587580741e+00 1.118645767531191253e-05
1.796279740660062352e+00 1.194836063372438898e-05
1.809379556993800708e+00 1.196186565220395548e-05
1.822524663846453397e+00 1.064314160650370185e-05
1.835715548549968767e+00 1.090500038784573743e-05
1.848952703589041624e+00 1.119067317402151353e-05
1.862236626680921825e+00 9.427087538393220885e-06
1.875567820856598900e+00 1.000992557514223949e-05
1.888946794543396868e+00 9.846090705523086157e-06
1.902374061649005244e+00 1.059663109308881176e-05
1.915850141646975535e+00 9.952353176422110582e-06
1.929375559663716988e+00 8.925015986136083744e-06
1.942950846567024437e+00 9.688871794962178248e-06
1.956576539056166242e+00 9.479651286086026102e-06
1.970253179753570727e+00 8.669472186298734408e-06
1.983981317298132430e+00 8.822861300295183846e-06
1.997761506440205892e+00 9.042222660265434762e-06
2.011594308138276332e+00 8.527142409723973519e-06
2.025480289657382471e+00 8.179729258917541504e-06
2.039420024669305942e+00 7.292528909537461675e-06
2.053414093354583247e+00 8.005842274486517411e-06
2.067463082506361793e+00 7.858585677979748667e-06
2.081567585636154405e+00 8.233728099206394835e-06
2.095728203081529628e+00 1.593486615270164539e-05
2.109945542115771566e+00 7.873975775243800880e-06
2.124220217059573645e+00 7.073515165431919011e-06
2.138552849394784072e+00 7.184663819774208599e-06
2.152944067880272261e+00 6.934505843723104797e-06
2.167394508669943765e+00 7.885853435670301986e-06
2.181904815432972988e+00 7.711748882041216067e-06
2.196475639476278996e+00 7.204385459668931444e-06
2.211107639869315911e+00 7.662487241500430979e-06
2.225801483571211214e+00 6.966958301518303479e-06
2.240557845560325667e+00 6.905649092985406997e-06
2.255377408966268149e+00 6.568210902179874236e-06
2.270260865204440481e+00 6.759085086130374158e-06
2.285208914113143308e+00 7.494599569029993246e-06
2.300222264093344737e+00 5.237049194928484001e-06
2.315301632251118846e+00 6.275267271092280265e-06
2.330447744542859301e+00 5.621826207154914697e-06
2.345661335923311608e+00 6.501856305036348465e-06
2.360943150496495946e+00 6.644056532602624050e-06
2.376293941669568088e+00 6.305424757462318770e-06
2.391714472309731221e+00 6.427305710351445856e-06
2.407205514904206645e+00 6.234371175169887831e-06
2.422767851723407695e+00 6.132687661281899114e-06
2.438402274987316432e+00 5.879369314322797749e-06
2.454109587035200768e+00 6.103328899924595313e-06
2.469890600498723998e+00 6.161991006978635847e-06
2.485746138478509337e+00 6.543878685467440861e-06
2.501677034724291371e+00 5.351385007103055591e-06
2.517684133818678394e+00 5.638142285963684880e-06
2.533768291364664638e+00 6.397020110592240579e-06
2.549930374176959891e+00 5.284815396128631422e-06
2.566171260477213334e+00 5.081569343229348616e-06
2.582491840093254609e+00 5.626705711174964737e-06
2.598893014662444489e+00 5.592375335673395447e-06
2.615375697839199987e+00 6.053642886562129897e-06
2.631940815506855991e+00 5.505249769733825137e-06
2.648589305993903409e+00 5.210460027298532816e-06
2.665322120294779218e+00 4.829377165487853652e-06
2.682140222295247955e+00 5.546958027014435027e-06
2.699044589002565164e+00 5.619106973281409656e-06
2.716036210780464977e+00 5.663431313144718374e-06
2.733116091589157026e+00 6.132412989350613554e-06
2.750285249230413953e+00 5.204137085652752838e-06
2.767544715597911598e+00 6.552504513791142441e-06
2.784895536932901372e+00 5.903339252755239523e-06
2.802338774085429751e+00 5.194813120218998631e-06
2.819875502781155063e+00 5.224658994294905787e-06
2.837506813893987179e+00 5.032309781365903716e-06
2.855233813724622927e+00 5.563418631483198727e-06
2.873057624285204170e+00 5.304326859214600349e-06
2.890979383590180252e+00 5.722891045964735270e-06
2.909000245953595520e+00 4.791990947916727147e-06
2.927121382292947160e+00 5.878505128391749870e-06
2.945343980439754095e+00 4.932028978825454192e-06
2.963669245457068335e+00 4.765036014613996076e-06
2.982098399964077995e+00 4.868157978936422096e-06
3.000632684467967159e+00 5.215806016300612745e-06
3.019273357703287086e+00 4.711683627409751483e-06
3.038021696978962627e+00 5.236072238561476144e-06
3.056878998533198555e+00 5.178380718507243969e-06
3.075846577896470535e+00 5.036257195835168778e-06
3.094925770262794362e+00 5.481028217716699024e-06
3.114117930869559014e+00 5.954115458244135486e-06
3.133424435386071849e+00 4.741661081709561637e-06
3.152846680311138350e+00 5.115253726291584347e-06
3.172386083379844290e+00 5.673031906174631992e-06
3.192044083979846292e+00 5.155891880027939624e-06
3.211822143577407918e+00 4.909894139017058622e-06
3.231721746153457975e+00 4.903143301333653862e-06
3.251744398649921930e+00 4.871440534698586541e-06
3.271891631426665281e+00 5.393018031314547112e-06
3.292164998729279368e+00 5.222639131419794978e-06
3.312566079168071553e+00 5.606985675375191210e-06
3.333096476208521786e+00 4.233761786238948095e-06
3.353757818673582580e+00 4.832112167920409355e-06
3.374551761258096416e+00 5.360456113754858935e-06
3.395479985055740446e+00 4.958531215262815992e-06
3.416544198098793395e+00 5.234059517619938332e-06
3.437746135911136314e+00 4.840601186567004426e-06
3.459087562074850908e+00 4.478393141758233164e-06
3.480570268810810663e+00 4.972412855919217699e-06
3.502196077573649369e+00 5.174109168516197495e-06
3.523966839661581307e+00 4.962989243014630595e-06
3.545884436841424847e+00 4.712912892519078713e-06
3.567950781989368547e+00 6.435985851796553495e-06
3.590167819747851929e+00 5.068465458044460446e-06
3.612537527199123133e+00 5.469203334625874870e-06
3.635061914555887341e+00 5.416322803619419048e-06
3.657743025869628628e+00 5.256258593036249632e-06
3.680582939757102157e+00 5.503990422359823338e-06
3.703583770145510101e+00 5.857118701623965312e-06
3.726747667036997225e+00 5.430761350676533195e-06
3.750076817293014120e+00 5.827444777592737145e-06
3.773573445439117879e+00 4.975907233292442738e-06
3.797239814490932730e+00 5.434114488217976545e-06
3.821078226801799538e+00 5.126941939206200617e-06
3.845091024932894896e+00 5.507784566875033464e-06
3.869280592546462394e+00 7.747744278519814225e-06
3.893649355322847061e+00 5.387361775646420196e-06
3.918199781902168777e+00 5.054827006655186125e-06
3.942934384851307872e+00 5.645393115601936228e-06
3.967855721657088441e+00 4.907860544988767894e-06
3.992966395746416985e+00 5.948832983834966553e-06
4.018269057534300082e+00 4.975142350896153779e-06
4.043766405500584860e+00 5.428256123461574883e-06
4.069461187296391280e+00 5.467189682615240250e-06
4.095356200881122177e+00 5.400132202236247550e-06
4.121454295691163061e+00 5.235522545814628048e-06
4.147758373841154089e+00 5.427066673439299886e-06
4.174271391359062555e+00 5.705991577359703896e-06
4.200996359456013352e+00 5.325698606120210832e-06
4.227936345832168819e+00 5.543924547185092559e-06
4.255094476019727345e+00 5.536525208558842925e-06
4.282473934764413848e+00 5.448828156819115055e-06
4.310077967446587444e+00 5.643127234840254698e-06
4.337909881543510870e+00 4.948617704524012056e-06
4.365973048133954926e+00 5.757330625192465733e-06
4.394270903446770404e+00 4.035194438756556563e-06
4.422806950454781116e+00 5.828193016274893982e-06
4.451584760515686412e+00 5.339248410147201315e-06
4.480607975061463577e+00 5.730652466938089180e-06
4.509880307338105077e+00 5.608006159790005109e-06
4.539405544197283149e+00 5.261958094680648152e-06
4.569187547941903738e+00 5.987158470835178245e-06
4.599230258227382961e+00 4.669430880455590144e-06
4.629537694020593008e+00 5.947265187069239684e-06
4.660113955618596648e+00 6.206935162085652069e-06
4.690963226729293112e+00 5.987614668151633633e-06
4.722089776616123835e+00 6.425545596485240136e-06
4.753497962309302771e+00 5.643785495721175364e-06
4.785192230885826348e+00 5.771829161358553873e-06
4.817177121820895636e+00 6.384256799299333506e-06
4.849457269413340654e+00 6.012391005201522379e-06
4.882037405287709575e+00 5.618689023100564600e-06
4.914922360976011539e+00 6.251745675173038232e-06
4.948117070581908195e+00 6.122632046676305870e-06
4.981626573530626878e+00 6.071339219298825463e-06
5.015456017407652567e+00 6.116206348380477605e-06
5.049610660889745972e+00 6.457964223216864329e-06
5.084095876771596245e+00 6.174387982297076842e-06
5.118917155092026050e+00 6.671849428789193680e-06
5.154080106363324809e+00 5.828258116594776226e-06
5.189590464907923639e+00 6.060480517225616740e-06
5.225454092306433651e+00 6.356140517677846931e-06
5.261676980961550676e+00 4.983910312910666269e-06
5.298265257782244220e+00 6.065067201272914536e-06
5.335225187993163587e+00 6.026690389705295547e-06
5.372563179074077766e+00 6.352813547812553296e-06
5.410285784834729661e+00 6.356134135846112075e-06
5.448399709630405319e+00 6.410245427453435145e-06
5.486911812724086346e+00 6.082418895623049511e-06
5.525829112800970222e+00 6.149331906076182196e-06
5.565158792641854646e+00 6.084142600254633628e-06
5.604908203961667112e+00 6.342712812905922654e-06
5.645084872420248701e+00 6.297768688608917584e-06
5.685696502812371378e+00 6.268263315126278844e-06
5.726750984444712422e+00 6.562912937913919866e-06
5.768256396707492684e+00 6.110444109091332808e-06
5.810221014849253685e+00 6.603624319049308744e-06
5.852653315963272540e+00 5.932973466293708550e-06
5.895561985194872179e+00 6.127579464790474482e-06
5.938955922179146363e+00 6.550445509607926362e-06
5.982844247719065756e+00 6.402535259355462674e-06
6.027236310714632950e+00 6.361737968932031952e-06
6.072141695354100754e+00 6.354557834578043491e-06
6.117570228578833813e+00 6.427271152674664949e-06
6.163531987834188541e+00 6.219019868467238358e-06
6.210037309119105231e+00 6.374025380453269814e-06
6.257096795348075169e+00 6.284932230976159712e-06
6.304721325039668756e+00 6.408885064202588879e-06
6.352922061346506943e+00 6.284685133385339333e-06
6.401710461442654321e+00 6.439796364601815737e-06
6.451098286284771888e+00 6.334768538129443479e-06
6.501097610764786872e+00 6.735647396676382831e-06
6.551720834272277472e+00 5.849865931991328260e-06
6.602980691686179959e+00 6.176861114826314807e-06
6.654890264816202716e+00 6.403168531542909408e-06
6.707462994315653404e+00 6.265997247802852224e-06
6.760712692088343800e+00 6.158648437224310467e-06
6.814653554213885300e+00 5.878393175209161903e-06
6.869300174416541616e+00 7.161287732282053835e-06
6.924667558104775189e+00 6.050101004583945931e-06
6.980771137009639027e+00 5.962654222208269158e-06
7.037626784452278628e+00 6.602010251079134562e-06
7.095250831272059244e+00 5.891173659467145317e-06
7.153660082449184721e+00 5.556396727254563421e-06
7.212871834457117437e+00 5.948448739561152091e-06
7.272903893382699714e+00 5.623400125922460119e-06
7.333774593853726209e+00 5.716824732373795197e-06
7.395502818816384050e+00 5.863188636356051043e-06
7.458108020207268929e+00 5.757643233726285185e-06
7.521610240567749628e+00 5.876105126009191699e-06
7.586030135650939421e+00 5.447289866291939864e-06
7.651388998075133507e+00 5.771292566338171600e-06
7.717708782080382690e+00 5.309987882049819795e-06
7.785012129448951157e+00 5.496857973473859620e-06
7.853322396653874549e+00 6.596514685790994181e-06
7.922663683303971638e+00 5.005597078859794105e-06
7.993060861958362295e+00 5.152442099182919660e-06
8.064539609387720631e+00 5.150639219680899653e-06
8.137126439365120589e+00 4.931441176258980525e-06
8.210848737074378789e+00 4.979274152127417642e-06
8.285734795229668492e+00 5.345120012810646144e-06
8.361813852006719117e+00 4.438340841985452270e-06
8.439116130892415413e+00 4.899040868547211698e-06
8.517672882566811765e+00 4.435414044927067862e-06
8.597516428939853128e+00 4.590826767248491045e-06
8.678680209472870999e+00 4.559582698737448122e-06
8.761198829924738973e+00 4.508484947568253057e-06
8.845108113671690475e+00 4.754017054202985473e-06
8.930445155761116638e+00 4.118468540988225984e-06
9.017248379870389741e+00 4.021355518446488800e-06
9.105557598354891979e+00 3.750899493835228396e-06
9.195414075582201363e+00 3.926281046696137481e-06
9.286860594764410948e+00 3.718110376561745024e-06
9.379941528515811200e+00 3.481232327718171147e-06
9.474702913380864899e+00 3.558144010657484819e-06
9.571192528595130256e+00 3.310298486995805923e-06
9.669459979362780899e+00 3.161635969740886877e-06
9.769556784955327089e+00 3.153301875672927097e-06
9.871536471960840942e+00 2.647358318519110544e-06
9.975454673037942754e+00 2.851326678792900894e-06
1.008136923155793063e+01 2.736447716234488838e-06
1.018934031254830330e+01 2.626693199055983142e-06
1.029943052038522566e+01 2.508188415708967407e-06
1.041170502371859463e+01 2.358123139014048571e-06
1.052623168815380517e+01 2.190486611890358958e-06
1.064308121725768252e+01 2.224069604158269670e-06
1.076232730250476877e+01 1.946332342664402172e-06
1.088404678283179194e+01 2.069938761673756870e-06
1.100831981452695096e+01 1.860542274319382084e-06
1.113523005224294415e+01 1.739486686429505648e-06
1.126486484199331350e+01 1.625925629869911388e-06
1.139731542706779699e+01 1.556210145270913198e-06
1.153267716788676189e+01 1.522335168738041307e-06
1.167104977690866718e+01 1.407678734728308180e-06
1.181253756980620828e+01 1.256609834715701396e-06
1.195724973424156268e+01 1.207048067737386042e-06
1.210530061769597765e+01 9.944164252377646186e-07
1.225681003594877438e+01 9.946063319222049662e-07
1.241190360395464154e+01 9.027684803451557303e-07
1.257071309104042101e+01 7.153634288827226430e-07
1.273337680253192516e+01 8.235220172938172695e-07
1.290003999013476133e+01 7.081837943484842083e-07
1.307085529362815102e+01 6.578092554793870675e-07
1.324598321669588152e+01 5.331807300572689712e-07
1.342559264001181063e+01 5.530719775715709906e-07
1.360986137502873916e+01 4.446719728805514479e-07
1.379897676228727654e+01 3.770297840876095632e-07
1.399313631847826045e+01 3.501877133345269308e-07
1.419254843695589230e+01 4.533939845955721700e-07
1.439743314692606369e+01 2.001046176470120108e-07
1.460802293712368716e+01 2.258367620293666549e-07
1.482456365046278535e+01 2.028894954125496536e-07
1.504731545689699779e+01 1.742211789618955574e-07
1.527655391258613626e+01 1.128581823646787351e-07
1.551257111443440273e+01 1.304192819044344493e-07
1.575567696017295916e+01 8.069661154278919759e-08
1.600620052541652782e+01 6.326750038299775981e-08
1.626449157056262607e+01 5.262645718188759442e-08
1.653092219204418001e+01 3.541641703111038348e-08
1.680588863433074565e+01 2.393700525264235606e-08
1.708981328123576660e+01 9.420802770541045222e-08
1.738314684757837725e+01 3.617197715305771920e-08
1.768637079511793431e+01 1.028863427125314561e-08
1.800000000000201084e+01 1.656275818067042343e-08
