0.0314159265359 0.000891925411189 -0.0267962755977
0.0942477796077 0.000923189840559 -0.0240648943135
0.157079632679 0.000895029677594 -0.0312986724788
0.219911485751 0.000731797701348 -0.0434198785334
0.282743338823 0.00111048032955 -0.0528429296164
0.345575191895 0.000769741553765 -0.0629461460637
0.408407044967 0.0006614730111 -0.07367593253
0.471238898038 0.000827250985901 -0.0843286352887
0.53407075111 0.00101637214931 -0.0946088412557
0.596902604182 0.00109092564881 -0.104543616454
0.659734457254 0.00104774553032 -0.114253192346
0.722566310326 0.000941907909083 -0.123829424241
0.785398163397 0.00082986458286 -0.133305891181
0.848230016469 0.00074665579129 -0.142669485261
0.911061869541 0.000704348195708 -0.151882121569
0.973893722613 0.000698942502341 -0.160899137379
1.03672557568 0.00071847271638 -0.169680821404
1.09955742876 0.000749238594905 -0.178197765993
1.16238928183 0.000779540053745 -0.186431971871
1.2252211349 0.000801304156217 -0.194375577353
1.28805298797 0.000810300883393 -0.202028587851
1.35088484104 0.000805572000345 -0.209396454543
1.41371669412 0.000788545596605 -0.216487939284
1.47654854719 0.0007621162092 -0.223313441699
1.53938040026 0.000729851500252 -0.22988379974
1.60221225333 0.000695384242539 -0.236209511591
1.6650441064 0.000661995218853 -0.24230028681
1.72787595947 0.00063236666549 -0.248164842657
1.79070781255 0.000608470595718 -0.253810866972
1.85353966562 0.000591555367501 -0.259245086934
1.91637151869 0.000582200413289 -0.264473396926
1.97920337176 0.000580409482501 -0.269501010863
2.04203522483 0.000585723766044 -0.274332619144
2.10486707791 0.000597338974265 -0.278972533937
2.16769893098 0.000614216449791 -0.283424816408
2.23053078405 0.000635182915167 -0.287693381706
2.29336263712 0.00065901433779 -0.291782081396
2.35619449019 0.000684503799955 -0.29569476441
2.41902634326 0.000710513420546 -0.299435319349
2.48185819634 0.000736011639435 -0.30300770024
2.54469004941 0.000760097486407 -0.306415939551
2.60752190248 0.000782014194068 -0.309664150242
2.67035375555 0.000801153758589 -0.312756520755
2.73318560862 0.00081705486796 -0.315697303743
2.79601746169 0.000829395417453 -0.318490801536
2.85884931477 0.000837981669513 -0.321141349365
2.92168116784 0.000842734779091 -0.323653297653
2.98451302091 0.000843676318684 -0.326030994076
3.04734487398 0.000840913032704 -0.328278766645
3.11017672705 0.000834622032224 -0.330400907589
3.17300858013 0.000825036405355 -0.332401658891
3.2358404332 0.000812431898401 -0.334285199281
3.29867228627 0.000797114785546 -0.336055633118
3.36150413934 0.00077941101256 -0.337716980652
3.42433599241 0.000759656703952 -0.339273170322
3.48716784548 0.000738189983039 -0.340728032219
3.54999969856 0.000715344145641 -0.342085293289
3.61283155163 0.000691442039511 -0.343348573604
3.6756634047 0.00066679155932 -0.344521383927
3.73849525777 0.000641682178371 -0.345607124337
3.80132711084 0.000616382371807 -0.346609083588
3.86415896392 0.000591137929023 -0.347530439414
3.92699081699 0.000566170822939 -0.3483742594
3.98982267006 0.000541678798354 -0.349143502409
4.05265452313 0.000517835382796 -0.349841020503
4.1154863762 0.000494790354875 -0.350469561138
4.17831822927 0.000472670491408 -0.35103176982
4.24115008235 0.000451580609477 -0.351530192794
4.30398193542 0.000431604810021 -0.351967279992
4.36681378849 0.000412807822689 -0.352345388151
4.42964564156 0.000395236478489 -0.352666783879
4.49247749463 0.000378921226188 -0.352933646868
4.55530934771 0.000363877656367 -0.353148073052
4.61814120078 0.000350108040571 -0.35331207777
4.68097305385 0.000337602809824 -0.35342759888
4.74380490692 0.000326342015002 -0.353496499846
4.80663675999 0.000316296703022 -0.353520572696
4.86946861306 0.000307430226069 -0.353501540974
4.93230046614 0.000299699465694 -0.353441062565
4.99513231921 0.000293055987006 -0.353340732412
5.05796417228 0.0002874470814 -0.353202085188
5.12079602535 0.000282816738743 -0.353026597816
5.18362787842 0.000279106524254 -0.352815691923
5.24645973149 0.000276256368993 -0.352570736192
5.30929158457 0.000274205275399 -0.352293048588
5.37212343764 0.000272891949622 -0.351983898525
5.43495529071 0.000272255343944 -0.351644508913
5.49778714378 0.000272235147655 -0.351276058106
5.56061899685 0.000272772193967 -0.350879681786
5.62345084993 0.000273808809927 -0.350456474751
5.686282703 0.000275289113025 -0.350007492593
5.74911455607 0.000277159253869 -0.349533753328
5.81194640914 0.000279367607116 -0.349036238948
5.87477826221 0.000281864924299 -0.348515896869
5.93761011528 0.000284604446135 -0.347973641338
6.00044196836 0.000287541979198 -0.347410354764
6.06327382143 0.000290635943747 -0.346826888982
6.1261056745 0.00029384739477 -0.346224066459
6.18893752757 0.000297140017799 -0.345602681441
6.25176938064 0.000300480103236 -0.344963501044
6.31460123372 0.000303836511669 -0.344307266298
6.37743308679 0.000307180609425 -0.343634693146
6.44026493986 0.000310486207848 -0.342946473373
6.50309679293 0.000313729479406 -0.342243275524
6.565928646 0.000316888876157 -0.341525745755
6.62876049907 0.000319945033418 -0.340794508657
6.69159235215 0.000322880672861 -0.340050168038
6.75442420522 0.000325680502851 -0.33929330767
6.81725605829 0.000328331113828 -0.338524492012
6.88008791136 0.000330820875494 -0.33774426688
6.94291976443 0.000333139831065 -0.336953160112
7.00575161751 0.000335279594478 -0.33615168219
7.06858347058 0.000337233248846 -0.335340326835
7.13141532365 0.000338995243853 -0.334519571589
7.19424717672 0.000340561301241 -0.333689878352
7.25707902979 0.000341928317797 -0.332851693925
7.31991088286 0.000343094272957 -0.332005450502
7.38274273594 0.000344058142698 -0.331151566162
7.44557458901 0.000344819813154 -0.330290445333
7.50840644208 0.000345379999588 -0.32942247924
7.57123829515 0.000345740170782 -0.328548046336
7.63407014822 0.000345902474394 -0.327667512716
7.69690200129 0.000345869668476 -0.326781232512
7.75973385437 0.000345645055686 -0.325889548283
7.82256570744 0.000345232421477 -0.324992791376
7.88539756051 0.000344635977171 -0.324091282285
7.94822941358 0.000343860304449 -0.323185330998
8.01106126665 0.000342910307193 -0.32227523732
8.07389311973 0.00034179116175 -0.321361291197
8.1367249728 0.000340508274922 -0.32044377302
8.19955682587 0.000339067243834 -0.319522953924
8.26238867894 0.00033747381692 -0.318599096076
8.32522053201 0.000335733861006 -0.317672452947
8.38805238508 0.000333853329026 -0.316743269586
8.45088423816 0.000331838231951 -0.31581178287
8.51371609123 0.000329694611249 -0.314878221766
8.5765479443 0.000327428515667 -0.31394280756
8.63937979737 0.00032504597889 -0.313005754102
8.70221165044 0.000322553001032 -0.312067268021
8.76504350352 0.000319955530044 -0.311127548958
8.82787535659 0.000317259446214 -0.310186789764
8.89070720966 0.000314470548399 -0.309245176716
8.95353906273 0.000311594541132 -0.308302889709
9.0163709158 0.000308637024625 -0.307360102454
9.07920276887 0.000305603484599 -0.306416982659
9.14203462195 0.00030249928408 -0.305473692216
9.20486647502 0.000299329657047 -0.304530387373
9.26769832809 0.000296099701976 -0.303587218902
9.33053018116 0.000292814377378 -0.30264433227
9.39336203423 0.000289478497867 -0.301701867791
9.45619388731 0.000286096731009 -0.300759960788
9.51902574038 0.000282673594989 -0.299818741738
9.58185759345 0.000279213457481 -0.298878336422
9.64468944652 0.000275720534319 -0.297938866063
9.70752129959 0.000272198889765 -0.297000447467
9.77035315266 0.000268652435688 -0.296063193151
9.83318500574 0.000265084933705 -0.295127211477
9.89601685881 0.000261499995273 -0.294192606774
9.95884871188 0.000257901083351 -0.293259479461
10.021680565 0.000254291514669 -0.29232792617
10.084512418 0.000250674461757 -0.291398039848
10.1473442711 0.000247052954912 -0.290469909881
10.2101761242 0.000243429885149 -0.289543622197
10.2730079772 0.000239808007517 -0.288619259371
10.3358398303 0.000236189943015 -0.287696900724
10.3986716834 0.00023257818292 -0.286776622428
10.4615035365 0.000228975091121 -0.285858497598
10.5243353895 0.000225382907764 -0.284942596383
10.5871672426 0.000221803753007 -0.284028986064
10.6499990957 0.000218239630143 -0.283117731132
10.7128309487 0.000214692429018 -0.282208893382
10.7756628018 0.000211163929726 -0.281302531992
10.8384946549 0.000207655806419 -0.2803987036
10.901326508 0.00020416963033 -0.279497462392
10.964158361 0.000200706873679 -0.278598860161
11.0269902141 0.000197268912721 -0.277702946409
11.0898220672 0.00019385703245 -0.276809768371
11.1526539202 0.000190472427459 -0.275919371163
11.2154857733 0.000187116208992 -0.275031797722
11.2783176264 0.000183789404481 -0.274147089063
11.3411494795 0.000180492962912 -0.273265284087
11.4039813325 0.000177227761006 -0.272386419943
11.4668131856 0.000173994592735 -0.27151053178
11.5296450387 0.000170794203523 -0.270637653056
11.5924768917 0.000167627238023 -0.269767815496
11.6553087448 0.000164494326535 -0.268901049
11.7181405979 0.000161395976734 -0.268037382129
11.780972451 0.00015833270733 -0.26717684149
11.843804304 0.000155304915255 -0.266319452534
11.9066361571 0.0001523129986 -0.265465238986
11.9694680102 0.00014935727336 -0.264614223202
12.0322998632 0.00014643801338 -0.263766426274
12.0951317163 0.000143555466748 -0.26292186775
12.1579635694 0.0001407098029 -0.262080566053
12.2207954225 0.000137901187724 -0.261242538298
12.2836272755 0.00013512972579 -0.26040780033
12.3464591286 0.00013239548236 -0.259576366923
12.4092909817 0.000129698514698 -0.258748251646
12.4721228348 0.000127038813276 -0.257923466985
12.5349546878 0.000124416355723 -0.257102024389
12.5977865409 0.000122493858044 -0.256286539093
12.660618394 0.000120608022181 -0.255474415377
12.723450247 0.000118758029036 -0.254665658915
12.7862821001 0.000116943080355 -0.253860274632
12.8491139532 0.000115162398197 -0.253058266722
12.9119458063 0.000113415224329 -0.252259638678
12.9747776593 0.000111700819537 -0.251464393305
13.0376095124 0.000110018463296 -0.250672532745
13.1004413655 0.000108367453161 -0.249884058501
13.1632732185 0.000106747104151 -0.249098971446
13.2261050716 0.00010515674845 -0.248317271857
13.2889369247 0.000103595734735 -0.247538959423
13.3517687778 0.000102063427911 -0.246764033269
13.4146006308 0.000100559208414 -0.245992491971
13.4774324839 9.90824720537e-05 -0.245224333577
13.540264337 9.7632629406e-05 -0.244459555621
13.60309619 9.62091054602e-05 -0.243698155142
13.6659280431 9.48113392303e-05 -0.242940128703
13.7287598962 9.34387833507e-05 -0.242185472398
13.7915917493 9.20909037081e-05 -0.24143418188
13.8544236023 9.07671791959e-05 -0.240686252364
13.9172554554 8.94671010627e-05 -0.239941678653
13.9800873085 8.81901729599e-05 -0.239200455142
14.0429191615 8.69359103177e-05 -0.238462575844
14.1057510146 8.57038401492e-05 -0.23772803439
14.1685828677 8.44935007818e-05 -0.236996824053
14.2314147208 8.33044414037e-05 -0.236268937757
14.2942465738 8.21362219794e-05 -0.23554436809
14.3570784269 8.098841273e-05 -0.234823107317
14.41991028 7.98605941119e-05 -0.234105147391
14.482742133 7.87523563552e-05 -0.233390479964
14.5455739861 7.76632992432e-05 -0.232679096402
14.6084058392 7.65930319622e-05 -0.231970987792
14.6712376923 7.55411727589e-05 -0.231266144954
14.7340695453 7.45073486828e-05 -0.230564558453
14.7969013984 7.34911955087e-05 -0.229866218608
14.8597332515 7.24923573587e-05 -0.229171115504
14.9225651046 7.15104864941e-05 -0.228479238994
14.9853969576 7.05452431848e-05 -0.227790578719
15.0482288107 6.95962954751e-05 -0.227105124111
15.1110606638 6.86633189737e-05 -0.226422864404
15.1738925168 6.77459966596e-05 -0.225743788638
15.2367243699 6.68440187219e-05 -0.225067885676
15.299556223 6.59570823069e-05 -0.224395144204
15.3623880761 6.5084891415e-05 -0.223725552742
15.4252199291 6.42271566873e-05 -0.223059099653
15.4880517822 6.33835952817e-05 -0.222395773149
15.5508836353 6.25539306842e-05 -0.221735561301
15.6137154883 6.17378924783e-05 -0.221078452036
15.6765473414 6.0935216343e-05 -0.220424433159
15.7393791945 6.01456437694e-05 -0.219773492349
15.8022110476 5.93689220123e-05 -0.219125617169
15.8650429006 5.86048038258e-05 -0.218480795071
15.9278747537 5.78530474673e-05 -0.217839013402
15.9907066068 5.71134164913e-05 -0.217200259413
16.0535384598 5.63856795663e-05 -0.216564520261
16.1163703129 5.56696104956e-05 -0.215931783016
16.179202166 5.49649879478e-05 -0.215302034665
16.2420340191 5.4271595392e-05 -0.214675262122
16.3048658721 5.35892210385e-05 -0.214051452224
16.3676977252 5.29176576087e-05 -0.213430591748
16.4305295783 5.22567022836e-05 -0.212812667404
16.4933614313 5.16061566778e-05 -0.212197665846
16.5561932844 5.09658265528e-05 -0.211585573679
16.6190251375 5.03355219204e-05 -0.210976377454
16.6818569906 4.97150567647e-05 -0.210370063681
16.7446888436 4.91042490243e-05 -0.209766618828
16.8075206967 4.8502920535e-05 -0.20916602933
16.8703525498 4.79108968836e-05 -0.208568281586
16.9331844028 4.73280073168e-05 -0.207973361969
16.9960162559 4.67540846953e-05 -0.207381256824
17.058848109 4.61889653742e-05 -0.206791952478
17.1216799621 4.56324891491e-05 -0.206205435236
17.1845118151 4.50844990825e-05 -0.20562169139
17.2473436682 4.45448416198e-05 -0.205040707219
17.3101755213 4.4013366316e-05 -0.204462468994
17.3730073744 4.34899258623e-05 -0.203886962979
17.4358392274 4.29743759831e-05 -0.203314175436
17.4986710805 4.24665753878e-05 -0.202744092625
17.5615029336 4.19663856528e-05 -0.20217670081
17.6243347866 4.14736712413e-05 -0.201611986258
17.6871666397 4.09882993671e-05 -0.201049935243
17.7499984928 4.05101399394e-05 -0.20049053405
17.8128303459 4.0039065536e-05 -0.199933768977
17.8756621989 3.95749512556e-05 -0.199379626331
17.938494052 3.91176748193e-05 -0.198828092442
18.0013259051 3.86671163524e-05 -0.198279153654
18.0641577581 3.82231584046e-05 -0.197732796331
18.1269896112 3.77856858975e-05 -0.197189006861
18.1898214643 3.73545860386e-05 -0.196647771657
18.2526533174 3.69297483092e-05 -0.196109077153
18.3154851704 3.65110643852e-05 -0.195572909818
18.3783170235 3.60984280618e-05 -0.195039256144
18.4411488766 3.56917353184e-05 -0.194508102655
18.5039807296 3.52908841057e-05 -0.193979435912
18.5668125827 3.48957744416e-05 -0.193453242501
18.6296444358 3.45063082978e-05 -0.192929509053
18.6924762889 3.41223895699e-05 -0.192408222229
18.7553081419 3.37439240248e-05 -0.19188936873
18.818139995 3.33708192839e-05 -0.191372935296
18.8809718481 3.30029847806e-05 -0.190858908708
18.9438037011 3.26403316748e-05 -0.190347275788
19.0066355542 3.22827728718e-05 -0.1898380234
19.0694674073 3.19302229768e-05 -0.189331138454
19.1322992604 3.15825981838e-05 -0.188826607901
19.1951311134 3.12398163702e-05 -0.188324418741
19.2579629665 3.09017969506e-05 -0.18782455802
19.3207948196 3.05684609057e-05 -0.18732701283
19.3836266726 3.02397306724e-05 -0.186831770312
19.4464585257 2.99155302503e-05 -0.186338817657
19.5092903788 2.95957850209e-05 -0.185848142106
19.5721222319 2.92804218285e-05 -0.18535973095
19.6349540849 2.89693688327e-05 -0.184873571531
19.697785938 2.86625555885e-05 -0.184389651243
19.7606177911 2.8359913026e-05 -0.183907957536
19.8234496442 2.80613732997e-05 -0.183428477907
19.8862814972 2.77668698612e-05 -0.182951199914
19.9491133503 2.74763373911e-05 -0.182476111163
20.0119452034 2.7189711834e-05 -0.182003199321
20.0747770564 2.69069302927e-05 -0.181532452105
20.1376089095 2.66279310388e-05 -0.181063857289
20.2004407626 2.63526535003e-05 -0.180597402708
20.2632726157 2.60810381771e-05 -0.180133076246
20.3261044687 2.58130267321e-05 -0.179670865852
20.3889363218 2.55485618688e-05 -0.179210759526
20.4517681749 2.52875873432e-05 -0.178752745329
20.5146000279 2.50300479561e-05 -0.17829681138
20.577431881 2.47758894805e-05 -0.177842945855
20.6402637341 2.45250587181e-05 -0.177391136989
20.7030955872 2.42775034023e-05 -0.176941373077
20.7659274402 2.40331722425e-05 -0.176493642473
20.8287592933 2.37920148631e-05 -0.176047933587
20.8915911464 2.3553981773e-05 -0.175604234893
20.9544229994 2.33190244376e-05 -0.17516253492
21.0172548525 2.30870951228e-05 -0.174722822263
21.0800867056 2.28581469868e-05 -0.174285085572
21.1429185587 2.26321340371e-05 -0.173849313555
21.2057504117 2.24090110432e-05 -0.173415494986
21.2685822648 2.21887336425e-05 -0.172983618695
21.3314141179 2.19712582625e-05 -0.172553673576
21.3942459709 2.17565420444e-05 -0.172125648578
21.457077824 2.15445429061e-05 -0.171699532715
21.5199096771 2.1335219559e-05 -0.171275315058
21.5827415302 2.11285313716e-05 -0.170852984742
21.6455733832 2.09244384779e-05 -0.170432530958
21.7084052363 2.07229016649e-05 -0.170013942961
21.7712370894 2.05238824353e-05 -0.169597210064
21.8340689424 2.03273429618e-05 -0.169182321642
21.8969007955 2.01332460632e-05 -0.168769267129
21.9597326486 1.99415552116e-05 -0.16835803602
22.0225645017 1.97522345147e-05 -0.167948617868
22.0853963547 1.9565248671e-05 -0.167541002288
22.1482282078 1.93805630317e-05 -0.167135178956
22.2110600609 1.91981434812e-05 -0.166731137606
22.273891914 1.90179565864e-05 -0.166328868031
22.336723767 1.8839969389e-05 -0.165928360084
22.3995556201 1.86641495725e-05 -0.165529603681
22.4623874732 1.84904652825e-05 -0.165132588792
22.5252193262 1.83188853011e-05 -0.16473730545
22.5880511793 1.81493788389e-05 -0.164343743743
22.6508830324 1.79819157538e-05 -0.163951893824
22.7137148855 1.78164662907e-05 -0.163561745901
22.7765467385 1.76530012617e-05 -0.163173290239
22.8393785916 1.74914919526e-05 -0.162786517165
22.9022104447 1.73319101524e-05 -0.162401417061
22.9650422977 1.71742280628e-05 -0.162017980371
23.0278741508 1.70184184425e-05 -0.16163619759
23.0907060039 1.68644544161e-05 -0.16125605928
23.153537857 1.67123095949e-05 -0.160877556054
23.21636971 1.65619580068e-05 -0.160500678582
23.2792015631 1.64133741594e-05 -0.160125417595
23.3420334162 1.6266532942e-05 -0.159751763877
23.4048652692 1.61214096419e-05 -0.159379708271
23.4676971223 1.59779799747e-05 -0.159009241676
23.5305289754 1.58362200953e-05 -0.158640355046
23.5933608285 1.56961064723e-05 -0.158273039392
23.6561926815 1.55576159813e-05 -0.15790728578
23.7190245346 1.54207259317e-05 -0.157543085332
23.7818563877 1.52854139319e-05 -0.157180429225
23.8446882407 1.51516579647e-05 -0.156819308692
23.9075200938 1.50194364004e-05 -0.156459715018
23.9703519469 1.48887279359e-05 -0.156101639545
24.0331838 1.47595116484e-05 -0.155745073668
24.096015653 1.46317668799e-05 -0.155390008835
24.1588475061 1.4505473354e-05 -0.155036436553
24.2216793592 1.43806111303e-05 -0.154684348375
24.2845112122 1.42571605579e-05 -0.15433373591
24.3473430653 1.41351023046e-05 -0.153984590823
24.4101749184 1.40144173457e-05 -0.15363690483
24.4730067715 1.38950869708e-05 -0.153290669695
24.5358386245 1.37770927644e-05 -0.152945877241
24.5986704776 1.36604165784e-05 -0.152602519337
24.6615023307 1.35450405709e-05 -0.152260587909
24.7243341838 1.34309471775e-05 -0.15192007493
24.7871660368 1.33181191355e-05 -0.151580972425
24.8499978899 1.32065394025e-05 -0.151243272472
24.912829743 1.30961912337e-05 -0.150906967196
24.975661596 1.2987058148e-05 -0.150572048774
25.0384934491 1.287912389e-05 -0.150238509435
25.1013253022 1.27723725249e-05 -0.149906341455
25.1641571553 1.26667882698e-05 -0.149575537159
25.2269890083 1.25623556659e-05 -0.149246088923
25.2898208614 1.24590594561e-05 -0.14891798917
25.3526527145 1.23568846249e-05 -0.148591230374
25.4154845675 1.22558163813e-05 -0.148265805055
25.4783164206 1.21558402171e-05 -0.147941705782
25.5411482737 1.20569417099e-05 -0.147618925173
25.6039801268 1.19591068373e-05 -0.147297455888
25.6668119798 1.18623216254e-05 -0.146977290642
25.7296438329 1.17665724533e-05 -0.146658422191
25.792475686 1.16718457832e-05 -0.146340843342
25.855307539 1.15781283787e-05 -0.146024546942
25.9181393921 1.14854071507e-05 -0.145709525893
25.9809712452 1.13936692099e-05 -0.145395773136
26.0438030983 1.13029019095e-05 -0.145083281657
26.1066349513 1.12130927388e-05 -0.144772044491
26.1694668044 1.11242293688e-05 -0.144462054717
26.2322986575 1.1036299699e-05 -0.144153305457
26.2951305105 1.09492917986e-05 -0.143845789881
26.3579623636 1.08631938787e-05 -0.143539501196
26.4207942167 1.07779943912e-05 -0.143234432662
26.4836260698 1.06936818991e-05 -0.142930577575
26.5464579228 1.06102451563e-05 -0.142627929278
26.6092897759 1.05276730862e-05 -0.142326481159
26.672121629 1.04459547643e-05 -0.142026226642
26.734953482 1.03650794454e-05 -0.141727159198
26.7977853351 1.02850365318e-05 -0.141429272343
26.8606171882 1.02058156033e-05 -0.141132559628
26.9234490413 1.01274063224e-05 -0.14083701465
26.9862808943 1.00497986155e-05 -0.140542631048
27.0491127474 9.97298241856e-06 -0.140249402501
27.1119446005 9.89694793585e-06 -0.139957322725
27.1747764536 9.82168545516e-06 -0.139666385484
27.2376083066 9.74718542324e-06 -0.139376584578
27.3004401597 9.67343837832e-06 -0.139087913846
27.3632720128 9.60043508424e-06 -0.13880036717
27.4261038658 9.52816636524e-06 -0.138513938468
27.4889357189 9.45662319207e-06 -0.138228621699
27.551767572 9.38579667409e-06 -0.137944410864
27.6145994251 9.31567805118e-06 -0.137661299997
27.6774312781 9.24625869558e-06 -0.137379283175
27.7402631312 9.17753008522e-06 -0.137098354513
27.8030949843 9.10948378596e-06 -0.136818508159
27.8659268373 9.04211158481e-06 -0.136539738304
27.9287586904 8.97540527145e-06 -0.136262039176
27.9915905435 8.90935682918e-06 -0.135985405038
28.0544223966 8.84395832657e-06 -0.135709830191
28.1172542496 8.77920194764e-06 -0.135435308973
28.1800861027 8.71507995903e-06 -0.135161835758
28.2429179558 8.6515847979e-06 -0.134889404955
28.3057498088 8.58870894582e-06 -0.134618011016
28.3685816619 8.5264450318e-06 -0.134347648419
28.431413515 8.4647857248e-06 -0.13407831168
28.4942453681 8.40372389632e-06 -0.133809995356
28.5570772211 8.34325243915e-06 -0.133542694031
28.6199090742 8.28336439085e-06 -0.133276402331
28.6827409273 8.22405280942e-06 -0.133011114911
28.7455727803 8.16531094738e-06 -0.132746826466
28.8084046334 8.10713208832e-06 -0.132483531718
28.8712364865 8.04950961975e-06 -0.132221225429
28.9340683396 7.99243702865e-06 -0.131959902392
28.9969001926 7.93590789883e-06 -0.131699557431
29.0597320457 7.87991585938e-06 -0.131440185407
29.1225638988 7.82445469394e-06 -0.131181781215
29.1853957518 7.7695182279e-06 -0.130924339777
29.2482276049 7.71510031505e-06 -0.130667856052
29.311059458 7.66119505613e-06 -0.130412325029
29.3738913111 7.60779646214e-06 -0.130157741733
29.4367231641 7.55489871818e-06 -0.129904101214
29.4995550172 7.5024960573e-06 -0.129651398559
29.5623868703 7.45058279072e-06 -0.129399628884
29.6252187234 7.39915332648e-06 -0.129148787339
29.6880505764 7.34820209125e-06 -0.128898869101
29.7508824295 7.29772369024e-06 -0.128649869379
29.8137142826 7.24771268512e-06 -0.128401783413
29.8765461356 7.19816381789e-06 -0.128154606472
29.9393779887 7.14907175503e-06 -0.127908333861
30.0022098418 7.10043144725e-06 -0.127662960906
30.0650416949 7.05223767472e-06 -0.127418482967
30.1278735479 7.00448545032e-06 -0.127174895436
30.190705401 6.95716984289e-06 -0.126932193727
30.2535372541 6.91028590172e-06 -0.126690373291
30.3163691071 6.863828796e-06 -0.126449429602
30.3792009602 6.81779375267e-06 -0.126209358169
30.4420328133 6.77217605549e-06 -0.12597015452
30.5048646664 6.72697105752e-06 -0.125731814222
30.5676965194 6.68217416244e-06 -0.12549433286
30.6305283725 6.63778084853e-06 -0.125257706051
30.6933602256 6.59378662693e-06 -0.125021929445
30.7561920786 6.55018712337e-06 -0.12478699871
30.8190239317 6.50697792359e-06 -0.12455290955
30.8818557848 6.464154791e-06 -0.124319657685
30.9446876379 6.42171345078e-06 -0.124087238875
31.0075194909 6.37964971162e-06 -0.123855648899
31.070351344 6.33795942129e-06 -0.123624883561
31.1331831971 6.29663852969e-06 -0.123394938698
31.1960150501 6.25568298496e-06 -0.123165810167
31.2588469032 6.21508884713e-06 -0.122937493854
31.3216787563 6.17485214338e-06 -0.122709985669
31.3845106094 6.13496902435e-06 -0.122483281549
31.4473424624 6.095435646e-06 -0.122257377455
31.5101743155 6.0562482096e-06 -0.122032269379
31.5730061686 6.01740304607e-06 -0.121807953326
31.6358380216 5.97889641707e-06 -0.121584425336
31.6986698747 5.94072471394e-06 -0.121361681473
31.7615017278 5.90288434665e-06 -0.12113971782
31.8243335809 5.86537171454e-06 -0.12091853049
31.8871654339 5.82818341677e-06 -0.120698115615
31.949997287 5.7913159166e-06 -0.120478469357
32.0128291401 5.75476581499e-06 -0.120259587896
32.0756609932 5.71852974485e-06 -0.120041467439
32.1384928462 5.68260441369e-06 -0.119824104217
32.2013246993 5.64698648553e-06 -0.119607494479
32.2641565524 5.61167271051e-06 -0.119391634506
32.3269884054 5.57665991519e-06 -0.119176520596
32.3898202585 5.54194492164e-06 -0.118962149068
32.4526521116 5.50752458661e-06 -0.118748516271
32.5154839647 5.47339584234e-06 -0.118535618568
32.5783158177 5.43955564414e-06 -0.118323452354
32.6411476708 5.40600095977e-06 -0.118112014035
32.7039795239 5.37272879164e-06 -0.117901300048
32.7668113769 5.33973625494e-06 -0.117691306848
32.82964323 5.30702042134e-06 -0.117482030914
32.8924750831 5.27457840072e-06 -0.117273468742
32.9553069362 5.24240736777e-06 -0.117065616857
33.0181387892 5.21050456914e-06 -0.116858471796
33.0809706423 5.17886719198e-06 -0.116652030124
33.1438024954 5.14749251757e-06 -0.116446288425
33.2066343484 5.11637784761e-06 -0.116241243304
33.2694662015 5.08552051937e-06 -0.116036891385
33.3322980546 5.05491790737e-06 -0.115833229316
33.3951299077 5.02456738438e-06 -0.115630253764
33.4579617607 4.99446639068e-06 -0.115427961413
33.5207936138 4.96461243404e-06 -0.115226348971
33.5836254669 4.9350029121e-06 -0.115025413163
33.6464573199 4.90563544009e-06 -0.114825150739
33.709289173 4.87650750181e-06 -0.114625558464
33.7721210261 4.84761673825e-06 -0.114426633123
33.8349528792 4.81896071314e-06 -0.114228371522
33.8977847322 4.79053706126e-06 -0.114030770482
33.9606165853 4.76234344582e-06 -0.113833826854
34.0234484384 4.73437761084e-06 -0.113637537496
34.0862802914 4.70663723728e-06 -0.113441899291
34.1491121445 4.67912003987e-06 -0.113246909137
34.2119439976 4.65182386566e-06 -0.113052563956
34.2747758507 4.62474648444e-06 -0.112858860684
34.3376077037 4.59788566864e-06 -0.112665796278
34.4004395568 4.57123937192e-06 -0.11247336771
34.4632714099 4.54480536671e-06 -0.112281571977
34.526103263 4.51858164929e-06 -0.11209040608
34.588935116 4.49256604362e-06 -0.111899867056
34.6517669691 4.46675658505e-06 -0.111709951949
34.7145988222 4.4411512059e-06 -0.11152065782
34.7774306752 4.41574792376e-06 -0.111331981751
34.8402625283 4.39054473489e-06 -0.111143920841
34.9030943814 4.36553973593e-06 -0.110956472205
34.9659262345 4.34073089561e-06 -0.110769632974
35.0287580875 4.31611638874e-06 -0.110583400301
35.0915899406 4.29169429506e-06 -0.11039777135
35.1544217937 4.26746275295e-06 -0.110212743306
35.2172536467 4.24341989724e-06 -0.110028313367
35.2800854998 4.21956392138e-06 -0.109844478753
35.3429173529 4.19589301348e-06 -0.109661236692
35.405749206 4.17240536876e-06 -0.109478584437
35.468581059 4.1490992837e-06 -0.109296519255
35.5314129121 4.12597295885e-06 -0.109115038422
35.5942447652 4.10302467824e-06 -0.108934139241
35.6570766182 4.08025276677e-06 -0.108753819023
35.7199084713 4.05765550138e-06 -0.108574075099
35.7827403244 4.0352312336e-06 -0.10839490481
35.8455721775 4.01297831409e-06 -0.10821630552
35.9084040305 3.99089510239e-06 -0.108038274603
35.9712358836 3.96898002997e-06 -0.107860809452
36.0340677367 3.94723145547e-06 -0.107683907471
36.0968995897 3.92564783347e-06 -0.107507566084
36.1597314428 3.90422760166e-06 -0.107331782726
36.2225632959 3.88296918974e-06 -0.10715655485
36.285395149 3.86187114199e-06 -0.10698187992
36.348227002 3.84093185879e-06 -0.106807755419
36.4110588551 3.8201499537e-06 -0.106634178842
36.4738907082 3.79952388041e-06 -0.106461147699
36.5367225612 3.77905221605e-06 -0.106288659517
36.5995544143 3.75873349867e-06 -0.106116711828
36.6623862674 3.73856633118e-06 -0.105945302193
36.7252181205 3.71854927117e-06 -0.105774428175
36.7880499735 3.6986809695e-06 -0.105604087356
36.8508818266 3.67896002906e-06 -0.105434277333
36.9137136797 3.65938507674e-06 -0.105264995712
36.9765455328 3.63995475894e-06 -0.105096240117
37.0393773858 3.62066774873e-06 -0.104928008186
37.1022092389 3.60152274759e-06 -0.104760297567
37.165041092 3.58251846411e-06 -0.104593105923
37.227872945 3.56365353404e-06 -0.104426430934
37.2907047981 3.54492676991e-06 -0.104260270286
37.3535366512 3.52633684653e-06 -0.104094621684
37.4163685043 3.50788252934e-06 -0.103929482845
37.4792003573 3.4895626202e-06 -0.1037648515
37.5420322104 3.47137584722e-06 -0.103600725386
37.6048640635 3.45332105312e-06 -0.103437102264
37.6676959165 3.43539698644e-06 -0.103273979899
37.7305277696 3.41760250411e-06 -0.10311135607
37.7933596227 3.39993642129e-06 -0.102949228575
37.8561914758 3.38239757536e-06 -0.102787595214
37.9190233288 3.36498485343e-06 -0.10262645381
37.9818551819 3.3476970831e-06 -0.10246580219
38.044687035 3.33053315771e-06 -0.1023056382
38.107518888 3.31349197236e-06 -0.102145959692
38.1703507411 3.29657241593e-06 -0.101986764532
38.2331825942 3.27977345371e-06 -0.101828050602
38.2960144473 3.26309394527e-06 -0.101669815792
38.3588463003 3.2465328621e-06 -0.101512058003
38.4216781534 3.23008915881e-06 -0.101354775152
38.4845100065 3.2137617465e-06 -0.101197965163
38.5473418595 3.19754965616e-06 -0.101041625974
38.6101737126 3.1814518282e-06 -0.100885755535
38.6730055657 3.16546727941e-06 -0.100730351809
38.7358374188 3.14959500258e-06 -0.100575412761
38.7986692718 3.13383404649e-06 -0.100420936381
38.8615011249 3.11818335863e-06 -0.100266920663
38.924332978 3.10264201708e-06 -0.100113363611
38.987164831 3.08720907949e-06 -0.099960263241
39.0499966841 3.07188356619e-06 -0.0998076175843
39.1128285372 3.0566645588e-06 -0.0996554246741
39.1756603903 3.04155114961e-06 -0.0995036825665
39.2384922433 3.02654237228e-06 -0.0993523893182
39.3013240964 3.01163735195e-06 -0.0992015430018
39.3641559495 2.99683516225e-06 -0.0990511416984
39.4269878026 2.98213497363e-06 -0.098901183501
39.4898196556 2.96753586415e-06 -0.0987516665101
39.5526515087 2.95303696074e-06 -0.0986025888424
39.6154833618 2.93863740275e-06 -0.0984539486196
39.6783152148 2.9243363171e-06 -0.0983057439774
39.7411470679 2.91013291509e-06 -0.0981579730577
39.803978921 2.89602630499e-06 -0.0980106340148
39.8668107741 2.8820157052e-06 -0.0978637250172
39.9296426271 2.86810025685e-06 -0.0977172442366
39.9924744802 2.85427916058e-06 -0.0975711898566
40.0553063333 2.84055162858e-06 -0.0974255600727
40.1181381863 2.82691683218e-06 -0.0972803530912
40.1809700394 2.81337402797e-06 -0.0971355671224
40.2438018925 2.79992242547e-06 -0.0969912003924
40.3066337456 2.78656123154e-06 -0.0968472511342
40.3694655986 2.77328968767e-06 -0.0967037175892
40.4322974517 2.76010706113e-06 -0.0965605980142
40.4951293048 2.74701259961e-06 -0.0964178906653
40.5579611578 2.73400552064e-06 -0.0962755938184
40.6207930109 2.72108513322e-06 -0.096133705752
40.683624864 2.70825071524e-06 -0.0959922247563
40.7464567171 2.69550154108e-06 -0.0958511491319
40.8092885701 2.68283687621e-06 -0.0957104771859
40.8721204232 2.67025604561e-06 -0.0955702072363
40.9349522763 2.65775834496e-06 -0.0954303376098
40.9977841293 2.64534305217e-06 -0.0952908666404
41.0606159824 2.63300953041e-06 -0.095151792674
41.1234478355 2.62075707891e-06 -0.0950131140639
41.1862796886 2.60858502976e-06 -0.0948748291711
41.2491115416 2.59649272927e-06 -0.0947369363663
41.3119433947 2.58447949708e-06 -0.0945994340317
41.3747752478 2.57254469727e-06 -0.0944623205515
41.4376071008 2.56068768678e-06 -0.0943255943244
41.5004389539 2.54890783058e-06 -0.0941892537573
41.563270807 2.53720449006e-06 -0.0940532972619
41.6261026601 2.52557703906e-06 -0.0939177232612
41.6889345131 2.51402487539e-06 -0.0937825301841
41.7517663662 2.50254736489e-06 -0.0936477164734
41.8145982193 2.49114388939e-06 -0.0935132805728
41.8774300724 2.47981388046e-06 -0.0933792209381
41.9402619254 2.46855672614e-06 -0.0932455360322
42.0030937785 2.45737182958e-06 -0.0931122243295
42.0659256316 2.4462586099e-06 -0.0929792843071
42.1287574846 2.43521648979e-06 -0.0928467144534
42.1915893377 2.42424491947e-06 -0.0927145132663
42.2544211908 2.41334328521e-06 -0.0925826792444
42.3172530439 2.40251105144e-06 -0.0924512109032
42.3800848969 2.39174765859e-06 -0.0923201067609
42.44291675 2.38105256756e-06 -0.0921893653435
42.5057486031 2.37042520546e-06 -0.0920589851872
42.5685804561 2.35986505714e-06 -0.0919289648314
42.6314123092 2.34937156307e-06 -0.0917993028287
42.6942441623 2.3389442152e-06 -0.0916699977382
42.7570760154 2.32858246108e-06 -0.0915410481195
42.8199078684 2.31828581132e-06 -0.0914124525475
42.8827397215 2.30805371704e-06 -0.0912842096059
42.9455715746 2.29788571016e-06 -0.0911563178754
43.0084034276 2.28778123468e-06 -0.0910287759562
43.0712352807 2.27773984118e-06 -0.0909015824465
43.1340671338 2.26776098522e-06 -0.0907747359562
43.1968989869 2.25784418895e-06 -0.0906482351027
43.2597308399 2.24798897275e-06 -0.0905220785069
43.322562693 2.23819486678e-06 -0.0903962648011
43.3853945461 2.228461363e-06 -0.0902707926263
43.4482263991 2.21878800399e-06 -0.0901456606212
43.5110582522 2.20917433325e-06 -0.0900208674391
43.5738901053 2.19961985071e-06 -0.08989641174
43.6367219584 2.19012412472e-06 -0.089772292189
43.6995538114 2.18068670144e-06 -0.0896485074555
43.7623856645 2.17130709057e-06 -0.0895250562213
43.8252175176 2.16198485958e-06 -0.0894019371714
43.8880493706 2.15271960524e-06 -0.0892791489992
43.9508812237 2.14351084526e-06 -0.089156690403
44.0137130768 2.13435817464e-06 -0.0890345600867
44.0765449299 2.12526115018e-06 -0.088912756765
44.1393767829 2.11621928781e-06 -0.0887912791572
44.202208636 2.10723225358e-06 -0.0886701259868
44.2650404891 2.09829957765e-06 -0.0885492959873
44.3278723422 2.08942086033e-06 -0.0884287878944
44.3907041952 2.08059566909e-06 -0.088308600456
44.4535360483 2.07182360601e-06 -0.0881887324219
44.5163679014 2.06310429007e-06 -0.0880691825474
44.5791997544 2.05443727808e-06 -0.0879499495994
44.6420316075 2.04582220675e-06 -0.0878310323459
44.7048634606 2.03725865866e-06 -0.0877124295654
44.7676953137 2.02874624033e-06 -0.0875941400356
44.8305271667 2.0202846045e-06 -0.0874761625485
44.8933590198 2.01187334881e-06 -0.0873584958961
44.9561908729 2.00351205049e-06 -0.0872411388807
45.0190227259 1.9952003969e-06 -0.0871240903101
45.081854579 1.98693798481e-06 -0.0870073489919
45.1446864321 1.97872443675e-06 -0.0868909137488
45.2075182852 1.970559385e-06 -0.0867747834044
45.2703501382 1.96244250272e-06 -0.0866589567885
45.3331819913 1.95437337513e-06 -0.0865434327348
45.3960138444 1.94635171269e-06 -0.0864282100892
45.4588456974 1.93837710594e-06 -0.0863132876924
45.5216775505 1.93044920671e-06 -0.0861986644065
45.5845094036 1.92256769349e-06 -0.0860843390852
45.6473412567 1.91473222166e-06 -0.0859703105931
45.7101731097 1.90694245639e-06 -0.085856577804
45.7730049628 1.89919801841e-06 -0.0857431395907
45.8358368159 1.89149862084e-06 -0.0856299948328
45.8986686689 1.88384389865e-06 -0.0855171424199
45.961500522 1.87623352055e-06 -0.0854045812451
46.0243323751 1.86866719876e-06 -0.0852923102053
46.0871642282 1.86114455225e-06 -0.0851803282037
46.1499960812 1.85366531635e-06 -0.0850686341474
46.2128279343 1.84622913935e-06 -0.0849572269529
46.2756597874 1.83883573168e-06 -0.084846105538
46.3384916404 1.83148478161e-06 -0.0847352688279
46.4013234935 1.8241759232e-06 -0.0846247157522
46.4641553466 1.81690891754e-06 -0.084514445247
46.5269871997 1.80968340935e-06 -0.0844044562501
46.5898190527 1.80249915971e-06 -0.0842947477105
46.6526509058 1.79535579647e-06 -0.0841853185772
46.7154827589 1.78825308605e-06 -0.0840761678053
46.778314612 1.78119070071e-06 -0.0839672943579
46.841146465 1.77416834291e-06 -0.0838586971958
46.9039783181 1.76718575862e-06 -0.0837503752932
46.9668101712 1.76024260146e-06 -0.0836423276292
47.0296420242 1.75333867514e-06 -0.0835345531795
47.0924738773 1.74647363416e-06 -0.0834270509326
47.1553057304 1.73964719608e-06 -0.0833198198783
47.2181375835 1.73285915039e-06 -0.0832128590105
47.2809694365 1.72610911608e-06 -0.083106167334
47.3438012896 1.71939692351e-06 -0.0829997438518
47.4066331427 1.71272223426e-06 -0.0828935875698
47.4694649957 1.70608484584e-06 -0.0827876975108
47.5322968488 1.6994844243e-06 -0.0826820726871
47.5951287019 1.69292075825e-06 -0.0825767121283
47.657960555 1.68639356879e-06 -0.082471614859
47.720792408 1.67990260458e-06 -0.0823667799142
47.7836242611 1.67344757429e-06 -0.0822622063334
47.8464561142 1.6670282692e-06 -0.0821578931573
47.9092879672 1.66064441309e-06 -0.0820538394352
47.9721198203 1.65429579191e-06 -0.0819500442163
48.0349516734 1.64798210456e-06 -0.0818465065586
48.0977835265 1.64170314498e-06 -0.0817432255242
48.1606153795 1.6354586645e-06 -0.0816402001781
48.2234472326 1.62924839842e-06 -0.0815374295863
48.2862790857 1.62307213625e-06 -0.0814349128284
48.3491109387 1.61692964529e-06 -0.0813326489786
48.4119427918 1.61082063066e-06 -0.0812306371239
48.4747746449 1.60474491917e-06 -0.0811288763468
48.537606498 1.59870226124e-06 -0.0810273657402
48.600438351 1.59269244726e-06 -0.0809261044045
48.6632702041 1.58671522232e-06 -0.0808250914348
48.7261020572 1.58077037682e-06 -0.0807243259373
48.7889339102 1.57485768071e-06 -0.0806238070196
48.8517657633 1.56897688264e-06 -0.0805235337965
48.9145976164 1.56312783162e-06 -0.0804235053833
48.9774294695 1.55731026208e-06 -0.0803237208996
49.0402613225 1.55152395376e-06 -0.0802241794749
49.1030931756 1.54576870504e-06 -0.0801248802339
49.1659250287 1.54004429387e-06 -0.0800258223115
49.2287568818 1.53435053374e-06 -0.0799270048449
49.2915887348 1.52868720349e-06 -0.0798284269783
49.3544205879 1.52305408818e-06 -0.0797300878538
49.417252441 1.51745098087e-06 -0.0796319866233
49.480084294 1.51187767017e-06 -0.0795341224368
49.5429161471 1.50633396512e-06 -0.0794364944538
49.6057480002 1.50081969785e-06 -0.0793391018361
49.6685798533 1.49533459926e-06 -0.0792419437476
49.7314117063 1.48987851656e-06 -0.0791450193572
49.7942435594 1.48445125259e-06 -0.0790483278372
49.8570754125 1.47905262171e-06 -0.0789518683682
49.9199072655 1.47368239656e-06 -0.0788556401254
49.9827391186 1.46834041104e-06 -0.078759642295
50.0455709717 1.46302646353e-06 -0.0786638740636
50.1084028248 1.45774036753e-06 -0.078568334625
50.1712346778 1.45248195071e-06 -0.0784730231756
50.2340665309 1.44725102125e-06 -0.0783779389122
50.296898384 1.44204737751e-06 -0.0782830810391
50.359730237 1.43687085696e-06 -0.0781884487603
50.4225620901 1.4317212802e-06 -0.0780940412871
50.4853939432 1.42659844293e-06 -0.0779998578331
50.5482257963 1.42150220128e-06 -0.0779058976174
50.6110576493 1.41643236962e-06 -0.0778121598604
50.6738895024 1.41138874898e-06 -0.0777186437841
50.7367213555 1.40637119195e-06 -0.0776253486184
50.7995532085 1.40137950488e-06 -0.0775322735924
50.8623850616 1.39641356078e-06 -0.0774394179468
50.9252169147 1.39147313138e-06 -0.0773467809121
50.9880487678 1.38655807014e-06 -0.0772543617356
51.0508806208 1.38166824204e-06 -0.0771621596637
51.1137124739 1.37680343837e-06 -0.0770701739377
51.176544327 1.37196350369e-06 -0.0769784038185
51.23937618 1.367148311e-06 -0.0768868485568
51.3022080331 1.36235763648e-06 -0.0767955074132
51.3650398862 1.35759140107e-06 -0.0767043796475
51.4278717393 1.35284935077e-06 -0.076613464528
51.4907035923 1.34813139763e-06 -0.0765227613228
51.5535354454 1.3434373578e-06 -0.0764322693002
51.6163672985 1.33876709008e-06 -0.076341987741
51.6791991516 1.3341204097e-06 -0.0762519159242
51.7420310046 1.32949721632e-06 -0.076162053127
51.8048628577 1.32489730742e-06 -0.0760723986388
51.8676947108 1.32032057465e-06 -0.0759829517458
51.9305265638 1.3157668155e-06 -0.0758937117374
51.9933584169 1.31123592606e-06 -0.0758046779141
52.05619027 1.30672775889e-06 -0.0757158495669
52.1190221231 1.30224211858e-06 -0.0756272260021
52.1818539761 1.29777890656e-06 -0.0755388065199
52.2446858292 1.29333800114e-06 -0.0754505904327
52.3075176823 1.28891920337e-06 -0.0753625770411
52.3703495353 1.28452240844e-06 -0.0752747656693
52.4331813884 1.28014745204e-06 -0.0751871556304
52.4960132415 1.27579419917e-06 -0.0750997462376
52.5588450946 1.27146252993e-06 -0.0750125368203
52.6216769476 1.26715229154e-06 -0.0749255266995
52.6845088007 1.26286335433e-06 -0.0748387152063
52.7473406538 1.25859557265e-06 -0.0747521016707
52.8101725068 1.25434884701e-06 -0.074665685428
52.8730043599 1.2501229909e-06 -0.0745794658147
52.935836213 1.24591791018e-06 -0.0744934421717
52.9986680661 1.24173344496e-06 -0.0744076138383
53.0614999191 1.2375695162e-06 -0.0743219801661
53.1243317722 1.23342593472e-06 -0.0742365404999
53.1871636253 1.22930262236e-06 -0.0741512941911
53.2499954783 1.22519940859e-06 -0.0740662405948
53.3128273314 1.22111618417e-06 -0.0739813790723
53.3756591845 1.21705283895e-06 -0.0738967089779
53.4384910376 1.21300924594e-06 -0.0738122296774
53.5013228906 1.20898525147e-06 -0.0737279405376
53.5641547437 1.20498077738e-06 -0.0736438409194
53.6269865968 1.20099565404e-06 -0.0735599302051
53.6898184498 1.19702981749e-06 -0.073476207762
53.7526503029 1.19308307323e-06 -0.0733926729659
53.815482156 1.18915540526e-06 -0.0733093251978
53.8783140091 1.18524662085e-06 -0.0732261638416
53.9411458621 1.18135658678e-06 -0.0731431882811
54.0039777152 1.17748520623e-06 -0.0730603979026
54.0668095683 1.17363244989e-06 -0.0729777920925
54.1296414214 1.16979807263e-06 -0.0728953702528
54.1924732744 1.16598203181e-06 -0.0728131317682
54.2553051275 1.16218420398e-06 -0.0727310760443
54.3181369806 1.15840445414e-06 -0.0726492024781
54.3809688336 1.154642713e-06 -0.0725675104736
54.4438006867 1.15089886332e-06 -0.0724859994341
54.5066325398 1.14717276745e-06 -0.0724046687709
54.5694643929 1.14346434099e-06 -0.0723235178923
54.6322962459 1.13977344363e-06 -0.0722425462142
54.695128099 1.13610000252e-06 -0.0721617531494
54.7579599521 1.13244390665e-06 -0.0720811381197
54.8207918051 1.12880503611e-06 -0.0720007005405
54.8836236582 1.12518330564e-06 -0.0719204398371
54.9464555113 1.12157858645e-06 -0.0718403554384
55.0092873644 1.11799079416e-06 -0.071760446768
55.0721192174 1.11441981421e-06 -0.0716807132583
55.1349510705 1.11086557197e-06 -0.0716011543442
55.1977829236 1.10732793779e-06 -0.0715217694557
55.2606147766 1.10380679796e-06 -0.0714425580361
55.3234466297 1.10030209477e-06 -0.0713635195233
55.3862784828 1.0968137083e-06 -0.0712846533591
55.4491103359 1.09334155596e-06 -0.0712059589872
55.5119421889 1.08988549208e-06 -0.0711274358596
55.574774042 1.08644548735e-06 -0.07104908342
55.6376058951 1.08302139967e-06 -0.0709709011255
55.7004377481 1.07961314999e-06 -0.0708928884239
55.7632696012 1.07622063794e-06 -0.070815044778
55.8261014543 1.07284377382e-06 -0.0707373696419
55.8889333074 1.0694824919e-06 -0.0706598624801
55.9517651604 1.06613663764e-06 -0.0705825227528
56.0145970135 1.06280617906e-06 -0.0705053499297
56.0774288666 1.05949098117e-06 -0.0704283434705
56.1402607196 1.05619098001e-06 -0.0703515028544
56.2030925727 1.05290605212e-06 -0.0702748275494
56.2659244258 1.04963616732e-06 -0.0701983170305
56.3287562789 1.04638118614e-06 -0.0701219707718
56.3915881319 1.04314106153e-06 -0.0700457882562
56.454419985 1.03991565314e-06 -0.0699697689599
56.5172518381 1.03670492191e-06 -0.069893912371
56.5800836912 1.03350875236e-06 -0.0698182179718
56.6429155442 1.03032709386e-06 -0.0697426852495
56.7057473973 1.02715980876e-06 -0.0696673136948
56.7685792504 1.02400683666e-06 -0.0695921027995
56.8314111034 1.02086813847e-06 -0.0695170520576
56.8942429565 1.01774356143e-06 -0.0694421609603
56.9570748096 1.01463307622e-06 -0.0693674290102
57.0199066627 1.01153657717e-06 -0.0692928557099
57.0827385157 1.00845395412e-06 -0.0692184405542
57.1455703688 1.00538519199e-06 -0.0691441830538
57.2084022219 1.00233015043e-06 -0.0690700827103
57.2712340749 9.992887815e-07 -0.0689961390338
57.334065928 9.96261015018e-07 -0.0689223515351
57.3968977811 9.93246749736e-07 -0.0688487197238
57.4597296342 9.90245917265e-07 -0.0687752431179
57.5225614872 9.87258422569e-07 -0.0687019212263
57.5853933403 9.84284204364e-07 -0.0686287535769
57.6482251934 9.81323211136e-07 -0.0685557396856
57.7110570464 9.78375314986e-07 -0.0684828790715
57.7738888995 9.75440492823e-07 -0.0684101712598
57.8367207526 9.72518644282e-07 -0.0683376157825
57.8995526057 9.69609659229e-07 -0.0682652121588
57.9623844587 9.66713521677e-07 -0.0681929599268
58.0252163118 9.63830157907e-07 -0.0681208586131
58.0880481649 9.60959444463e-07 -0.0680489077528
58.1508800179 9.58101355586e-07 -0.0679771068765
58.213711871 9.5525578736e-07 -0.0679054555324
58.2765437241 9.52422705147e-07 -0.0678339532508
58.3393755772 9.49602018352e-07 -0.0677625995781
58.4022074302 9.46793652368e-07 -0.0676913940505
58.4650392833 9.43997520153e-07 -0.067620336222
58.5278711364 9.41213597727e-07 -0.0675494256326
58.5907029894 9.38441785614e-07 -0.0674786618341
58.6535348425 9.35682015424e-07 -0.0674080443713
58.7163666956 9.32934225872e-07 -0.0673375728063
58.7791985487 9.30198359228e-07 -0.0672672466841
58.8420304017 9.27474338219e-07 -0.0671970655658
58.9048622548 9.24762086463e-07 -0.0671270290066
58.9676941079 9.2206156932e-07 -0.0670571365665
59.030525961 9.19372685537e-07 -0.0669873878041
59.093357814 9.1669536495e-07 -0.0669177822892
59.1561896671 9.140295818e-07 -0.0668483195791
59.2190215202 9.1137526681e-07 -0.0667789992403
59.2818533732 9.08732324945e-07 -0.0667098208474
59.3446852263 9.06100723341e-07 -0.0666407839627
59.4075170794 9.03480374959e-07 -0.0665718881635
59.4703489325 9.0087122917e-07 -0.0665031330182
59.5331807855 8.98273247785e-07 -0.0664345181078
59.5960126386 8.95686305569e-07 -0.0663660430013
59.6588444917 8.93110381206e-07 -0.0662977072864
59.7216763447 8.90545440946e-07 -0.0662295105347
59.7845081978 8.87991372878e-07 -0.066161452329
59.8473400509 8.85448150356e-07 -0.0660935322538
59.910171904 8.82915701439e-07 -0.0660257498987
59.973003757 8.80393976388e-07 -0.0659581048434
60.0358356101 8.77882900596e-07 -0.0658905966775
60.0986674632 8.75382440313e-07 -0.0658232249952
60.1614993162 8.72892495174e-07 -0.0657559893817
60.2243311693 8.70413036758e-07 -0.0656888894356
60.2871630224 8.67944016214e-07 -0.065621924748
60.3499948755 8.65485355384e-07 -0.0655550949163
60.4128267285 8.63037019627e-07 -0.0654883995381
60.4756585816 8.60598934338e-07 -0.0654218382138
60.5384904347 8.58171055107e-07 -0.065355410541
60.6013222877 8.55753303775e-07 -0.0652891161275
60.6641541408 8.53345632379e-07 -0.0652229545754
60.7269859939 8.50948055131e-07 -0.0651569254845
60.789817847 8.48560395283e-07 -0.0650910284708
60.8526497 8.4618269014e-07 -0.0650252631387
60.9154815531 8.43814858875e-07 -0.064959629098
60.9783134062 8.41456851752e-07 -0.0648941259639
61.0411452592 8.39108613704e-07 -0.0648287533437
61.1039771123 8.36770063017e-07 -0.0647635108571
61.1668089654 8.34441187259e-07 -0.0646983981196
61.2296408185 8.32121943795e-07 -0.0646334147485
61.2924726715 8.29812248249e-07 -0.0645685603624
61.3553045246 8.27512038448e-07 -0.0645038345834
61.4181363777 8.25221309064e-07 -0.0644392370301
61.4809682308 8.22939983713e-07 -0.0643747673304
61.5438000838 8.2066801621e-07 -0.064310425109
61.6066319369 8.18405342606e-07 -0.0642462099862
61.66946379 8.16151942473e-07 -0.0641821215993
61.732295643 8.13907724329e-07 -0.0641181595713
61.7951274961 8.11672680179e-07 -0.0640543235375
61.8579593492 8.09446751404e-07 -0.0639906131243
61.9207912023 8.07229885602e-07 -0.0639270279709
61.9836230553 8.05022023265e-07 -0.0638635677076
62.0464549084 8.02823122648e-07 -0.0638002319759
62.1092867615 8.00633156217e-07 -0.0637370204096
62.1721186145 7.98452046702e-07 -0.0636739326537
62.2349504676 7.96279773674e-07 -0.0636109683403
62.2977823207 7.94116280289e-07 -0.063548127118
62.3606141738 7.91961507929e-07 -0.063485408625
62.4234460268 7.89815416624e-07 -0.0634228125146
62.4862778799 7.87677983283e-07 -0.063360338423
62.549109733 7.85549141291e-07 -0.0632979860045
62.611941586 7.8342883203e-07 -0.0632357549016
62.6747734391 7.81317056386e-07 -0.0631736447689
62.7376052922 7.79213736202e-07 -0.063111655258
62.8004371453 7.77118813744e-07 -0.0630497860251
62.8632689983 7.75032262368e-07 -0.0629880367164
62.9261008514 7.72954060757e-07 -0.0629264069878
62.9889327045 7.70884123646e-07 -0.0628648965031
63.0517645575 7.68822467911e-07 -0.0628035049142
63.1145964106 7.66768990523e-07 -0.0627422318818
63.1774282637 7.64723656843e-07 -0.0626810770701
63.2402601168 7.62686448219e-07 -0.0626200401355
63.3030919698 7.60657309584e-07 -0.0625591207432
63.3659238229 7.58636229392e-07 -0.0624983185575
63.428755676 7.56623117049e-07 -0.0624376332439
63.491587529 7.54617937027e-07 -0.0623770644723
63.5544193821 7.52620691102e-07 -0.0623166119079
63.6172512352 7.50631317104e-07 -0.0622562752203
63.6800830883 7.4864973687e-07 -0.0621960540796
63.7429149413 7.46675960173e-07 -0.0621359481597
63.8057467944 7.44709951483e-07 -0.0620759571327
63.8685786475 7.42751637084e-07 -0.0620160806732
63.9314105006 7.40800992993e-07 -0.0619563184525
63.9942423536 7.38857963256e-07 -0.0618966701526
64.0570742067 7.36922545208e-07 -0.0618371354501
64.1199060598 7.34994658025e-07 -0.0617777140248
64.1827379128 7.33074291936e-07 -0.0617184055567
64.2455697659 7.31161413192e-07 -0.0616592097273
64.308401619 7.29255960508e-07 -0.0616001262185
64.3712334721 7.27357908126e-07 -0.0615411547144
64.4340653251 7.25467201868e-07 -0.0614822948973
64.4968971782 7.23583855056e-07 -0.0614235464633
64.5597290313 7.21707746898e-07 -0.0613649090852
64.6225608843 7.19838940455e-07 -0.0613063824651
64.6853927374 7.17977315823e-07 -0.0612479662822
64.7482245905 7.16122901423e-07 -0.0611896602367
64.8110564436 7.14275581792e-07 -0.0611314640141
64.8738882966 7.12435399564e-07 -0.0610733773094
64.9367201497 7.10602272136e-07 -0.0610153998143
64.9995520028 7.0877618974e-07 -0.0609575312274
65.0623838558 7.06957103525e-07 -0.0608997712479
65.1252157089 7.05144966417e-07 -0.0608421195689
65.188047562 7.03339800623e-07 -0.0607845758864
65.2508794151 7.01541480019e-07 -0.0607271399071
65.3137112681 6.99750048128e-07 -0.0606698113301
65.3765431212 6.97965437446e-07 -0.0606125898521
65.4393749743 6.96187625771e-07 -0.0605554751862
65.5022068273 6.94416549152e-07 -0.060498467027
65.5650386804 6.92652212919e-07 -0.0604415650833
65.6278705335 6.90894561117e-07 -0.0603847690619
65.6907023866 6.89143578647e-07 -0.060328078673
65.7535342396 6.87399220212e-07 -0.0602714936172
65.8163660927 6.85661437849e-07 -0.0602150136113
65.8791979458 6.8393022179e-07 -0.0601586383623
65.9420297988 6.82205541835e-07 -0.0601023675848
66.0048616519 6.80487363347e-07 -0.0600462009896
66.067693505 6.78775641916e-07 -0.0599901382891
66.1305253581 6.77070340238e-07 -0.0599341792016
66.1933572111 6.75371449432e-07 -0.0598783234393
66.2561890642 6.73678909102e-07 -0.0598225707214
66.3190209173 6.7199274234e-07 -0.0597669207651
66.3818527704 6.70312859441e-07 -0.0597113732877
66.4446846234 6.68639241752e-07 -0.0596559280124
66.5075164765 6.66971897267e-07 -0.0596005846585
66.5703483296 6.65310759373e-07 -0.059545342948
66.6331801826 6.63655785438e-07 -0.0594902026008
66.6960120357 6.62006945262e-07 -0.0594351633466
66.7588438888 6.60364294802e-07 -0.0593802249044
66.8216757419 6.58727701719e-07 -0.0593253870052
66.8845075949 6.5709716246e-07 -0.0592706493728
66.947339448 6.5547267436e-07 -0.0592160117345
67.0101713011 6.53854212551e-07 -0.0591614738216
67.0730031541 6.52241700649e-07 -0.0591070353657
67.1358350072 6.5063511645e-07 -0.0590526960914
67.1986668603 6.4903450081e-07 -0.0589984557358
67.2614987134 6.47439732937e-07 -0.058944314025
67.3243305664 6.45850860792e-07 -0.0588902707005
67.3871624195 6.44267790229e-07 -0.0588363254937
67.4499942726 6.42690531016e-07 -0.0587824781389
67.5128261256 6.41119065392e-07 -0.0587287283739
67.5756579787 6.39553346282e-07 -0.0586750759359
67.6384898318 6.37993370134e-07 -0.0586215205606
67.7013216849 6.36439048129e-07 -0.0585680619926
67.7641535379 6.34890419349e-07 -0.0585146999699
67.826985391 6.33347424284e-07 -0.0584614342296
67.8898172441 6.31810067375e-07 -0.0584082645191
67.9526490971 6.30278258917e-07 -0.0583551905786
68.0154809502 6.28752041543e-07 -0.0583022121536
68.0783128033 6.27231327321e-07 -0.0582493289867
68.1411446564 6.25716149116e-07 -0.0581965408216
68.2039765094 6.24206442978e-07 -0.0581438474151
68.2668083625 6.22702207131e-07 -0.0580912485032
68.3296402156 6.21203384732e-07 -0.0580387438399
68.3924720686 6.19709968674e-07 -0.0579863331721
68.4553039217 6.18221918991e-07 -0.0579340162501
68.5181357748 6.16739244563e-07 -0.0578817928262
68.5809676279 6.15261884107e-07 -0.0578296626528
68.6437994809 6.13789850057e-07 -0.0577776254784
68.706631334 6.1232305093e-07 -0.0577256810622
68.7694631871 6.10861537353e-07 -0.0576738291568
68.8322950402 6.09405255148e-07 -0.0576220695111
68.8951268932 6.07954169674e-07 -0.0575704018939
68.9579587463 6.06508258727e-07 -0.0575188260509
69.0207905994 6.05067505433e-07 -0.0574673417455
69.0836224524 6.03631883145e-07 -0.0574159487339
69.1464543055 6.02201382982e-07 -0.0573646467781
69.2092861586 6.00775940107e-07 -0.057313435637
69.2721180117 5.99355569619e-07 -0.0572623150723
69.3349498647 5.97940227109e-07 -0.0572112848441
69.3977817178 5.96529912578e-07 -0.0571603447163
69.4606135709 5.95124575398e-07 -0.0571094944564
69.5234454239 5.93724226228e-07 -0.0570587338229
69.586277277 5.92328817106e-07 -0.057008062583
69.6491091301 5.90938300071e-07 -0.0569574805052
69.7119409832 5.8955268134e-07 -0.0569069873553
69.7747728362 5.88171966243e-07 -0.0568565828984
69.8376046893 5.86796092605e-07 -0.0568062669065
69.9004365424 5.85425044441e-07 -0.056756039147
69.9632683954 5.84058794217e-07 -0.0567058993912
70.0261002485 5.82697346374e-07 -0.0566558474085
70.0889321016 5.81340641403e-07 -0.0566058829745
70.1517639547 5.79988697069e-07 -0.056556005855
70.2145958077 5.78641471627e-07 -0.0565062158284
70.2774276608 5.77298949977e-07 -0.0564565126661
70.3402595139 5.75961101035e-07 -0.0564068961454
70.4030913669 5.74627885719e-07 -0.0563573660402
70.46592322 5.73299320017e-07 -0.0563079221266
70.5287550731 5.71975384389e-07 -0.0562585641839
70.5915869262 5.70656023768e-07 -0.0562092919875
70.6544187792 5.69341234602e-07 -0.0561601053162
70.7172506323 5.6803099735e-07 -0.0561110039498
70.7800824854 5.66725295137e-07 -0.0560619876717
70.8429143384 5.65424099541e-07 -0.0560130562554
70.9057461915 5.64127386582e-07 -0.055964209493
70.9685780446 5.62835132278e-07 -0.0559154471521
71.0314098977 5.61547369493e-07 -0.055866769032
71.0942417507 5.60263981875e-07 -0.055818174905
71.1570736038 5.58985013832e-07 -0.055769664563
71.2199054569 5.57710440496e-07 -0.0557212377867
71.28273731 5.56440250321e-07 -0.0556728943604
71.345569163 5.55174386463e-07 -0.0556246340793
71.4084010161 5.53912877344e-07 -0.0555764567219
71.4712328692 5.5265564658e-07 -0.055528362081
71.5340647222 5.51402726146e-07 -0.0554803499449
71.5968965753 5.50154060086e-07 -0.0554324201043
71.6597284284 5.4890964396e-07 -0.055384572346
71.7225602815 5.47669505302e-07 -0.0553368064649
71.7853921345 5.46433544635e-07 -0.0552891222487
71.8482239876 5.4520178594e-07 -0.0552415194941
71.9110558407 5.43974153722e-07 -0.0551939979917
71.9738876937 5.42750729693e-07 -0.0551465575358
72.0367195468 5.41531468556e-07 -0.055099197922
72.0995513999 5.40316286823e-07 -0.0550519189444
72.162383253 5.39105213804e-07 -0.0550047203961
72.225215106 5.37898228181e-07 -0.0549576020815
72.2880469591 5.36695311304e-07 -0.0549105637914
72.3508788122 5.35496430309e-07 -0.0548636053228
72.4137106652 5.34301601185e-07 -0.054816726478
72.4765425183 5.33110762646e-07 -0.0547699270537
72.5393743714 5.31923918246e-07 -0.0547232068579
72.6022062245 5.30741083082e-07 -0.0546765656766
72.6650380775 5.29562152352e-07 -0.054630003321
72.7278699306 5.28387215759e-07 -0.0545835195935
72.7907017837 5.27216160506e-07 -0.054537114295
72.8535336367 5.2604905143e-07 -0.0544907872255
72.9163654898 5.24885801489e-07 -0.0544445381916
72.9791973429 5.23726455981e-07 -0.054398366999
73.042029196 5.2257093941e-07 -0.0543522734491
73.104861049 5.2141926421e-07 -0.0543062573518
73.1676929021 5.20271408178e-07 -0.0542603185118
73.2305247552 5.19127354437e-07 -0.0542144567383
73.2933566082 5.17987118087e-07 -0.0541686718356
73.3561884613 5.1685062985e-07 -0.0541229636154
73.4190203144 5.15717911931e-07 -0.0540773318849
73.4818521675 5.14588924361e-07 -0.0540317764522
73.5446840205 5.13463663587e-07 -0.0539862971278
73.6075158736 5.12342124281e-07 -0.0539408937265
73.6703477267 5.11224242494e-07 -0.0538955660567
73.7331795798 5.10110046648e-07 -0.0538503139288
73.7960114328 5.08999514537e-07 -0.0538051371618
73.8588432859 5.07892599089e-07 -0.0537600355646
73.921675139 5.06789358923e-07 -0.0537150089498
73.984506992 5.05689699004e-07 -0.0536700571384
74.0473388451 5.0459365486e-07 -0.0536251799363
74.1101706982 5.03501186522e-07 -0.0535803771655
74.1730025513 5.02412279779e-07 -0.0535356486431
74.2358344043 5.01326904434e-07 -0.0534909941809
74.2986662574 5.00245091573e-07 -0.0534464136032
74.3614981105 4.99166795898e-07 -0.0534019067207
74.4243299635 4.9809199254e-07 -0.0533574733594
74.4871618166 4.97020677948e-07 -0.053313113337
74.5499936697 4.9595282281e-07 -0.0532688264703
74.6128255228 4.94888466207e-07 -0.0532246125797
74.6756573758 4.93827547743e-07 -0.0531804714866
74.7384892289 4.92770019456e-07 -0.053136403019
74.801321082 4.917159524e-07 -0.0530924069894
74.864152935 4.90665257757e-07 -0.0530484832292
74.9269847881 4.89617961286e-07 -0.0530046315548
74.9898166412 4.88574020352e-07 -0.0529608517994
75.0526484943 4.87533449167e-07 -0.0529171437775
75.1154803473 4.86496234409e-07 -0.0528735073175
75.1783122004 4.8546233522e-07 -0.052829942249
75.2411440535 4.84431734726e-07 -0.0527864483941
75.3039759065 4.8340445602e-07 -0.0527430255796
75.3668077596 4.82380441369e-07 -0.0526996736362
75.4296396127 4.81359739624e-07 -0.052656392389
75.4924714658 4.8034228417e-07 -0.0526131816654
75.5553033188 4.79328061687e-07 -0.0525700412972
75.6181351719 4.78317065955e-07 -0.0525269711153
75.680967025 4.77309329838e-07 -0.0524839709472
75.743798878 4.7630475386e-07 -0.0524410406237
75.8066307311 4.75303401082e-07 -0.0523981799767
75.8694625842 4.74305191567e-07 -0.0523553888337
75.9322944373 4.73310155513e-07 -0.0523126670346
75.9951262903 4.72318272493e-07 -0.052270014406
76.0579581434 4.71329547835e-07 -0.052227430785
76.1207899965 4.70343940684e-07 -0.0521849160062
76.1836218496 4.69361433275e-07 -0.0521424698969
76.2464537026 4.68382014951e-07 -0.0521000922999
76.3092855557 4.67405724791e-07 -0.0520577830465
76.3721174088 4.66432467761e-07 -0.0520155419755
76.4349492618 4.65462288268e-07 -0.0519733689231
76.4977811149 4.64495151675e-07 -0.0519312637219
76.560612968 4.6353105887e-07 -0.0518892262149
76.6234448211 4.62569982318e-07 -0.051847256237
76.6862766741 4.61611918467e-07 -0.0518053536276
76.7491085272 4.60656838008e-07 -0.0517635182265
76.8119403803 4.59704767586e-07 -0.0517217498739
76.8747722333 4.58755642363e-07 -0.051680048404
76.9376040864 4.57809512966e-07 -0.0516384136655
77.0004359395 4.56866307452e-07 -0.051596845497
77.0632677926 4.5592603648e-07 -0.0515553437366
77.1260996456 4.54988708931e-07 -0.0515139082294
77.1889314987 4.54054265298e-07 -0.0514725388187
77.2517633518 4.53122741106e-07 -0.0514312353451
77.3145952048 4.52194103495e-07 -0.051389997656
77.3774270579 4.51268357793e-07 -0.0513488255908
77.440258911 4.50345444492e-07 -0.0513077189977
77.5030907641 4.49425406224e-07 -0.0512666777217
77.5659226171 4.48508211015e-07 -0.0512257016016
77.6287544702 4.47593826003e-07 -0.0511847904934
77.6915863233 4.46682283162e-07 -0.051143944235
77.7544181763 4.45773516766e-07 -0.0511031626796
77.8172500294 4.44867557903e-07 -0.0510624456703
77.8800818825 4.43964386143e-07 -0.0510217930597
77.9429137356 4.43064003264e-07 -0.0509812046928
78.0057455886 4.42166363968e-07 -0.0509406804203
78.0685774417 4.41271479801e-07 -0.0509002200904
78.1314092948 4.40379326783e-07 -0.0508598235509
78.1942411478 4.39489914683e-07 -0.0508194906574
78.2570730009 4.38603223962e-07 -0.0507792212516
78.319904854 4.37719214652e-07 -0.0507390151944
78.3827367071 4.36837896522e-07 -0.0506988723378
78.4455685601 4.35959287337e-07 -0.050658792523
78.5084004132 4.35083335582e-07 -0.0506187756114
78.5712322663 4.34210070566e-07 -0.0505788214536
78.6340641194 4.33339440775e-07 -0.0505389299039
78.6968959724 4.32471448875e-07 -0.0504991008191
78.7597278255 4.3160608687e-07 -0.0504593340481
78.8225596786 4.30743354762e-07 -0.0504196294473
78.8853915316 4.29883237452e-07 -0.0503799868695
78.9482233847 4.29025695858e-07 -0.0503404061807
79.0110552378 4.2817075574e-07 -0.0503008872262
79.0738870909 4.27318382457e-07 -0.0502614298642
79.1367189439 4.26468602654e-07 -0.0502220339551
79.199550797 4.25621361266e-07 -0.050182699358
79.2623826501 4.24776650298e-07 -0.0501434259257
79.3252145031 4.2393450439e-07 -0.05010421352
79.3880463562 4.23094883573e-07 -0.050065061998
79.4508782093 4.22257775412e-07 -0.0500259712199
79.5137100624 4.21423192343e-07 -0.0499869410467
79.5765419154 4.20591073969e-07 -0.0499479713371
79.6393737685 4.19761454928e-07 -0.0499090619485
79.7022056216 4.18934325452e-07 -0.0498702127452
79.7650374746 4.18109659783e-07 -0.0498314235922
79.8278693277 4.17287442822e-07 -0.0497926943441
79.8907011808 4.1646767901e-07 -0.0497540248664
79.9535330339 4.15650332819e-07 -0.0497154150228
80.0163648869 4.148354531e-07 -0.049676864674
80.07919674 4.14022983009e-07 -0.0496383736867
80.1420285931 4.13212899453e-07 -0.0495999419205
80.2048604461 4.12405236183e-07 -0.0495615692432
80.2676922992 4.11599950567e-07 -0.0495232555186
80.3305241523 4.10797083461e-07 -0.0494850006115
80.3933560054 4.09996562922e-07 -0.049446804389
80.4561878584 4.0919839428e-07 -0.0494086667137
80.5190197115 4.08402579311e-07 -0.0493705874548
80.5818515646 4.07609118014e-07 -0.0493325664791
80.6446834176 4.06817995291e-07 -0.0492946036498
80.7075152707 4.06029189826e-07 -0.0492566988383
80.7703471238 4.052426954e-07 -0.0492188519121
80.8331789769 4.04458546654e-07 -0.0491810627394
80.8960108299 4.03676671645e-07 -0.0491433311903
80.958842683 4.0289708636e-07 -0.0491056571297
81.0216745361 4.02119789911e-07 -0.0490680404293
81.0845063892 4.01344765422e-07 -0.0490304809633
81.1473382422 4.00571988024e-07 -0.0489929785954
81.2101700953 3.9980148081e-07 -0.0489555331992
81.2730019484 3.99033211806e-07 -0.0489181446455
81.3358338014 3.98267190782e-07 -0.0488808128076
81.3986656545 3.97503394645e-07 -0.0488435375531
81.4614975076 3.96741824282e-07 -0.0488063187595
81.5243293607 3.95982470813e-07 -0.0487691562937
81.5871612137 3.952252845e-07 -0.0487320500343
81.6499930668 3.94470323073e-07 -0.048694999854
81.7128249199 3.93717543012e-07 -0.048658005621
81.7756567729 3.92966944318e-07 -0.0486210672144
81.838488626 3.92218490575e-07 -0.0485841845087
81.9013204791 3.91472226191e-07 -0.0485473573759
81.9641523322 3.90728103206e-07 -0.048510585698
82.0269841852 3.89986137606e-07 -0.0484738693381
82.0898160383 3.89246294752e-07 -0.0484372081825
82.1526478914 3.88508596849e-07 -0.04840060211
82.2154797444 3.8777300837e-07 -0.0483640509855
82.2783115975 3.87039517769e-07 -0.0483275546983
82.3411434506 3.8630815169e-07 -0.0482911131146
82.4039753037 3.8557886306e-07 -0.0482547261186
82.4668071567 3.84851672308e-07 -0.0482183935908
82.5296390098 3.84126578545e-07 -0.0481821154063
82.5924708629 3.83403523152e-07 -0.0481458914444
82.6553027159 3.82682561195e-07 -0.0481097215811
82.718134569 3.81963659812e-07 -0.0480736057054
82.7809664221 3.81246792358e-07 -0.0480375436866
82.8437982752 3.80531958832e-07 -0.0480015354144
82.9066301282 3.79819157459e-07 -0.0479655807592
82.9694619813 3.7910839179e-07 -0.0479296796115
83.0322938344 3.78399644063e-07 -0.0478938318475
83.0951256875 3.77692903619e-07 -0.0478580373479
83.1579575405 3.76988158024e-07 -0.0478222960038
83.2207893936 3.76285433923e-07 -0.0477866076864
83.2836212467 3.75584668255e-07 -0.0477509722815
83.3464530997 3.7488592497e-07 -0.0477153896747
83.4092849528 3.74189107255e-07 -0.0476798597493
83.4721168059 3.73494273731e-07 -0.047644382392
83.534948659 3.7280139864e-07 -0.0476089574773
83.597780512 3.72110482871e-07 -0.047573584899
83.6606123651 3.71421494449e-07 -0.0475382645374
83.7234442182 3.70734447586e-07 -0.0475029962773
83.7862760712 3.7004933251e-07 -0.0474677800093
83.8491079243 3.69366148334e-07 -0.0474326156119
83.9119397774 3.68684862195e-07 -0.0473975029756
83.9747716305 3.68005488305e-07 -0.0473624419853
84.0376034835 3.67328030215e-07 -0.0473274325308
84.1004353366 3.66652439077e-07 -0.0472924744962
84.1632671897 3.65978759298e-07 -0.0472575677727
84.2260990427 3.65306945582e-07 -0.0472227122402
84.2889308958 3.64636996153e-07 -0.0471879077911
84.3517627489 3.63968934103e-07 -0.0471531543193
84.414594602 3.63302718576e-07 -0.0471184517102
84.477426455 3.62638338913e-07 -0.0470837998466
84.5402583081 3.61975835972e-07 -0.0470491986217
84.6030901612 3.61315160013e-07 -0.0470146479359
84.6659220142 3.60656303933e-07 -0.0469801476588
84.7287538673 3.59999278388e-07 -0.0469456976975
84.7915857204 3.59344067391e-07 -0.046911297937
84.8544175735 3.58690674496e-07 -0.0468769482662
84.9172494265 3.58039077497e-07 -0.046842648576
84.9800812796 3.57389278172e-07 -0.0468083987636
85.0429131327 3.56741277407e-07 -0.0467741987182
85.1057449857 3.56095069876e-07 -0.0467400483302
85.1685768388 3.55450641365e-07 -0.0467059474932
85.2314086919 3.54807957237e-07 -0.0466718960992
85.294240545 3.54167058347e-07 -0.0466378940445
85.357072398 3.53527898511e-07 -0.0466039412168
85.4199042511 3.52890523914e-07 -0.0465700375183
85.4827361042 3.52254879488e-07 -0.0465361828366
85.5455679573 3.51620959904e-07 -0.0465023770659
85.6083998103 3.50988786479e-07 -0.0464686201046
85.6712316634 3.50358324575e-07 -0.0464349118461
85.7340635165 3.49729625704e-07 -0.0464012521876
85.7968953695 3.49102598385e-07 -0.046367641018
85.8597272226 3.48477305678e-07 -0.0463340782385
85.9225590757 3.47853717386e-07 -0.0463005637433
85.9853909288 3.472317891e-07 -0.0462670974342
86.0482227818 3.46611575885e-07 -0.0462336791993
86.1110546349 3.45993028894e-07 -0.0462003089399
86.173886488 3.45376190758e-07 -0.0461669865572
86.236718341 3.44760997528e-07 -0.0461337119438
86.2995501941 3.44147493614e-07 -0.0461004850005
86.3623820472 3.43535639935e-07 -0.0460673056219
86.4252139003 3.42925441821e-07 -0.046034173707
86.4880457533 3.4231686552e-07 -0.0460010891587
86.5508776064 3.41709952778e-07 -0.0459680518691
86.6137094595 3.41104667179e-07 -0.0459350617486
86.6765413125 3.40501020268e-07 -0.0459021186876
86.7393731656 3.39898999613e-07 -0.0458692225883
86.8022050187 3.39298592777e-07 -0.0458363733505
86.8650368718 3.38699792657e-07 -0.045803570876
86.9278687248 3.38102584152e-07 -0.0457708150647
86.9907005779 3.37507011672e-07 -0.0457381058197
87.053532431 3.36913011267e-07 -0.0457054430408
87.116364284 3.3632060692e-07 -0.0456728266256
87.1791961371 3.35729796852e-07 -0.0456402564841
87.2420279902 3.35140535768e-07 -0.0456077325089
87.3048598433 3.34552872516e-07 -0.0455752546128
87.3676916963 3.33966791999e-07 -0.0455428226933
87.4305235494 3.33382234707e-07 -0.0455104366491
87.4933554025 3.32799256597e-07 -0.0454780963881
87.5561872555 3.32217825694e-07 -0.0454458018165
87.6190191086 3.31637920681e-07 -0.0454135528345
87.6818509617 3.3105956998e-07 -0.0453813493459
87.7446828148 3.3048275494e-07 -0.0453491912536
87.8075146678 3.2990746579e-07 -0.0453170784686
87.8703465209 3.29333705196e-07 -0.0452850108885
87.933178374 3.28761464274e-07 -0.0452529884226
87.9960102271 3.28190713716e-07 -0.0452210109764
88.0588420801 3.2762150326e-07 -0.045189078452
88.1216739332 3.27053760074e-07 -0.0451571907588
88.1845057863 3.26487536562e-07 -0.0451253478029
88.2473376393 3.25922778543e-07 -0.0450935494856
88.3101694924 3.25359541087e-07 -0.0450617957195
88.3730013455 3.2479776646e-07 -0.0450300864122
88.4358331986 3.24237466209e-07 -0.0449984214659
88.4986650516 3.23678639447e-07 -0.0449668007905
88.5614969047 3.23121282619e-07 -0.0449352242924
88.6243287578 3.22565400168e-07 -0.0449036918856
88.6871606108 3.22010948572e-07 -0.0448722034685
88.7499924639 3.2145795803e-07 -0.0448407589543
88.812824317 3.20906402784e-07 -0.0448093582574
88.8756561701 3.20356297046e-07 -0.044778001277
88.9384880231 3.19807617721e-07 -0.0447466879282
89.0013198762 3.19260372805e-07 -0.0447154181187
89.0641517293 3.18714561409e-07 -0.0446841917586
89.1269835823 3.18170145341e-07 -0.0446530087547
89.1898154354 3.17627182334e-07 -0.0446218690257
89.2526472885 3.17085596002e-07 -0.0445907724722
89.3154791416 3.16545426315e-07 -0.044559719016
89.3783109946 3.16006660839e-07 -0.0445287085536
89.4411428477 3.15469273815e-07 -0.0444977410096
89.5039747008 3.14933294554e-07 -0.0444668162881
89.5668065538 3.14398700851e-07 -0.0444359343061
89.6296384069 3.13865491819e-07 -0.044405094965
89.69247026 3.13333663016e-07 -0.0443742981874
89.7553021131 3.12803190461e-07 -0.0443435438816
89.8181339661 3.1227408126e-07 -0.0443128319626
89.8809658192 3.11746354065e-07 -0.0442821623368
89.9437976723 3.11219966243e-07 -0.044251534929
90.0066295253 3.1069493911e-07 -0.0442209496447
90.0694613784 3.10171240692e-07 -0.0441904063968
90.1322932315 3.09648927832e-07 -0.0441599051026
90.1951250846 3.0912793747e-07 -0.0441294456699
90.2579569376 3.08608273158e-07 -0.0440990280221
90.3207887907 3.08089931345e-07 -0.0440686520697
90.3836206438 3.07572942226e-07 -0.0440383177259
90.4464524969 3.07057255178e-07 -0.0440080249071
90.5092843499 3.06542879969e-07 -0.0439777735243
90.572116203 3.06029829922e-07 -0.0439475634993
90.6349480561 3.05518074839e-07 -0.0439173947477
90.6977799091 3.05007622714e-07 -0.0438872671792
90.7606117622 3.04498484205e-07 -0.0438571807154
90.8234436153 3.03990643324e-07 -0.0438271352718
90.8862754684 3.0348406721e-07 -0.0437971307662
90.9491073214 3.0297878606e-07 -0.0437671671101
91.0119391745 3.02474786551e-07 -0.0437372442222
91.0747710276 3.01972082895e-07 -0.043707362024
91.1376028806 3.01470632458e-07 -0.0436775204325
91.2004347337 3.00970446787e-07 -0.0436477193594
91.2632665868 3.00471524106e-07 -0.0436179587291
91.3260984399 2.99973860862e-07 -0.0435882384589
91.3889302929 2.99477465937e-07 -0.0435585584608
91.451762146 2.98982338442e-07 -0.0435289186617
91.5145939991 2.984884242e-07 -0.0434993189759
91.5774258521 2.97995765841e-07 -0.0434697593222
91.6402577052 2.97504336721e-07 -0.043440239622
91.7030895583 2.97014166151e-07 -0.0434107597929
91.7659214114 2.9652519995e-07 -0.0433813197567
91.8287532644 2.96037454994e-07 -0.0433519194321
91.8915851175 2.95550973917e-07 -0.043322558735
91.9544169706 2.95065680334e-07 -0.0432932375927
92.0172488236 2.94581606219e-07 -0.0432639559248
92.0800806767 2.9409873914e-07 -0.0432347136463
92.1429125298 2.93617062219e-07 -0.0432055106853
92.2057443829 2.93136619867e-07 -0.0431763469563
92.2685762359 2.92657350798e-07 -0.043147222383
92.331408089 2.9217928077e-07 -0.0431181368952
92.3942399421 2.91702410671e-07 -0.0430890904005
92.4570717951 2.9122672629e-07 -0.043060082829
92.5199036482 2.90752217857e-07 -0.0430311141014
92.5827355013 2.90278880932e-07 -0.0430021841441
92.6455673544 2.89806707521e-07 -0.0429732928739
92.7083992074 2.8933572338e-07 -0.0429444402128
92.7712310605 2.88865921405e-07 -0.042915626088
92.8340629136 2.88397248305e-07 -0.0428868504273
92.8968947667 2.87929756482e-07 -0.0428581131394
92.9597266197 2.87463422843e-07 -0.0428294141601
93.0225584728 2.86998222521e-07 -0.0428007534096
93.0853903259 2.86534180383e-07 -0.042772130811
93.1482221789 2.86071270672e-07 -0.0427435462909
93.211054032 2.85609512041e-07 -0.0427149997744
93.2738858851 2.85148870738e-07 -0.0426864911845
93.3367177382 2.84689404495e-07 -0.0426580204432
93.3995495912 2.84231015613e-07 -0.0426295874844
93.4623814443 2.83773776033e-07 -0.0426011922177
93.5252132974 2.83317646677e-07 -0.0425728345795
93.5880451504 2.82862657741e-07 -0.0425445145004
93.6508770035 2.8240875416e-07 -0.042516231896
93.7137088566 2.81955986559e-07 -0.0424879866948
93.7765407097 2.81504328292e-07 -0.0424597788262
93.8393725627 2.81053751827e-07 -0.0424316082156
93.9022044158 2.80604274039e-07 -0.042403474781
93.9650362689 2.80155887822e-07 -0.0423753784629
94.0278681219 2.79708616269e-07 -0.042347319182
94.090699975 2.79262421188e-07 -0.0423192968681
94.1535318281 2.78817302579e-07 -0.0422913114401
94.2163636812 2.78373285312e-07 -0.0422633628334
94.2791955342 2.77930332082e-07 -0.0422354509736
94.3420273873 2.77488449107e-07 -0.0422075757886
94.4048592404 2.7704766481e-07 -0.0421797372056
94.4676910934 2.76607911687e-07 -0.0421519351578
94.5305229465 2.76169224378e-07 -0.0421241695624
94.5933547996 2.75731638411e-07 -0.0420964403609
94.6561866527 2.75295078289e-07 -0.0420687474793
94.7190185057 2.74859569771e-07 -0.0420410908417
94.7818503588 2.74425142166e-07 -0.0420134703779
94.8446822119 2.73991725308e-07 -0.0419858860156
94.9075140649 2.73559377817e-07 -0.0419583376934
94.970345918 2.73128049066e-07 -0.041930825334
95.0331777711 2.72697763037e-07 -0.041903348869
95.0960096242 2.7226851973e-07 -0.0418759082297
95.1588414772 2.7184029161e-07 -0.0418485033405
95.2216733303 2.71413125752e-07 -0.0418211341373
95.2845051834 2.70986947548e-07 -0.0417938005533
95.3473370365 2.70561789861e-07 -0.0417665025179
95.4101688895 2.70137655356e-07 -0.0417392399545
95.4730007426 2.69714532486e-07 -0.0417120128009
95.5358325957 2.69292447008e-07 -0.0416848209881
95.5986644487 2.68871338527e-07 -0.0416576644466
95.6614963018 2.68451249674e-07 -0.0416305431074
95.7243281549 2.68032162687e-07 -0.0416034569064
95.787160008 2.67614053584e-07 -0.0415764057733
95.849991861 2.67196946346e-07 -0.0415493896365
95.9128237141 2.66780848079e-07 -0.0415224084315
95.9756555672 2.66365741908e-07 -0.0414954620955
96.0384874202 2.65951592304e-07 -0.0414685505559
96.1013192733 2.6553845256e-07 -0.0414416737451
96.1641511264 2.65126276489e-07 -0.0414148315984
96.2269829795 2.64715071197e-07 -0.0413880240462
96.2898148325 2.64304843789e-07 -0.0413612510255
96.3526466856 2.63895590713e-07 -0.041334512473
96.4154785387 2.63487302199e-07 -0.0413078083131
96.4783103917 2.63079981799e-07 -0.0412811384872
96.5411422448 2.62673633067e-07 -0.0412545029255
96.6039740979 2.62268219586e-07 -0.0412279015683
96.666805951 2.6186376445e-07 -0.0412013343389
96.729637804 2.61460250783e-07 -0.0411748011837
96.7924696571 2.61057705231e-07 -0.0411483020286
96.8553015102 2.6065611447e-07 -0.0411218368142
96.9181333632 2.60255426987e-07 -0.0410954054699
96.9809652163 2.5985570673e-07 -0.041069007942
97.0437970694 2.59456927054e-07 -0.0410426441537
97.1066289225 2.59059068419e-07 -0.04101631405
97.1694607755 2.58662113062e-07 -0.0409900175588
97.2322926286 2.58266133812e-07 -0.0409637546248
97.2951244817 2.57871072051e-07 -0.0409375251731
97.3579563347 2.5747691712e-07 -0.0409113291519
97.4207881878 2.57083695665e-07 -0.0408851664863
97.4836200409 2.56691377487e-07 -0.0408590371153
97.546451894 2.56299959922e-07 -0.0408329409845
97.609283747 2.55909483826e-07 -0.0408068780253
97.6721156001 2.55519887027e-07 -0.040780848173
97.7349474532 2.55131235249e-07 -0.0407548513633
97.7977793063 2.54743445005e-07 -0.040728887541
97.8606111593 2.54356574914e-07 -0.0407029566395
97.9234430124 2.53970611652e-07 -0.0406770585909
97.9862748655 2.53585514365e-07 -0.0406511933388
98.0491067185 2.53201313249e-07 -0.0406253608207
98.1119385716 2.52818015412e-07 -0.0405995609764
98.1747704247 2.52435587988e-07 -0.0405737937447
98.2376022778 2.52054066507e-07 -0.0405480590632
98.3004341308 2.51673411e-07 -0.040522356866
98.3632659839 2.51293617026e-07 -0.0404966870942
98.426097837 2.50914715672e-07 -0.0404710496909
98.48892969 2.50536679403e-07 -0.0404454445871
98.5517615431 2.5015951266e-07 -0.0404198717338
98.6145933962 2.49783217221e-07 -0.0403943310588
98.6774252493 2.4940777088e-07 -0.0403688225061
98.7402571023 2.49033205613e-07 -0.0403433460152
98.8030889554 2.48659488555e-07 -0.0403179015305
98.8659208085 2.48286625926e-07 -0.0402924889826
98.9287526615 2.47914615059e-07 -0.0402671083185
98.9915845146 2.47543467502e-07 -0.0402417594758
99.0544163677 2.47173164603e-07 -0.0402164423967
99.1172482208 2.46803705473e-07 -0.0401911570241
99.1800800738 2.46435098994e-07 -0.0401659032926
99.2429119269 2.46067305198e-07 -0.0401406811457
99.30574378 2.45700364054e-07 -0.0401154905314
99.368575633 2.45334265792e-07 -0.0400903313794
99.4314074861 2.44968985541e-07 -0.0400652036331
99.4942393392 2.44604549948e-07 -0.0400401072418
99.5570711923 2.44240938585e-07 -0.0400150421398
99.6199030453 2.43878117701e-07 -0.0399900082714
99.6827348984 2.43516176113e-07 -0.0399650055815
99.7455667515 2.4315502678e-07 -0.0399400340064
99.8083986045 2.42794699012e-07 -0.0399150934889
99.8712304576 2.42435186593e-07 -0.0398901839802
99.9340623107 2.42076471757e-07 -0.0398653054093
99.9968941638 2.41718589145e-07 -0.039840457728
100.059726017 2.41361505005e-07 -0.0398156408749
100.12255787 2.4100524687e-07 -0.0397908547987
100.185389723 2.40649758787e-07 -0.0397660994328
100.248221576 2.40295084275e-07 -0.0397413747283
100.311053429 2.39941209124e-07 -0.0397166806265
100.373885282 2.39588128892e-07 -0.0396920170672
100.436717135 2.39235835586e-07 -0.0396673840029
100.499548988 2.38884334536e-07 -0.0396427813677
100.562380841 2.38533630181e-07 -0.0396182091113
100.625212694 2.38183706536e-07 -0.0395936671743
100.688044548 2.37834563599e-07 -0.0395691555027
100.750876401 2.37486221799e-07 -0.0395446740356
100.813708254 2.37138638504e-07 -0.03952022273
100.876540107 2.36791833252e-07 -0.0394958015187
100.93937196 2.36445798052e-07 -0.0394714103496
101.002203813 2.36100555995e-07 -0.0394470491712
101.065035666 2.35756061784e-07 -0.0394227179228
101.127867519 2.3541235894e-07 -0.0393984165529
101.190699372 2.35069395949e-07 -0.0393741450079
101.253531225 2.34727205672e-07 -0.0393499032299
101.316363078 2.34385788112e-07 -0.0393256911633
101.379194931 2.34045107739e-07 -0.039301508759
101.442026784 2.33705190311e-07 -0.0392773559617
101.504858637 2.33366026947e-07 -0.0392532327121
101.567690491 2.3302761587e-07 -0.0392291389593
101.630522344 2.32689965074e-07 -0.0392050746487
101.693354197 2.32353047913e-07 -0.039181039733
101.75618605 2.32016874158e-07 -0.0391570341522
101.819017903 2.31681448248e-07 -0.0391330578483
101.881849756 2.31346776403e-07 -0.039109110776
101.944681609 2.31012831087e-07 -0.0390851928823
102.007513462 2.30679600755e-07 -0.0390613041104
102.070345315 2.30347131591e-07 -0.0390374444088
102.133177168 2.30015384517e-07 -0.0390136137234
102.196009021 2.29684375519e-07 -0.0389898119998
102.258840874 2.29354075287e-07 -0.0389660391922
102.321672727 2.29024515797e-07 -0.0389422952383
102.38450458 2.28695683724e-07 -0.0389185801005
102.447336434 2.28367574628e-07 -0.0388948937109
102.510168287 2.28040161865e-07 -0.0388712360277
102.57300014 2.27713486289e-07 -0.0388476069924
102.635831993 2.27387507934e-07 -0.0388240065594
102.698663846 2.27062254332e-07 -0.0388004346677
102.761495699 2.26737729925e-07 -0.0387768912813
102.824327552 2.26413878757e-07 -0.0387533763292
102.887159405 2.26090754119e-07 -0.0387298897775
102.949991258 2.25768324036e-07 -0.0387064315641
103.012823111 2.25446609825e-07 -0.0386830016427
103.075654964 2.25125593722e-07 -0.0386595999609
103.138486817 2.24805254412e-07 -0.038636226471
103.20131867 2.24485630973e-07 -0.0386128811156
103.264150523 2.24166706531e-07 -0.0385895638484
103.326982377 2.23848464209e-07 -0.0385662746213
103.38981423 2.23530914667e-07 -0.0385430133792
103.452646083 2.23214048134e-07 -0.0385197800718
103.515477936 2.2289786461e-07 -0.0384965746521
103.578309789 2.22582371201e-07 -0.0384733970723
103.641141642 2.22267574124e-07 -0.0384502472771
103.703973495 2.21953432522e-07 -0.0384271252178
103.766805348 2.21639977482e-07 -0.0384040308451
103.829637201 2.21327210781e-07 -0.0383809641147
103.892469054 2.21015107549e-07 -0.0383579249669
103.955300907 2.20703659792e-07 -0.0383349133612
104.01813276 2.20392911032e-07 -0.0383119292469
104.080964613 2.20082820412e-07 -0.0382889725722
104.143796467 2.19773392374e-07 -0.0382660432928
104.20662832 2.19464608264e-07 -0.0382431413525
104.269460173 2.19156549797e-07 -0.0382202667094
104.332292026 2.18849094402e-07 -0.0381974193079
104.395123879 2.18542322905e-07 -0.0381745991041
104.457955732 2.18236192673e-07 -0.0381518060539
104.520787585 2.17930726798e-07 -0.0381290401048
104.583619438 2.17625939491e-07 -0.0381063012022
104.646451291 2.17321765028e-07 -0.0380835893145
104.709283144 2.17018230053e-07 -0.0380609043755
104.772114997 2.16715379864e-07 -0.0380382463464
104.83494685 2.16413163834e-07 -0.0380156151844
104.897778703 2.16111595286e-07 -0.0379930108287
104.960610556 2.15810662674e-07 -0.037970433245
105.02344241 2.1551036955e-07 -0.0379478823739
105.086274263 2.1521073279e-07 -0.0379253581851
105.149106116 2.14911701768e-07 -0.0379028606119
105.211937969 2.14613312899e-07 -0.0378803896217
105.274769822 2.14315556413e-07 -0.0378579451609
105.337601675 2.14018453626e-07 -0.0378355271818
105.400433528 2.13721936149e-07 -0.0378131356457
105.463265381 2.13426083029e-07 -0.0377907704921
105.526097234 2.13130856963e-07 -0.0377684316914
105.588929087 2.12836234859e-07 -0.0377461191792
105.65176094 2.12542249578e-07 -0.0377238329249
105.714592793 2.12248888687e-07 -0.0377015728807
105.777424646 2.11956149521e-07 -0.0376793389861
105.840256499 2.11663986782e-07 -0.0376571312154
105.903088353 2.11372472414e-07 -0.0376349495061
105.965920206 2.1108157533e-07 -0.0376127938207
106.028752059 2.10791274213e-07 -0.037590664113
106.091583912 2.10501583275e-07 -0.0375685603302
106.154415765 2.10212522056e-07 -0.0375464824399
106.217247618 2.09924051475e-07 -0.0375244303879
106.280079471 2.0963617775e-07 -0.0375024041323
106.342911324 2.09348937297e-07 -0.0374804036264
106.405743177 2.09062265277e-07 -0.0374584288232
106.46857503 2.08776214983e-07 -0.0374364796839
106.531406883 2.08490746445e-07 -0.0374145561606
106.594238736 2.08205877428e-07 -0.0373926582033
106.657070589 2.07921610595e-07 -0.0373707857777
106.719902442 2.07637929961e-07 -0.0373489388294
106.782734296 2.073548373e-07 -0.0373271173248
106.845566149 2.07072356595e-07 -0.037305321211
106.908398002 2.06790438106e-07 -0.0372835504427
106.971229855 2.06509117362e-07 -0.0372618049804
107.034061708 2.06228382815e-07 -0.0372400847808
107.096893561 2.05948220255e-07 -0.0372183898013
107.159725414 2.05668662545e-07 -0.0371967199961
107.222557267 2.05389661723e-07 -0.0371750753176
107.28538912 2.05111249763e-07 -0.0371534557248
107.348220973 2.04833426665e-07 -0.0371318611777
107.411052826 2.04556150685e-07 -0.0371102916335
107.473884679 2.04279460014e-07 -0.0370887470399
107.536716532 2.04003351989e-07 -0.0370672273577
107.599548385 2.03727810622e-07 -0.0370457325503
107.662380239 2.03452819925e-07 -0.037024262571
107.725212092 2.03178410096e-07 -0.0370028173741
107.788043945 2.0290456515e-07 -0.0369813969187
107.850875798 2.02631288637e-07 -0.0369600011636
107.913707651 2.02358567236e-07 -0.0369386300648
107.976539504 2.02086414269e-07 -0.036917283583
108.039371357 2.01814821743e-07 -0.0368959616726
108.10220321 2.0154377367e-07 -0.0368746642858
108.165035063 2.01273288702e-07 -0.0368533913917
108.227866916 2.01003365063e-07 -0.0368321429429
108.290698769 2.00733982325e-07 -0.0368109188974
108.353530622 2.00465158251e-07 -0.0367897192108
108.416362475 2.0019687863e-07 -0.0367685438489
108.479194328 1.99929170108e-07 -0.0367473927583
108.542026182 1.99661989164e-07 -0.0367262659051
108.604858035 1.99395355338e-07 -0.0367051632543
108.667689888 1.99129279288e-07 -0.0366840847533
108.730521741 1.98863722822e-07 -0.0366630303641
108.793353594 1.98598722356e-07 -0.0366420000448
108.856185447 1.98334252133e-07 -0.0366209937577
108.9190173 1.98070329027e-07 -0.0366000114577
108.981849153 1.97806951263e-07 -0.0365790531085
109.044681006 1.97544103742e-07 -0.0365581186645
109.107512859 1.97281774028e-07 -0.0365372080858
109.170344712 1.97019976333e-07 -0.0365163213378
109.233176565 1.96758718651e-07 -0.0364954583695
109.296008418 1.96498004534e-07 -0.0364746191472
109.358840271 1.96237803785e-07 -0.0364538036307
109.421672125 1.95978135054e-07 -0.0364330117819
109.484503978 1.9571896992e-07 -0.0364122435485
109.547335831 1.95460360786e-07 -0.036391498903
109.610167684 1.95202274789e-07 -0.0363707778036
109.672999537 1.94944666632e-07 -0.0363500802061
109.73583139 1.94687610033e-07 -0.036329406071
109.798663243 1.94431072131e-07 -0.0363087553656
109.861495096 1.94175049373e-07 -0.0362881280427
109.924326949 1.93919537317e-07 -0.0362675240611
109.987158802 1.93664538628e-07 -0.0362469433927
110.049990655 1.93410062188e-07 -0.0362263859825
110.112822508 1.93156090234e-07 -0.0362058518041
110.175654361 1.92902620988e-07 -0.0361853408122
110.238486214 1.92649677544e-07 -0.0361648529706
110.301318068 1.92397210164e-07 -0.0361443882335
110.364149921 1.92145266809e-07 -0.0361239465733
110.426981774 1.91893835932e-07 -0.0361035279394
110.489813627 1.91642924641e-07 -0.0360831322996
110.55264548 1.9139245655e-07 -0.0360627596188
110.615477333 1.9114253913e-07 -0.0360424098513
110.678309186 1.90893094221e-07 -0.0360220829613
110.741141039 1.90644138698e-07 -0.0360017789086
110.803972892 1.90395725852e-07 -0.0359814976579
110.866804745 1.90147781964e-07 -0.0359612391715
110.929636598 1.89900325687e-07 -0.0359410034029
110.992468451 1.89653350802e-07 -0.0359207903239
111.055300304 1.89406906159e-07 -0.0359005998943
111.118132157 1.891609136e-07 -0.0358804320748
111.180964011 1.88915432631e-07 -0.0358602868223
111.243795864 1.88670417067e-07 -0.0358401641105
111.306627717 1.88425890002e-07 -0.0358200638877
111.36945957 1.88181852323e-07 -0.0357999861351
111.432291423 1.87938326235e-07 -0.0357799307966
111.495123276 1.87695249565e-07 -0.0357598978455
111.557955129 1.87452668499e-07 -0.0357398872399
111.620786982 1.87210558167e-07 -0.0357198989439
111.683618835 1.8696892834e-07 -0.0356999329238
111.746450688 1.86727767471e-07 -0.035679989135
111.809282541 1.8648710487e-07 -0.035660067538
111.872114394 1.86246897904e-07 -0.03564016812
111.934946247 1.86007151015e-07 -0.0356202908118
111.9977781 1.85767913941e-07 -0.0356004356025
112.060609954 1.8552910408e-07 -0.0355806024379
112.123441807 1.85290780053e-07 -0.0355607912856
112.18627366 1.85052920543e-07 -0.0355410021185
112.249105513 1.84815537096e-07 -0.0355212348898
112.311937366 1.84578617279e-07 -0.0355014895629
112.374769219 1.84342150433e-07 -0.0354817661137
112.437601072 1.84106161427e-07 -0.0354620644883
112.500432925 1.83870652037e-07 -0.0354423846661
112.563264778 1.8363558052e-07 -0.0354227266019
112.626096631 1.83400972631e-07 -0.0354030902627
112.688928484 1.83166808831e-07 -0.0353834756128
112.751760337 1.82933113102e-07 -0.0353638826173
112.81459219 1.82699875673e-07 -0.035344311238
112.877424043 1.82467076115e-07 -0.0353247614411
112.940255897 1.82234752621e-07 -0.0353052331899
113.00308775 1.82002882099e-07 -0.0352857264506
113.065919603 1.81771453889e-07 -0.035266241181
113.128751456 1.81540469768e-07 -0.0352467773562
113.191583309 1.81309950165e-07 -0.0352273349384
113.254415162 1.81079847117e-07 -0.0352079138876
113.317247015 1.80850220133e-07 -0.0351885141682
113.380078868 1.8062102658e-07 -0.0351691357517
113.442910721 1.80392296656e-07 -0.0351497785986
113.505742574 1.80163987729e-07 -0.0351304426764
113.568574427 1.79936123779e-07 -0.0351111279501
113.63140628 1.79708694148e-07 -0.0350918343842
113.694238133 1.79481705054e-07 -0.0350725619403
113.757069986 1.79255160937e-07 -0.035053310586
113.81990184 1.79029049363e-07 -0.0350340802901
113.882733693 1.7880339076e-07 -0.0350148710221
113.945565546 1.78578162036e-07 -0.0349956827327
114.008397399 1.78353363189e-07 -0.0349765154034
114.071229252 1.78128976458e-07 -0.0349573689898
114.134061105 1.77905063126e-07 -0.0349382434595
114.196892958 1.77681527269e-07 -0.0349191387856
114.259724811 1.77458479911e-07 -0.0349000549255
114.322556664 1.77235823351e-07 -0.0348809918495
114.385388517 1.77013586011e-07 -0.0348619495234
114.44822037 1.76791789208e-07 -0.0348429279084
114.511052223 1.76570410737e-07 -0.0348239269807
114.573884076 1.76349455927e-07 -0.0348049466963
114.636715929 1.76128952312e-07 -0.0347859870319
114.699547783 1.75908848377e-07 -0.0347670479498
114.762379636 1.75689153004e-07 -0.0347481294123
114.825211489 1.75469895503e-07 -0.0347292313867
114.888043342 1.75251041235e-07 -0.0347103538452
114.950875195 1.75032615957e-07 -0.0346914967498
115.013707048 1.74814598353e-07 -0.0346726600744
115.076538901 1.74596999969e-07 -0.0346538437758
115.139370754 1.74379818141e-07 -0.0346350478308
115.202202607 1.74163065303e-07 -0.0346162722028
115.26503446 1.73946707704e-07 -0.0345975168513
115.327866313 1.73730758668e-07 -0.0345787817535
115.390698166 1.73515224411e-07 -0.0345600668778
115.453530019 1.73300076511e-07 -0.0345413721837
115.516361872 1.73085370037e-07 -0.0345226976445
115.579193726 1.7287103482e-07 -0.0345040432219
115.642025579 1.72657141917e-07 -0.0344854088901
115.704857432 1.72443616719e-07 -0.0344667946136
115.767689285 1.7223054094e-07 -0.0344482003565
115.830521138 1.72017841749e-07 -0.0344296260953
115.893352991 1.71805540461e-07 -0.0344110717919
115.956184844 1.71593643294e-07 -0.0343925374115
116.019016697 1.71382156466e-07 -0.0343740229322
116.08184855 1.71171050667e-07 -0.0343555283143
116.144680403 1.70960352541e-07 -0.0343370535244
116.207512256 1.70750047879e-07 -0.0343185985375
116.270344109 1.7054014112e-07 -0.0343001633173
116.333175962 1.70330642923e-07 -0.034281747832
116.396007816 1.70121520426e-07 -0.0342633520563
116.458839669 1.69912788728e-07 -0.0342449759467
116.521671522 1.6970446115e-07 -0.0342266194807
116.584503375 1.69496503943e-07 -0.0342082826281
116.647335228 1.69288952634e-07 -0.0341899653482
116.710167081 1.69081781465e-07 -0.034171667619
116.772998934 1.68875003759e-07 -0.0341533894076
116.835830787 1.6866862218e-07 -0.0341351306794
116.89866264 1.68462594097e-07 -0.0341168914059
116.961494493 1.68256980793e-07 -0.0340986715516
117.024326346 1.68051755622e-07 -0.0340804711037
117.087158199 1.67846883059e-07 -0.0340622900023
117.149990052 1.67642421722e-07 -0.0340441282371
117.212821905 1.67438323651e-07 -0.0340259857678
117.275653759 1.67234614601e-07 -0.0340078625748
117.338485612 1.67031264375e-07 -0.0339897586189
117.401317465 1.66828328929e-07 -0.0339716738721
117.464149318 1.66625728326e-07 -0.0339536082974
117.526981171 1.66423534509e-07 -0.033935561875
117.589813024 1.66221703957e-07 -0.0339175345741
117.652644877 1.66020253545e-07 -0.0338995263464
117.71547673 1.65819168174e-07 -0.0338815371839
117.778308583 1.65618457615e-07 -0.0338635670493
117.841140436 1.65418128972e-07 -0.0338456159024
117.903972289 1.65218155601e-07 -0.0338276837275
117.966804142 1.65018561482e-07 -0.0338097704964
118.029635995 1.64819342174e-07 -0.0337918761587
118.092467848 1.64620466592e-07 -0.033774000705
118.155299702 1.64421980031e-07 -0.0337561440945
118.218131555 1.64223848742e-07 -0.0337383063052
118.280963408 1.64026097593e-07 -0.0337204873028
118.343795261 1.63828700828e-07 -0.0337026870565
118.406627114 1.63631669103e-07 -0.0336849055435
118.469458967 1.63434986433e-07 -0.0336671427213
118.53229082 1.63238673245e-07 -0.0336493985704
118.595122673 1.63042722434e-07 -0.0336316730618
118.657954526 1.62847127783e-07 -0.0336139661677
118.720786379 1.62651906166e-07 -0.0335962778466
118.783618232 1.62457039821e-07 -0.0335786080867
118.846450085 1.62262508319e-07 -0.0335609568434
118.909281938 1.62068348963e-07 -0.0335433241015
118.972113791 1.61874543103e-07 -0.0335257098197
119.034945645 1.61681088962e-07 -0.0335081139787
119.097777498 1.61487982098e-07 -0.0334905365429
119.160609351 1.61295242052e-07 -0.0334729774837
119.223441204 1.61102844842e-07 -0.033455436778
119.286273057 1.60910801128e-07 -0.0334379143932
119.34910491 1.6071911535e-07 -0.033420410299
119.411936763 1.60527773296e-07 -0.0334029244759
119.474768616 1.60336774968e-07 -0.0333854568834
119.537600469 1.60146129247e-07 -0.0333680075003
119.600432322 1.59955816592e-07 -0.0333505762927
119.663264175 1.59765872532e-07 -0.0333331632394
119.726096028 1.59576269532e-07 -0.0333157683121
119.788927881 1.5938699871e-07 -0.0332983914717
119.851759734 1.59198062732e-07 -0.0332810327019
119.914591588 1.59009490019e-07 -0.0332636919648
119.977423441 1.58821236163e-07 -0.0332463692478
120.040255294 1.58633363334e-07 -0.0332290645034
120.103087147 1.5844578094e-07 -0.0332117777192
120.165919 1.58258569805e-07 -0.0331945088592
120.228750853 1.5807168019e-07 -0.0331772578947
120.291582706 1.57885126306e-07 -0.0331600248079
120.354414559 1.576989348e-07 -0.0331428095591
120.417246412 1.57513055932e-07 -0.0331256121275
120.480078265 1.57327506578e-07 -0.0331084324819
120.542910118 1.57142312496e-07 -0.0330912705982
120.605741971 1.56957444375e-07 -0.0330741264494
120.668573824 1.56772911986e-07 -0.0330570000073
120.731405677 1.5658869934e-07 -0.0330398912377
120.794237531 1.56404832197e-07 -0.0330228001252
120.857069384 1.56221292791e-07 -0.033005726636
120.919901237 1.56038074017e-07 -0.0329886707419
120.98273309 1.55855169659e-07 -0.0329716324169
121.045564943 1.55672609026e-07 -0.0329546116279
121.108396796 1.55490389453e-07 -0.032937608365
121.171228649 1.55308481631e-07 -0.0329206225868
121.234060502 1.55126902435e-07 -0.0329036542666
121.296892355 1.54945642095e-07 -0.0328867033896
121.359724208 1.54764721039e-07 -0.0328697699203
121.422556061 1.54584119727e-07 -0.0328528538218
121.485387914 1.5440380885e-07 -0.0328359550817
121.548219767 1.5422385502e-07 -0.0328190736753
121.61105162 1.54044193401e-07 -0.0328022095696
121.673883474 1.53864870178e-07 -0.0327853627309
121.736715327 1.53685885351e-07 -0.0327685331497
121.79954718 1.53507193623e-07 -0.032751720783
121.862379033 1.53328817198e-07 -0.0327349256183
121.925210886 1.53150746307e-07 -0.0327181476172
121.988042739 1.5297303424e-07 -0.0327013867648
122.050874592 1.52795575303e-07 -0.0326846430303
122.113706445 1.52618492955e-07 -0.0326679163773
122.176538298 1.52441699264e-07 -0.0326512067942
122.239370151 1.52265217324e-07 -0.0326345142553
122.302202004 1.52089055128e-07 -0.0326178387225
122.365033857 1.51913196689e-07 -0.0326011801765
122.42786571 1.51737644671e-07 -0.0325845385933
122.490697563 1.51562415951e-07 -0.0325679139474
122.553529417 1.5138748477e-07 -0.0325513062121
122.61636127 1.51212888433e-07 -0.0325347153571
122.679193123 1.51038569207e-07 -0.0325181413625
122.742024976 1.50864570614e-07 -0.0325015841937
122.804856829 1.50690870448e-07 -0.0324850438318
122.867688682 1.50517469599e-07 -0.0324685202578
122.930520535 1.50344383165e-07 -0.0324520134401
122.993352388 1.50171614699e-07 -0.0324355233498
123.056184241 1.49999135779e-07 -0.0324190499632
123.119016094 1.49826952622e-07 -0.0324025932642
123.181847947 1.49655091874e-07 -0.0323861532103
123.2446798 1.49483518896e-07 -0.0323697297888
123.307511653 1.49312236353e-07 -0.0323533229725
123.370343506 1.49141274441e-07 -0.0323369327343
123.43317536 1.48970606517e-07 -0.0323205590524
123.496007213 1.48800229027e-07 -0.0323042018927
123.558839066 1.48630165064e-07 -0.0322878612483
123.621670919 1.4846037466e-07 -0.0322715370765
123.684502772 1.48290888902e-07 -0.0322552293587
123.747334625 1.48121719334e-07 -0.0322389380707
123.810166478 1.4795283132e-07 -0.0322226631888
123.872998331 1.47784235516e-07 -0.0322064046884
123.935830184 1.47615952351e-07 -0.0321901625382
123.998662037 1.47447923204e-07 -0.0321739367245
124.06149389 1.47280196927e-07 -0.0321577272153
124.124325743 1.47112774407e-07 -0.032141533987
124.187157596 1.46945660973e-07 -0.0321253570164
124.249989449 1.46778798893e-07 -0.032109196279
124.312821303 1.46612246787e-07 -0.0320930517462
124.375653156 1.46445976235e-07 -0.0320769234038
124.438485009 1.46280009439e-07 -0.0320608112172
124.501316862 1.46114312649e-07 -0.0320447151735
124.564148715 1.45948926722e-07 -0.0320286352324
124.626980568 1.45783804584e-07 -0.0320125713821
124.689812421 1.45618961334e-07 -0.0319965235994
124.752644274 1.45454434275e-07 -0.0319804918488
124.815476127 1.45290172782e-07 -0.0319644761229
124.87830798 1.45126189288e-07 -0.0319484763807
124.941139833 1.44962498894e-07 -0.0319324926095
125.003971686 1.44799084723e-07 -0.0319165247823
125.066803539 1.44635955657e-07 -0.0319005728739
125.129635392 1.44473115249e-07 -0.031884636858
125.192467246 1.44310545735e-07 -0.0318687167187
125.255299099 1.44148263992e-07 -0.0318528124256
125.318130952 1.43986230938e-07 -0.0318369239637
125.380962805 1.43824501642e-07 -0.0318210512967
125.443794658 1.43663054786e-07 -0.0318051944159
125.506626511 1.4350186639e-07 -0.031789353291
125.569458364 1.43340954217e-07 -0.0317735278916
125.632290217 1.43180353795e-07 -0.0317577181983
