# Status file for ctqmc. Used to save all times t_s, t_e.
2
19
0.9910177333293517 0.9577543993548687 0 0
1.105734508457388 1.082681097233581 0 0
5.43991503518285 5.372485513255349 0 0
9.430397769390112 9.421464518977574 0 0
24.77128180972003 24.74591051116176 0 0
27.99998417231555 27.97729503018524 0 0
34.81388332286577 34.74891519122905 0 0
36.84251938853122 36.6834017443801 0 0
46.32455968641788 46.25361152949576 0 0
46.40801193398142 46.35010260474269 0 0
57.76671619784726 57.6097429533844 0 0
58.93086152508341 58.68587599076186 0 0
71.06409535001904 70.91596374124759 0 0
76.03005155426332 76.01004809306292 0 0
78.58572637524135 78.55058968422934 0 0
81.28445606064641 81.27630351320381 0 0
83.80055245282503 83.73565307519917 0 0
83.89530300437113 83.89294308582834 0 0
96.005769547547 95.9590931582361 0 0
23
0.787730313390739 0.8107284614785897 0 0
2.771814011612275 2.934908831469734 0 0
3.145129078828941 3.232184917441879 0 0
13.72747166204334 13.74621249181374 0 0
15.24822394729658 15.27218673052703 0 0
18.50856891507572 18.65804323682318 0 0
21.17341063081506 21.24650138222615 0 0
22.76795889177717 22.8680424907741 0 0
25.36400966357103 25.40718158168155 0 0
27.4594911100778 27.58677692702079 0 0
31.36189081639233 31.40094949973499 0 0
31.437785306001 31.51792547975861 0 0
37.32584029448828 37.37021491155173 0 0
38.13126045265229 38.34088820049148 0 0
43.26372530042558 43.27281359856854 0 0
66.6175330694867 66.63604578196598 0 0
67.97857910407039 68.12400131580428 0 0
72.61320129648807 72.63133835859443 0 0
79.54890895784314 79.59910754838936 0 0
85.1818956501052 85.19957490556675 0 0
87.56780517979472 87.62802010217266 0 0
89.70385217699256 89.75245473159458 0 0
93.96109886967808 93.98946036067453 0 0
