# Status file for ctqmc. Used to save all times t_s, t_e.
2
22
0.5826048524273897 0.7676880660235317 0 0
4.21087225263671 4.269692791187259 0 0
8.112852524568542 8.272302825775302 0 0
9.521237684128582 9.72175418160087 0 0
18.39640497934347 18.42138764815282 0 0
21.93569564839118 21.99517490298874 0 0
22.82963126858288 22.90684745697234 0 0
28.37055414970021 28.4018201623246 0 0
30.40015773540271 30.40126782657056 0 0
35.51559622116108 35.60023453442684 0 0
36.37819828575122 36.45703654666802 0 0
40.40726743464618 40.41234114499179 0 0
40.47940880053592 41.16528810259193 0 0
42.17700876468087 42.29298490746773 0 0
53.09362204545373 53.10208199117 0 0
72.08223533141512 72.14568378584188 0 0
73.2239263234141 73.23765128486613 0 0
76.35615087277854 76.38786878649019 0 0
90.44603350992112 90.53548392892799 0 0
92.0678249784481 92.07607109630511 0 0
93.10404820632017 93.14659987397978 0 0
99.15715651896939 99.19274844958436 0 0
17
0.1156564939315388 9.610958324632012 0 0
9.862712720323465 18.63676751306092 0 0
18.74807688274267 19.82294118298359 0 0
19.94951623085577 33.34792170729879 0 0
33.44029947347056 36.66261207257172 0 0
36.67565659667545 36.70324222818583 0 0
36.73452550457586 37.36790886289374 0 0
37.37931240231352 41.34315010508407 0 0
41.36263013334309 52.78716609843033 0 0
52.80470193946124 59.820414086162 0 0
59.89169325965219 72.74104628492253 0 0
72.74517777903851 72.81406109358254 0 0
72.85445168660944 75.20688693675322 0 0
75.27689233483649 85.92945568845963 0 0
86.12089220028692 94.30220289798199 0 0
94.31266582587038 95.52408489238006 0 0
95.60812392930733 99.5116068508365 0 0
