# Status file for ctqmc. Used to save all times t_s, t_e.
2
16
2.895587855496203 2.775461817352152 0 0
14.09082243457089 14.08312808648053 0 0
41.60607540836342 41.60027325247021 0 0
45.441533713891 45.30677084559368 0 0
46.12239452858538 45.891789762162 0 0
54.69221688145993 54.62265850393843 0 0
59.43305010175343 59.42369584812636 0 0
61.99931662993132 61.94879604447583 0 0
63.68197815047366 63.65634143165269 0 0
65.17149358709268 64.98940952084691 0 0
65.36121012421967 65.31036684770663 0 0
67.88538812127631 67.87875624544267 0 0
71.93604481371339 71.913352267455 0 0
89.72745385916126 89.71544205573342 0 0
91.30734678930071 91.25758440199736 0 0
93.71065879359099 93.66704944240198 0 0
18
5.236850649292221 5.244250109774902 0 0
6.506288254699145 6.63548392633358 0 0
9.263936792456917 9.264597307062969 0 0
11.09178486982798 11.18158479625163 0 0
14.72016338865289 14.73103237893119 0 0
35.00106767599939 35.04408105216969 0 0
40.27062833718736 40.27238394609113 0 0
47.04278084900694 47.07330933268155 0 0
50.98513872848845 50.98859595737146 0 0
56.65967675817409 56.70374412628739 0 0
58.14008175639108 58.15307485821758 0 0
58.44296369847608 58.64605174517104 0 0
58.92424385695396 58.99410463680339 0 0
61.70514298124284 61.82285899351406 0 0
70.91944726139567 71.03644688816888 0 0
71.0905163417134 71.13655741158531 0 0
73.21180239797042 73.23483526455479 0 0
84.75194389123385 84.90913319630189 0 0
