# Status file for ctqmc. Used to save all times t_s, t_e.
2
13
1.286558925022078 1.268339439022839 0 0
5.605119233023359 5.576478718626261 0 0
6.688343525933112 6.208859137387986 0 0
15.59228360681422 15.46647785256474 0 0
18.52883195027584 18.46526564879412 0 0
34.90365856673296 34.82870648244152 0 0
36.12432229195395 35.93271310858263 0 0
36.41797505540023 36.41255321758909 0 0
53.74838970396588 53.72649606344574 0 0
66.41673824209985 66.34796478634885 0 0
70.01487548668875 69.85229265623441 0 0
93.60806527024698 93.43592496765794 0 0
94.16558433401256 94.05487015841123 0 0
21
13.65142742946763 13.65244246622637 0 0
17.14879718272747 17.32107816230655 0 0
17.3961923050861 17.39625564018391 0 0
18.41644607855461 18.47520997801591 0 0
28.33120056326015 28.3989184845417 0 0
35.33627824647472 35.59747143885394 0 0
35.91036386022721 35.94869020463962 0 0
50.08096600102437 50.0848720852299 0 0
51.20809564863637 51.29675181769522 0 0
56.14001592418665 56.18362643919489 0 0
63.90876044443475 64.67831366008512 0 0
73.36891129744194 73.4509838127107 0 0
74.36456454311725 74.6026404614681 0 0
75.46990484949465 75.48747169555183 0 0
89.49946540128114 89.58317058739391 0 0
91.7052243076769 91.77159729936923 0 0
92.65115577098726 92.79794636757622 0 0
94.17155559920559 94.26838970468985 0 0
97.82747271443651 97.9282053501221 0 0
99.09455651185409 99.11992495956532 0 0
99.538109336701 99.626121526166 0 0
