# Status file for ctqmc. Used to save all times t_s, t_e.
2
15
1.956028829684407 2.000324449676071 0 0
4.152049549547028 4.28937059729174 0 0
17.06868733839006 17.55542670015273 0 0
20.48002990695801 20.48206283056314 0 0
42.68101199833551 42.69134936969202 0 0
43.61504128554021 43.69055571409201 0 0
44.42296793194025 44.42962181739988 0 0
45.45546232746126 45.52971408585566 0 0
51.02893614950682 51.07006096219423 0 0
63.34778684942451 63.6511632122342 0 0
70.15081439595778 70.24773765062108 0 0
71.74221818313131 71.75018114309657 0 0
83.85750794392598 83.90158161093244 0 0
93.6535323317519 93.76029372216429 0 0
94.75398696826898 94.8686930783787 0 0
24
1.517755222957379 1.385839890960249 0 0
6.857936041738682 6.807832517321622 0 0
7.464431428879924 7.450799750764805 0 0
7.953458837612239 7.908882015958403 0 0
11.99213708398352 11.98880986694668 0 0
14.15363437953185 14.06213203827347 0 0
21.75316741651728 21.60875255147558 0 0
21.75981138975942 21.75324635290549 0 0
21.92065460924255 21.86107817912119 0 0
26.89696260398084 26.82797551140842 0 0
29.44602134871155 29.44055642306425 0 0
31.86351311623243 31.78443179196406 0 0
35.8999889134783 35.84780684235258 0 0
39.30579879701098 39.26418648235104 0 0
42.8225349297908 42.80521617599497 0 0
62.49909035930531 62.38240065470575 0 0
63.16997802428473 63.01546819470234 0 0
63.20586427756413 63.1913137618165 0 0
63.9943961321686 63.97242215334192 0 0
67.73402226912019 67.68462109560087 0 0
75.0472248003652 74.89494443271766 0 0
85.56577315336219 85.52112024755216 0 0
90.67926637725317 90.67393884384951 0 0
91.61127993194644 91.52043030188794 0 0
