# Status file for ctqmc. Used to save all times t_s, t_e.
2
17
2.736368809550726 2.709945056599442 0 0
4.78546441578723 4.710231142778974 0 0
11.08414175714218 11.03494288056627 0 0
12.06884587189658 12.02421090345882 0 0
27.43848981845638 27.36923078426082 0 0
29.59028628285603 29.20467198981954 0 0
31.06440857102661 30.92582857806655 0 0
38.444018598932 38.42755379632943 0 0
45.90987792087468 45.80115005533991 0 0
50.88561417782527 50.80522333650012 0 0
51.06739381986032 50.92163716720515 0 0
57.16319053385331 57.04550607585911 0 0
62.1320383046755 62.08414875599366 0 0
64.14853951182846 64.14158774151809 0 0
78.54278136086421 78.41167616091879 0 0
79.13743774298069 79.06550571725109 0 0
93.32498330267616 93.28087909376681 0 0
23
5.092690464326995 5.130393300499038 0 0
8.570172539744149 8.630657445051174 0 0
9.849848764100324 9.890892806619181 0 0
25.0490242378786 25.16395947324063 0 0
27.5119756090581 27.75487408474189 0 0
28.05252718758662 28.12655859214684 0 0
28.60653374863224 28.62146323242517 0 0
29.1946010211393 29.39511874926196 0 0
41.70846017604143 41.85940941641773 0 0
45.70332726363355 45.98706819149719 0 0
46.108188872625 46.11173631613373 0 0
49.80728576448941 49.8486182580552 0 0
64.51092045894461 64.57455574147707 0 0
66.943819934852 66.97267284377826 0 0
71.52209636472637 71.58646123552663 0 0
75.88747106248724 76.00774289509103 0 0
77.37489119150608 77.45281677799225 0 0
85.18020095531554 85.21452062841968 0 0
86.33576227960774 86.451086712671 0 0
87.15585868250902 87.21256278765739 0 0
90.80024181324352 90.90819585322753 0 0
92.07963635199305 92.14904096052047 0 0
95.5487735402366 95.56635264021412 0 0
