# Status file for ctqmc. Used to save all times t_s, t_e.
2
20
7.00940473663228 7.061308695155673 0 0
8.519308903780557 8.541543379158222 0 0
8.551632806563688 8.85582912279032 0 0
18.11160284700722 18.14766380318333 0 0
25.75971221234518 26.19506670631229 0 0
27.8590864128286 27.95850493570708 0 0
30.96787042142969 30.97361508579926 0 0
33.26392526731983 33.34789724042178 0 0
48.29826363855661 48.32867031326138 0 0
54.22023482719694 54.86142888415588 0 0
55.5768500510904 55.66833016989305 0 0
61.22671574144703 61.25061959770935 0 0
70.69970789094138 70.76163211497912 0 0
78.9098780801973 78.94324553999358 0 0
79.01601008431086 79.14949680527978 0 0
81.99030545086784 82.03518000756853 0 0
82.4907937882666 82.52513970227035 0 0
82.65705078333474 82.81773676884021 0 0
85.07013127294313 85.65506580412696 0 0
86.58626986687503 86.79962520057204 0 0
30
1.310959796619841 1.232833165973915 0 0
6.131391763878621 5.950246634922987 0 0
7.743519460948232 7.599052063530918 0 0
10.89559439105427 10.58576297783066 0 0
11.30557166352542 11.1400014971399 0 0
13.65144680013931 13.59387967019838 0 0
16.80759117630116 16.53036846512875 0 0
20.32866986773686 20.31329332720674 0 0
20.74993911330534 20.69003847981497 0 0
24.41637558081056 24.31569984524535 0 0
26.22361196858936 25.62067641531074 0 0
29.95722247714214 29.92158383036325 0 0
32.1764998133669 32.12222013451356 0 0
32.52207835236002 32.49512386533986 0 0
34.85401980956813 34.83538853834072 0 0
37.63626915908139 37.60477663585957 0 0
39.53238047040396 39.46871576095661 0 0
39.76147245261431 39.74525423584046 0 0
40.24299542254366 40.19746690329569 0 0
54.75152685401932 54.38861719084841 0 0
55.2054278759742 55.14257669113955 0 0
63.07089440974487 63.05217064406584 0 0
65.17018175465199 65.11810770346527 0 0
68.37670656904176 68.29696324116313 0 0
71.41014385288227 71.40646442139216 0 0
77.9664743833368 77.51386767978589 0 0
80.37895473396325 80.30667162344885 0 0
98.16293467689333 98.15624872332285 0 0
98.21922796611094 98.18103344058903 0 0
99.94004264431878 99.89548556047131 0 0
