# Status file for ctqmc. Used to save all times t_s, t_e.
2
63
1.322126776777839 0.4424977156997585 0 0
3.366916161711385 1.930057382562125 0 0
7.765033526235491 4.233292413737081 0 0
10.17650905657013 9.476605988524424 0 0
12.31594383839015 10.32642389249048 0 0
12.80258410081285 12.32349843059924 0 0
13.78460735546633 13.64442449247836 0 0
14.89716737557154 14.78810754497318 0 0
16.12363473905576 15.28410339740982 0 0
17.49537443054597 16.28467879866908 0 0
19.85088347375524 17.82184476051039 0 0
19.87253155915623 19.86088145697791 0 0
22.80972640581478 21.07348565014454 0 0
25.30159345779446 23.59608281838618 0 0
26.20346759478462 25.71641339488347 0 0
26.89169840835575 26.49749312108446 0 0
27.39833945847725 27.3199856274552 0 0
28.71498460073598 27.81285735563732 0 0
29.43573281069568 28.8285265692146 0 0
41.61080195966548 31.1414739772162 0 0
42.57192227521411 42.47820333839059 0 0
43.96172387335756 43.59268932765428 0 0
44.63586069229761 44.50693497920037 0 0
45.82648717450731 44.78004570289555 0 0
47.10903903502203 46.60183047648263 0 0
52.27535595332205 47.64993063525291 0 0
52.97240207295836 52.65921759534808 0 0
53.3417308030551 53.31761172524506 0 0
53.77385105287847 53.44845872922177 0 0
54.00338050535068 53.78163222494801 0 0
54.97853431514688 54.12380198737709 0 0
58.5352215403791 55.51270987650569 0 0
60.73727040591017 60.66661073084587 0 0
61.38263150289993 61.28603169847086 0 0
62.93343731381664 61.73469187905234 0 0
64.7103129305429 64.0937690348748 0 0
67.01812364961461 65.30884294543301 0 0
68.37706819215497 67.61954513989231 0 0
70.1958859523143 68.97905548108091 0 0
73.32917305824785 71.91847971447645 0 0
73.8422403318359 73.3511031578942 0 0
79.89316692533288 74.58039571311443 0 0
80.304600314384 80.0151696751857 0 0
80.93808735404953 80.59401203013087 0 0
84.33557560853531 82.63515115137675 0 0
86.66133992198658 84.45439616077498 0 0
88.00042414694265 87.86634904075784 0 0
88.61466566861077 88.14816808784462 0 0
89.31174166967503 89.04019082190248 0 0
89.51425490338052 89.50380887180475 0 0
90.66672135799256 90.01193873718988 0 0
90.98403546645483 90.6807245177587 0 0
91.45051262735343 91.11116545029469 0 0
92.12814183078312 91.52049765124832 0 0
92.55003113373684 92.27156839040856 0 0
92.73468326420117 92.578199125353 0 0
92.94828000565684 92.91713974498822 0 0
93.2282414656385 92.99212496556065 0 0
94.0177969386358 93.82263429919882 0 0
95.26130820883569 95.03248598544985 0 0
96.06927550734545 95.87998867874136 0 0
97.87824037810537 96.22607105736294 0 0
99.68253998855292 99.51556200084315 0 0
66
0.8601218487048072 0.9982932833250402 0 0
1.024046627433346 1.239612404753882 0 0
1.249955038585775 3.241209362041812 0 0
3.664547423583439 4.165745983629967 0 0
4.640173348059474 6.957783248105971 0 0
7.126538521602108 8.261191071628728 0 0
8.326458167004708 8.584994902724446 0 0
8.646239788029193 8.658525962299553 0 0
9.921433460140992 10.45931429419661 0 0
10.72866221480021 11.01229553376018 0 0
11.3442184592479 12.51710169745119 0 0
12.66365460041594 12.8592876354301 0 0
13.84024200056304 14.00585588319946 0 0
14.65773214560032 14.7268094778285 0 0
15.31754237660867 15.63349536599874 0 0
17.22681728271578 18.69744616227392 0 0
21.43513474801187 22.54528199573583 0 0
22.7820655223482 23.9151468967808 0 0
24.56689179090536 24.63241790925952 0 0
26.0009550630863 26.11894207783157 0 0
26.83708966558187 27.44695336036475 0 0
31.03052205864844 31.70127561870438 0 0
31.97424997064034 32.61886446415204 0 0
33.1399322836934 33.52413239453732 0 0
33.82309088770955 34.39447483145828 0 0
35.24667276948749 36.48723718064007 0 0
37.17709831777647 37.18333071572443 0 0
37.61974613318926 41.48837163849374 0 0
42.71186284374431 44.17673084429075 0 0
44.21383185772036 45.20131502218403 0 0
45.27534888937125 45.53035727320749 0 0
46.79442217749718 47.44862195003568 0 0
47.69616747016219 47.96138490633635 0 0
48.78725308558919 48.96450782676283 0 0
50.07116969800342 50.79175146337408 0 0
50.80381473631475 50.84757165675138 0 0
52.6026592158462 52.85331097624057 0 0
54.44162626814648 54.75539646983833 0 0
55.23179105943522 55.65476798442866 0 0
56.35976678863509 57.13718869141334 0 0
57.16010264602164 57.68818943241026 0 0
57.95884232950371 58.87467806879304 0 0
59.47742762994951 59.76186604359836 0 0
61.28132821972738 62.70105726198676 0 0
65.26162713513652 65.92090656333424 0 0
68.6472985193532 70.52854934038201 0 0
70.64002862976137 70.69802753522197 0 0
72.26229918390152 72.88335659694185 0 0
72.98912094023044 73.22955441416066 0 0
74.1496287759192 74.74693379326234 0 0
75.87749070315742 76.69746970249102 0 0
76.71136494170133 77.09768389976844 0 0
77.12217598377755 78.65515282657603 0 0
80.86196570427002 80.9995139877893 0 0
82.79566703476196 83.45244429120514 0 0
86.0323668050841 86.91970597704278 0 0
88.29143276155582 88.79293780699679 0 0
89.14729102690215 89.47696781408234 0 0
90.30791208602344 90.89779914083712 0 0
90.99811901444997 91.60958107127429 0 0
91.92801985847787 92.04214631046611 0 0
93.54098372526589 93.60179923324054 0 0
93.68093179187191 94.26239597624951 0 0
94.65651299828514 95.23080997749868 0 0
95.35345176866605 95.58179245210339 0 0
95.91972516772049 98.43276238736902 0 0
