# Status file for ctqmc. Used to save all times t_s, t_e.
2
63
1.506558117247081 1.653692599379487 0 0
1.799517708707834 3.670339728252705 0 0
3.950732165335098 4.471773409208486 0 0
5.030619684397648 5.876228190126293 0 0
6.141043757897481 6.960595112295507 0 0
7.739937805865758 9.567685747834416 0 0
10.35440165676267 10.39355870657587 0 0
10.6641274308753 10.85779496752363 0 0
10.96757900507725 11.17427968441152 0 0
13.1287285623277 14.87103752467769 0 0
15.16485441951466 15.37509836715136 0 0
15.97844531868892 17.03672855671897 0 0
17.38452482489855 17.49343544632482 0 0
17.66840261578951 18.20018478845738 0 0
19.24652898854071 19.53487403874943 0 0
25.63616740049483 26.98242924290723 0 0
27.36826109302966 27.49216210682669 0 0
31.08076488501426 31.81230578670605 0 0
32.93084991545906 33.13479600292985 0 0
34.01762995321853 34.52384472717958 0 0
34.6526576549617 37.33043134925815 0 0
38.12549101488813 38.16325501288884 0 0
38.20535494233033 39.37502592465226 0 0
40.87975402460697 40.97017755844309 0 0
41.13323328898082 41.60631478009833 0 0
42.64554347444938 42.81104563763547 0 0
43.33136034369554 43.3645137820513 0 0
43.56362299145884 43.92684882076909 0 0
44.24100547193355 44.46531735405107 0 0
45.11681759694432 45.31921902664972 0 0
45.32883859218693 45.64634192496739 0 0
45.83433990455209 46.57601046926033 0 0
46.71704601820893 48.08025224591176 0 0
48.12256215470669 48.74582754962501 0 0
49.38765480090396 50.61887167856767 0 0
50.66285641358224 51.05914299794852 0 0
52.1577734360467 52.62955427154619 0 0
55.19451058999547 55.6277121664954 0 0
55.76217291371918 56.44175437893609 0 0
57.64690116431703 58.51296216231847 0 0
59.4083433818224 59.53613873580803 0 0
60.40843922095456 60.48179136593205 0 0
61.29589840470865 62.88183045476455 0 0
64.48586329836229 65.62892210370113 0 0
67.01939270001391 67.50413373423794 0 0
67.62935462098939 68.02674438072366 0 0
68.52366525413204 68.8953798317778 0 0
69.40052409207486 70.940647521088 0 0
71.15878982366385 71.28331646570832 0 0
75.29115170145478 75.82283153379522 0 0
76.53551297106797 76.54304722451937 0 0
76.83258429947864 77.40380747949035 0 0
77.7443425077288 79.17336424818282 0 0
80.23211942402276 80.61194480233887 0 0
81.30786050418865 81.85226231015619 0 0
82.49181653691997 82.50417634697162 0 0
83.26280932603633 83.31194461609918 0 0
84.0885755032316 85.12047929351066 0 0
85.16616284701432 85.92831407581295 0 0
86.75849486147156 87.46425336726617 0 0
88.36123109763903 90.30731219908415 0 0
91.56807716522111 91.6431483136333 0 0
92.66269052440116 94.21166863929069 0 0
62
0.01898901928522889 0.08243066761497309 0 0
0.7759699388377279 1.098612219203701 0 0
1.348381087367098 1.441848811813303 0 0
3.804178542698962 4.651987242158164 0 0
5.600351677977231 6.036998720918892 0 0
10.5740192986217 11.4276384803851 0 0
12.53830210800029 12.57379540442171 0 0
14.73311502848512 15.39759358523471 0 0
15.51958524284916 16.58094201290228 0 0
17.26009889302716 17.40815788610125 0 0
19.13320475721639 20.07727105492632 0 0
20.17201168506633 21.14079842263978 0 0
22.45937325862196 23.12407752965112 0 0
23.14058805380392 23.42490904256788 0 0
25.0101926052732 25.80410859264542 0 0
26.17792773719601 26.29098772878675 0 0
28.69972610649068 29.92950912129701 0 0
31.80279461124499 32.46528447229082 0 0
33.51403348232987 33.75041439690053 0 0
33.93234986785144 34.02786506404202 0 0
35.77473828002991 36.6282712795393 0 0
37.21329662388263 38.01426709485212 0 0
38.41621631269668 38.87285572245116 0 0
39.93015155537186 40.30753945680271 0 0
42.08513307209866 43.09540455048486 0 0
47.38243569070229 47.61599219758571 0 0
47.73351717166043 48.423347439418 0 0
48.90829093920934 49.94457998907588 0 0
51.16326322938993 51.19221271522923 0 0
51.50487133071947 53.01926169211495 0 0
53.25639131459046 55.2051690466163 0 0
55.52961460980406 55.59646297414737 0 0
55.71148580327171 56.42999725496398 0 0
57.18450753305556 57.18712320359425 0 0
57.26471260168307 57.32117282454214 0 0
59.90514386928632 61.34865190277588 0 0
62.34597712405093 64.16465698566741 0 0
65.79996114054912 69.60775379946925 0 0
71.15181797083628 71.75740076379903 0 0
73.01080141789875 75.22035896243591 0 0
75.5084743417945 76.05468605367977 0 0
76.68778520667846 78.35317652403843 0 0
78.54110402466029 78.667904691023 0 0
79.38985372229529 79.8524436474606 0 0
80.00611392243719 80.32191485856652 0 0
82.89781286277368 83.52326276959971 0 0
84.16965184918823 84.48816077235414 0 0
85.5576989558449 85.84099717433524 0 0
86.08721892879933 86.13498838418893 0 0
86.28782464052668 86.47332520037577 0 0
86.72572132236182 87.13483746308326 0 0
87.27797781999007 87.73872908793548 0 0
88.98171356707955 89.32602134565832 0 0
89.56031236156454 89.80515331098903 0 0
90.71070805039022 91.226137291402 0 0
91.36586761622966 91.47644292787091 0 0
91.59144706726511 92.00553550235695 0 0
92.96532006932964 93.53641796427706 0 0
93.54213350313609 94.1444404067653 0 0
95.13585135367006 95.16520198661314 0 0
95.86350262004295 96.43699879151679 0 0
98.81429491348943 99.23966371612703 0 0
