# Status file for ctqmc. Used to save all times t_s, t_e.
2
59
0.9721947409838094 1.278218078958744 0 0
1.850204162469571 2.136525394531447 0 0
2.212242817430341 2.347946484852244 0 0
2.677043541440872 3.783676829955981 0 0
5.112337902189864 5.797593878648628 0 0
5.914114303547211 7.986237441255617 0 0
9.570515840583287 9.968384100239744 0 0
9.977462531271472 11.33755071772315 0 0
12.26065681047524 12.61979099565419 0 0
13.06370642503838 13.08910038820715 0 0
14.55332221891091 16.27930626558167 0 0
17.1371885916599 17.74426344302017 0 0
19.74511072528469 19.7661036175383 0 0
20.6139868246746 21.22824313772853 0 0
22.50220084859293 22.80644520724412 0 0
23.93032379315514 25.33067739700903 0 0
25.7588868049458 27.40271985355136 0 0
27.5577340586532 30.06533266763049 0 0
31.13404935913385 31.47670638988981 0 0
32.1218837671661 32.19794576225168 0 0
32.69360430879166 33.58037960271004 0 0
34.6148561127756 34.99591040153459 0 0
36.50896120433733 37.5078390874342 0 0
38.46173010648374 38.48777305294156 0 0
41.88776368419753 41.93773953327558 0 0
42.31035997099849 42.42996138878266 0 0
42.76651944598346 42.85096065515856 0 0
45.90751866854072 46.85942824856006 0 0
46.90338435157989 47.52290678268544 0 0
48.01575182750612 48.9114999873108 0 0
50.27458567970392 52.02502245489277 0 0
52.43550709175325 52.64344797146133 0 0
53.19636932216051 54.80144751112018 0 0
55.1332499207051 55.53570868593794 0 0
55.59132105618391 55.9204243775816 0 0
57.28959559080792 58.18238247013011 0 0
58.64664479931839 58.810500956144 0 0
59.29245780569662 60.44626762003553 0 0
66.19757339515631 66.21317400427255 0 0
67.49015327015118 67.61566928967538 0 0
67.81154950109537 68.04698274909242 0 0
68.19546024499536 68.76235536191732 0 0
69.86172515678371 70.77458916005357 0 0
71.21874862007866 71.80133747745708 0 0
72.0978567539254 72.20228336118265 0 0
72.27265330785927 72.64688505668973 0 0
72.73323269972545 74.42117609961765 0 0
75.25486825902269 75.38578507089012 0 0
75.6026903786377 77.46775723847502 0 0
77.96479250159587 79.60072843817467 0 0
79.60239825928582 79.82830770796197 0 0
80.35833249216613 80.90247012394248 0 0
83.35706630846641 83.86643174546533 0 0
84.4656993701132 85.33488448468687 0 0
86.2910936858726 87.39109035341822 0 0
87.67242950626708 89.55522554683866 0 0
92.70396236933877 94.22310247751923 0 0
94.92805768373765 95.32763314118111 0 0
97.36422124444896 97.47700422141924 0 0
54
7.980460533780107 0.2699506643613745 0 0
10.22775659951176 8.533579453584423 0 0
17.035666721078 10.7596365338548 0 0
17.57613561992216 17.18010526777266 0 0
21.23911486022313 20.82147924420185 0 0
22.90599606337702 22.79994415046808 0 0
22.96495266135154 22.93423066422995 0 0
24.93001170284343 23.1109071566656 0 0
25.66004962420958 25.07357666748292 0 0
25.97533154443345 25.67654236005576 0 0
26.28010645301665 26.01373763439636 0 0
27.35677441012279 26.30600649240094 0 0
28.0367700420162 27.69242035962705 0 0
28.85857952439485 28.18622289984904 0 0
30.74950775963778 28.87919353482371 0 0
31.16128738127472 31.09908564590752 0 0
37.92227555648403 34.25905856081092 0 0
38.93948998144682 38.46337708495185 0 0
39.79226367484073 39.7573701380962 0 0
40.31865856624306 40.19530367596795 0 0
41.84706221916957 41.424086317463 0 0
45.08451486530755 42.75693195440294 0 0
45.8990247519217 45.68378720300446 0 0
47.55269834125366 45.91973211822246 0 0
49.68043456178557 48.86455779044642 0 0
51.33013598206006 50.69287447047535 0 0
52.43806451952052 51.97015120792332 0 0
54.06903965531225 54.02149684977876 0 0
54.22903920662141 54.17844268416025 0 0
57.0820931970994 55.15138090307695 0 0
57.75366381376654 57.59733440529507 0 0
60.74034751257189 57.86243828803658 0 0
62.27098773542139 61.90019706051893 0 0
63.76640349642224 63.38075548605738 0 0
64.71991904493086 64.14880006149447 0 0
65.05043839717631 65.03123881743807 0 0
66.7641326074975 66.69796649880324 0 0
69.74752652806585 67.7387586297436 0 0
71.68930719055585 70.45498074183494 0 0
72.4980829349076 71.98548364218594 0 0
76.7013446136713 72.80668532120826 0 0
82.59318117585023 77.43475203119169 0 0
84.20186828076423 82.96853669485176 0 0
85.31946525119113 84.82494856673942 0 0
87.15125152571908 86.56294732067381 0 0
88.70677480798315 88.22704788502951 0 0
90.89375239204962 88.77430131989124 0 0
92.103828607355 91.26551194075121 0 0
94.4726992884283 93.03974807442731 0 0
95.12363405619107 94.62632497024383 0 0
95.48846335006304 95.47064942628218 0 0
96.31893520931798 96.0849286002418 0 0
98.48292126873322 96.40673682939439 0 0
99.74649470009193 98.77856383294115 0 0
