# Status file for ctqmc. Used to save all times t_s, t_e.
2
48
4.521854594188594 4.868468074315112 0 0
6.620565673991316 6.624034502276227 0 0
8.361573416457363 8.627579815006586 0 0
9.045739231131556 11.35026552598411 0 0
16.84600943459252 17.1632493602657 0 0
21.94287667210807 23.24227325920716 0 0
23.37941314350561 23.46121622095838 0 0
23.88792238469978 24.52108298489955 0 0
24.80740070030426 25.28791675885478 0 0
25.32628809209786 25.39054893493483 0 0
26.05541130625807 26.91842372558552 0 0
26.95781173509961 28.45031041852725 0 0
29.96129863200924 30.1467548921607 0 0
30.40252216183782 30.70867066123508 0 0
30.78157415758647 31.38600549628676 0 0
33.27531387922764 34.21043993794436 0 0
35.65481941080726 36.22686686331458 0 0
36.65584821410443 37.15637515287919 0 0
37.58543135800699 38.10859872849855 0 0
40.38253052077533 40.40239317635282 0 0
42.79776797088028 42.85453789853817 0 0
46.6695894106098 47.13888041773193 0 0
50.0087438051748 50.1053583644471 0 0
50.38889980106175 51.43779941070012 0 0
53.84775689665014 55.60550673489421 0 0
56.55317569119064 56.77573396843373 0 0
57.41140374511577 59.18673163615919 0 0
60.11440274538074 61.88817407478008 0 0
61.98475099853326 62.38570167270509 0 0
63.95520138064175 64.87984520490699 0 0
66.14349166579703 66.84609490992015 0 0
66.91570108556058 67.06309198917378 0 0
67.2235804159606 67.39138843052893 0 0
75.527846818196 75.97114574608372 0 0
77.03223053337757 77.28509811735049 0 0
78.74801039603364 80.30200931088406 0 0
81.38770494003195 82.31880130340305 0 0
82.35729267826663 82.3683541679584 0 0
83.01971566024775 85.6822838822202 0 0
85.78727945659971 86.64808552935452 0 0
86.76152395728965 86.92882883953325 0 0
86.9820378156558 87.51033310127377 0 0
87.9012843625473 88.30889529255766 0 0
88.90052763768239 89.4302377776504 0 0
89.71330608644706 89.88497971162647 0 0
90.4016143936758 90.79862270041622 0 0
92.23652613487043 94.41549339324713 0 0
94.89248422145003 95.79656875784919 0 0
77
0.5589487355774736 0.7577294629356238 0 0
1.146792601965783 1.557455112396383 0 0
3.341714310326104 3.609246655562924 0 0
7.245595875861366 7.567837514554964 0 0
8.858910855723469 9.250141270510996 0 0
10.12504309684458 10.13744387654743 0 0
10.19370283340372 10.77251610609405 0 0
11.38141455235661 12.248411213659 0 0
12.62078119736972 12.71735355056611 0 0
14.27461388358654 15.461115628881 0 0
15.47152100228823 15.50020595829808 0 0
15.56096921262002 15.83916280105796 0 0
16.11775023152637 16.51101562742599 0 0
17.6174912899406 17.79432824116395 0 0
18.34635899065135 18.77377207009323 0 0
19.12319192821405 19.85509903792447 0 0
20.06014630691717 23.24984338786634 0 0
23.33379678349909 24.11989797600679 0 0
24.71675745822411 25.01682495573339 0 0
25.10740872691843 25.56272796417866 0 0
26.45994313433009 27.53648659870959 0 0
28.03820717102167 28.2410640444338 0 0
28.49784033161607 29.68512249911518 0 0
30.13491182223789 30.14338284715354 0 0
30.20312948406583 30.58765289343563 0 0
31.86254497308269 32.39906814462122 0 0
32.40995500229013 33.20998971283327 0 0
33.91564596356217 34.2690936725458 0 0
34.8523552459013 35.08780944798212 0 0
36.02537496957869 36.18266265602374 0 0
36.72606475949189 37.04862029365886 0 0
37.52130164856959 38.25816675538406 0 0
38.34609255954508 38.71709974376617 0 0
38.87493848209514 39.14465363483793 0 0
40.77615956269111 40.79106442533919 0 0
40.79317852918804 42.1724909358963 0 0
42.39141676904383 42.48277433905101 0 0
42.97019808555042 43.56083571978487 0 0
43.87194080179537 44.58647704556142 0 0
44.74974567807315 45.76281901932914 0 0
47.25349359111053 47.30506376880392 0 0
47.43251527483936 47.56946120737906 0 0
47.58284440486241 47.82320005645123 0 0
48.00811455348089 49.16099893700143 0 0
49.27656730325817 49.98524488214901 0 0
50.03866959188885 50.11057681439226 0 0
51.36028643913776 52.60663142601165 0 0
55.40023536800122 56.57207439173634 0 0
58.50242109703216 58.51131942319084 0 0
58.51217700849824 59.79827752689678 0 0
60.05175328599568 60.14905726546894 0 0
61.02795342603996 61.14714342840616 0 0
61.87683502237984 62.00678643077818 0 0
62.00888775814654 62.01938150074403 0 0
62.31096609553747 64.06015818569014 0 0
64.89688026515817 66.02909885045065 0 0
66.66549802519835 67.63669043890259 0 0
68.09806395036532 68.21495453685888 0 0
68.23585265944317 68.42213845400254 0 0
68.57110050761177 69.9872316003856 0 0
70.57917433744511 71.63170719437255 0 0
72.21941256787879 72.33140539661346 0 0
74.32577548843733 74.86376591909284 0 0
75.02676844216323 75.17205264064616 0 0
75.38576691431778 75.54604633803947 0 0
76.41189522699078 77.45625839425718 0 0
77.91653926675545 78.90152860475362 0 0
83.17019269444283 84.1471570592262 0 0
84.60329356410176 86.8282813617146 0 0
87.23708107838611 87.30811675806774 0 0
88.25000337726085 88.73452506451719 0 0
89.60266861109638 90.19464524605198 0 0
91.62498732745216 92.18131547443252 0 0
92.21699159173269 93.10783965062252 0 0
94.26021276795706 94.32747875631942 0 0
95.0338574534909 95.22738296935763 0 0
96.68686551554585 97.5102754117879 0 0
