# Status file for ctqmc. Used to save all times t_s, t_e.
4
19
15.59444620151695 10.3703191638515 0 0
16.2951525968378 15.84057830134347 0 0
17.62214799148119 16.68991445581933 0 0
21.1893545935626 18.31288686088951 0 0
25.22304273832177 23.05740678578128 0 0
44.46780441445286 44.16531115375984 0 0
56.90000939922114 56.69079272534722 0 0
62.01853754878903 61.92735456768106 0 0
63.6706007258958 63.5241685801949 0 0
66.46762331182158 66.13065097923878 0 0
71.69701082662704 67.37300351379344 0 0
74.56740069055238 73.46204792950675 0 0
76.29709092862782 75.65356912467227 0 0
78.97172161388811 76.71007936310338 0 0
81.38444430551399 79.01741263979572 0 0
84.20792180621496 83.40912365104485 0 0
85.31295570568565 84.23674378539165 0 0
94.78809500001174 90.27415484099119 0 0
98.89597299270932 95.45904684496692 0 0
20
0.2007986812913316 0.8551219112314665 0 0
1.601945390055634 3.747266366507961 0 0
4.493989269463055 7.16570587243642 0 0
8.843869234054024 9.579657192907538 0 0
9.761669744902392 9.908762289980979 0 0
19.62526646815022 20.44384367261025 0 0
23.3211823308139 25.29244355446209 0 0
25.60070264770936 25.93113822437622 0 0
26.99621585497244 28.51760025035703 0 0
28.9506012861383 30.20374759769569 0 0
35.91753528182105 36.05698517286429 0 0
42.49884029701644 43.48437430359105 0 0
43.83692988023485 43.97021650445743 0 0
51.8621209962861 52.08966803463171 0 0
52.32236351029422 52.42423708752449 0 0
75.58491849426403 75.61084721388571 0 0
87.01945785065523 87.68700305527565 0 0
90.9630891130721 94.07170671866966 0 0
95.19224174175876 96.58304873935775 0 0
96.73984938966314 99.22249153924466 0 0
13
0.4416724915537557 6.440101944311996 0 0
9.668991213859986 18.18086173408066 0 0
18.47856540770268 26.99810660176389 0 0
27.44537192423922 32.63140424434968 0 0
34.69812594754831 38.25100236946425 0 0
55.80509571588794 61.12856369616256 0 0
63.23001110859791 65.1512783365589 0 0
65.77893828516849 66.47224513513488 0 0
66.48443120488736 81.6768783688762 0 0
81.89976097057004 86.32392916561305 0 0
88.63863571997442 89.47883764001702 0 0
90.17762186151532 99.43236521980316 0 0
99.56695587803917 99.62095098621704 0 0
18
2.470479551884075 2.762872406601595 0 0
4.027531314253808 5.020861543255926 0 0
11.07835086606437 13.20547943032856 0 0
13.3807188282163 19.2794100928577 0 0
20.14969077338431 20.20562847652987 0 0
21.72424424736349 22.06562268034727 0 0
26.05879197646092 27.17487660773383 0 0
30.84573926410518 33.28045928829539 0 0
40.50309586899714 41.15748916284101 0 0
41.37936589787638 42.4635597419967 0 0
48.33116716357876 55.18751502592197 0 0
56.17817370223359 74.68101595966984 0 0
75.04418555876387 75.52519160883536 0 0
76.03514684065334 76.10026721910833 0 0
78.02717044954402 84.74891659863425 0 0
85.12074888544539 86.78602065789475 0 0
87.44670729961014 90.25780515835214 0 0
90.26111885598667 90.29980582775306 0 0
