# Status file for ctqmc. Used to save all times t_s, t_e.
4
28
0.2937065586342433 7.070099743191818 0 0
7.869717209919751 8.951787955132191 0 0
9.937005824247382 10.80937740256245 0 0
12.10049182668117 13.58987320611888 0 0
17.28659614009676 18.84120076118319 0 0
22.0466681154188 24.72539936746038 0 0
25.21301337632304 25.34393666734838 0 0
27.72507616442713 27.92641500440907 0 0
28.52678245203102 29.48444175201017 0 0
29.9155393203817 36.95366430769232 0 0
38.1179490389373 38.43830583728957 0 0
39.11977321600008 53.96842647724163 0 0
55.79864870966645 56.6379827857883 0 0
57.43452288796237 58.33405920352237 0 0
58.48106812891012 61.85260966871444 0 0
62.36603119725621 63.68000147957551 0 0
65.06755335261326 65.21325674414834 0 0
66.33327992565745 67.35000415699177 0 0
71.24415153195353 75.23200626864963 0 0
75.36117739919784 75.57228401684281 0 0
76.95048337843085 78.78654529318318 0 0
80.28616745637626 80.3872685554048 0 0
81.31702608555509 83.01559651975856 0 0
83.08537022062363 87.63213616145248 0 0
88.27129081934622 91.88981342717013 0 0
91.95560730906976 92.05598019467017 0 0
93.14184581184384 93.23438499870484 0 0
97.85032321693345 98.98691878257962 0 0
18
1.4801398866716 3.549675510217824 0 0
9.744116122484302 9.751241344154868 0 0
14.18457695904252 15.18256268743587 0 0
21.61422573214395 30.242426366249 0 0
30.42121325654369 31.6089662100041 0 0
39.60703711022363 39.79680806392759 0 0
43.93848573006782 44.0103802595236 0 0
46.07378884417021 47.84357002384817 0 0
49.25792550468873 55.25734138902523 0 0
56.41341693343619 58.52908730724896 0 0
62.71876240426133 68.0404794060391 0 0
70.20069687065187 77.10335695834701 0 0
80.08668930052099 80.1008166806298 0 0
80.44386149471612 82.7297977555876 0 0
85.0628560968 86.31807266494752 0 0
87.30586719684003 91.80682657395312 0 0
94.17020346526766 94.65835748351633 0 0
98.26288657534131 99.4582717434306 0 0
18
1.27197792053185 0.1804510396088403 0 0
3.481320432618845 2.082523883107443 0 0
4.996546719030552 3.902540206299593 0 0
5.235725912375989 5.145759881719208 0 0
22.86954780461351 22.4346799377843 0 0
27.86915806008957 27.59075212826736 0 0
33.34155924863012 30.37748664947993 0 0
41.07311550687018 40.36754330182411 0 0
44.64728912735571 41.98303254903023 0 0
49.38855226157426 45.48898096633597 0 0
59.05491146113131 58.59499123932363 0 0
61.96454207856743 59.06027537357031 0 0
62.80944354990437 62.03312344091102 0 0
73.7496091726692 72.39783414607405 0 0
75.88388558317685 74.29145187874485 0 0
82.85950392248131 81.53193378101599 0 0
88.71568845340961 88.43988887905424 0 0
90.5849125120002 89.08024159612269 0 0
19
3.843312097712484 5.774178757482096 0 0
7.647854890600247 8.828698440023974 0 0
12.69215882704343 12.93989038499648 0 0
15.52025749488799 15.98727293361084 0 0
20.47084369995367 21.18988022922585 0 0
32.93794316118999 36.09605539857744 0 0
36.59986328843453 37.39665949167528 0 0
37.46269702836611 38.48837129423762 0 0
39.76018457310266 43.58975830476638 0 0
44.27409258408156 45.21981533952184 0 0
50.27348071760942 50.67211336918159 0 0
59.11536559497514 62.08209068559486 0 0
62.32105125203427 62.35969808936828 0 0
68.79808013797692 69.31475622679613 0 0
71.9232173395396 72.38723119874466 0 0
78.84050693705179 79.846496576764 0 0
84.44315855537033 85.0574882672082 0 0
94.59877062808279 94.88954842475668 0 0
97.19934197436621 98.32899386516301 0 0
