# Status file for ctqmc. Used to save all times t_s, t_e.
2
54
0.9968313242008706 1.587954565588232 0 0
1.935171728559039 2.263078892304021 0 0
2.320024489620542 2.74551417083659 0 0
5.774339424330196 5.89753120196208 0 0
6.102768619826449 6.987243973982909 0 0
7.165043822913937 9.29984390788119 0 0
9.601282593967019 9.688093095352022 0 0
9.826002429065179 10.01861159750396 0 0
10.21003102907583 10.30972228097759 0 0
11.79681928871279 11.98923711521087 0 0
12.12331398555815 12.28771046396883 0 0
12.89253171939255 15.39348526232382 0 0
16.83301486091624 16.93398989474981 0 0
17.34697046973423 17.35301209414831 0 0
17.91169681561567 17.94330515192553 0 0
19.39416314573778 19.53468720189236 0 0
19.78416419909415 21.40734147777286 0 0
21.50300815362448 21.65119209866769 0 0
23.81792056357152 25.54021739546103 0 0
27.19668928213918 27.48912883624569 0 0
27.67904593553527 28.19253021577073 0 0
29.12875509242981 29.50499226757282 0 0
34.12528854591049 34.35783868190235 0 0
35.02739649497725 35.0568862356896 0 0
38.77705606571863 38.95835028282826 0 0
40.01789939192868 40.02438623742717 0 0
41.79460140695265 41.83867624890883 0 0
43.47653232294826 43.53000727038232 0 0
52.62890069515652 52.63163427503117 0 0
53.73174136984497 53.81075063984429 0 0
54.67737098073613 56.32222929421076 0 0
58.83676433802209 58.87013500126157 0 0
58.94501588146032 58.94626395345636 0 0
60.08987171973948 60.4626632334701 0 0
60.73894434749543 60.81722856181099 0 0
63.3792628226269 63.48809440186783 0 0
63.58884204736714 63.96217131793917 0 0
64.66281249614153 65.236165680396 0 0
66.39530574336767 67.76922937200381 0 0
67.89541529468043 69.0351374448814 0 0
69.13178168408793 69.93554046924298 0 0
70.20838070110979 70.43727462387854 0 0
71.83877813907037 73.50944997142001 0 0
75.1326642544137 79.9150276435868 0 0
80.01497251767098 80.10691725069861 0 0
80.14184349489163 80.32999356323539 0 0
81.67573630668181 82.32702392895453 0 0
82.58829486708873 83.70293752113783 0 0
83.91619187274935 84.1803685934763 0 0
86.70020742789917 86.84656352260046 0 0
87.43310781253008 89.80715892720161 0 0
89.81200144129633 91.01540317759004 0 0
91.34132376172582 97.68073045573563 0 0
97.91718974445904 99.55185494740702 0 0
45
0.5057351719875953 0.4817653161272801 0 0
1.744577172594347 1.334687074021218 0 0
3.342457488938993 1.871387845253088 0 0
4.802631812972983 4.720401714444121 0 0
6.757812462756949 6.662794752028373 0 0
7.009846238871958 6.925274789032579 0 0
9.097878720814686 7.194023038559656 0 0
9.329229347269857 9.108524803644382 0 0
9.542258710145299 9.462309877902332 0 0
9.895556171551545 9.591583618838566 0 0
11.64943481190267 11.63061607585029 0 0
14.77502572452198 13.35257649683875 0 0
19.53685467500618 18.93577335339013 0 0
21.56408720862929 19.6911866303455 0 0
24.12888588490227 23.79025238092269 0 0
25.10314680799484 24.31413613546479 0 0
25.5777966871419 25.24948936923721 0 0
26.51904485034209 26.47079852990491 0 0
26.75055657998269 26.74566488796959 0 0
26.90572210469849 26.87816483799657 0 0
28.39313656439285 27.63673644762664 0 0
29.71935224949815 29.59361243253501 0 0
32.38900866875093 32.20534893269397 0 0
37.26161110627229 37.12918715918165 0 0
46.36691134538418 46.16435970096259 0 0
50.20199004856538 50.05214145835677 0 0
56.50854435697303 54.92506141763823 0 0
57.40208291191523 57.03357005767993 0 0
63.46634061028413 63.25321799994487 0 0
64.84856876762041 63.63814320025806 0 0
65.46242172639536 64.91566692741482 0 0
65.51865200246171 65.4865000056818 0 0
68.80164424769363 66.59428223786391 0 0
69.83689881382155 68.8632564589383 0 0
73.49680996975866 71.61603755106815 0 0
74.04665777549108 73.91053352704286 0 0
74.1828155023356 74.06624687229343 0 0
75.50618612511349 75.0388015166974 0 0
76.06012211080512 75.53420131213925 0 0
80.55905312866963 76.16137512000303 0 0
84.21416129272382 84.05089670462178 0 0
90.58897095412246 87.52148662842379 0 0
93.48781121031617 90.76261760368655 0 0
96.00048514353684 93.54024178127436 0 0
99.74750518629301 96.11645232884877 0 0
