# Status file for ctqmc. Used to save all times t_s, t_e.
2
38
4.299527729946732 4.308025225240911 0 0
5.102169847611516 5.228156309752633 0 0
6.191290680167832 6.588625311482485 0 0
7.508003008176771 10.95667626027907 0 0
11.55461219331008 14.24178144912001 0 0
17.42095218763025 17.46804791194355 0 0
19.85914203598625 19.89142452653969 0 0
20.12239965236964 20.18170072773911 0 0
20.21466817822072 20.23919185016838 0 0
20.85696271083061 21.02984950947128 0 0
21.42887655844974 21.49539649101292 0 0
22.06786082717982 25.49823395244344 0 0
29.26884245948101 29.28919178073685 0 0
31.9194951282052 31.93052673283086 0 0
34.99546254662015 37.47112745628856 0 0
40.23441308300359 45.58153285395252 0 0
45.64501604048055 49.45673879771426 0 0
54.72373551244799 54.84610942073424 0 0
57.1401540582269 57.16384734323564 0 0
58.02851055069574 58.13889490580014 0 0
58.81660499569576 59.72178085537647 0 0
62.02396200773759 62.31296069631233 0 0
65.71718179723098 65.80247872270981 0 0
66.24450572484534 67.47059962062815 0 0
68.93138389079112 69.33033834484783 0 0
70.71905100835916 70.77347005631286 0 0
71.24649464377866 71.27372860797595 0 0
71.98844872145251 72.10514796796845 0 0
73.2528310731351 73.3760369715847 0 0
79.95767015322431 80.07013519665242 0 0
81.88853969006666 82.15515071527065 0 0
83.48904522312839 83.50681366518677 0 0
86.67557094588335 90.45376462130901 0 0
91.70128102759612 93.42909206599451 0 0
93.44830393660021 93.53395924412879 0 0
94.00648146854526 94.22713556391112 0 0
94.82905096998694 94.86816092877442 0 0
98.68391716511542 98.71226111660307 0 0
44
0.278609867438206 0.2639519481304973 0 0
3.739346108472254 3.737606158976203 0 0
6.200237957479595 6.189817740708476 0 0
6.652344667401122 6.333356135753744 0 0
8.0431870745673 7.834824368032187 0 0
8.975127462624762 8.060316383442062 0 0
11.13371718024832 9.02388748097578 0 0
11.34599074524917 11.25218145435277 0 0
11.898780404075 11.70575431151389 0 0
12.10133693614651 11.90220046800031 0 0
13.4943211562778 12.53447791856656 0 0
20.69766058434386 20.69501019006632 0 0
22.59759781136659 22.54471892940312 0 0
23.21843831529754 22.85918971794251 0 0
25.51561275051677 23.30311943891497 0 0
26.07863466481348 25.96528133068005 0 0
27.73006371805705 27.09385928462506 0 0
28.15282745896384 27.9808272252699 0 0
28.64297592180836 28.42250459637492 0 0
29.44266932564426 29.42849549460894 0 0
31.6814583150462 31.61518366396905 0 0
37.13001155168877 34.96523591243607 0 0
39.0260595907978 38.75929373430368 0 0
39.57097748385026 39.46607622892535 0 0
39.72027626695981 39.69121715206059 0 0
39.96994616434967 39.96896410455057 0 0
44.80820534705728 40.60243786153148 0 0
45.01129511426539 44.82354738309869 0 0
49.44499104580363 45.09349347912335 0 0
57.75461547807386 57.69374779084541 0 0
58.79258708594448 58.64253012631819 0 0
58.90822651974104 58.85721262951976 0 0
59.59241947044343 58.92618439327801 0 0
66.02249690821374 65.93802217968117 0 0
66.9780848565007 66.12176613100686 0 0
73.42440719408282 73.41237658756634 0 0
81.4713948639447 81.40492400333149 0 0
85.4614590154489 85.39255766124768 0 0
87.47968996453956 86.53881643092548 0 0
89.86442704678788 87.48146830298052 0 0
90.29850415496591 90.10184671550556 0 0
90.66142445138983 90.65369526043212 0 0
94.13588535481479 93.89204310388045 0 0
94.21406410728797 94.18741910773093 0 0
