# Status file for ctqmc. Used to save all times t_s, t_e.
2
34
1.68042195080065 1.59512122158435 0 0
4.117590300958163 3.469988001820994 0 0
4.863099356105218 4.862048790335824 0 0
7.046436726647308 6.772063827593166 0 0
10.7109284404129 10.56542451848021 0 0
16.5067701644143 16.4021558990507 0 0
16.95450974373603 16.93292683910723 0 0
17.2279865010116 17.14780787971797 0 0
19.23388266932043 19.21001311550419 0 0
23.36457816952156 23.12334912415847 0 0
24.75446868615072 23.38382312977344 0 0
30.49974910386268 29.03275226296451 0 0
32.41784521376209 30.91557262714606 0 0
33.66797436116534 33.55258259920764 0 0
35.8951329294548 35.67361453698639 0 0
36.38089665026407 35.90210583206649 0 0
37.32594962767934 37.31452256497109 0 0
37.44915321219065 37.36136747838446 0 0
39.64616090584874 37.65374621260943 0 0
39.78693839893359 39.6941124537683 0 0
42.79297726602694 42.19604099659641 0 0
43.56132833341105 43.52562258646757 0 0
54.7065425004368 54.68526476223698 0 0
57.36578433141883 57.35071250091656 0 0
65.89944308866107 65.82735197675191 0 0
66.68396097350217 66.12254743502787 0 0
70.32146076792476 67.12159188030638 0 0
73.19651194477255 70.34990942172593 0 0
77.66567210757137 77.46174966440425 0 0
82.06759527473196 81.83937385597098 0 0
86.89770100073449 86.87326126252131 0 0
89.15939923783968 88.89761866148564 0 0
94.77045539380283 94.13531276754527 0 0
97.43885522335408 95.82359042892128 0 0
52
1.867793149310676 2.001117206888866 0 0
3.50165321011668 4.087402659036201 0 0
4.325911698562274 5.028479802241046 0 0
5.688086099129055 5.807881692097862 0 0
6.708866414123266 6.810664540673627 0 0
8.974776152044608 9.131306270418891 0 0
13.32081716474476 13.35852962385143 0 0
18.39555832232299 18.8942131129831 0 0
20.78478372583857 20.91208592517994 0 0
22.71915552212956 24.35671395038299 0 0
24.4408625106663 24.63485755941347 0 0
24.7411086804221 24.77659648799929 0 0
24.9616011483334 25.14380743002029 0 0
26.01882390141506 26.24999974084436 0 0
28.25100675674856 28.25449203564919 0 0
28.36918810771204 28.48567803444968 0 0
28.63463941297044 31.75816124093058 0 0
32.88662505500164 33.0003848908158 0 0
33.32893506210281 33.43540924772339 0 0
33.50737719504192 33.80982290695075 0 0
33.91386839347863 34.0513200840758 0 0
35.56720362122249 36.68821484238509 0 0
36.77716085689686 36.9641247320025 0 0
37.3491335314855 39.70447392049733 0 0
42.22969582821808 43.38636318718353 0 0
43.93957314309264 43.99875407421563 0 0
48.35627190478027 48.4817010568383 0 0
50.48258551628957 50.48939747550533 0 0
56.48567681371058 57.54755725689321 0 0
57.58532571395141 57.66972531025466 0 0
58.14456088714429 58.59749126812827 0 0
59.18030435764319 59.45430371358 0 0
62.03616651732315 62.11099326763918 0 0
62.35684897120322 62.88788157166366 0 0
63.16829520633456 63.72096110216335 0 0
66.85442636553479 73.52185915911234 0 0
73.69548747165665 73.69676236388733 0 0
75.3674301295755 75.48706524437965 0 0
77.30052507278232 77.34478357956633 0 0
77.58930828568201 77.74680023350382 0 0
81.03298041287395 81.10942350034908 0 0
81.11702891277226 81.19997686477862 0 0
85.64025115843111 85.99376340497606 0 0
90.90348842596497 90.90984646603449 0 0
91.08795160073207 91.22166339569506 0 0
92.51274204210129 92.58417440927903 0 0
94.3743461134432 94.59713911641504 0 0
95.09310001397724 95.10537524477631 0 0
95.29157612545004 95.44542986759691 0 0
95.73165773965273 97.49948954035725 0 0
98.41985357482213 98.42231668587419 0 0
98.42904785139253 99.28542951623088 0 0
