# Status file for ctqmc. Used to save all times t_s, t_e.
2
40
1.480711966137775 1.393715785612575 0 0
3.60380884239187 3.424367122994059 0 0
6.187901556329794 6.134480984858497 0 0
6.750201134991025 6.687888668839735 0 0
15.13940549459139 13.44735920734998 0 0
20.59498701860304 15.13957789547031 0 0
21.5816469868916 21.56295322372021 0 0
27.63715273200361 27.03028423709001 0 0
28.39248122951304 27.84159831316871 0 0
29.99323039397639 28.39624972015343 0 0
31.73224092475172 29.99727642510433 0 0
33.43381170641735 33.35601274614449 0 0
36.70515675438517 34.96203018084789 0 0
39.16127226871567 37.33163102019414 0 0
39.82094262839522 39.33544690872705 0 0
40.98686816257042 40.95047114215038 0 0
42.03525694007686 41.46699828489501 0 0
43.2626889603061 42.21141948510554 0 0
47.00084689325288 46.44101667533189 0 0
47.95459821759025 47.90444914650643 0 0
49.43866047319297 47.98535059727821 0 0
53.13018516725828 53.11851167011189 0 0
54.49811384427868 54.22600394004596 0 0
54.86467924919242 54.82578197483084 0 0
62.59858445854853 62.43701021599983 0 0
63.11596167198325 63.08531548393334 0 0
69.59129368082657 69.57406284866181 0 0
70.13271985168647 70.11354145823069 0 0
72.46764000756656 71.74637967905862 0 0
73.14150655123976 72.49125740864137 0 0
73.97326062592455 73.90464583629692 0 0
78.67207091841074 76.31968287922327 0 0
81.65378539857714 81.4624690910979 0 0
85.22397755045186 84.80508476361109 0 0
86.0999554652944 85.25869238188551 0 0
86.79204078250658 86.68329129679715 0 0
87.90004411364163 87.75325053311657 0 0
92.08331298597723 90.96042654138864 0 0
93.96602519507508 93.91807368596443 0 0
96.09864078632761 95.23982541293073 0 0
48
2.482678475412607 2.628873767576973 0 0
5.878202876605792 5.891980155637345 0 0
9.88765862289369 9.967938185791255 0 0
11.77823974763689 12.90987234042266 0 0
13.01005067281912 19.16446605666645 0 0
19.24509227351648 20.9476437478076 0 0
21.27659864919386 21.35321837740068 0 0
22.38060924225283 22.70628990956529 0 0
25.36262468201733 25.67614725340134 0 0
25.68479434910506 25.77833148750896 0 0
26.90706339354954 31.76862982746774 0 0
32.55192148093159 33.26504887659589 0 0
33.51133336694139 33.52590548959225 0 0
33.80843117239809 33.8380002085939 0 0
34.44292111077399 34.58660131871547 0 0
34.66802754784054 39.87415120367817 0 0
41.55680920120809 43.29748262085302 0 0
43.76739735575242 44.09707664317371 0 0
47.10214888717458 47.51432100841835 0 0
47.62102951390656 47.73628938349392 0 0
48.00023399631738 50.18234203635615 0 0
54.26512097572287 54.38004984767058 0 0
54.38316719481168 54.52011803247169 0 0
55.63469986875775 56.0513155138653 0 0
56.6293505554296 56.98660990372497 0 0
57.76712756922544 57.7876035463859 0 0
58.13794759602165 59.32152512788108 0 0
62.18017268618367 62.39814014101115 0 0
63.00940463643474 63.04307834113626 0 0
63.49221981879649 63.49758291367034 0 0
67.4523383046466 67.7196150699244 0 0
67.8047714584348 67.95907397472735 0 0
68.76537899891902 68.76878942870765 0 0
71.50621906814874 72.27729306370017 0 0
72.59882573909526 72.63369225546225 0 0
72.63756690392414 72.88807026678244 0 0
72.99407086402107 73.11704282862449 0 0
73.94907687681518 74.18029406446458 0 0
74.69099215789377 74.99652873958966 0 0
76.01897981678994 76.10837359773076 0 0
76.17513032834378 79.59913418899647 0 0
84.54371780691322 86.45682270810632 0 0
88.44176167290395 88.69157587292075 0 0
90.86617424111805 91.78517822664578 0 0
93.51094646464526 93.71446942675223 0 0
95.40675047911435 95.86207665754247 0 0
96.41288028929803 96.98470409358342 0 0
99.64788144940812 99.97747465042796 0 0
