# Status file for ctqmc. Used to save all times t_s, t_e.
2
39
1.246260479050136 0.8761260888359033 0 0
1.532898256120223 1.532468047019037 0 0
2.233379935193743 2.014300607657561 0 0
15.78127628226111 14.98693073166794 0 0
18.23226507187083 17.64624401450534 0 0
19.98340550783109 18.43525003748124 0 0
20.97936979234707 20.02067556237932 0 0
21.61354843269343 21.18756614427824 0 0
22.69742779654682 21.6250634411896 0 0
24.26942455407317 22.71528342250877 0 0
29.86847132369159 26.99047232855682 0 0
31.37726353944962 31.35608206809205 0 0
33.17856021946253 32.33716593194652 0 0
41.81684082367116 39.11176513401475 0 0
47.20355136780454 42.39303230026656 0 0
49.28755980311753 47.20464804388327 0 0
55.05190395267758 49.88769376727939 0 0
57.75322993394178 55.44995598987179 0 0
58.06310901251448 57.76113083780871 0 0
59.36776059364157 58.22922523260139 0 0
59.56988893151592 59.43993303379548 0 0
60.62219806954431 59.77307735585072 0 0
60.68018146797382 60.62873183594535 0 0
66.55082719616514 60.97461331667188 0 0
66.88623069231836 66.75454983074486 0 0
72.9082823075556 72.05082039999112 0 0
74.63789057911485 72.97136815138417 0 0
75.59039128874468 74.8100935433726 0 0
76.22765086299405 75.71130016422153 0 0
79.69990086661143 79.33709667733203 0 0
80.14479316429242 80.01515696829993 0 0
87.01626300562714 81.07700368831243 0 0
87.56451179858097 87.53229931788928 0 0
89.29619195144114 88.94488909838431 0 0
90.47567539550933 90.35562607872374 0 0
91.22888433369475 90.4998116160487 0 0
93.60974700848973 93.38230973468691 0 0
96.68383883306277 96.53513753564054 0 0
98.92256002947775 96.85025794956152 0 0
37
2.506095971135741 2.664501572789422 0 0
5.05298130300234 5.06151005104713 0 0
6.410186936368071 6.508685039409888 0 0
10.69164364149973 11.15013905620175 0 0
11.91064939035883 12.1660582765566 0 0
12.41976982414243 13.17888866188186 0 0
14.85040683293709 15.15584554130525 0 0
15.29548825398991 15.59336288582905 0 0
16.1567614035339 16.59272431262081 0 0
17.6107053197743 19.616074983398 0 0
19.62032193441666 20.56819259104057 0 0
20.57849321373855 24.77540772675288 0 0
26.19776425276738 30.0083207275629 0 0
32.51940195502558 33.31623867717425 0 0
39.43233662533897 41.92809207579481 0 0
42.18045690606965 42.2884950366157 0 0
42.57283555701429 45.50534821116313 0 0
45.70116178361378 49.07864606019046 0 0
49.08608383576792 49.61338437384973 0 0
49.83406823533034 57.89724969451613 0 0
58.19182898542058 66.36158840068435 0 0
70.01851483400043 70.56681468189772 0 0
71.97561600221698 72.0472494954335 0 0
72.09736598938449 73.7420687471943 0 0
73.78861556082713 74.7516987962067 0 0
74.79357396932791 75.13382615289632 0 0
75.14819694309227 76.22163689021063 0 0
76.29636572616158 77.22548128661278 0 0
77.6557683965822 78.04753515689679 0 0
79.85949760184907 80.30757786772051 0 0
80.70424776559408 86.94932022192086 0 0
87.61303605914685 87.67484486048237 0 0
90.05226906276741 90.26574022948776 0 0
90.28010487745065 91.55149332940366 0 0
92.42177100818343 92.4707807171806 0 0
96.5007915756847 98.82409218424181 0 0
98.86534437893906 98.89467577970962 0 0
