# Status file for ctqmc. Used to save all times t_s, t_e.
2
44
1.627644094900536 1.798528030348096 0 0
3.309093476899962 3.313735476512528 0 0
3.72655051100099 3.974926540969354 0 0
4.13014322672373 4.515627535357085 0 0
5.06928968766124 6.464616161242544 0 0
8.816163985002898 9.233791934733732 0 0
12.69553235172761 13.36393534313595 0 0
18.94100255382791 18.97849364345998 0 0
19.25720862865223 19.46554802180431 0 0
23.55584140206229 26.61595864298323 0 0
27.24182374263399 27.27196231972044 0 0
27.49545554541879 27.70603777194254 0 0
27.7179210682495 37.6309859521444 0 0
37.6529023382263 39.54328039104642 0 0
39.6876268862957 39.9111955769612 0 0
41.42305036765094 41.87375929367509 0 0
41.96575403042399 44.52756583537236 0 0
44.77921683835977 44.78372797602752 0 0
44.9536637212066 45.07873155286891 0 0
45.32442947312308 45.36132080770349 0 0
45.5318566598143 45.56378276599268 0 0
45.88696104318269 48.13635004848454 0 0
49.19815895862981 51.92264232031686 0 0
53.34926302099491 53.37693562197802 0 0
53.4211172382661 53.98566956706553 0 0
55.43908061308252 55.52124474539933 0 0
57.44950712261318 57.71794966397157 0 0
58.80838236692064 59.0627837062541 0 0
59.41628055321097 60.60302659686307 0 0
62.42167940585875 62.82572692689381 0 0
63.89689962612393 64.52231309697548 0 0
64.55397987190227 64.76152644270529 0 0
64.76300139786885 67.11263139607726 0 0
68.77313043370611 68.92041751990367 0 0
72.2182281273078 72.21987515926543 0 0
72.91518368696202 73.2036019250389 0 0
76.49447861251286 76.63095995673214 0 0
77.61942463544261 77.68805756519897 0 0
79.38986133094633 79.85144589499521 0 0
84.03236210498892 84.27865496404834 0 0
84.90902063578547 85.08502509877934 0 0
87.22228862151066 87.57017566031608 0 0
90.54248713954823 95.37952374530612 0 0
98.22061218382868 98.48404105552244 0 0
48
0.719929949148853 0.7117211646431767 0 0
4.044761315943285 3.354957843078266 0 0
6.441178785605181 4.989632523778952 0 0
9.044433030754433 8.987909963467363 0 0
9.302555992004081 9.085360268376162 0 0
15.77297464029944 15.65071999002245 0 0
16.27637434265395 16.17573549786284 0 0
17.92600783768857 17.88310709919269 0 0
18.63287487238262 18.6120459437805 0 0
18.96858526709781 18.8339262311288 0 0
19.96767169520949 19.84363972002916 0 0
22.5494307789552 22.1453453071231 0 0
25.2953532838765 23.33636583454518 0 0
26.3850919183586 25.66600378658375 0 0
32.20424972424341 27.31419126049324 0 0
33.40714022362333 32.28303837183238 0 0
33.92973475431999 33.42978323384963 0 0
35.26756521982566 34.22130823050982 0 0
39.17975744967029 35.28670117053256 0 0
39.94669583629147 39.86232791180202 0 0
44.35123372729143 42.71256460134608 0 0
46.6267758878616 45.89576765288803 0 0
48.14406128931859 46.69551589984644 0 0
48.93253217321199 48.76236977823482 0 0
51.24480741101677 49.16184082985336 0 0
52.10725276386805 51.28226735724294 0 0
52.43229196837139 52.3642598877567 0 0
53.02564032219798 52.97944851676284 0 0
53.50714950392771 53.18536184063152 0 0
53.97724581805667 53.68081484544697 0 0
59.03097275036157 58.88930979069239 0 0
60.19132702607408 59.92543520115842 0 0
60.61846685404055 60.55676550918123 0 0
65.11440681049801 64.82028305394105 0 0
66.99070875118527 65.44337712097945 0 0
67.03559226300504 67.03092830311792 0 0
67.31330902372532 67.12762453793849 0 0
72.26488158958193 72.2468102662764 0 0
72.53563334240204 72.5195441793193 0 0
77.56107012298091 77.38635255024086 0 0
78.60948214119863 78.36784630561982 0 0
79.10724551925132 78.91526474560345 0 0
83.19533200668992 83.14784362028536 0 0
83.60836303447441 83.44516674609153 0 0
85.53779139120745 85.44211884803332 0 0
95.0639033900289 90.05858349191882 0 0
95.23718354373469 95.0756616756089 0 0
99.84884219979487 99.64104894024671 0 0
