# Status file for ctqmc. Used to save all times t_s, t_e.
2
41
4.060397980968396 3.894106404503745 0 0
5.20890864518583 5.192823319791533 0 0
10.35735591334521 5.777799324960171 0 0
12.30037226769702 10.36454934612604 0 0
12.53330001598987 12.48228270748763 0 0
18.02807508285541 15.13719202354743 0 0
19.38276644921564 18.11246900335748 0 0
19.9278129221313 19.65266911507964 0 0
21.89673730892615 21.80135490935721 0 0
27.33825100808928 27.25443748870435 0 0
27.48689285002203 27.34610199886378 0 0
30.20534690751243 30.0141904680544 0 0
31.23784128145415 31.16856529460355 0 0
37.16557783168692 31.56675736001268 0 0
39.89501790074276 37.169514480897 0 0
43.84325273719913 39.97987784585703 0 0
47.2790109032176 43.84368176716229 0 0
48.13277775660055 47.3148157779101 0 0
49.83209527559097 48.41289770195092 0 0
50.97204376807807 50.84333014307906 0 0
55.54410071186813 51.55678702451999 0 0
56.61322925095161 55.55830830204373 0 0
57.71997701200122 56.78659138063527 0 0
60.09819131631379 57.87516618931802 0 0
61.05571362392975 60.13235875503423 0 0
62.07344516477792 61.18674006257812 0 0
63.34064684632708 62.1383168079145 0 0
65.53476793231692 63.34818797612141 0 0
70.74972598953028 69.01885986299146 0 0
72.39942455622831 71.07982253234664 0 0
74.68328420822772 73.12922161452592 0 0
77.99740964792888 74.77083866340972 0 0
80.83954815591471 78.35033991369652 0 0
82.64697654080821 82.62038300756366 0 0
85.67088816782712 84.40153131212843 0 0
87.13667353581756 86.9262165340529 0 0
91.19163229035617 90.9644548516478 0 0
95.3835111210046 95.36169357676788 0 0
96.16649222442862 95.84706377706573 0 0
98.18771306324457 98.16028454088664 0 0
98.27163508982302 98.2120509055534 0 0
41
4.854717796139384 4.936112983292068 0 0
5.742781913529369 9.797447434326651 0 0
9.881953049489871 10.89711432981719 0 0
10.90951177326977 11.97633807110072 0 0
14.94839057140587 16.45379807653384 0 0
16.49393603720336 17.18566335851524 0 0
17.35024819728244 19.15684122640066 0 0
19.48579632525006 19.58266519451547 0 0
19.80885059179825 20.45336247679723 0 0
23.86509210797124 23.87789541085786 0 0
31.58039653130512 33.97859819593238 0 0
34.05000467946401 41.1462026746828 0 0
41.1944040108643 47.82362454203457 0 0
47.91452721802243 49.10644647736323 0 0
49.23391164152256 49.91033290906277 0 0
51.30026993990082 51.45075407304415 0 0
51.48619713425177 51.72488677307602 0 0
51.99182010130008 52.83205999447586 0 0
53.059971778397 53.24801288943051 0 0
53.39670207459412 54.74705903612769 0 0
55.03184385619016 57.51574670755938 0 0
57.81307014642842 60.99607589906489 0 0
61.10971184771108 62.20583037669918 0 0
62.28791130255726 65.46921643763316 0 0
65.62581076337185 65.67589370613253 0 0
66.34760379605028 66.4142308652701 0 0
67.34694808073405 67.62980142218009 0 0
69.03939853735584 71.06171112974927 0 0
71.11026273683949 71.59715954446588 0 0
71.67106002187195 71.93567770771659 0 0
72.01404263404454 73.42414453390676 0 0
73.45629302949962 76.9039658183289 0 0
77.00037903416003 77.14098163923148 0 0
77.52101029056334 80.50531228475087 0 0
84.41350392416909 85.87834026508982 0 0
92.47081608997104 92.556759564035 0 0
94.23627645357934 94.27088929525102 0 0
94.79980621325495 94.88467606818777 0 0
97.30136550981199 97.30663619146127 0 0
97.87597338832533 98.39613211927649 0 0
98.67338305266209 98.80320644381389 0 0
