# Status file for ctqmc. Used to save all times t_s, t_e.
2
35
0.2700452315186936 0.2803288535332056 0 0
0.8309896432653551 1.859231896498981 0 0
2.446744260157667 4.325978039090827 0 0
5.793273485221431 5.944383027327065 0 0
9.351152230773558 9.456176017217421 0 0
10.31692290233524 10.75494652333851 0 0
11.50030279237109 11.63440685906735 0 0
13.48577692554379 13.49898680157401 0 0
14.48009873633235 14.65128437774941 0 0
16.80122471367871 16.86951135994821 0 0
16.90852393640906 16.91429292022821 0 0
16.926357900045 19.07527002819438 0 0
19.07991078151297 24.69876138996086 0 0
24.76605172617449 25.27813668089672 0 0
25.41855212390571 26.0726990462017 0 0
26.11476310587708 27.55508508388731 0 0
28.40737801502355 28.43074447407293 0 0
33.10921296073899 33.18579624287381 0 0
42.44439805949148 42.55404266631634 0 0
42.6767287496489 44.99967818257542 0 0
47.31594165260125 47.40742258316426 0 0
48.33584965654266 48.55032599742066 0 0
48.81997689707262 48.95909881972939 0 0
50.37025719499464 55.04467597056691 0 0
55.1183923085075 63.33714233446245 0 0
64.74432855828783 65.26224297580994 0 0
68.67461664447352 68.74339534073336 0 0
69.23511960671358 69.26225185802404 0 0
72.95887166195105 73.73171159997264 0 0
74.44647033677856 91.80913531514973 0 0
91.9165898579092 92.70746885351582 0 0
93.62494852714957 93.62830041097257 0 0
93.79403592733078 96.84279985751814 0 0
96.84431590756759 99.13315620709659 0 0
99.57863319813167 99.69649840135236 0 0
33
0.9284780274770486 0.7839085697450641 0 0
4.109441277808084 0.9657595845897937 0 0
4.498497452065547 4.236410005121606 0 0
5.054572790663014 5.048578587796468 0 0
9.94684224323758 9.828181365372938 0 0
14.58704766531944 14.57161444121136 0 0
23.1010178019475 17.18483249364182 0 0
25.11086189979813 23.47716399003618 0 0
27.67575848694877 25.12430190844789 0 0
29.99150171968721 29.92361210940885 0 0
34.68116376332305 34.64453417382089 0 0
40.91776563546626 40.66636386215423 0 0
41.04054830407879 41.02777648927699 0 0
44.99092686211419 42.95057492114746 0 0
45.37259247396711 45.20136553005202 0 0
46.01087841301804 46.00983077225374 0 0
46.54394539568203 46.50872015726618 0 0
48.58724582449942 48.10391498229278 0 0
52.34678294856419 50.23736867401043 0 0
56.48952526665705 52.47681508489145 0 0
59.86184027404285 56.61455353242636 0 0
63.02301881819856 60.01250479573267 0 0
66.74193498354138 66.53914697769375 0 0
68.55281848392769 68.16966058926747 0 0
70.91633711714141 70.45745383348853 0 0
72.13706173658088 71.65013019160655 0 0
74.90880156293744 73.06688913321207 0 0
81.60697787441757 74.92043345859391 0 0
83.00530059857384 81.68504331428167 0 0
92.39806070005893 83.20986618526064 0 0
97.50330856467318 93.67166999704168 0 0
99.05570569746654 97.72825428459569 0 0
99.45104681695018 99.37398737620724 0 0
