# Status file for ctqmc. Used to save all times t_s, t_e.
2
32
0.7076563812167165 0.6895210889851406 0 0
3.086844653589156 3.026221763107608 0 0
9.529273228428245 9.489451841424739 0 0
10.86385016427072 9.78935382523909 0 0
11.7417486936178 11.29898255592857 0 0
16.6743197301517 16.35272753748522 0 0
16.99999400584495 16.84559361857256 0 0
19.60025952118279 18.23974739478271 0 0
21.25870146592412 21.2548970564808 0 0
22.68052171231726 22.67871227770837 0 0
23.55543444816037 23.07474035847686 0 0
29.27533366332235 29.08994088143226 0 0
42.4436058950124 42.36860116397015 0 0
46.07427184401477 45.65808388185302 0 0
47.85766261298776 47.58690309455225 0 0
50.2985981759006 47.9454667737661 0 0
53.51862049573852 53.42166757201159 0 0
53.54067573666151 53.52333336976871 0 0
59.93049053428124 59.9205717370759 0 0
60.32651536353314 60.3066929928429 0 0
64.38351652803536 64.17239445160841 0 0
66.2869711495201 66.06203370706544 0 0
70.7349725015347 66.76888279805297 0 0
71.14593175236506 71.02159367472153 0 0
73.9664775628554 71.32597546113679 0 0
74.53592090672844 74.01572820246029 0 0
76.98688678895917 74.5551405575718 0 0
81.32673378598722 76.9888836962084 0 0
82.22721755807193 81.48416333205722 0 0
84.23657895512017 82.55170976129055 0 0
91.48192112142706 91.25830866474914 0 0
96.6371862316563 96.5526875119352 0 0
26
1.952667318717537 2.215930342270497 0 0
10.15947747989102 10.9275892338166 0 0
11.29414657471038 11.51516867639262 0 0
13.07533803186353 13.08872957718552 0 0
16.87652142876121 17.13756363452248 0 0
18.30602312484112 19.66277427763353 0 0
19.67902531168269 19.91562141264734 0 0
23.19745745053998 23.22576970183483 0 0
30.53626428253784 30.54079374051688 0 0
35.85837991140957 35.92919960855654 0 0
44.28191975107104 44.5023668613771 0 0
45.64219064821015 46.05329293708716 0 0
47.55542841935314 49.90827137888253 0 0
49.93241267503719 50.24981151094074 0 0
59.37944471338458 59.43223680528898 0 0
59.70303058580878 59.84110611574983 0 0
62.1718810488011 62.23956784091835 0 0
66.75323570163141 68.43126906428938 0 0
68.44704830807463 76.43794436317273 0 0
76.52805042263961 81.21913964339132 0 0
81.70171819095559 82.36337934004914 0 0
82.85323810266466 82.97341963789279 0 0
82.99604501467959 83.70713975692733 0 0
83.72195069001269 84.35350071199984 0 0
92.82342734667736 92.83744422084584 0 0
94.92045193155775 94.93966107092967 0 0
