# Status file for ctqmc. Used to save all times t_s, t_e.
2
42
2.754970133240834 2.665376959445563 0 0
3.77531534081268 3.345180769986287 0 0
7.09429963575016 7.000632148157463 0 0
8.008659435034152 7.983640569402983 0 0
8.450179986042826 8.091942030659116 0 0
11.8458820995571 11.5522225771338 0 0
17.24173873649296 14.88356629213303 0 0
18.9269599662538 17.24301434364462 0 0
19.76181538614544 19.52613356954776 0 0
24.42702701606504 24.18326858486348 0 0
24.77689730183583 24.53264788861072 0 0
28.59019714164205 28.36911601175237 0 0
33.83534427170692 33.74205276124456 0 0
46.36574890797772 46.36331098888623 0 0
46.86911697410226 46.86750795473749 0 0
47.83457563747987 47.33170006325502 0 0
49.92299562150643 49.64277414311232 0 0
51.63735206240822 51.4825135991975 0 0
57.1634757315565 56.98977459382293 0 0
62.45232908632189 62.43963607182847 0 0
65.34760463496637 62.93937418390138 0 0
66.06954502951973 65.94397591962191 0 0
69.19776658664679 66.25613807810549 0 0
69.94727834002546 69.92839230287842 0 0
71.24128709868984 70.58874652420027 0 0
71.9504918153043 71.29897991794394 0 0
73.83139006796357 72.91683919928599 0 0
74.4380851224748 74.06753903143004 0 0
74.6633994040552 74.62030609688784 0 0
76.43057412780229 74.69913594046859 0 0
77.02427885665261 76.44242258569682 0 0
78.57595263537902 77.21083106594124 0 0
79.62514862757128 79.04624415854744 0 0
82.40993141767834 81.97410251101812 0 0
83.30149643748931 83.19305661632409 0 0
83.95385523734905 83.90194063593117 0 0
95.07588773093607 89.98067974435102 0 0
95.11609523475248 95.11436870398073 0 0
96.22042363901878 95.18308327415352 0 0
96.70623317622847 96.36593593875344 0 0
97.72453352723599 97.70016002358625 0 0
98.91145925312385 98.75217204530458 0 0
43
0.7078105764823874 0.7603771022991191 0 0
3.323967916711813 3.977690136335108 0 0
8.047647239356976 8.20570648010116 0 0
10.39277419806224 10.46515989945245 0 0
11.115804697124 11.14031762920693 0 0
15.15883579672338 15.27445292080332 0 0
15.36358224287865 16.88625014866222 0 0
17.10845002285606 18.76419119468796 0 0
19.30726676768506 19.56935675256047 0 0
20.78517259328257 21.11666342382307 0 0
21.87644356854676 21.9815003401297 0 0
24.23567073182048 24.40051328109054 0 0
25.15921616656284 25.42195084790638 0 0
26.6991492942847 26.74834885095509 0 0
27.09262766361945 27.61702459764497 0 0
27.90589718303157 28.07411399047461 0 0
33.01398060327492 33.01716033909209 0 0
33.33460013672785 33.61303155779927 0 0
35.64324559754431 35.91550491474901 0 0
44.58001640064765 44.58285025442322 0 0
46.43767172398846 47.01510324335706 0 0
48.07874713434646 48.97516204171939 0 0
52.38301582509281 52.4257764106997 0 0
57.86808101543359 58.00165598982466 0 0
60.88395502626143 60.89958461015956 0 0
61.88877447475058 61.96806282151398 0 0
62.60471153600943 63.47952766746965 0 0
63.70871644862267 65.60111963806025 0 0
66.27647889791312 66.87085715806336 0 0
66.92622994187899 69.2539987657331 0 0
71.19757863966113 71.62617326140568 0 0
71.74719711188966 75.97505615050159 0 0
76.18949667250826 77.0408636404575 0 0
77.38556845675313 78.34238731656454 0 0
79.37653961310478 79.45273117278488 0 0
81.5054872450565 81.81901588338117 0 0
81.85037023492808 81.86190249845704 0 0
81.87345364403902 81.98364254541096 0 0
83.7122354041865 84.29820030490457 0 0
85.14724156288864 85.34791777634442 0 0
90.02700304261444 90.65850177257524 0 0
90.91498079773832 93.58083743444156 0 0
93.62048624295534 96.02449872877767 0 0
