# Status file for ctqmc. Used to save all times t_s, t_e.
2
47
4.100505413394633 4.139374968947839 0 0
4.482383029100157 4.799943137132091 0 0
4.804047096603511 5.063156469956169 0 0
6.311806439808461 6.490169012982856 0 0
9.068753001073921 9.109734822472609 0 0
11.99754530638075 12.00560740466962 0 0
14.89926058952039 18.64514686838969 0 0
18.72615870996205 21.61049078285165 0 0
21.83890754646277 21.96355444192701 0 0
22.00050444190066 22.24327400734043 0 0
22.68102574169843 23.27072964508357 0 0
23.33509234247237 23.89893114964011 0 0
24.16292308347366 27.12481246437114 0 0
27.17306412364679 27.23197533508955 0 0
27.25752679908441 28.31616022809814 0 0
28.35075879564152 28.84381066869535 0 0
29.01534614117472 30.89913670668814 0 0
31.63005629716055 35.590219007221 0 0
35.62172250437086 37.36472359527847 0 0
37.36931729924552 37.65427389535613 0 0
37.73515713266785 38.46563927088486 0 0
38.48442326490571 40.22106542081851 0 0
40.26947261130773 43.69786480500663 0 0
43.79981610081656 44.73086917059207 0 0
46.80897652365295 46.94726708368519 0 0
48.29789693701863 48.69840473233674 0 0
49.93637978664065 50.05054448002318 0 0
51.48380891643635 52.33657277550864 0 0
52.3631234649374 52.89834609459145 0 0
53.28653531505802 55.73440615309427 0 0
56.37997387831837 56.5760232316707 0 0
57.28212155602579 57.30540132602861 0 0
57.40398004710598 58.00632805069055 0 0
58.53820507310672 58.59275144224303 0 0
59.47350155460247 59.64560351053819 0 0
62.37903283842181 64.17549520827549 0 0
64.24787002270023 64.82656326483729 0 0
66.01531814864606 66.04686762933576 0 0
66.98286472008736 67.06835847806209 0 0
69.49797483504219 70.24321426900363 0 0
74.05540000675188 74.35775190399904 0 0
76.72216134575108 78.16347110828632 0 0
78.20297519270294 82.06983446163461 0 0
82.18118556933878 87.72988731643748 0 0
89.3582343302692 90.08002205984008 0 0
96.45879997313996 96.49450056190676 0 0
97.59563959336205 97.59697625656722 0 0
43
4.378249855599537 4.301474078413973 0 0
4.981289208916309 4.587851095350112 0 0
8.588633546360517 8.488425602582669 0 0
9.62803709988154 9.464875409617161 0 0
20.1433734567581 14.1411043520025 0 0
24.06955523785524 20.18745621944542 0 0
28.70641663647318 24.76112845265513 0 0
29.01051833295174 28.81857661718381 0 0
30.7697852900008 29.41074875489631 0 0
37.72227528444232 31.44350038469724 0 0
43.31513725140955 37.87299457170725 0 0
43.98006083585786 43.40594499831644 0 0
45.84385443808738 45.72609135284549 0 0
46.12229448429251 46.05905416191579 0 0
46.52294181207304 46.38959132334639 0 0
52.85700651129953 52.62448087604496 0 0
53.19110227398723 53.00698322951821 0 0
55.21607135435978 53.95557585194219 0 0
55.69933017029511 55.40004565690774 0 0
55.81434215090253 55.72643480915874 0 0
57.17126645928819 56.95674092143044 0 0
57.77667772251658 57.68926504199598 0 0
63.33533320144743 62.3467954433527 0 0
63.75038313786231 63.34675945408986 0 0
64.98846483907118 64.02377620049025 0 0
66.27402462745955 66.20643808925502 0 0
69.93881565096746 69.79125699503976 0 0
71.75140852023472 71.59221336625072 0 0
73.89137752491956 73.87357691723918 0 0
75.0382032022106 75.03819037463492 0 0
75.77972505032963 75.75049929976575 0 0
76.31492355819152 76.21860462941781 0 0
76.74276452770853 76.59248677536731 0 0
79.26811554184508 76.81171630133424 0 0
79.47439594136226 79.45216278639364 0 0
84.05649102099737 79.81452372055979 0 0
84.11739978680232 84.10100415357145 0 0
87.72245552756682 84.14717132505208 0 0
88.53552100587302 88.51098925544187 0 0
89.82602087606158 89.59591171481152 0 0
89.9615293203061 89.89924221607959 0 0
97.67067467638033 97.66712695014996 0 0
97.81357723801293 97.70055035270875 0 0
