# Status file for ctqmc. Used to save all times t_s, t_e.
2
32
1.198514390126254 0.2246428660363335 0 0
2.465766736601223 2.352238929735932 0 0
3.021577518955451 2.717540633419308 0 0
4.484413231513135 3.156690530620703 0 0
7.475351803174034 4.543246268145716 0 0
9.42938520075038 7.571148598441169 0 0
11.74543918116899 9.541881929195407 0 0
14.54580203912354 11.83022556838962 0 0
14.73459541801136 14.5838767558338 0 0
15.74130237518152 14.84668881788549 0 0
23.30235636048964 17.59016196754102 0 0
43.93908179366815 23.64702865135887 0 0
45.04922615992848 43.94140264582705 0 0
47.29940288462009 45.14371730201632 0 0
49.83321798577601 47.35399740472398 0 0
52.12900268371926 49.93254788790039 0 0
52.40409299835034 52.33989577392298 0 0
55.41934052259324 52.8206565833083 0 0
60.604332093944 55.42072425573216 0 0
63.82932335243068 63.58873928701477 0 0
64.2306549777543 64.13414044753054 0 0
64.31017463681859 64.2992303837476 0 0
65.9588476515116 65.63821346679369 0 0
67.46968914869443 66.03401964254337 0 0
68.48124732200985 67.76678103745481 0 0
69.00176948560861 68.90719352210198 0 0
73.5515050107103 73.3990426023248 0 0
77.7981987877437 77.76331746701651 0 0
94.75610343520003 94.21305518408968 0 0
96.67045239143637 96.60451068997821 0 0
98.0523700265515 97.99977435322434 0 0
98.49805797563442 98.31885064904655 0 0
41
0.2598014998970655 0.4100793583066746 0 0
0.4494523265410098 0.5373557241504894 0 0
2.506831398199514 6.117880282183514 0 0
6.425101402433777 10.02471192358923 0 0
10.21642085735249 11.90376155054239 0 0
11.98144509932686 15.64795819009475 0 0
18.53653050123274 18.55579186101512 0 0
18.59981730156805 22.07561208489346 0 0
22.22233859813205 23.37431169167646 0 0
23.59788372624374 24.77567424289559 0 0
24.92363578513821 27.28624004032368 0 0
27.31842549527303 31.39332886171176 0 0
31.50943709008856 32.10549341669065 0 0
32.11254976087995 44.20216977485837 0 0
44.28490938900411 45.29290897215307 0 0
45.33960278923922 45.71638509007389 0 0
45.92537077060865 52.12212977460599 0 0
52.53380800523673 52.8230985080412 0 0
52.85542381034597 55.09439501331602 0 0
55.2969216195801 56.00098552539977 0 0
56.01197227464237 59.56032142215317 0 0
65.84564626357732 67.13152520305681 0 0
67.65556918106462 68.33219790153856 0 0
68.33470116369067 68.42045895626694 0 0
70.32061627229908 70.32422765239727 0 0
71.13666208098715 71.13740936600747 0 0
73.4584315922199 73.57408013278402 0 0
76.21212993892607 76.22204348855119 0 0
79.18877582579417 79.19424312024965 0 0
79.31389749981551 79.39588551093927 0 0
80.6528381214268 80.79089522388244 0 0
81.63376029449844 81.65566715722949 0 0
85.34274148999592 85.4690381455145 0 0
85.7139864149881 85.7326255959521 0 0
86.89354800405273 87.08529044412036 0 0
87.1068729051641 87.28215412836347 0 0
87.45752181166898 87.51686721719039 0 0
90.51983127404324 90.56120398718579 0 0
96.86855813444008 96.92460666828764 0 0
97.82226111584028 97.83543359506976 0 0
99.00111513176148 99.01465279173566 0 0
