# Status file for ctqmc. Used to save all times t_s, t_e.
2
51
0.8333034376236697 1.083945832224856 0 0
2.649600711820426 3.393245838832556 0 0
4.189740713086221 4.31448590732498 0 0
4.447923515193097 4.893264614890758 0 0
5.220082448028553 5.395481710869261 0 0
6.113545176167529 6.993507343329767 0 0
7.76177213088157 7.983429601618568 0 0
8.439005954328991 8.735040852820458 0 0
9.138744067918589 9.227660251306249 0 0
10.52326950450918 10.61925670594731 0 0
11.89560135699646 12.70284025302749 0 0
13.02385790471529 13.12810099698462 0 0
13.16975432437081 14.74101213133618 0 0
15.69021373635333 16.19135079025065 0 0
18.00997048213841 18.41544491677501 0 0
18.65328322537618 18.86908584666653 0 0
25.10238557051663 25.40690186655192 0 0
25.50269947134389 25.50489343122652 0 0
25.90359102310031 26.20438235602669 0 0
27.04162433247416 27.53170674008852 0 0
32.10850944290897 32.19483856148566 0 0
33.77991491218015 34.2439483030366 0 0
35.36334156069039 36.01231953911102 0 0
38.39726879352752 38.73038325048489 0 0
40.24429111342556 41.11084279907565 0 0
41.31047763096729 41.39663213309126 0 0
41.81699765467126 42.3881345113405 0 0
42.5267468123844 43.63690911613647 0 0
44.19846597627618 45.90750847057748 0 0
45.9394360576339 46.11255264463194 0 0
47.77925900158265 50.58459703383548 0 0
53.1668597328743 53.28858463218362 0 0
54.46310545967885 55.40306135348852 0 0
55.75999480216345 55.87864935803953 0 0
56.63619126702004 57.89339513596477 0 0
61.68281100850527 61.70090565391263 0 0
63.80163133658936 64.96706456726817 0 0
68.17910187338528 68.33249099834485 0 0
69.65468828798916 69.84436250001993 0 0
75.41008575097588 75.52163727053542 0 0
75.77090838259129 76.52509496889726 0 0
76.52518178363356 76.99369477148498 0 0
80.02335760295081 80.71806153449805 0 0
82.00940994550531 82.78206036742897 0 0
84.22817311797172 84.51241906308297 0 0
92.52811880021773 92.65796164393956 0 0
94.98106725524416 95.22048057627102 0 0
96.34033108829694 96.65345399541108 0 0
96.90404443031659 96.99441395539289 0 0
98.86540492409605 99.05000989048642 0 0
99.34081915711363 99.79163659440184 0 0
35
7.372569307840896 7.800768441128026 0 0
11.33325966262739 12.95695945633027 0 0
13.46247055362879 14.01283818127395 0 0
15.03697412140366 16.72650997091116 0 0
16.8413004443025 17.93155434147372 0 0
18.5266615042108 18.69929785566257 0 0
18.79594174478503 19.11182752730538 0 0
23.84615991684341 24.22413159177462 0 0
24.39585126567559 24.52446410695392 0 0
25.28873950580944 25.34468479698534 0 0
32.02065369807655 32.52343589789536 0 0
34.15176244673455 34.44644413123878 0 0
37.12077131460423 37.33112736465644 0 0
38.11184759774378 38.28939267006452 0 0
40.47198527241703 40.60999456118973 0 0
44.33791869437821 44.37253053060608 0 0
47.41332097748174 47.73904762970074 0 0
47.89468857977031 48.65295458222496 0 0
48.80673153714373 49.5328367817237 0 0
50.52976714532998 51.0090210803876 0 0
51.1969240375679 51.29100948191181 0 0
57.09493303236659 57.30228060040615 0 0
67.88008547103551 68.60870608521795 0 0
68.68121954602873 68.95479772928638 0 0
69.13799879257364 69.56364047805093 0 0
69.90610200245368 70.31123745250673 0 0
76.7658957246727 76.80931249608648 0 0
84.9230578058316 85.49665321718948 0 0
85.50391222617795 86.20656051132256 0 0
89.22108586159626 89.88927143925099 0 0
89.90244276442577 90.24070187897382 0 0
90.67160027450471 92.70434571117111 0 0
94.08083167611676 94.22084410479442 0 0
95.00731578791098 95.8160788980672 0 0
95.94291924774207 95.98443099600014 0 0
