# Status file for ctqmc. Used to save all times t_s, t_e.
2
51
0.03655630997593562 0.0603428585702207 0 0
0.5213111800872823 1.015362636143649 0 0
1.662728121596757 2.50439050342389 0 0
6.741279345192631 7.362796070011521 0 0
7.367180214006256 7.418725633700721 0 0
9.001274987778279 10.88172226743155 0 0
10.88533835282303 11.93040785898368 0 0
12.29725870172203 12.76575445804788 0 0
13.07943448214974 13.30533822063643 0 0
14.47539175592496 16.17161752887323 0 0
17.43628116952096 17.9561802416867 0 0
18.07282770404057 18.30015091186387 0 0
19.12667018158906 19.18991538229496 0 0
20.6661288542905 20.84882865106659 0 0
24.77562089273457 24.96777277663282 0 0
25.37306529621677 25.49170187353407 0 0
28.01839038406186 28.41764797546529 0 0
29.40766661591126 29.92855600385696 0 0
36.00091456705418 36.04693871180538 0 0
36.36313477801767 37.56059646858366 0 0
38.11900821824049 38.91547370850294 0 0
41.27810400277399 41.29672049127806 0 0
42.41090541990002 43.10124370740508 0 0
43.62880239092743 43.86250362504327 0 0
44.37831997842419 44.69871495427107 0 0
45.80487208074457 46.34546479993465 0 0
46.46957937361799 46.75753241860908 0 0
46.8407600499965 47.11044669419224 0 0
47.14038805470733 48.27321827462822 0 0
49.05233186915738 50.20610658688772 0 0
52.1987293143272 52.87973451418048 0 0
53.48616182745595 53.83580382462365 0 0
54.40951623497256 55.11786214237668 0 0
56.52215163475376 56.99423331668196 0 0
58.92550622990451 59.31908977789029 0 0
62.38269855764527 62.46356725000193 0 0
64.32762952422162 65.21025335501227 0 0
65.40821403628706 65.80938844849749 0 0
66.88524858115349 67.11794529481014 0 0
67.31731150945478 67.70659682446622 0 0
72.15468618080931 74.86682334855684 0 0
74.98482574574361 75.41446382902515 0 0
75.6015273732402 75.63015956250511 0 0
76.27440368040904 76.54793288873239 0 0
76.55574695917709 76.65572055595212 0 0
89.27479649800333 89.52348768362441 0 0
90.3685412053937 91.24872291800395 0 0
93.03749767926773 93.30062439859137 0 0
93.46750882224279 93.85654064313219 0 0
93.9064284344134 94.81215291300724 0 0
94.85097736933433 94.93169513699223 0 0
49
1.726353340833488 1.752351386909681 0 0
1.778752221469927 1.956310053535355 0 0
9.053957845955692 9.769099078188507 0 0
13.90691257844594 14.23643473526069 0 0
14.48422442965546 15.19315445993945 0 0
15.32727975613594 15.35121850145514 0 0
27.59286976889725 28.48405344932466 0 0
28.96513139786681 29.64543965583275 0 0
29.89197630256157 30.20522473763769 0 0
31.91412723281387 32.38300997426965 0 0
32.50309584815759 32.86544450562816 0 0
33.10334506100724 34.9661000601477 0 0
40.97525829079638 41.23726692442327 0 0
41.48987841494765 41.73672602543997 0 0
42.2099848005846 42.55707327869681 0 0
43.21884726672791 43.67542188106962 0 0
45.21575466817362 45.23581596813009 0 0
45.95673905685999 46.04143671385094 0 0
46.80328529531756 47.21689084746303 0 0
48.32542231840822 48.67606657310012 0 0
53.3359496809049 53.55835800071473 0 0
53.56347775375762 53.57499193302458 0 0
57.339512567245 58.00471302889891 0 0
60.53128575925597 61.04144237758763 0 0
65.12531663230185 65.62199295843791 0 0
65.77484478621861 66.62963497902518 0 0
69.94552061326169 70.1032381269433 0 0
70.14052153852762 70.29416189336784 0 0
73.33628903974824 73.41104547253302 0 0
73.97108588962524 74.9446671680804 0 0
75.49147137593771 76.13509670473204 0 0
76.57026859765182 76.96810810853124 0 0
77.83431911955147 77.92211552347955 0 0
78.44698246880073 78.85300666120084 0 0
79.59576369172264 79.67009200337027 0 0
81.00063127020638 81.22469538155927 0 0
82.75981777059064 83.27729175537917 0 0
83.70854121330581 84.28372866213537 0 0
84.38733824584979 84.44492002784531 0 0
84.64925404849789 84.97431643789379 0 0
85.77893138465679 87.5550532078809 0 0
89.01310994523759 89.07558739357046 0 0
90.68902756225287 90.9563964157359 0 0
91.18841341926367 91.19005319169594 0 0
91.56338221479584 92.04783720402783 0 0
92.20499509607646 92.34821170934738 0 0
96.0176363072775 97.3380175189195 0 0
97.5065632574491 98.17906041459177 0 0
99.4403723835288 99.69462421841804 0 0
