-1.800000000000201084e+01 3.381215835137708957e-05
-1.768637079511795918e+01 4.637606686644385755e-05
-1.738314684757837725e+01 6.214962055956300936e-05
-1.708981328123576660e+01 8.238508327290047512e-05
-1.680588863433072433e+01 1.074637100030151457e-04
-1.653092219204418001e+01 1.384301435501164969e-04
-1.626449157056260830e+01 1.763423753824241871e-04
-1.600620052541652782e+01 2.218725939667709154e-04
-1.575567696017295916e+01 2.765163074442988402e-04
-1.551257111443442049e+01 3.415548716686503351e-04
-1.527655391258613626e+01 4.175775119308869810e-04
-1.504731545689701200e+01 5.055053589144393534e-04
-1.482456365046278535e+01 6.074373339191294942e-04
-1.460802293712368716e+01 7.245499615575703338e-04
-1.439743314692604947e+01 8.574876415141434406e-04
-1.419254843695589230e+01 1.008475404587599964e-03
-1.399313631847824624e+01 1.177180507741869926e-03
-1.379897676228727654e+01 1.365300675293486992e-03
-1.360986137502872673e+01 1.575737056555495978e-03
-1.342559264001182306e+01 1.806418472550893120e-03
-1.324598321669588152e+01 2.060849817262823402e-03
-1.307085529362816168e+01 2.337817526607971486e-03
-1.290003999013476133e+01 2.641211279093155784e-03
-1.273337680253193582e+01 2.970043315950618868e-03
-1.257071309104041035e+01 3.322881774513194650e-03
-1.241190360395464154e+01 3.705630325332169312e-03
-1.225681003594876195e+01 4.115538400412135055e-03
-1.210530061769597765e+01 4.551148219256351442e-03
-1.195724973424155202e+01 5.015588578565682853e-03
-1.181253756980619762e+01 5.508012982652427808e-03
-1.167104977690866718e+01 6.031618998677456579e-03
-1.153267716788677255e+01 6.580669273975746532e-03
-1.139731542706779699e+01 7.159075039938222855e-03
-1.126486484199332239e+01 7.766223207796380847e-03
-1.113523005224293527e+01 8.401709494258519789e-03
-1.100831981452695096e+01 9.064489483399969585e-03
-1.088404678283180083e+01 9.754489202385689672e-03
-1.076232730250476877e+01 1.047438288825218791e-02
-1.064308121725769141e+01 1.121737380798165304e-02
-1.052623168815380517e+01 1.198674926178470469e-02
-1.041170502371859463e+01 1.278050512564723150e-02
-1.029943052038521678e+01 1.360164832110653116e-02
-1.018934031254830330e+01 1.444713953826985003e-02
-1.008136923155793951e+01 1.531154483823166795e-02
-9.975454673037956965e+00 1.620087227853567527e-02
-9.871536471960840942e+00 1.711179834408028955e-02
-9.769556784955334194e+00 1.804308863990051331e-02
-9.669459979362780899e+00 1.899243727494241696e-02
-9.571192528595137361e+00 1.996114958574482512e-02
-9.474702913380864899e+00 2.094774272695799563e-02
-9.379941528515811200e+00 2.195064560843652465e-02
-9.286860594764403842e+00 2.296559551175805444e-02
-9.195414075582201363e+00 2.399610773735417341e-02
-9.105557598354884874e+00 2.504687770297844840e-02
-9.017248379870389741e+00 2.610424204562373715e-02
-8.930445155761116638e+00 2.717166683435458946e-02
-8.845108113671695804e+00 2.824751297872797259e-02
-8.761198829924738973e+00 2.933732180617142429e-02
-8.678680209472876328e+00 3.042968384464140447e-02
-8.597516428939853128e+00 3.152853669223668054e-02
-8.517672882566811765e+00 3.263775476764908812e-02
-8.439116130892410084e+00 3.375416968218548919e-02
-8.361813852006719117e+00 3.486822959347321560e-02
-8.285734795229661387e+00 3.598249688127604790e-02
-8.210848737074378789e+00 3.710767201041190871e-02
-8.137126439365120589e+00 3.822438079766041219e-02
-8.064539609387715302e+00 3.934580041321468491e-02
-7.993060861958362295e+00 4.046785208750871415e-02
-7.922663683303976967e+00 4.159011249688469858e-02
-7.853322396653874549e+00 4.269569149380682271e-02
-7.785012129448951157e+00 4.380896450088220262e-02
-7.717708782080378249e+00 4.491617463433709989e-02
-7.651388998075133507e+00 4.601910710356480610e-02
-7.586030135650944750e+00 4.711071042744550963e-02
-7.521610240567749628e+00 4.820841702614207108e-02
-7.458108020207273370e+00 4.927312471706808000e-02
-7.395502818816379609e+00 5.035074893887382663e-02
-7.333774593853726209e+00 5.141169070228485127e-02
-7.272903893382695273e+00 5.245958467733936870e-02
-7.212871834457117437e+00 5.351289685159824061e-02
-7.153660082449187385e+00 5.453896030400249423e-02
-7.095250831272068126e+00 5.555865759405762688e-02
-7.037626784452278628e+00 5.657167423100760428e-02
-6.980771137009643468e+00 5.755930371196583267e-02
-6.924667558104775189e+00 5.853826431023329696e-02
-6.869300174416541616e+00 5.950628247475667210e-02
-6.814653554213885300e+00 6.045828882614807942e-02
-6.760712692088343800e+00 6.139830928537182847e-02
-6.707462994315648963e+00 6.232700219067889569e-02
-6.654890264816202716e+00 6.322669277265804966e-02
-6.602980691686176407e+00 6.412609632734585230e-02
-6.551720834272277472e+00 6.500677661387248285e-02
-6.501097610764786872e+00 6.586916445785929997e-02
-6.451098286284775440e+00 6.670588365492553795e-02
-6.401710461442654321e+00 6.753476115304211935e-02
-6.352922061346510496e+00 6.835148681710082053e-02
-6.304721325039668756e+00 6.914017756708217000e-02
-6.257096795348075169e+00 6.991962986919973699e-02
-6.210037309119101678e+00 7.066723730413006221e-02
-6.163531987834188541e+00 7.141691871649227807e-02
-6.117570228578837366e+00 7.213559973158130412e-02
-6.072141695354100754e+00 7.283378270970233825e-02
-6.027236310714632950e+00 7.351934243857286000e-02
-5.982844247719062203e+00 7.418721851676207679e-02
-5.938955922179146363e+00 7.483440632885123012e-02
-5.895561985194874843e+00 7.546630441450727367e-02
-5.852653315963272540e+00 7.608007962795836077e-02
-5.810221014849253685e+00 7.666618978260099360e-02
-5.768256396707496236e+00 7.724422138682347783e-02
-5.726750984444712422e+00 7.780521458462173745e-02
-5.685696502812374042e+00 7.832864892372855270e-02
-5.645084872420248701e+00 7.885082619804091586e-02
-5.604908203961667112e+00 7.934911913292845564e-02
-5.565158792641851981e+00 7.982534083902310951e-02
-5.525829112800970222e+00 8.029986167374139616e-02
-5.486911812724083681e+00 8.073156160126288006e-02
-5.448399709630409760e+00 8.115211855765895599e-02
-5.410285784834729661e+00 8.156075962772743604e-02
-5.372563179074079542e+00 8.194775242887807065e-02
-5.335225187993163587e+00 8.232230506166386685e-02
-5.298265257782246884e+00 8.267403065147377328e-02
-5.261676980961550676e+00 8.299453442169249517e-02
-5.225454092306433651e+00 8.330968867725845051e-02
-5.189590464907923639e+00 8.362690231002245511e-02
-5.154080106363324809e+00 8.389170826250133550e-02
-5.118917155092023386e+00 8.415273379554895350e-02
-5.084095876771596245e+00 8.440174570655653574e-02
-5.049610660889740643e+00 8.462420981200792502e-02
-5.015456017407655231e+00 8.483987574463368320e-02
-4.981626573530626878e+00 8.502404055696966001e-02
-4.948117070581910859e+00 8.520712708765876275e-02
-4.914922360976011539e+00 8.538051294984896900e-02
-4.882037405287712239e+00 8.551342989657605143e-02
-4.849457269413337102e+00 8.563870811642398939e-02
-4.817177121820895636e+00 8.575543561636696233e-02
-4.785192230885824571e+00 8.585419402383680232e-02
-4.753497962309302771e+00 8.592399715302451169e-02
-4.722089776616123835e+00 8.599577471257609240e-02
-4.690963226729293112e+00 8.604283999962697438e-02
-4.660113955618596648e+00 8.606611273696683495e-02
-4.629537694020590344e+00 8.610458491720152097e-02
-4.599230258227382961e+00 8.610551827906118283e-02
-4.569187547941903738e+00 8.609792458299686535e-02
-4.539405544197283149e+00 8.608299466775691522e-02
-4.509880307338105077e+00 8.604026372297093883e-02
-4.480607975061465353e+00 8.597807705666098144e-02
-4.451584760515686412e+00 8.592171314500399171e-02
-4.422806950454783781e+00 8.584322240212233224e-02
-4.394270903446768628e+00 8.574036253146626041e-02
-4.365973048133954926e+00 8.563561516129448992e-02
-4.337909881543509094e+00 8.553089598759859580e-02
-4.310077967446587444e+00 8.539168128922561274e-02
-4.282473934764412071e+00 8.525879977956443700e-02
-4.255094476019731786e+00 8.510648021330478874e-02
-4.227936345832168819e+00 8.494179212791751199e-02
-4.200996359456015128e+00 8.474850935594430146e-02
-4.174271391359062555e+00 8.456735774279393325e-02
-4.147758373841154089e+00 8.436061505453484877e-02
-4.121454295691163061e+00 8.415936857699986284e-02
-4.095356200881122177e+00 8.394925094198379956e-02
-4.069461187296388616e+00 8.369811910040908520e-02
-4.043766405500584860e+00 8.345818212102805445e-02
-4.018269057534298305e+00 8.321129839669504091e-02
-3.992966395746416985e+00 8.294578984187946091e-02
-3.967855721657088441e+00 8.267477113412008416e-02
-3.942934384851309204e+00 8.239887447415333854e-02
-3.918199781902168777e+00 8.211023481400266111e-02
-3.893649355322847061e+00 8.179472836790711854e-02
-3.869280592546462394e+00 8.151440694812879528e-02
-3.845091024932894896e+00 8.118230141279586531e-02
-3.821078226801797317e+00 8.084371757205463527e-02
-3.797239814490932730e+00 8.052752883541403062e-02
-3.773573445439120100e+00 8.016725237251266789e-02
-3.750076817293014120e+00 7.981228479055460512e-02
-3.726747667036997225e+00 7.947249067718761828e-02
-3.703583770145510101e+00 7.908781141777390666e-02
-3.680582939757102157e+00 7.873136298475051642e-02
-3.657743025869630404e+00 7.833841529319438002e-02
-3.635061914555887341e+00 7.797105282431632256e-02
-3.612537527199123133e+00 7.757589262765914040e-02
-3.590167819747855482e+00 7.716692757810215963e-02
-3.567950781989368547e+00 7.677936387841399757e-02
-3.545884436841426179e+00 7.634411652984708641e-02
-3.523966839661581307e+00 7.593036020229278205e-02
-3.502196077573649369e+00 7.551204889834543799e-02
-3.480570268810808887e+00 7.509509453506928167e-02
-3.459087562074850908e+00 7.464240408558453499e-02
-3.437746135911134981e+00 7.420421437823453148e-02
-3.416544198098792506e+00 7.374615331623281256e-02
-3.395479985055740890e+00 7.331766806777706424e-02
-3.374551761258098193e+00 7.285760684054530534e-02
-3.353757818673582580e+00 7.238946415213888541e-02
-3.333096476208523118e+00 7.193430981607593089e-02
-3.312566079168071553e+00 7.144478737000822810e-02
-3.292164998729279812e+00 7.098428113645981197e-02
-3.271891631426664837e+00 7.050470605820265135e-02
-3.251744398649922374e+00 7.002267684282993676e-02
-3.231721746153456643e+00 6.953326046880407840e-02
-3.211822143577407918e+00 6.903013786979454725e-02
-3.192044083979844071e+00 6.857418393067310491e-02
-3.172386083379843402e+00 6.807226756475187601e-02
-3.152846680311138350e+00 6.756769194431146153e-02
-3.133424435386072737e+00 6.707163330937884749e-02
-3.114117930869558570e+00 6.658255773598237282e-02
-3.094925770262795250e+00 6.608081293700361625e-02
-3.075846577896469647e+00 6.557131974433148824e-02
-3.056878998533198555e+00 6.504623769647716047e-02
-3.038021696978961295e+00 6.453618817941662866e-02
-3.019273357703287086e+00 6.403206760693871957e-02
-3.000632684467968048e+00 6.351934115605273323e-02
-2.982098399964077995e+00 6.299065197954498152e-02
-2.963669245457069223e+00 6.248560451308116798e-02
-2.945343980439752762e+00 6.193864812513612955e-02
-2.927121382292947160e+00 6.142368058067799313e-02
-2.909000245953597297e+00 6.089712367293240863e-02
-2.890979383590179363e+00 6.037267857816050465e-02
-2.873057624285205058e+00 5.985869312679408666e-02
-2.855233813724623815e+00 5.930741467802505551e-02
-2.837506813893987179e+00 5.878243599272141295e-02
-2.819875502781155951e+00 5.825750422848963161e-02
-2.802338774085429751e+00 5.773337807502555707e-02
-2.784895536932901372e+00 5.720102874672065851e-02
-2.767544715597910265e+00 5.667852728444976868e-02
-2.750285249230413953e+00 5.612656245243908409e-02
-2.733116091589155250e+00 5.560203656095546315e-02
-2.716036210780464089e+00 5.507801966492435752e-02
-2.699044589002566052e+00 5.453178680970311581e-02
-2.682140222295249732e+00 5.400989981020084402e-02
-2.665322120294779662e+00 5.348032913108251296e-02
-2.648589305993904297e+00 5.293534267558735323e-02
-2.631940815506855547e+00 5.240906789137079330e-02
-2.615375697839200431e+00 5.186887064289515126e-02
-2.598893014662444045e+00 5.132541530783241157e-02
-2.582491840093254609e+00 5.082447308303326972e-02
-2.566171260477212002e+00 5.029674309796904053e-02
-2.549930374176959447e+00 4.975280136640335138e-02
-2.533768291364664638e+00 4.921259886635356851e-02
-2.517684133818677505e+00 4.870138814444880532e-02
-2.501677034724291371e+00 4.816741634573517422e-02
-2.485746138478510670e+00 4.765258694966680031e-02
-2.469890600498723998e+00 4.710930808299979705e-02
-2.454109587035200768e+00 4.659261023450058520e-02
-2.438402274987315543e+00 4.606551656261533012e-02
-2.422767851723407695e+00 4.554528685571039570e-02
-2.407205514904207533e+00 4.503743281792278730e-02
-2.391714472309731221e+00 4.451867686356968112e-02
-2.376293941669569421e+00 4.399534983052794807e-02
-2.360943150496495058e+00 4.348462232060421040e-02
-2.345661335923311608e+00 4.296333734939210280e-02
-2.330447744542858413e+00 4.245386453991310122e-02
-2.315301632251118846e+00 4.194435862004377430e-02
-2.300222264093345625e+00 4.143096697860024213e-02
-2.285208914113144640e+00 4.092566967944526873e-02
-2.270260865204440481e+00 4.042121934724189625e-02
-2.255377408966269037e+00 3.992309155492298339e-02
-2.240557845560325223e+00 3.941546517785817633e-02
-2.225801483571210770e+00 3.891400143996286143e-02
-2.211107639869315467e+00 3.842141781449100874e-02
-2.196475639476279440e+00 3.793884836696560792e-02
-2.181904815432973432e+00 3.744387647456281359e-02
-2.167394508669943320e+00 3.693873331433480955e-02
-2.152944067880271817e+00 3.646408834702088292e-02
-2.138552849394784516e+00 3.597182505488449866e-02
-2.124220217059574090e+00 3.547930785671697673e-02
-2.109945542115772454e+00 3.501016187050828843e-02
-2.095728203081529628e+00 3.451836739494573009e-02
-2.081567585636154849e+00 3.404596384587536134e-02
-2.067463082506362237e+00 3.358537801195178585e-02
-2.053414093354584136e+00 3.310826899541479545e-02
-2.039420024669305942e+00 3.262596563753801526e-02
-2.025480289657382471e+00 3.217013139778841790e-02
-2.011594308138276332e+00 3.170482191906318081e-02
-1.997761506440205226e+00 3.124219630287513455e-02
-1.983981317298131319e+00 3.079160212382568013e-02
-1.970253179753569617e+00 3.034080239519568525e-02
-1.956576539056167352e+00 2.989106936885495280e-02
-1.942950846567025547e+00 2.943864260098760788e-02
-1.929375559663717654e+00 2.899634295797816688e-02
-1.915850141646975535e+00 2.856033167822522381e-02
-1.902374061649005244e+00 2.811107034899275672e-02
-1.888946794543396868e+00 2.766549342770917644e-02
-1.875567820856598900e+00 2.723769818050985128e-02
-1.862236626680921825e+00 2.679623140827805741e-02
-1.848952703589041180e+00 2.637568703484660659e-02
-1.835715548549967879e+00 2.595700109490229474e-02
-1.822524663846452730e+00 2.553235618123186196e-02
-1.809379556993800708e+00 2.510991482922097714e-02
-1.796279740660062796e+00 2.468904022885593311e-02
-1.783224732587581407e+00 2.428432943316331111e-02
-1.770214055515849871e+00 2.387819478223768277e-02
-1.757247237105675541e+00 2.347356601437442999e-02
-1.744323809864610553e+00 2.305840882111271847e-02
-1.731443311073621372e+00 2.266816090705804990e-02
-1.718605282714980698e+00 2.227521304481831776e-02
-1.705809271401351745e+00 2.185955333936688560e-02
-1.693054828306041149e+00 2.149617764406718326e-02
-1.680341509094399610e+00 2.110137759058132445e-02
-1.667668873856344547e+00 2.071834475075615481e-02
-1.655036487039980519e+00 2.033617061038688403e-02
-1.642443917386301022e+00 1.996127756048294080e-02
-1.629890737864948980e+00 1.959381446724979894e-02
-1.617376525611005755e+00 1.922821294255320015e-02
-1.604900861862805783e+00 1.885268611933496596e-02
-1.592463331900736856e+00 1.849525713239425287e-02
-1.580063524987020074e+00 1.814734169550873133e-02
-1.567701034306447028e+00 1.777953680845771253e-02
-1.555375456908052678e+00 1.744323367095011734e-02
-1.543086393647707277e+00 1.708362254472150024e-02
-1.530833449131608237e+00 1.674502818664799428e-02
-1.518616231660659732e+00 1.639568482274971623e-02
-1.506434353175712282e+00 1.605683600997957067e-02
-1.494287429203655870e+00 1.572673464897926879e-02
-1.482175078804342627e+00 1.539839227997770801e-02
-1.470096924518329295e+00 1.507662083980143737e-02
-1.458052592315416618e+00 1.474878231812207403e-02
-1.446041711543979202e+00 1.442288935105271244e-02
-1.434063914881057000e+00 1.411718167684854891e-02
-1.422118838283209508e+00 1.380511403124102220e-02
-1.410206120938107599e+00 1.350690635056463890e-02
-1.398325405216850115e+00 1.319326296527740389e-02
-1.386476336626996986e+00 1.288695873985137332e-02
-1.374658563766294916e+00 1.259573639949305990e-02
-1.362871738277095179e+00 1.230245162811259736e-02
-1.351115514801437101e+00 1.201430542823548123e-02
-1.339389550936797013e+00 1.172054779823278325e-02
-1.327693507192477362e+00 1.144686402100070569e-02
-1.316027046946637080e+00 1.116437992966631126e-02
-1.304389836403941239e+00 1.089086603488948791e-02
-1.292781544553817996e+00 1.062347656221610502e-02
-1.281201843129320173e+00 1.035179895033381398e-02
-1.269650406566570577e+00 1.009111211112341706e-02
-1.258126911964788874e+00 9.834028051780347238e-03
-1.246631039046874889e+00 9.582326336537832709e-03
-1.235162470120555911e+00 9.323679127216358622e-03
-1.223720890040073339e+00 9.083288511909841031e-03
-1.212305986168408234e+00 8.823061800145160297e-03
-1.200917448340022453e+00 8.584038933364689788e-03
-1.189554968824123149e+00 8.349269818579179575e-03
-1.178218242288426865e+00 8.121882619370206571e-03
-1.166906965763418569e+00 7.884911972232927502e-03
-1.155620838607101852e+00 7.661942103496480194e-03
-1.144359562470215863e+00 7.439861040042439720e-03
-1.133122841261928526e+00 7.225757322088739547e-03
-1.121910381115985400e+00 7.006190688910798013e-03
-1.110721890357309283e+00 6.796868779746805499e-03
-1.099557079469039467e+00 6.590718183853498148e-03
-1.088415661060010642e+00 6.381358961771669419e-03
-1.077297349832647466e+00 6.183362054422562350e-03
-1.066201862551285018e+00 5.986889046729001324e-03
-1.055128918010896033e+00 5.796106830388653326e-03
-1.044078237006218046e+00 5.609085523232226408e-03
-1.033049542301277102e+00 5.419905672543358713e-03
-1.022042558599299822e+00 5.240982568872163717e-03
-1.011057012512998066e+00 5.063570626668317809e-03
-1.000092632535235726e+00 4.889998315469250983e-03
-9.891491490100537964e-01 4.720632257726033003e-03
-9.782262941040561488e-01 4.553604508383498652e-03
-9.673238017781481402e-01 4.387917138570260160e-03
-9.564414077596213870e-01 4.225446239898972105e-03
-9.455788495145712735e-01 4.073109363879303529e-03
-9.347358662206534108e-01 3.915818977117116982e-03
-9.239121987401626157e-01 3.772073909418552969e-03
-9.131075895934324116e-01 3.625555923623710857e-03
-9.023217829325496098e-01 3.485973482817275159e-03
-8.915545245153719822e-01 3.344188167432803407e-03
-8.808055616798529108e-01 3.207290424884239131e-03
-8.700746433186589135e-01 3.075202557489126014e-03
-8.593615198540814903e-01 2.946060517118902298e-03
-8.486659432132259706e-01 2.821818936150835913e-03
-8.379876668034880183e-01 2.703179752962970184e-03
-8.273264454882990337e-01 2.588501928976310804e-03
-8.166820355631438932e-01 2.468860095755529178e-03
-8.060541947318363709e-01 2.357255862361613483e-03
-7.954426820830584610e-01 2.251497001293976952e-03
-7.848472580671504994e-01 2.146496843615367574e-03
-7.742676844731486430e-01 2.044063272012305952e-03
-7.637037244060699281e-01 1.949245863231728127e-03
-7.531551422644284788e-01 1.853837753555742001e-03
-7.426217037179922986e-01 1.760063711080652772e-03
-7.321031756857663275e-01 1.671117845116047848e-03
-7.215993263142009839e-01 1.583940809529460871e-03
-7.111099249556180890e-01 1.500120244723805642e-03
-7.006347421468592795e-01 1.419446022458661872e-03
-6.901735495881351490e-01 1.347097645115391887e-03
-6.797261201220911042e-01 1.269872135289562337e-03
-6.692922277130706199e-01 1.199326456578053268e-03
-6.588716474265783329e-01 1.131068095759516900e-03
-6.484641554089376481e-01 1.063762064895862986e-03
-6.380695288671385246e-01 1.000369891188189085e-03
-6.276875460488731129e-01 9.393773829306005605e-04
-6.173179862227488046e-01 8.816698460133748794e-04
-6.069606296586862459e-01 8.271885717283390107e-04
-5.966152576084875481e-01 7.740805674620803789e-04
-5.862816522865772484e-01 7.246969522247343268e-04
-5.759595968509094721e-01 6.778479777944447808e-04
-5.656488753840412942e-01 6.310646404582929275e-04
-5.553492728743597562e-01 5.865676385226977927e-04
-5.450605751974718638e-01 5.432887064632762860e-04
-5.347825690977430213e-01 5.057788852409055578e-04
-5.245150421699888987e-01 4.685449713476552962e-04
-5.142577828413065211e-01 4.319819941232090556e-04
-5.040105803530536832e-01 3.998782778883555513e-04
-4.937732247429644228e-01 3.688030074192624828e-04
-4.835455068274036594e-01 3.390682387089390495e-04
-4.733272181837471781e-01 3.123028503141117443e-04
-4.631181511328986700e-01 2.856392831437550451e-04
-4.529180987219272314e-01 2.601849005431838618e-04
-4.427268547068332061e-01 2.379622095566108703e-04
-4.325442135354257145e-01 2.182338098464145070e-04
-4.223699703303245845e-01 1.976779435329811547e-04
-4.122039208720716941e-01 1.792968515147667506e-04
-4.020458615823537807e-01 1.621126370351089446e-04
-3.918955895073323314e-01 1.467810201432393608e-04
-3.817529023010813316e-01 1.322327805432325909e-04
-3.716175982091194929e-01 1.181639777008356427e-04
-3.614894760520483419e-01 1.068300602962523715e-04
-3.513683352092828449e-01 9.461832799893701938e-05
-3.412539756028758475e-01 8.452301684116061769e-05
-3.311461976814312758e-01 7.421222701566306348e-05
-3.210448024041094306e-01 6.635787021082851481e-05
-3.109495912247085547e-01 5.825631677978321737e-05
-3.008603660758366605e-01 5.167185360695169779e-05
-2.907769293531580201e-01 4.549877279276494450e-05
-2.806990838997174276e-01 4.017137205681258318e-05
-2.706266329903371237e-01 3.483878512596441922e-05
-2.605593803160889399e-01 2.961810915882233494e-05
-2.504971299688272257e-01 2.587149587365325566e-05
-2.404396864257955790e-01 2.233800007705291881e-05
-2.303868545342923901e-01 1.919092199187684531e-05
-2.203384394963986970e-01 1.603227976084588952e-05
-2.102942468537628840e-01 1.402144261458867595e-05
-2.002540824724450275e-01 1.155955760379403905e-05
-1.902177525278067050e-01 9.927630881185756163e-06
-1.801850634894590075e-01 8.319480540504353759e-06
-1.701558221062540455e-01 7.105261954592116078e-06
-1.601298353913264694e-01 5.580816732237025360e-06
-1.501069106071708514e-01 4.661313236254541766e-06
-1.400868552507662790e-01 3.821715052533416613e-06
-1.300694770387391397e-01 3.165324450401789622e-06
-1.200545838925550501e-01 2.509952924391733698e-06
-1.100419839237516545e-01 2.129839325560508547e-06
-1.000314854191983877e-01 1.688930262966751016e-06
-9.002289682638489610e-02 1.292554344957835973e-06
-8.001602673873924043e-02 1.039064061698946285e-06
-7.001068388096250150e-02 8.374612828743958978e-07
-6.000667709439190534e-02 6.268552948196495549e-07
-5.000381532237931775e-02 4.807420356841954414e-07
-4.000190759568706539e-02 3.464715936016033639e-07
-3.000076301789707939e-02 2.510003120970961588e-07
-2.000019075083557876e-02 1.867219272301817817e-07
-9.999999999999974187e-03 1.307786621104015604e-07
0.000000000000000000e+00 1.704811832026022922e-07
9.999999999999974187e-03 2.014111961268459622e-07
2.000019075083557876e-02 2.375133115168602527e-07
3.000076301789707939e-02 4.140384802740116237e-07
4.000190759568635068e-02 5.658906974826381896e-07
5.000381532237860305e-02 7.182652182458066351e-07
6.000667709439118369e-02 8.816307710318214180e-07
7.001068388096322315e-02 1.145414823267575124e-06
8.001602673873996208e-02 1.389919269229720990e-06
9.002289682638561774e-02 1.804791647265744248e-06
1.000314854191983877e-01 2.365228033761314241e-06
1.100419839237516545e-01 2.783580102856640783e-06
1.200545838925550501e-01 3.474502710587285451e-06
1.300694770387391397e-01 4.276773465693142370e-06
1.400868552507662790e-01 5.253706665648583422e-06
1.501069106071708514e-01 6.340338323605293437e-06
1.601298353913264694e-01 7.560818415540776416e-06
1.701558221062540455e-01 9.149670157605007569e-06
1.801850634894582859e-01 1.094959082292281032e-05
1.902177525278067050e-01 1.320410128183935652e-05
2.002540824724450275e-01 1.502950872019399270e-05
2.102942468537628840e-01 1.804868095897267191e-05
2.203384394963986970e-01 2.072734832800963471e-05
2.303868545342923901e-01 2.393839527156446244e-05
2.404396864257955790e-01 2.812070175286780936e-05
2.504971299688272257e-01 3.225816338473341778e-05
2.605593803160889399e-01 3.745704717030200415e-05
2.706266329903371237e-01 4.230264671486112283e-05
2.806990838997167059e-01 4.844607074620161139e-05
2.907769293531572985e-01 5.589869766736901830e-05
3.008603660758359388e-01 6.244358716006104867e-05
3.109495912247092764e-01 7.115408688481937030e-05
3.210448024041101522e-01 7.933842252087704204e-05
3.311461976814320529e-01 8.903202883128228892e-05
3.412539756028758475e-01 9.999533843282528290e-05
3.513683352092828449e-01 1.116356439239596832e-04
3.614894760520483419e-01 1.242648355585138325e-04
3.716175982091194929e-01 1.384416584388642479e-04
3.817529023010813316e-01 1.532732980794213832e-04
3.918955895073323314e-01 1.693223983327006620e-04
4.020458615823530590e-01 1.851176098060317032e-04
4.122039208720709169e-01 2.038261379904842969e-04
4.223699703303238628e-01 2.239673745506169406e-04
4.325442135354264361e-01 2.469889172837785711e-04
4.427268547068339277e-01 2.674643109952641812e-04
4.529180987219279531e-01 2.922874251782112847e-04
4.631181511328986700e-01 3.188284375025106235e-04
4.733272181837471781e-01 3.456750819696083874e-04
4.835455068274036594e-01 3.743453204577197623e-04
4.937732247429644228e-01 4.041494764559745777e-04
5.040105803530536832e-01 4.382220726807125699e-04
5.142577828413065211e-01 4.716196869043299644e-04
5.245150421699888987e-01 5.092508319558565737e-04
5.347825690977430213e-01 5.479547442143061940e-04
5.450605751974710866e-01 5.877909089415566052e-04
5.553492728743597562e-01 6.285429863666298130e-04
5.656488753840412942e-01 6.725863942720361087e-04
5.759595968509094721e-01 7.231623814862242960e-04
5.862816522865772484e-01 7.700805182320474710e-04
5.966152576084875481e-01 8.230980097702441560e-04
6.069606296586862459e-01 8.761824661438857333e-04
6.173179862227488046e-01 9.330842061452901143e-04
6.276875460488731129e-01 9.883802797181235212e-04
6.380695288671385246e-01 1.051761569150562198e-03
6.484641554089369819e-01 1.112266600415337666e-03
6.588716474265774448e-01 1.180960839198012943e-03
6.692922277130698427e-01 1.245580664046786780e-03
6.797261201220904381e-01 1.319878091786624982e-03
6.901735495881360372e-01 1.392157908066575913e-03
7.006347421468600567e-01 1.468042810289574285e-03
7.111099249556188662e-01 1.547473696081776151e-03
7.215993263142009839e-01 1.628661813869785148e-03
7.321031756857663275e-01 1.712687658744486106e-03
7.426217037179922986e-01 1.798154881392157551e-03
7.531551422644284788e-01 1.891137307400663067e-03
7.637037244060699281e-01 1.984067171969643335e-03
7.742676844731486430e-01 2.078700532183793293e-03
7.848472580671498333e-01 2.183949507656375404e-03
7.954426820830577949e-01 2.280982524876563194e-03
8.060541947318363709e-01 2.391776226315709200e-03
8.166820355631446704e-01 2.497360104101826236e-03
8.273264454882999219e-01 2.606480507001789505e-03
8.379876668034880183e-01 2.720922440438500959e-03
8.486659432132259706e-01 2.837595779566616603e-03
8.593615198540814903e-01 2.957099476740621298e-03
8.700746433186589135e-01 3.082614856882286928e-03
8.808055616798529108e-01 3.213638603597339209e-03
8.915545245153719822e-01 3.343751452869265367e-03
9.023217829325496098e-01 3.475523803927552027e-03
9.131075895934324116e-01 3.613230907499776975e-03
9.239121987401619496e-01 3.753198925820617343e-03
9.347358662206525226e-01 3.892507713846136627e-03
9.455788495145712735e-01 4.044675209728470014e-03
9.564414077596213870e-01 4.194974278687325572e-03
9.673238017781488063e-01 4.349264674715202367e-03
9.782262941040561488e-01 4.500618416914044587e-03
9.891491490100537964e-01 4.658710598184265077e-03
1.000092632535235726e+00 4.827584882319344538e-03
1.011057012512998066e+00 4.989619828961315215e-03
1.022042558599299822e+00 5.168369963423969857e-03
1.033049542301277102e+00 5.339542670771365608e-03
1.044078237006217380e+00 5.513549285995610408e-03
1.055128918010895367e+00 5.700123812647592096e-03
1.066201862551284352e+00 5.882228514917023712e-03
1.077297349832648132e+00 6.074714869549459502e-03
1.088415661060011308e+00 6.265567756724906359e-03
1.099557079469040355e+00 6.455967887421823481e-03
1.110721890357309283e+00 6.657009825194299367e-03
1.121910381115985400e+00 6.866949401506560434e-03
1.133122841261928526e+00 7.067218697402319165e-03
1.144359562470215863e+00 7.276865403795408117e-03
1.155620838607101852e+00 7.490140010651837217e-03
1.166906965763418569e+00 7.707262795354025142e-03
1.178218242288425976e+00 7.923461496412272098e-03
1.189554968824123149e+00 8.148337149835274684e-03
1.200917448340022453e+00 8.380077422652301711e-03
1.212305986168408900e+00 8.608312876487776363e-03
1.223720890040074227e+00 8.851332911994047939e-03
1.235162470120555911e+00 9.091586056692853995e-03
1.246631039046874889e+00 9.328584060284375590e-03
1.258126911964788874e+00 9.565176591251901492e-03
1.269650406566570577e+00 9.824576509372309752e-03
1.281201843129320173e+00 1.007444648735453079e-02
1.292781544553817996e+00 1.033784930352629229e-02
1.304389836403941239e+00 1.059472111489047005e-02
1.316027046946637080e+00 1.085918867711485776e-02
1.327693507192476696e+00 1.112881856690780928e-02
1.339389550936796125e+00 1.140549223006535363e-02
1.351115514801436435e+00 1.168073410331913267e-02
1.362871738277095179e+00 1.195902956503215771e-02
1.374658563766295805e+00 1.224574947921083616e-02
1.386476336626997652e+00 1.252051309552570414e-02
1.398325405216850559e+00 1.281800275559834973e-02
1.410206120938107599e+00 1.311509345792402463e-02
1.422118838283209508e+00 1.341184246538546301e-02
1.434063914881057000e+00 1.370788046842930444e-02
1.446041711543979202e+00 1.400784670016388608e-02
1.458052592315416618e+00 1.432475853747858241e-02
1.470096924518328407e+00 1.464641743717967973e-02
1.482175078804341739e+00 1.496114226950251078e-02
1.494287429203654982e+00 1.528668515053738762e-02
1.506434353175713392e+00 1.560737258512801505e-02
1.518616231660660620e+00 1.592567753043459128e-02
1.530833449131608681e+00 1.626697935375572002e-02
1.543086393647707277e+00 1.660555134293345905e-02
1.555375456908052678e+00 1.693644698558892381e-02
1.567701034306447028e+00 1.728045449440159323e-02
1.580063524987019630e+00 1.761906608141567548e-02
1.592463331900736190e+00 1.798281406995309514e-02
1.604900861862805117e+00 1.832918620128037510e-02
1.617376525611005755e+00 1.868808887622141340e-02
1.629890737864948091e+00 1.904810635120926521e-02
1.642443917386300800e+00 1.941534874778053088e-02
1.655036487039980742e+00 1.977976845478766899e-02
1.667668873856345213e+00 2.015966201534871369e-02
1.680341509094400276e+00 2.053110460107478163e-02
1.693054828306040926e+00 2.090289733481403775e-02
1.705809271401351079e+00 2.129082698296518722e-02
1.718605282714980920e+00 2.167535926032964494e-02
1.731443311073621594e+00 2.206727027873092370e-02
1.744323809864610997e+00 2.246454381131504988e-02
1.757247237105675541e+00 2.285587268033828848e-02
1.770214055515848983e+00 2.325978399668294366e-02
1.783224732587580741e+00 2.366086526704805001e-02
1.796279740660062352e+00 2.406584168614948546e-02
1.809379556993800708e+00 2.448116289092862677e-02
1.822524663846453397e+00 2.489415792072588104e-02
1.835715548549968767e+00 2.531287322669543288e-02
1.848952703589041624e+00 2.573485864608059809e-02
1.862236626680921825e+00 2.615937245507436379e-02
1.875567820856598900e+00 2.658373330922145228e-02
1.888946794543396868e+00 2.701019008726026488e-02
1.902374061649005244e+00 2.746251947572088750e-02
1.915850141646975535e+00 2.789704273274074345e-02
1.929375559663716988e+00 2.833913334721383653e-02
1.942950846567024437e+00 2.878492705162596921e-02
1.956576539056166242e+00 2.923131816304526051e-02
1.970253179753570727e+00 2.968319579656371679e-02
1.983981317298132430e+00 3.012928928568614842e-02
1.997761506440205892e+00 3.059835705873465220e-02
2.011594308138276332e+00 3.104987953356938557e-02
2.025480289657382471e+00 3.151523531260130156e-02
2.039420024669305942e+00 3.197934243876100063e-02
2.053414093354583247e+00 3.245339938057354573e-02
2.067463082506361793e+00 3.292341054463382433e-02
2.081567585636154405e+00 3.340346522572524429e-02
2.095728203081529628e+00 3.387366182472962423e-02
2.109945542115771566e+00 3.436584253582351117e-02
2.124220217059573645e+00 3.485057621852279131e-02
2.138552849394784072e+00 3.531493743743883973e-02
2.152944067880272261e+00 3.581405261858670863e-02
2.167394508669943765e+00 3.630797054871246626e-02
2.181904815432972988e+00 3.679815741667307599e-02
2.196475639476278996e+00 3.730313101563955541e-02
2.211107639869315911e+00 3.779730788165530653e-02
2.225801483571211214e+00 3.829967993934110804e-02
2.240557845560325667e+00 3.880119572103979397e-02
2.255377408966268149e+00 3.930946544662459324e-02
2.270260865204440481e+00 3.981163309897575026e-02
2.285208914113143308e+00 4.034502396330139767e-02
2.300222264093344737e+00 4.085014219107058892e-02
2.315301632251118846e+00 4.135714953948219086e-02
2.330447744542859301e+00 4.188503722122730727e-02
2.345661335923311608e+00 4.239073307004313784e-02
2.360943150496495946e+00 4.292798106273918585e-02
2.376293941669568088e+00 4.344020607986561616e-02
2.391714472309731221e+00 4.397333525594588483e-02
2.407205514904206645e+00 4.450376957440557724e-02
2.422767851723407695e+00 4.502206655503100674e-02
2.438402274987316432e+00 4.555245826271647758e-02
2.454109587035200768e+00 4.608921248611506233e-02
2.469890600498723998e+00 4.662283172959358346e-02
2.485746138478509337e+00 4.715384017712912629e-02
2.501677034724291371e+00 4.768256563697298445e-02
2.517684133818678394e+00 4.823092710256560861e-02
2.533768291364664638e+00 4.877616834437582816e-02
2.549930374176959891e+00 4.931510206143038116e-02
2.566171260477213334e+00 4.984415351535392141e-02
2.582491840093254609e+00 5.039745027467978922e-02
2.598893014662444489e+00 5.094198042555372202e-02
2.615375697839199987e+00 5.148945025049376373e-02
2.631940815506855991e+00 5.203644245094489473e-02
2.648589305993903409e+00 5.257733499120571807e-02
2.665322120294779218e+00 5.312072729381085018e-02
2.682140222295247955e+00 5.364928656338501661e-02
2.699044589002565164e+00 5.420997083861365390e-02
2.716036210780464977e+00 5.474452619652727531e-02
2.733116091589157026e+00 5.530458039851084834e-02
2.750285249230413953e+00 5.584215848194950399e-02
2.767544715597911598e+00 5.637945833552390068e-02
2.784895536932901372e+00 5.694811027884418009e-02
2.802338774085429751e+00 5.748245335428971842e-02
2.819875502781155063e+00 5.802104674312524857e-02
2.837506813893987179e+00 5.856972777141020159e-02
2.855233813724622927e+00 5.912053122712225550e-02
2.873057624285204170e+00 5.966148252430342885e-02
2.890979383590180252e+00 6.020894591311406335e-02
2.909000245953595520e+00 6.074504592823862237e-02
2.927121382292947160e+00 6.127487470600093827e-02
2.945343980439754095e+00 6.182348208868674450e-02
2.963669245457068335e+00 6.235938898911123213e-02
2.982098399964077995e+00 6.290758006115063083e-02
3.000632684467967159e+00 6.342051541145707350e-02
3.019273357703287086e+00 6.396459022663837646e-02
3.038021696978962627e+00 6.449791920347534846e-02
3.056878998533198555e+00 6.501990957523169634e-02
3.075846577896470535e+00 6.555104017614241108e-02
3.094925770262794362e+00 6.607315349216247302e-02
3.114117930869559014e+00 6.659732426921601001e-02
3.133424435386071849e+00 6.712191148253549011e-02
3.152846680311138350e+00 6.763662097825953734e-02
3.172386083379844290e+00 6.815339722674666756e-02
3.192044083979846292e+00 6.866008690680730497e-02
3.211822143577407918e+00 6.915028738741200998e-02
3.231721746153457975e+00 6.965160347553173148e-02
3.251744398649921930e+00 7.015291801806691763e-02
3.271891631426665281e+00 7.067411407239594656e-02
3.292164998729279368e+00 7.114369347625812412e-02
3.312566079168071553e+00 7.164064888157055389e-02
3.333096476208521786e+00 7.211963457732886718e-02
3.353757818673582580e+00 7.261445358881861434e-02
3.374551761258096416e+00 7.307064629394308120e-02
3.395479985055740446e+00 7.352927042750981301e-02
3.416544198098793395e+00 7.400795608693991334e-02
3.437746135911136314e+00 7.446397536812912610e-02
3.459087562074850908e+00 7.492488332847148380e-02
3.480570268810810663e+00 7.535265003355920421e-02
3.502196077573649369e+00 7.582066424198211085e-02
3.523966839661581307e+00 7.624591792352278241e-02
3.545884436841424847e+00 7.668949576437845972e-02
3.567950781989368547e+00 7.711740250967763499e-02
3.590167819747851929e+00 7.753743982154252812e-02
3.612537527199123133e+00 7.792876106904282618e-02
3.635061914555887341e+00 7.834767474434538304e-02
3.657743025869628628e+00 7.873211400146709615e-02
3.680582939757102157e+00 7.914185976985839421e-02
3.703583770145510101e+00 7.952628368628093802e-02
3.726747667036997225e+00 7.989919376213643065e-02
3.750076817293014120e+00 8.027683092584658731e-02
3.773573445439117879e+00 8.064507567935616517e-02
3.797239814490932730e+00 8.100478415206753546e-02
3.821078226801799538e+00 8.133091190205447851e-02
3.845091024932894896e+00 8.165918625439304301e-02
3.869280592546462394e+00 8.198922511621181686e-02
3.893649355322847061e+00 8.230640817203091486e-02
3.918199781902168777e+00 8.261612755798929120e-02
3.942934384851307872e+00 8.292926463381247726e-02
3.967855721657088441e+00 8.319973547461780028e-02
3.992966395746416985e+00 8.349254631905289603e-02
4.018269057534300082e+00 8.375270450862076776e-02
4.043766405500584860e+00 8.402870747247095928e-02
4.069461187296391280e+00 8.426864504871064976e-02
4.095356200881122177e+00 8.449954910141782571e-02
4.121454295691163061e+00 8.473493043163014826e-02
4.147758373841154089e+00 8.495430350258344199e-02
4.174271391359062555e+00 8.514283386507998097e-02
4.200996359456013352e+00 8.533798822525726080e-02
4.227936345832168819e+00 8.551924256261442259e-02
4.255094476019727345e+00 8.571217875040411383e-02
4.282473934764413848e+00 8.585628373504945732e-02
4.310077967446587444e+00 8.598529523423319165e-02
4.337909881543510870e+00 8.612644153334994557e-02
4.365973048133954926e+00 8.623490254252327847e-02
4.394270903446770404e+00 8.634310582674969980e-02
4.422806950454781116e+00 8.643237369717515772e-02
4.451584760515686412e+00 8.651903736471436290e-02
4.480607975061463577e+00 8.658527424193433741e-02
4.509880307338105077e+00 8.662810344919190386e-02
4.539405544197283149e+00 8.667733308955800908e-02
4.569187547941903738e+00 8.668502112566683904e-02
4.599230258227382961e+00 8.669568407399293186e-02
4.629537694020593008e+00 8.669062038624036903e-02
4.660113955618596648e+00 8.667463445789214127e-02
4.690963226729293112e+00 8.662615527159410467e-02
4.722089776616123835e+00 8.657714157486549877e-02
4.753497962309302771e+00 8.651296908318791001e-02
4.785192230885826348e+00 8.642721779941654747e-02
4.817177121820895636e+00 8.631511142152821503e-02
4.849457269413340654e+00 8.619524051733969128e-02
4.882037405287709575e+00 8.606678349272495199e-02
4.914922360976011539e+00 8.591172684527599579e-02
4.948117070581908195e+00 8.575492555210709189e-02
4.981626573530626878e+00 8.557040691196861337e-02
5.015456017407652567e+00 8.534773882712007320e-02
5.049610660889745972e+00 8.514055665728023636e-02
5.084095876771596245e+00 8.490763996792340118e-02
5.118917155092026050e+00 8.464675120821536780e-02
5.154080106363324809e+00 8.438083515864858164e-02
5.189590464907923639e+00 8.408137067573268064e-02
5.225454092306433651e+00 8.376377938789551780e-02
5.261676980961550676e+00 8.344757694173339513e-02
5.298265257782244220e+00 8.310478304150105411e-02
5.335225187993163587e+00 8.275076075229927108e-02
5.372563179074077766e+00 8.235733791644099522e-02
5.410285784834729661e+00 8.196830808738291008e-02
5.448399709630405319e+00 8.153628756311373516e-02
5.486911812724086346e+00 8.109717800197994986e-02
5.525829112800970222e+00 8.064592891563460153e-02
5.565158792641854646e+00 8.016947480597486075e-02
5.604908203961667112e+00 7.968147233724470757e-02
5.645084872420248701e+00 7.917509752710930049e-02
5.685696502812371378e+00 7.863767872631606537e-02
5.726750984444712422e+00 7.808200773284582064e-02
5.768256396707492684e+00 7.751751049619633183e-02
5.810221014849253685e+00 7.692556614400190840e-02
5.852653315963272540e+00 7.630839153777872752e-02
5.895561985194872179e+00 7.568269555694512318e-02
5.938955922179146363e+00 7.504975385514674191e-02
5.982844247719065756e+00 7.438732765014277604e-02
6.027236310714632950e+00 7.371021261435822813e-02
6.072141695354100754e+00 7.299305162768059130e-02
6.117570228578833813e+00 7.228567584733208706e-02
6.163531987834188541e+00 7.154903858358629964e-02
6.210037309119105231e+00 7.078277772552431235e-02
6.257096795348075169e+00 7.001155671709755057e-02
6.304721325039668756e+00 6.921729729461094383e-02
6.352922061346506943e+00 6.841864311363088369e-02
6.401710461442654321e+00 6.759058373625774496e-02
6.451098286284771888e+00 6.674414401054129531e-02
6.501097610764786872e+00 6.589746952503297561e-02
6.551720834272277472e+00 6.502715886017657043e-02
6.602980691686179959e+00 6.412018586911630291e-02
6.654890264816202716e+00 6.321294973832493336e-02
6.707462994315653404e+00 6.229033767374198005e-02
6.760712692088343800e+00 6.135625150257837529e-02
6.814653554213885300e+00 6.039935291346062302e-02
6.869300174416541616e+00 5.943990322477864935e-02
6.924667558104775189e+00 5.845018211516868345e-02
6.980771137009639027e+00 5.746251309009278718e-02
7.037626784452278628e+00 5.645592639506121641e-02
7.095250831272059244e+00 5.542750077050372093e-02
7.153660082449184721e+00 5.440624053022978523e-02
7.212871834457117437e+00 5.335951530091168765e-02
7.272903893382699714e+00 5.230704793323148749e-02
7.333774593853726209e+00 5.124289804307322754e-02
7.395502818816384050e+00 5.016821189933604042e-02
7.458108020207268929e+00 4.910075047913381452e-02
7.521610240567749628e+00 4.800191958964717537e-02
7.586030135650939421e+00 4.691290927926893700e-02
7.651388998075133507e+00 4.582178134236194328e-02
7.717708782080382690e+00 4.470555139886245311e-02
7.785012129448951157e+00 4.358541968256007121e-02
7.853322396653874549e+00 4.246915488095654584e-02
7.922663683303971638e+00 4.135106863950043649e-02
7.993060861958362295e+00 4.023317628781352545e-02
8.064539609387720631e+00 3.910931145390161151e-02
8.137126439365120589e+00 3.798285203738734073e-02
8.210848737074378789e+00 3.686655653750774836e-02
8.285734795229668492e+00 3.573404557239089757e-02
8.361813852006719117e+00 3.461700992655384473e-02
8.439116130892415413e+00 3.349764272833861967e-02
8.517672882566811765e+00 3.238276771408499927e-02
8.597516428939853128e+00 3.127746826333401703e-02
8.678680209472870999e+00 3.017791212622704736e-02
8.761198829924738973e+00 2.908349009866291815e-02
8.845108113671690475e+00 2.799637006383971782e-02
8.930445155761116638e+00 2.691647746811607483e-02
9.017248379870389741e+00 2.585309326062186150e-02
9.105557598354891979e+00 2.479866624223779972e-02
9.195414075582201363e+00 2.375342182793658413e-02
9.286860594764410948e+00 2.272788533221827001e-02
9.379941528515811200e+00 2.171827111652293446e-02
9.474702913380864899e+00 2.071639983463691506e-02
9.571192528595130256e+00 1.974006344823184961e-02
9.669459979362780899e+00 1.877461309932248676e-02
9.769556784955327089e+00 1.783123656873209298e-02
9.871536471960840942e+00 1.690140701563373066e-02
9.975454673037942754e+00 1.600121488568147926e-02
1.008136923155793063e+01 1.511939715197132758e-02
1.018934031254830330e+01 1.426069949660928315e-02
1.029943052038522566e+01 1.342137361226300105e-02
1.041170502371859463e+01 1.260899726140812978e-02
1.052623168815380517e+01 1.181942405168910463e-02
1.064308121725768252e+01 1.105916575718354430e-02
1.076232730250476877e+01 1.032262455312427281e-02
1.088404678283179194e+01 9.610717347201419916e-03
1.100831981452695096e+01 8.931717272720910566e-03
1.113523005224294415e+01 8.274256610080606492e-03
1.126486484199331350e+01 7.645985200210508002e-03
1.139731542706779699e+01 7.045872627070693880e-03
1.153267716788676189e+01 6.474858090435166302e-03
1.167104977690866718e+01 5.933095484602675038e-03
1.181253756980620828e+01 5.417753130837945491e-03
1.195724973424156268e+01 4.930777818580753431e-03
1.210530061769597765e+01 4.474466712566173461e-03
1.225681003594877438e+01 4.043558231649444466e-03
1.241190360395464154e+01 3.641574975702507357e-03
1.257071309104042101e+01 3.266403655712034771e-03
1.273337680253192516e+01 2.916586752206294306e-03
1.290003999013476133e+01 2.593033891424539449e-03
1.307085529362815102e+01 2.296097530338808441e-03
1.324598321669588152e+01 2.022088715542700189e-03
1.342559264001181063e+01 1.772319449916158864e-03
1.360986137502873916e+01 1.545089237702546806e-03
1.379897676228727654e+01 1.338916634893343085e-03
1.399313631847826045e+01 1.153236930102628137e-03
1.419254843695589230e+01 9.883235095535826409e-04
1.439743314692606369e+01 8.402638437208672078e-04
1.460802293712368716e+01 7.100301323132361632e-04
1.482456365046278535e+01 5.955331640500945590e-04
1.504731545689699779e+01 4.953584497126574089e-04
1.527655391258613626e+01 4.083856313726612797e-04
1.551257111443440273e+01 3.343712829096491318e-04
1.575567696017295916e+01 2.708729199431265228e-04
1.600620052541652782e+01 2.171673335263476698e-04
1.626449157056262607e+01 1.722736674099579427e-04
1.653092219204418001e+01 1.355820784414079412e-04
1.680588863433074565e+01 1.052249988184431365e-04
1.708981328123576660e+01 8.047353630411860066e-05
1.738314684757837725e+01 6.073995686010725062e-05
1.768637079511793431e+01 4.526214096538172315e-05
1.800000000000201084e+01 3.326101061099939624e-05
