0.000000000000000000e+00 -4.900388026118063234e-01
4.999999999999998335e-01 -4.599577777543540913e-01
9.999999999999996669e-01 -3.899792903552870005e-01
1.499999999999999556e+00 -3.516565659903174712e-01
1.999999999999999334e+00 -3.058443445186147525e-01
2.499999999999999112e+00 -2.703234502412804607e-01
2.999999999999999112e+00 -2.434958681328849295e-01
3.499999999999998668e+00 -2.197625745621897830e-01
3.999999999999998668e+00 -1.970636417762340886e-01
4.499999999999998224e+00 -1.755631435357043468e-01
4.999999999999998224e+00 -1.559024819804921691e-01
5.499999999999998224e+00 -1.384855780298838712e-01
5.999999999999998224e+00 -1.233782916984813016e-01
6.499999999999998224e+00 -1.104124238173929129e-01
6.999999999999997335e+00 -9.930855904438079529e-02
7.499999999999997335e+00 -8.976293039380334182e-02
7.999999999999997335e+00 -8.149529689515255804e-02
8.499999999999996447e+00 -7.426895835741764706e-02
8.999999999999996447e+00 -6.789438266326031091e-02
9.499999999999996447e+00 -6.222471143594854315e-02
9.999999999999996447e+00 -5.714819542684196341e-02
1.049999999999999645e+01 -5.258027742552079387e-02
1.099999999999999645e+01 -4.845657584464507783e-02
1.149999999999999645e+01 -4.472719584507423018e-02
1.199999999999999645e+01 -4.135237880486075657e-02
1.249999999999999645e+01 -3.829932288065368562e-02
1.299999999999999645e+01 -3.553995334485260393e-02
1.349999999999999467e+01 -3.304942354926726500e-02
1.399999999999999467e+01 -3.080515164864250366e-02
1.449999999999999467e+01 -2.878623073111008512e-02
1.499999999999999467e+01 -2.697308568427753128e-02
1.549999999999999467e+01 -2.534728544107056614e-02
1.599999999999999467e+01 -2.389145009953524967e-02
1.649999999999999289e+01 -2.258921493791377078e-02
1.699999999999999289e+01 -2.142522661386997429e-02
1.749999999999999289e+01 -2.038515320808159670e-02
1.799999999999999289e+01 -1.945569360456134156e-02
1.849999999999999289e+01 -1.862457636032083252e-02
1.899999999999999289e+01 -1.788054417425216647e-02
1.949999999999999289e+01 -1.721332562076421935e-02
1.999999999999999289e+01 -1.661359857488459157e-02
2.049999999999999289e+01 -1.607294904754269504e-02
2.099999999999999289e+01 -1.558382652726919559e-02
2.149999999999999289e+01 -1.513949479980136736e-02
2.199999999999999289e+01 -1.473397728958852904e-02
2.249999999999999289e+01 -1.436199797751286367e-02
2.299999999999999289e+01 -1.401892101843660310e-02
2.349999999999999289e+01 -1.370069270049378840e-02
2.399999999999999289e+01 -1.340378777139894506e-02
2.449999999999999289e+01 -1.312515981385076191e-02
2.499999999999999289e+01 -1.286219390111009719e-02
2.549999999999999289e+01 -1.261266015986484135e-02
2.599999999999999289e+01 -1.237466850710366995e-02
2.649999999999999289e+01 -1.214662633383833956e-02
2.699999999999998934e+01 -1.192720094155391708e-02
2.749999999999998934e+01 -1.171528725884707356e-02
2.799999999999998934e+01 -1.150997970962591710e-02
2.849999999999998934e+01 -1.131054626437788535e-02
2.899999999999998934e+01 -1.111640349033232722e-02
2.949999999999998934e+01 -1.092709286862936224e-02
2.999999999999998934e+01 -1.074225967076258836e-02
3.049999999999998934e+01 -1.056163551006400469e-02
3.099999999999998934e+01 -1.038502445063316237e-02
3.149999999999998934e+01 -1.021229145105295721e-02
3.199999999999998934e+01 -1.004335163234165718e-02
3.249999999999998579e+01 -9.878159570946065671e-03
3.299999999999998579e+01 -9.716699117164939725e-03
3.349999999999998579e+01 -9.558974870914893618e-03
3.399999999999998579e+01 -9.405006054241049629e-03
3.449999999999998579e+01 -9.254822450560751257e-03
3.499999999999998579e+01 -9.108461279391855125e-03
3.549999999999998579e+01 -8.965963861787495937e-03
3.599999999999998579e+01 -8.827371753604484894e-03
3.649999999999998579e+01 -8.692723014986247776e-03
3.699999999999998579e+01 -8.562049584862008178e-03
3.749999999999998579e+01 -8.435376202381106303e-03
3.799999999999998579e+01 -8.312720458911349031e-03
3.849999999999998579e+01 -8.194092980243261604e-03
3.899999999999998579e+01 -8.079496928750151685e-03
3.949999999999998579e+01 -7.968926823743782695e-03
3.999999999999998579e+01 -7.862367390505997644e-03
4.049999999999998579e+01 -7.759793255421087999e-03
4.099999999999998579e+01 -7.661169709630877289e-03
4.149999999999998579e+01 -7.566454079661111276e-03
4.199999999999998579e+01 -7.475596770375736444e-03
4.249999999999998579e+01 -7.388541476840260191e-03
4.299999999999998579e+01 -7.305224802031218267e-03
4.349999999999998579e+01 -7.225575969256103903e-03
4.399999999999998579e+01 -7.149517285922613041e-03
4.449999999999998579e+01 -7.076965400168999665e-03
4.499999999999998579e+01 -7.007832754959919530e-03
4.549999999999998579e+01 -6.942028545992628974e-03
4.599999999999998579e+01 -6.879458877715127763e-03
4.649999999999998579e+01 -6.820026469924966861e-03
4.699999999999998579e+01 -6.763630608925430554e-03
4.749999999999998579e+01 -6.710167761487972893e-03
4.799999999999998579e+01 -6.659532762434916542e-03
4.849999999999998579e+01 -6.611620005691876134e-03
4.899999999999998579e+01 -6.566324041574866932e-03
4.949999999999998579e+01 -6.523539462998606542e-03
4.999999999999998579e+01 -6.483160533048704099e-03
5.049999999999998579e+01 -6.445081168440447428e-03
5.099999999999998579e+01 -6.409195538614631538e-03
5.149999999999998579e+01 -6.375399061908482157e-03
5.199999999999998579e+01 -6.343589222764345337e-03
5.249999999999998579e+01 -6.313665781966903978e-03
5.299999999999998579e+01 -6.285530442790288053e-03
5.349999999999997868e+01 -6.259086416463832681e-03
5.399999999999997868e+01 -6.234238394810465156e-03
5.449999999999997868e+01 -6.210893109265702705e-03
5.499999999999997868e+01 -6.188960111303820621e-03
5.549999999999997868e+01 -6.168352276068267415e-03
5.599999999999997868e+01 -6.148985715186794376e-03
5.649999999999997868e+01 -6.130779263080365915e-03
5.699999999999997868e+01 -6.113654038134797020e-03
5.749999999999997868e+01 -6.097533475929284297e-03
5.799999999999997868e+01 -6.082343827053249274e-03
5.849999999999997868e+01 -6.068014761836271198e-03
5.899999999999997868e+01 -6.054479603513185371e-03
5.949999999999997868e+01 -6.041675017742553777e-03
5.999999999999997868e+01 -6.029540429236257548e-03
6.049999999999997868e+01 -6.018017644304540781e-03
6.099999999999997868e+01 -6.007050946180980677e-03
6.149999999999997868e+01 -5.996587567263012009e-03
6.199999999999997868e+01 -5.986578123822861031e-03
6.249999999999997868e+01 -5.976976619986529293e-03
6.299999999999997868e+01 -5.967740023515022418e-03
6.349999999999997868e+01 -5.958827708577862925e-03
6.399999999999997868e+01 -5.950201146071254499e-03
6.449999999999997158e+01 -5.941824071500734217e-03
6.499999999999997158e+01 -5.933662924533511518e-03
6.549999999999997158e+01 -5.925687146893621193e-03
6.599999999999997158e+01 -5.917869049189283803e-03
6.649999999999997158e+01 -5.910183302271998507e-03
6.699999999999997158e+01 -5.902606415957134534e-03
6.749999999999997158e+01 -5.895116549282652940e-03
6.799999999999997158e+01 -5.887693751982059354e-03
6.849999999999997158e+01 -5.880320368091274119e-03
6.899999999999997158e+01 -5.872981201764493342e-03
6.949999999999997158e+01 -5.865663262941134271e-03
6.999999999999997158e+01 -5.858355256397440591e-03
7.049999999999997158e+01 -5.851047121874730639e-03
7.099999999999997158e+01 -5.843729963724231258e-03
7.149999999999997158e+01 -5.836396360544948703e-03
7.199999999999997158e+01 -5.829040732930668156e-03
7.249999999999997158e+01 -5.821659391803346573e-03
7.299999999999997158e+01 -5.814250191143566227e-03
7.349999999999997158e+01 -5.806812010747675057e-03
7.399999999999997158e+01 -5.799344425155950056e-03
7.449999999999997158e+01 -5.791847770480695878e-03
7.499999999999997158e+01 -5.784323471725361099e-03
7.549999999999997158e+01 -5.776774326659350756e-03
7.599999999999997158e+01 -5.769204467593325170e-03
7.649999999999997158e+01 -5.761618962261461085e-03
7.699999999999997158e+01 -5.754023344272107821e-03
7.749999999999997158e+01 -5.746423399954514455e-03
7.799999999999997158e+01 -5.738825324049845467e-03
7.849999999999997158e+01 -5.731236063621747423e-03
7.899999999999997158e+01 -5.723663528434452807e-03
7.949999999999997158e+01 -5.716116470571630526e-03
7.999999999999997158e+01 -5.708604058037303197e-03
8.049999999999997158e+01 -5.701135465257967105e-03
8.099999999999997158e+01 -5.693719772845995397e-03
8.149999999999997158e+01 -5.686366196748837698e-03
8.199999999999997158e+01 -5.679084434978831641e-03
8.249999999999997158e+01 -5.671884809541172245e-03
8.299999999999997158e+01 -5.664778046807206202e-03
8.349999999999997158e+01 -5.657774844806562342e-03
8.399999999999997158e+01 -5.650885538163508137e-03
8.449999999999997158e+01 -5.644120112290429425e-03
8.499999999999997158e+01 -5.637488518235533874e-03
8.549999999999997158e+01 -5.631000988145562491e-03
8.599999999999997158e+01 -5.624668077224281859e-03
8.649999999999997158e+01 -5.618500369863832500e-03
8.699999999999997158e+01 -5.612508073866706582e-03
8.749999999999997158e+01 -5.606700791879803969e-03
8.799999999999997158e+01 -5.601087632418899620e-03
8.849999999999997158e+01 -5.595677554404487886e-03
8.899999999999997158e+01 -5.590479633223066624e-03
8.949999999999997158e+01 -5.585503015169468455e-03
8.999999999999997158e+01 -5.580756592349300771e-03
9.049999999999997158e+01 -5.576248624724999825e-03
9.099999999999997158e+01 -5.571986599211153912e-03
9.149999999999997158e+01 -5.567977439665416917e-03
9.199999999999997158e+01 -5.564227869115812020e-03
9.249999999999997158e+01 -5.560744597046085591e-03
9.299999999999997158e+01 -5.557534210115122608e-03
9.349999999999997158e+01 -5.554602813354569957e-03
9.399999999999997158e+01 -5.551955704939159908e-03
9.449999999999997158e+01 -5.549597344944867672e-03
9.499999999999997158e+01 -5.547531618339152093e-03
9.549999999999997158e+01 -5.545762186185632103e-03
9.599999999999997158e+01 -5.544292624461710783e-03
9.649999999999997158e+01 -5.543126213308713357e-03
9.699999999999997158e+01 -5.542265563004689088e-03
9.749999999999997158e+01 -5.541712386648800504e-03
9.799999999999997158e+01 -5.541467568213276351e-03
9.849999999999997158e+01 -5.541531480162620316e-03
9.899999999999997158e+01 -5.541904296743282998e-03
9.949999999999997158e+01 -5.542586053871811913e-03
9.999999999999997158e+01 -5.543576370591496438e-03
1.004999999999999716e+02 -5.544874090601503713e-03
1.009999999999999716e+02 -5.546477129876825618e-03
1.014999999999999716e+02 -5.548382650096550517e-03
1.019999999999999716e+02 -5.550587414743957115e-03
1.024999999999999716e+02 -5.553088037676401356e-03
1.029999999999999716e+02 -5.555880959887737891e-03
1.034999999999999716e+02 -5.558962141105683319e-03
1.039999999999999716e+02 -5.562326727962640938e-03
1.044999999999999716e+02 -5.565968980511426523e-03
1.049999999999999716e+02 -5.569882538196457844e-03
1.054999999999999716e+02 -5.574060787858159394e-03
1.059999999999999716e+02 -5.578497056313691527e-03
1.064999999999999716e+02 -5.583184501489091289e-03
1.069999999999999574e+02 -5.588115780859714832e-03
1.074999999999999574e+02 -5.593282769439600344e-03
1.079999999999999574e+02 -5.598676585882256251e-03
1.084999999999999574e+02 -5.604287905773774892e-03
1.089999999999999574e+02 -5.610107330963232108e-03
1.094999999999999574e+02 -5.616125533193572217e-03
1.099999999999999574e+02 -5.622333039985660808e-03
1.104999999999999574e+02 -5.628719895172329402e-03
1.109999999999999574e+02 -5.635275468621803174e-03
1.114999999999999574e+02 -5.641988577892276258e-03
1.119999999999999574e+02 -5.648847862197714509e-03
1.124999999999999574e+02 -5.655842128430843552e-03
1.129999999999999574e+02 -5.662960390048099590e-03
1.134999999999999574e+02 -5.670191602268614961e-03
1.139999999999999574e+02 -5.677524333471184459e-03
1.144999999999999574e+02 -5.684946654806732891e-03
1.149999999999999574e+02 -5.692446374497228678e-03
1.154999999999999574e+02 -5.700011458820875010e-03
1.159999999999999574e+02 -5.707630313372014097e-03
1.164999999999999574e+02 -5.715291734811889235e-03
1.169999999999999574e+02 -5.722984598955482838e-03
1.174999999999999574e+02 -5.730697578707533157e-03
1.179999999999999574e+02 -5.738419141843642546e-03
1.184999999999999574e+02 -5.746137864713340981e-03
1.189999999999999574e+02 -5.753842860450220087e-03
1.194999999999999574e+02 -5.761524004602502913e-03
1.199999999999999574e+02 -5.769171815129758851e-03
1.204999999999999574e+02 -5.776777113590092494e-03
1.209999999999999574e+02 -5.784330779588786609e-03
1.214999999999999574e+02 -5.791823857841493783e-03
1.219999999999999574e+02 -5.799247961732034717e-03
1.224999999999999574e+02 -5.806595697650740462e-03
1.229999999999999574e+02 -5.813860831197559254e-03
1.234999999999999574e+02 -5.821038073750228747e-03
1.239999999999999574e+02 -5.828122725945461546e-03
1.244999999999999574e+02 -5.835110524185060932e-03
1.249999999999999574e+02 -5.841997868192005949e-03
1.254999999999999574e+02 -5.848782297730892310e-03
1.259999999999999574e+02 -5.855462887560336505e-03
1.264999999999999574e+02 -5.862040311941374426e-03
1.269999999999999574e+02 -5.868516559880410099e-03
1.274999999999999574e+02 -5.874894593249357921e-03
1.279999999999999574e+02 -5.881178307058698707e-03
1.284999999999999432e+02 -5.887372870399310010e-03
1.289999999999999432e+02 -5.893485246160901081e-03
1.294999999999999432e+02 -5.899524530481869977e-03
1.299999999999999432e+02 -5.905501899543419420e-03
1.304999999999999432e+02 -5.911430287931340732e-03
1.309999999999999432e+02 -5.917324106504306958e-03
1.314999999999999432e+02 -5.923199295569225864e-03
1.319999999999999432e+02 -5.929073749553537276e-03
1.324999999999999432e+02 -5.934967876947694343e-03
1.329999999999999432e+02 -5.940904868067087286e-03
1.334999999999999432e+02 -5.946910535961413835e-03
1.339999999999999432e+02 -5.953012936559365365e-03
1.344999999999999432e+02 -5.959242138569742497e-03
1.349999999999999432e+02 -5.965630402410437849e-03
1.354999999999999432e+02 -5.972212718347080784e-03
1.359999999999999432e+02 -5.979027329219399611e-03
1.364999999999999432e+02 -5.986115889287046965e-03
1.369999999999999432e+02 -5.993523191714811293e-03
1.374999999999999432e+02 -6.001296752715545857e-03
1.379999999999999432e+02 -6.009486657258922282e-03
1.384999999999999432e+02 -6.018145854979339848e-03
1.389999999999999432e+02 -6.027330774384442869e-03
1.394999999999999432e+02 -6.037101797276567261e-03
1.399999999999999432e+02 -6.047523248337738355e-03
1.404999999999999432e+02 -6.058662988024821061e-03
1.409999999999999432e+02 -6.070591971633676476e-03
1.414999999999999432e+02 -6.083384182252460359e-03
1.419999999999999432e+02 -6.097117056458156714e-03
1.424999999999999432e+02 -6.111872086013991900e-03
1.429999999999999432e+02 -6.127735150969260136e-03
1.434999999999999432e+02 -6.144796337592794977e-03
1.439999999999999432e+02 -6.163149391103295294e-03
1.444999999999999432e+02 -6.182891241168997354e-03
1.449999999999999432e+02 -6.204122015610713525e-03
1.454999999999999432e+02 -6.226945525783456059e-03
1.459999999999999432e+02 -6.251469814651355872e-03
1.464999999999999432e+02 -6.277807304430005342e-03
1.469999999999999432e+02 -6.306074369342273833e-03
1.474999999999999432e+02 -6.336390601019148416e-03
1.479999999999999432e+02 -6.368878315692882985e-03
1.484999999999999432e+02 -6.403662603213233773e-03
1.489999999999999432e+02 -6.440871821661309227e-03
1.494999999999999432e+02 -6.480638025705032224e-03
1.499999999999999432e+02 -6.523096821865248529e-03
1.504999999999999432e+02 -6.568386613744536806e-03
1.509999999999999432e+02 -6.616647665177666227e-03
1.514999999999999432e+02 -6.668021543215663094e-03
1.519999999999999432e+02 -6.722651213668551229e-03
1.524999999999999432e+02 -6.780681468059490680e-03
1.529999999999999432e+02 -6.842259085649560202e-03
1.534999999999999432e+02 -6.907532315802600298e-03
1.539999999999999432e+02 -6.976649764577236290e-03
1.544999999999999432e+02 -7.049759229369623181e-03
1.549999999999999432e+02 -7.127007086916326006e-03
1.554999999999999432e+02 -7.208538391100360876e-03
1.559999999999999432e+02 -7.294497181293102539e-03
1.564999999999999432e+02 -7.385026331608146588e-03
1.569999999999999432e+02 -7.480266593808793107e-03
1.574999999999999432e+02 -7.580355101015068264e-03
1.579999999999999432e+02 -7.685424066703361312e-03
1.584999999999999432e+02 -7.795600233924837585e-03
1.589999999999999432e+02 -7.911005040666829746e-03
1.594999999999999432e+02 -8.031754883449648830e-03
1.599999999999999432e+02 -8.157960712566469930e-03
1.604999999999999432e+02 -8.289726773812233773e-03
1.609999999999999432e+02 -8.427149016895285616e-03
1.614999999999999432e+02 -8.570313952612818031e-03
1.619999999999999432e+02 -8.719298549692888756e-03
1.624999999999999432e+02 -8.874170921485957653e-03
1.629999999999999432e+02 -9.034990987365099091e-03
1.634999999999999432e+02 -9.201810370183471921e-03
1.639999999999999432e+02 -9.374671525516409254e-03
1.644999999999999432e+02 -9.553606872115594228e-03
1.649999999999999432e+02 -9.738638929021214974e-03
1.654999999999999432e+02 -9.929781922009217610e-03
1.659999999999999432e+02 -1.012704436485351023e-02
1.664999999999999432e+02 -1.033043162352226263e-02
1.669999999999999432e+02 -1.053994783816009084e-02
1.674999999999999432e+02 -1.075559749683341337e-02
1.679999999999999432e+02 -1.097738778884838062e-02
1.684999999999999432e+02 -1.120533291389641528e-02
1.689999999999999432e+02 -1.143946064097134396e-02
1.694999999999999432e+02 -1.167982039540116368e-02
1.699999999999999432e+02 -1.192649178624044515e-02
1.704999999999999432e+02 -1.217959315067923542e-02
1.709999999999999432e+02 -1.243929081593658781e-02
1.714999999999999432e+02 -1.270581070380422117e-02
1.719999999999999432e+02 -1.297945365945712970e-02
1.724999999999999432e+02 -1.326061462459326989e-02
1.729999999999999432e+02 -1.354980467546001988e-02
1.734999999999999432e+02 -1.384767478841830712e-02
1.739999999999999432e+02 -1.415504126362471249e-02
1.744999999999999432e+02 -1.447291424945268412e-02
1.749999999999999432e+02 -1.480253146883009352e-02
1.754999999999999432e+02 -1.514539870267528343e-02
1.759999999999999432e+02 -1.550333696492411928e-02
1.764999999999999432e+02 -1.587853497084351639e-02
1.769999999999999432e+02 -1.627360570050689903e-02
1.774999999999999432e+02 -1.669164738552558758e-02
1.779999999999999432e+02 -1.713631103892532259e-02
1.784999999999999432e+02 -1.761187712028616792e-02
1.789999999999999432e+02 -1.812334257529035764e-02
1.794999999999999432e+02 -1.867651715420770575e-02
1.799999999999999432e+02 -1.927812643904958101e-02
1.804999999999999432e+02 -1.993591936725763736e-02
1.809999999999999432e+02 -2.065878005190152633e-02
1.814999999999999432e+02 -2.145684541841286208e-02
1.819999999999999432e+02 -2.234162984881576941e-02
1.824999999999999432e+02 -2.332615521912700940e-02
1.829999999999999432e+02 -2.442508091316275554e-02
1.834999999999999432e+02 -2.565482603467589273e-02
1.839999999999999432e+02 -2.703367637687487113e-02
1.844999999999999432e+02 -2.858187081587110212e-02
1.849999999999999432e+02 -3.032166319720774883e-02
1.854999999999999432e+02 -3.227735411158755285e-02
1.859999999999999432e+02 -3.447528249933540234e-02
1.864999999999999432e+02 -3.694376270225874226e-02
1.869999999999999432e+02 -3.971295234449839784e-02
1.874999999999999432e+02 -4.281464292912701142e-02
1.879999999999999432e+02 -4.628197802485661816e-02
1.884999999999999432e+02 -5.014912184135511541e-02
1.889999999999999432e+02 -5.445092402202050819e-02
1.894999999999999432e+02 -5.922266023417194214e-02
1.899999999999999432e+02 -6.449998401206741283e-02
1.904999999999999432e+02 -7.031931780461214698e-02
1.909999999999999432e+02 -7.671905337368867261e-02
1.914999999999999432e+02 -8.374213084584941624e-02
1.919999999999999432e+02 -9.144081735679870926e-02
1.924999999999999432e+02 -9.988478276642903664e-02
1.929999999999999432e+02 -1.091737862883201404e-01
1.934999999999999432e+02 -1.194562218157222411e-01
1.939999999999999432e+02 -1.309538999156002470e-01
1.944999999999999432e+02 -1.439906643514486384e-01
1.949999999999999432e+02 -1.590156707197032393e-01
1.954999999999999432e+02 -1.765982426056752486e-01
1.959999999999999432e+02 -1.973481073052469337e-01
1.964999999999999432e+02 -2.216935008337335700e-01
1.969999999999999432e+02 -2.494989234018781810e-01
1.974999999999999432e+02 -2.798661097377016516e-01
1.979999999999999432e+02 -3.125384966566908118e-01
1.984999999999999432e+02 -3.520102430106615277e-01
1.989999999999999432e+02 -3.956957290060335031e-01
1.994999999999999432e+02 -4.202509258056796870e-01
1.999999999999999432e+02 -5.099611973882003380e-01
