-1.800000000000201084e+01 8.809317015872512152e-09
-1.768637079511795918e+01 2.508129454764925707e-08
-1.738314684757837725e+01 9.120228901690602438e-08
-1.708981328123576660e+01 4.704919165844764389e-08
-1.680588863433072433e+01 5.050993115467447114e-08
-1.653092219204418001e+01 5.551168559728853512e-08
-1.626449157056260830e+01 1.223250016208154433e-07
-1.600620052541652782e+01 4.483163730385434986e-08
-1.575567696017295916e+01 1.648486665080235764e-07
-1.551257111443442049e+01 1.987651610273646121e-07
-1.527655391258613626e+01 2.322386300979683870e-07
-1.504731545689701200e+01 3.397232688487002490e-07
-1.482456365046278535e+01 3.625117197853411789e-07
-1.460802293712368716e+01 3.274964374127070959e-07
-1.439743314692604947e+01 4.224176825305363889e-07
-1.419254843695589230e+01 4.909235201145448098e-07
-1.399313631847824624e+01 6.254745436503913541e-07
-1.379897676228727654e+01 7.028208547362529132e-07
-1.360986137502872673e+01 7.991774913812872136e-07
-1.342559264001182306e+01 9.692602277191350102e-07
-1.324598321669588152e+01 1.023965526028692129e-06
-1.307085529362816168e+01 1.153461315324994060e-06
-1.290003999013476133e+01 1.330973036432235051e-06
-1.273337680253193582e+01 1.398145798513111079e-06
-1.257071309104041035e+01 1.590141061363861009e-06
-1.241190360395464154e+01 1.719672722321353468e-06
-1.225681003594876195e+01 1.927206267494263545e-06
-1.210530061769597765e+01 2.004770164036324198e-06
-1.195724973424155202e+01 2.426803565847737587e-06
-1.181253756980619762e+01 2.446473418461870258e-06
-1.167104977690866718e+01 2.714955223258489193e-06
-1.153267716788677255e+01 3.044371713786892135e-06
-1.139731542706779699e+01 3.049660942147112029e-06
-1.126486484199332239e+01 3.570736090519388971e-06
-1.113523005224293527e+01 3.675305977458646918e-06
-1.100831981452695096e+01 4.220998691767906015e-06
-1.088404678283180083e+01 4.257017594378916953e-06
-1.076232730250476877e+01 4.479766767451073966e-06
-1.064308121725769141e+01 4.654974704428021884e-06
-1.052623168815380517e+01 4.895605811994399091e-06
-1.041170502371859463e+01 5.543602148990873878e-06
-1.029943052038521678e+01 5.524852297369899603e-06
-1.018934031254830330e+01 5.785850633514320012e-06
-1.008136923155793951e+01 6.297177270570705767e-06
-9.975454673037956965e+00 6.619845190395691809e-06
-9.871536471960840942e+00 7.121317496908461312e-06
-9.769556784955334194e+00 7.592874921332918411e-06
-9.669459979362780899e+00 7.671406251879877346e-06
-9.571192528595137361e+00 8.360295131311934751e-06
-9.474702913380864899e+00 8.640370491555351328e-06
-9.379941528515811200e+00 8.592599087994776965e-06
-9.286860594764403842e+00 8.832976453664776012e-06
-9.195414075582201363e+00 9.045799311510140420e-06
-9.105557598354884874e+00 9.273262899496911876e-06
-9.017248379870389741e+00 9.576220864011185263e-06
-8.930445155761116638e+00 1.043260612081043947e-05
-8.845108113671695804e+00 1.092117539049275594e-05
-8.761198829924738973e+00 1.071606695654589047e-05
-8.678680209472876328e+00 1.097545657450099925e-05
-8.597516428939853128e+00 1.173233190096060522e-05
-8.517672882566811765e+00 1.118961460982881616e-05
-8.439116130892410084e+00 1.203316539219065534e-05
-8.361813852006719117e+00 1.269661628989987576e-05
-8.285734795229661387e+00 1.234791364004824054e-05
-8.210848737074378789e+00 1.297436661662420468e-05
-8.137126439365120589e+00 1.440652459107939832e-05
-8.064539609387715302e+00 1.467654285205963453e-05
-7.993060861958362295e+00 1.474545611915676913e-05
-7.922663683303976967e+00 1.453466922027154488e-05
-7.853322396653874549e+00 1.642327859282785549e-05
-7.785012129448951157e+00 1.507410012193065896e-05
-7.717708782080378249e+00 1.594019737118931458e-05
-7.651388998075133507e+00 1.611830818124430827e-05
-7.586030135650944750e+00 1.620029034641452104e-05
-7.521610240567749628e+00 1.662265321013082635e-05
-7.458108020207273370e+00 1.729186789304720502e-05
-7.395502818816379609e+00 1.741106558062330880e-05
-7.333774593853726209e+00 1.684308727255557413e-05
-7.272903893382695273e+00 1.790890811864926746e-05
-7.212871834457117437e+00 1.857977026749034420e-05
-7.153660082449187385e+00 1.788254273575264384e-05
-7.095250831272068126e+00 1.827846722855330195e-05
-7.037626784452278628e+00 1.877752584424036375e-05
-6.980771137009643468e+00 1.891106498105294380e-05
-6.924667558104775189e+00 1.921090145831818639e-05
-6.869300174416541616e+00 1.950981953384828442e-05
-6.814653554213885300e+00 2.008108141780909236e-05
-6.760712692088343800e+00 1.912428391607899991e-05
-6.707462994315648963e+00 2.011694180063720812e-05
-6.654890264816202716e+00 2.249093705894066530e-05
-6.602980691686176407e+00 2.316959622592756145e-05
-6.551720834272277472e+00 2.105116845188598052e-05
-6.501097610764786872e+00 2.128437284366009843e-05
-6.451098286284775440e+00 2.265637640335792615e-05
-6.401710461442654321e+00 2.239263233453186162e-05
-6.352922061346510496e+00 2.147183957449031155e-05
-6.304721325039668756e+00 2.276898204623589901e-05
-6.257096795348075169e+00 2.263270279137980938e-05
-6.210037309119101678e+00 2.275336071270519253e-05
-6.163531987834188541e+00 2.298135627883633058e-05
-6.117570228578837366e+00 2.421118265343954237e-05
-6.072141695354100754e+00 2.319801852484392130e-05
-6.027236310714632950e+00 2.398517118160339227e-05
-5.982844247719062203e+00 2.355246608659379321e-05
-5.938955922179146363e+00 2.274239957527068461e-05
-5.895561985194874843e+00 2.462598803683004444e-05
-5.852653315963272540e+00 2.440507528863239528e-05
-5.810221014849253685e+00 2.785725398809321305e-05
-5.768256396707496236e+00 2.434846648905431238e-05
-5.726750984444712422e+00 2.401070742608773988e-05
-5.685696502812374042e+00 2.488751299581655582e-05
-5.645084872420248701e+00 2.573815997258829358e-05
-5.604908203961667112e+00 2.587201976308962838e-05
-5.565158792641851981e+00 2.590263511884452371e-05
-5.525829112800970222e+00 2.635258468796776812e-05
-5.486911812724083681e+00 2.595920520801642888e-05
-5.448399709630409760e+00 2.601897602697709517e-05
-5.410285784834729661e+00 2.752896474003506608e-05
-5.372563179074079542e+00 2.695868413799766872e-05
-5.335225187993163587e+00 2.625195433659437225e-05
-5.298265257782246884e+00 2.951691594970775657e-05
-5.261676980961550676e+00 2.677165883879692229e-05
-5.225454092306433651e+00 2.663732912614426231e-05
-5.189590464907923639e+00 3.111211728490006340e-05
-5.154080106363324809e+00 2.739193341930771399e-05
-5.118917155092023386e+00 2.323219900130088492e-05
-5.084095876771596245e+00 2.730450552587189387e-05
-5.049610660889740643e+00 2.719562667373890221e-05
-5.015456017407655231e+00 2.726799113963852372e-05
-4.981626573530626878e+00 2.935575036546150723e-05
-4.948117070581910859e+00 2.827795580648970121e-05
-4.914922360976011539e+00 2.779554459069534826e-05
-4.882037405287712239e+00 2.833064496971054145e-05
-4.849457269413337102e+00 2.833983593102621664e-05
-4.817177121820895636e+00 2.917345447725932698e-05
-4.785192230885824571e+00 2.741960668797778204e-05
-4.753497962309302771e+00 2.779768321497988259e-05
-4.722089776616123835e+00 2.764970798409454656e-05
-4.690963226729293112e+00 2.940467447408929614e-05
-4.660113955618596648e+00 2.877415283520619392e-05
-4.629537694020590344e+00 2.944924059811485526e-05
-4.599230258227382961e+00 2.860517320137472889e-05
-4.569187547941903738e+00 2.941592262428707109e-05
-4.539405544197283149e+00 3.025147763342720661e-05
-4.509880307338105077e+00 3.004615543382260198e-05
-4.480607975061465353e+00 3.078157803182415608e-05
-4.451584760515686412e+00 2.980304863023699256e-05
-4.422806950454783781e+00 2.947974051218101051e-05
-4.394270903446768628e+00 2.915493423557147782e-05
-4.365973048133954926e+00 2.938774671822105795e-05
-4.337909881543509094e+00 2.973881482154678524e-05
-4.310077967446587444e+00 3.040185558177943459e-05
-4.282473934764412071e+00 3.036521074276860832e-05
-4.255094476019731786e+00 3.019688880511257791e-05
-4.227936345832168819e+00 3.037720221900160511e-05
-4.200996359456015128e+00 2.984446129800782943e-05
-4.174271391359062555e+00 3.076956556359014463e-05
-4.147758373841154089e+00 3.055297364818029739e-05
-4.121454295691163061e+00 3.096278824950117275e-05
-4.095356200881122177e+00 3.149682837910255478e-05
-4.069461187296388616e+00 3.169575469163028898e-05
-4.043766405500584860e+00 3.198047591112135888e-05
-4.018269057534298305e+00 3.144078306181092734e-05
-3.992966395746416985e+00 3.160900946638762972e-05
-3.967855721657088441e+00 3.090924242662303846e-05
-3.942934384851309204e+00 3.140166392689508956e-05
-3.918199781902168777e+00 3.083901487743755300e-05
-3.893649355322847061e+00 3.114275547981075048e-05
-3.869280592546462394e+00 3.205059456152525729e-05
-3.845091024932894896e+00 3.955144110713362262e-05
-3.821078226801797317e+00 3.637284574397623229e-05
-3.797239814490932730e+00 3.347129332632743897e-05
-3.773573445439120100e+00 3.234910694885264476e-05
-3.750076817293014120e+00 3.171172311234286026e-05
-3.726747667036997225e+00 3.041756959418049380e-05
-3.703583770145510101e+00 3.368848149165727484e-05
-3.680582939757102157e+00 3.227480119068058844e-05
-3.657743025869630404e+00 3.254123000122854486e-05
-3.635061914555887341e+00 3.339218994746539831e-05
-3.612537527199123133e+00 3.264786585782732559e-05
-3.590167819747855482e+00 3.283946285942823662e-05
-3.567950781989368547e+00 3.203002276431218749e-05
-3.545884436841426179e+00 3.510748941057561823e-05
-3.523966839661581307e+00 3.172281124463882662e-05
-3.502196077573649369e+00 3.153572092203439268e-05
-3.480570268810808887e+00 3.290684745602507976e-05
-3.459087562074850908e+00 3.277138683378559358e-05
-3.437746135911134981e+00 3.315296191502209916e-05
-3.416544198098792506e+00 3.453242694742353548e-05
-3.395479985055740890e+00 3.217633174929961971e-05
-3.374551761258098193e+00 3.632031795277640998e-05
-3.353757818673582580e+00 3.493529622307354647e-05
-3.333096476208523118e+00 3.414587895994803052e-05
-3.312566079168071553e+00 3.352406933432915077e-05
-3.292164998729279812e+00 3.450712758476966711e-05
-3.271891631426664837e+00 3.407084796291734864e-05
-3.251744398649922374e+00 3.478644301588695723e-05
-3.231721746153456643e+00 3.483721319908833968e-05
-3.211822143577407918e+00 3.914046928511678315e-05
-3.192044083979844071e+00 3.458673942246246521e-05
-3.172386083379843402e+00 3.502321518471618284e-05
-3.152846680311138350e+00 3.485959518081275588e-05
-3.133424435386072737e+00 3.455124699104573422e-05
-3.114117930869558570e+00 3.499138506867399993e-05
-3.094925770262795250e+00 3.289015580829458916e-05
-3.075846577896469647e+00 3.413239997961835985e-05
-3.056878998533198555e+00 3.764546970111935786e-05
-3.038021696978961295e+00 3.559593361540831780e-05
-3.019273357703287086e+00 3.296500407920803424e-05
-3.000632684467968048e+00 3.894183177730333009e-05
-2.982098399964077995e+00 3.838012016430138981e-05
-2.963669245457069223e+00 3.678505259366785906e-05
-2.945343980439752762e+00 3.636214037052375950e-05
-2.927121382292947160e+00 3.670455589525965356e-05
-2.909000245953597297e+00 3.594197779517687824e-05
-2.890979383590179363e+00 3.892832385548167489e-05
-2.873057624285205058e+00 3.897302565260293383e-05
-2.855233813724623815e+00 3.814168889548387041e-05
-2.837506813893987179e+00 3.816227912843052502e-05
-2.819875502781155951e+00 3.706584930981289257e-05
-2.802338774085429751e+00 3.376363717506102665e-05
-2.784895536932901372e+00 3.574846192573589277e-05
-2.767544715597910265e+00 3.881371453593823279e-05
-2.750285249230413953e+00 3.799140839144745936e-05
-2.733116091589155250e+00 3.747905182475542947e-05
-2.716036210780464089e+00 3.602047679148697904e-05
-2.699044589002566052e+00 3.783665580566541667e-05
-2.682140222295249732e+00 3.795740921559735074e-05
-2.665322120294779662e+00 3.714687926173048131e-05
-2.648589305993904297e+00 4.380818652352634504e-05
-2.631940815506855547e+00 3.906432217996462291e-05
-2.615375697839200431e+00 3.676322336501338880e-05
-2.598893014662444045e+00 4.172040788730348924e-05
-2.582491840093254609e+00 3.777544500408329577e-05
-2.566171260477212002e+00 4.077670089220250256e-05
-2.549930374176959447e+00 4.428307257759571018e-05
-2.533768291364664638e+00 3.758419175136223651e-05
-2.517684133818677505e+00 3.914193639193540980e-05
-2.501677034724291371e+00 3.936471847278700658e-05
-2.485746138478510670e+00 4.226313968058112582e-05
-2.469890600498723998e+00 4.269108038824318300e-05
-2.454109587035200768e+00 4.302023924636850301e-05
-2.438402274987315543e+00 4.177820806728827136e-05
-2.422767851723407695e+00 4.189387998110228917e-05
-2.407205514904207533e+00 4.668441437891941113e-05
-2.391714472309731221e+00 4.608160264181443655e-05
-2.376293941669569421e+00 4.807383002291199301e-05
-2.360943150496495058e+00 4.321621543119361000e-05
-2.345661335923311608e+00 4.506362817591863626e-05
-2.330447744542858413e+00 4.433296604595963255e-05
-2.315301632251118846e+00 4.455767986508068286e-05
-2.300222264093345625e+00 4.670802921035403918e-05
-2.285208914113144640e+00 5.053227092760708707e-05
-2.270260865204440481e+00 4.154370753640160399e-05
-2.255377408966269037e+00 4.885355031679869013e-05
-2.240557845560325223e+00 4.690213345343923694e-05
-2.225801483571210770e+00 4.661513883345651097e-05
-2.211107639869315467e+00 4.376783652043302438e-05
-2.196475639476279440e+00 4.315680131006071593e-05
-2.181904815432973432e+00 4.888105854055092825e-05
-2.167394508669943320e+00 4.852280082800936213e-05
-2.152944067880271817e+00 4.698382131676743861e-05
-2.138552849394784516e+00 5.185992911276296935e-05
-2.124220217059574090e+00 4.914743281880528015e-05
-2.109945542115772454e+00 4.606753880264805788e-05
-2.095728203081529628e+00 4.729882162661793138e-05
-2.081567585636154849e+00 6.132090240481736392e-05
-2.067463082506362237e+00 5.286018932858417433e-05
-2.053414093354584136e+00 5.283277492385818059e-05
-2.039420024669305942e+00 5.060924081522980028e-05
-2.025480289657382471e+00 5.144350454912956298e-05
-2.011594308138276332e+00 5.386387631718994438e-05
-1.997761506440205226e+00 5.428814011374818554e-05
-1.983981317298131319e+00 4.914601131174062032e-05
-1.970253179753569617e+00 5.042992295354463997e-05
-1.956576539056167352e+00 5.239772392394912695e-05
-1.942950846567025547e+00 6.108111483560034569e-05
-1.929375559663717654e+00 5.549078077666319081e-05
-1.915850141646975535e+00 5.648749069312787742e-05
-1.902374061649005244e+00 5.756120185112201894e-05
-1.888946794543396868e+00 5.785580129808106395e-05
-1.875567820856598900e+00 5.638530056496241438e-05
-1.862236626680921825e+00 6.632138965804968648e-05
-1.848952703589041180e+00 6.249102867037723821e-05
-1.835715548549967879e+00 6.347075655400386614e-05
-1.822524663846452730e+00 7.027431253641720907e-05
-1.809379556993800708e+00 6.698432155190173090e-05
-1.796279740660062796e+00 6.149577548860053365e-05
-1.783224732587581407e+00 6.658470828192121645e-05
-1.770214055515849871e+00 7.300092257692604068e-05
-1.757247237105675541e+00 6.836245026510951979e-05
-1.744323809864610553e+00 7.239717694701405294e-05
-1.731443311073621372e+00 7.133568219120406026e-05
-1.718605282714980698e+00 6.821080602366362447e-05
-1.705809271401351745e+00 6.520618261513561780e-05
-1.693054828306041149e+00 7.107345303002293496e-05
-1.680341509094399610e+00 6.183805975114948974e-05
-1.667668873856344547e+00 6.910459606984218782e-05
-1.655036487039980519e+00 7.658411790642806710e-05
-1.642443917386301022e+00 6.891338542780853411e-05
-1.629890737864948980e+00 7.954259856268538370e-05
-1.617376525611005755e+00 8.015562410409763304e-05
-1.604900861862805783e+00 7.831861877168102008e-05
-1.592463331900736856e+00 7.399895635743708249e-05
-1.580063524987020074e+00 8.680634118293537407e-05
-1.567701034306447028e+00 8.193218419292705207e-05
-1.555375456908052678e+00 8.208769693289782825e-05
-1.543086393647707277e+00 8.754417950759252050e-05
-1.530833449131608237e+00 9.062397721236437574e-05
-1.518616231660659732e+00 8.332277781862767530e-05
-1.506434353175712282e+00 9.279717188133673180e-05
-1.494287429203655870e+00 9.066682295171511752e-05
-1.482175078804342627e+00 9.131557846635813647e-05
-1.470096924518329295e+00 9.363301405689157216e-05
-1.458052592315416618e+00 9.669383903996320328e-05
-1.446041711543979202e+00 9.542866647477023765e-05
-1.434063914881057000e+00 9.335705848991552810e-05
-1.422118838283209508e+00 9.942393974037678312e-05
-1.410206120938107599e+00 1.030529360020837712e-04
-1.398325405216850115e+00 1.083130410626212170e-04
-1.386476336626996986e+00 1.053181817609766144e-04
-1.374658563766294916e+00 1.097146081947815113e-04
-1.362871738277095179e+00 1.061181030288686696e-04
-1.351115514801437101e+00 1.041755779191825052e-04
-1.339389550936797013e+00 9.111573517715259207e-05
-1.327693507192477362e+00 1.235272751503417588e-04
-1.316027046946637080e+00 1.113594557922463821e-04
-1.304389836403941239e+00 1.080943790087767950e-04
-1.292781544553817996e+00 1.230558116359722778e-04
-1.281201843129320173e+00 1.277494493609073432e-04
-1.269650406566570577e+00 1.231116241331215355e-04
-1.258126911964788874e+00 1.267395807955373494e-04
-1.246631039046874889e+00 1.413051464199309925e-04
-1.235162470120555911e+00 1.352131807786174662e-04
-1.223720890040073339e+00 1.460501082283167701e-04
-1.212305986168408234e+00 1.464472378533283848e-04
-1.200917448340022453e+00 1.537469474616635836e-04
-1.189554968824123149e+00 1.623468533403670444e-04
-1.178218242288426865e+00 1.636936560662238013e-04
-1.166906965763418569e+00 1.710560640229201272e-04
-1.155620838607101852e+00 1.768152111548744899e-04
-1.144359562470215863e+00 1.817582095078497254e-04
-1.133122841261928526e+00 1.788800483655702514e-04
-1.121910381115985400e+00 1.878888673462015483e-04
-1.110721890357309283e+00 1.963395363305057149e-04
-1.099557079469039467e+00 1.826824326706342214e-04
-1.088415661060010642e+00 1.871037625911471723e-04
-1.077297349832647466e+00 2.023323251149705627e-04
-1.066201862551285018e+00 2.045218971726351634e-04
-1.055128918010896033e+00 2.192410003120412020e-04
-1.044078237006218046e+00 2.131482934020522194e-04
-1.033049542301277102e+00 2.389808126097162165e-04
-1.022042558599299822e+00 2.518151383136920567e-04
-1.011057012512998066e+00 2.406208079210795487e-04
-1.000092632535235726e+00 2.576359340458622303e-04
-9.891491490100537964e-01 2.596337409369833707e-04
-9.782262941040561488e-01 2.648517706719139561e-04
-9.673238017781481402e-01 2.869519564336643343e-04
-9.564414077596213870e-01 3.139136284776140005e-04
-9.455788495145712735e-01 3.137647914243542335e-04
-9.347358662206534108e-01 3.075077307068141701e-04
-9.239121987401626157e-01 3.237581373574994516e-04
-9.131075895934324116e-01 3.490782771940633376e-04
-9.023217829325496098e-01 3.705151227291812819e-04
-8.915545245153719822e-01 3.808304616385702773e-04
-8.808055616798529108e-01 3.886318679031388018e-04
-8.700746433186589135e-01 4.120501584202496429e-04
-8.593615198540814903e-01 4.471236228128589113e-04
-8.486659432132259706e-01 4.471157908832142699e-04
-8.379876668034880183e-01 4.628821881720506588e-04
-8.273264454882990337e-01 4.972316495474224645e-04
-8.166820355631438932e-01 5.211955533555312232e-04
-8.060541947318363709e-01 5.472977600767059761e-04
-7.954426820830584610e-01 5.775687166492395009e-04
-7.848472580671504994e-01 6.495048617842372543e-04
-7.742676844731486430e-01 6.751249487524544571e-04
-7.637037244060699281e-01 6.612459797745228818e-04
-7.531551422644284788e-01 7.007763685744622514e-04
-7.426217037179922986e-01 7.505834905806687326e-04
-7.321031756857663275e-01 8.338998672831007299e-04
-7.215993263142009839e-01 8.328017506735022925e-04
-7.111099249556180890e-01 9.098984920454235249e-04
-7.006347421468592795e-01 9.433301262966376811e-04
-6.901735495881351490e-01 1.006085634310274323e-03
-6.797261201220911042e-01 1.127104891065419667e-03
-6.692922277130706199e-01 1.170627593112449384e-03
-6.588716474265783329e-01 1.290872427585258633e-03
-6.484641554089376481e-01 1.354907711991474271e-03
-6.380695288671385246e-01 1.446831632206686293e-03
-6.276875460488731129e-01 1.567342577976413255e-03
-6.173179862227488046e-01 1.708014849164197829e-03
-6.069606296586862459e-01 1.840101324535056617e-03
-5.966152576084875481e-01 1.918010199672173701e-03
-5.862816522865772484e-01 2.154036146013442021e-03
-5.759595968509094721e-01 2.301717840154024041e-03
-5.656488753840412942e-01 2.519776095699684335e-03
-5.553492728743597562e-01 2.763009674691904206e-03
-5.450605751974718638e-01 3.016575868527574152e-03
-5.347825690977430213e-01 3.329064708826617695e-03
-5.245150421699888987e-01 3.639737380612005548e-03
-5.142577828413065211e-01 4.015532354776214959e-03
-5.040105803530536832e-01 4.392613298195904674e-03
-4.937732247429644228e-01 4.898769869987110864e-03
-4.835455068274036594e-01 5.424980846507875334e-03
-4.733272181837471781e-01 6.059978937936649941e-03
-4.631181511328986700e-01 6.815633856289923277e-03
-4.529180987219272314e-01 7.576423542070753400e-03
-4.427268547068332061e-01 8.473906980145495815e-03
-4.325442135354257145e-01 9.540897505940046375e-03
-4.223699703303245845e-01 1.076280828056551571e-02
-4.122039208720716941e-01 1.205005345701029747e-02
-4.020458615823537807e-01 1.378693640052117836e-02
-3.918955895073323314e-01 1.554459677619490950e-02
-3.817529023010813316e-01 1.767629504893864986e-02
-3.716175982091194929e-01 1.993968295979569455e-02
-3.614894760520483419e-01 2.261410839337664805e-02
-3.513683352092828449e-01 2.585845234458878511e-02
-3.412539756028758475e-01 2.933538238003239804e-02
-3.311461976814312758e-01 3.361133103607062689e-02
-3.210448024041094306e-01 3.809748971431273917e-02
-3.109495912247085547e-01 4.315262758646169761e-02
-3.008603660758366605e-01 4.833930721246282314e-02
-2.907769293531580201e-01 5.378219247771907213e-02
-2.806990838997174276e-01 6.117970941246159838e-02
-2.706266329903371237e-01 6.947513061227288123e-02
-2.605593803160889399e-01 7.586528180126078658e-02
-2.504971299688272257e-01 8.206050668279440963e-02
-2.404396864257955790e-01 9.172129973643822209e-02
-2.303868545342923901e-01 1.033124801243870683e-01
-2.203384394963986970e-01 1.101542102836051973e-01
-2.102942468537628840e-01 1.089065816334422038e-01
-2.002540824724450275e-01 1.226359469779217809e-01
-1.902177525278067050e-01 1.090896320193972119e-01
-1.801850634894590075e-01 1.035958469500564832e-01
-1.701558221062540455e-01 9.846789045661258344e-02
-1.601298353913264694e-01 9.585665185941026623e-02
-1.501069106071708514e-01 8.397546439845533783e-02
-1.400868552507662790e-01 7.679711343288302128e-02
-1.300694770387391397e-01 6.845676957855964528e-02
-1.200545838925550501e-01 6.225582336021243113e-02
-1.100419839237516545e-01 5.501765557806473361e-02
-1.000314854191983877e-01 5.102952985263615321e-02
-9.002289682638489610e-02 4.776061100426635259e-02
-8.001602673873924043e-02 4.706006670855096552e-02
-7.001068388096250150e-02 4.998141613128785632e-02
-6.000667709439190534e-02 5.206152987346803623e-02
-5.000381532237931775e-02 7.120767510337763784e-02
-4.000190759568706539e-02 1.270963700937779994e-01
-3.000076301789707939e-02 2.922182559414487901e-01
-2.000019075083557876e-02 3.798361219601667504e-01
-9.999999999999974187e-03 4.191278626117641570e-01
0.000000000000000000e+00 4.481157709982943049e-01
9.999999999999974187e-03 3.445976457213751898e-01
2.000019075083557876e-02 2.665673962394609631e-01
3.000076301789707939e-02 1.909827852844097340e-01
4.000190759568635068e-02 1.328015928778169819e-01
5.000381532237860305e-02 1.450116122127420026e-01
6.000667709439118369e-02 1.406811710648049052e-01
7.001068388096322315e-02 1.321104212534991718e-01
8.001602673873996208e-02 1.937771993763487410e-01
9.002289682638561774e-02 4.289231587676321511e-01
1.000314854191983877e-01 8.534801628622421532e-01
1.100419839237516545e-01 1.335985822215464136e+00
1.200545838925550501e-01 2.125971300475229420e+00
1.300694770387391397e-01 2.941363059679001690e+00
1.400868552507662790e-01 3.511855271374587861e+00
1.501069106071708514e-01 4.123901592264366478e+00
1.601298353913264694e-01 4.837733065929096021e+00
1.701558221062540455e-01 5.423080590544446800e+00
1.801850634894582859e-01 5.377182372012956790e+00
1.902177525278067050e-01 5.901431227283703507e+00
2.002540824724450275e-01 6.116687682784176516e+00
2.102942468537628840e-01 5.692657930371728625e+00
2.203384394963986970e-01 6.045271128238218772e+00
2.303868545342923901e-01 5.626517386043697222e+00
2.404396864257955790e-01 5.222664225132724880e+00
2.504971299688272257e-01 4.637402746277768273e+00
2.605593803160889399e-01 4.103988400084718435e+00
2.706266329903371237e-01 3.620705598226740651e+00
2.806990838997167059e-01 3.125394624364714602e+00
2.907769293531572985e-01 2.710504821965559419e+00
3.008603660758359388e-01 2.331653112697753549e+00
3.109495912247092764e-01 1.827948817527183190e+00
3.210448024041101522e-01 1.537945776865460523e+00
3.311461976814320529e-01 1.224443939169681528e+00
3.412539756028758475e-01 9.134016455811543311e-01
3.513683352092828449e-01 6.550390136337713720e-01
3.614894760520483419e-01 4.477454835264784716e-01
3.716175982091194929e-01 2.701275625555052962e-01
3.817529023010813316e-01 2.006382288853175710e-01
3.918955895073323314e-01 1.527039873982911355e-01
4.020458615823530590e-01 1.188180793512559758e-01
4.122039208720709169e-01 9.681850547416498420e-02
4.223699703303238628e-01 7.479749607975527681e-02
4.325442135354264361e-01 5.820411574600677096e-02
4.427268547068339277e-01 4.514985890106518879e-02
4.529180987219279531e-01 3.503705544544383210e-02
4.631181511328986700e-01 2.771557094459696849e-02
4.733272181837471781e-01 2.203804214233512013e-02
4.835455068274036594e-01 1.734884532289497280e-02
4.937732247429644228e-01 1.352417647514094282e-02
5.040105803530536832e-01 1.097494881538787354e-02
5.142577828413065211e-01 8.862262322808933321e-03
5.245150421699888987e-01 7.211521837820535422e-03
5.347825690977430213e-01 5.771428220622629862e-03
5.450605751974710866e-01 4.658243212194794133e-03
5.553492728743597562e-01 4.100113123572655428e-03
5.656488753840412942e-01 3.395713531769448644e-03
5.759595968509094721e-01 2.710577302503364410e-03
5.862816522865772484e-01 2.315592945514932839e-03
5.966152576084875481e-01 2.035682137108624831e-03
6.069606296586862459e-01 1.640932761145906180e-03
6.173179862227488046e-01 1.390481534232136012e-03
6.276875460488731129e-01 1.161523084542773632e-03
6.380695288671385246e-01 1.095742192409261294e-03
6.484641554089369819e-01 9.585111822085000226e-04
6.588716474265774448e-01 7.963837452851171578e-04
6.692922277130698427e-01 7.078848209160818437e-04
6.797261201220904381e-01 6.103528172282032815e-04
6.901735495881360372e-01 5.672141979934042450e-04
7.006347421468600567e-01 4.754242431806316718e-04
7.111099249556188662e-01 4.688471795113417100e-04
7.215993263142009839e-01 3.843167772291419923e-04
7.321031756857663275e-01 3.585446843037526886e-04
7.426217037179922986e-01 3.193614682964393808e-04
7.531551422644284788e-01 3.139771564149814505e-04
7.637037244060699281e-01 2.521675721998131118e-04
7.742676844731486430e-01 2.346083097724482533e-04
7.848472580671498333e-01 2.270053244795420166e-04
7.954426820830577949e-01 2.118594338511079313e-04
8.060541947318363709e-01 2.353118976987028459e-04
8.166820355631446704e-01 2.009348535759816496e-04
8.273264454882999219e-01 1.713316958734627650e-04
8.379876668034880183e-01 1.562902655778172073e-04
8.486659432132259706e-01 1.655139261292771352e-04
8.593615198540814903e-01 1.596500342858529157e-04
8.700746433186589135e-01 1.372738689016997620e-04
8.808055616798529108e-01 1.185240055056522413e-04
8.915545245153719822e-01 1.144726669428958464e-04
9.023217829325496098e-01 1.166226733380438055e-04
9.131075895934324116e-01 1.019491426263968270e-04
9.239121987401619496e-01 9.702405043434867132e-05
9.347358662206525226e-01 8.672026963534907890e-05
9.455788495145712735e-01 8.185985981627666582e-05
9.564414077596213870e-01 8.295418547377859388e-05
9.673238017781488063e-01 8.495331526753135802e-05
9.782262941040561488e-01 8.388099792583890435e-05
9.891491490100537964e-01 7.297745182710160111e-05
1.000092632535235726e+00 7.074571127670719792e-05
1.011057012512998066e+00 6.828349833144687785e-05
1.022042558599299822e+00 6.586544519041161508e-05
1.033049542301277102e+00 7.074081404984421996e-05
1.044078237006217380e+00 6.103194432833786951e-05
1.055128918010895367e+00 5.814088547804516482e-05
1.066201862551284352e+00 5.665544766391948254e-05
1.077297349832648132e+00 6.586074943694437023e-05
1.088415661060011308e+00 5.847214328236348440e-05
1.099557079469040355e+00 5.056291566341184157e-05
1.110721890357309283e+00 5.002201485834681524e-05
1.121910381115985400e+00 5.252995750361698715e-05
1.133122841261928526e+00 5.408571286809491180e-05
1.144359562470215863e+00 5.414709171537242688e-05
1.155620838607101852e+00 4.978248971467686275e-05
1.166906965763418569e+00 4.543484731778911235e-05
1.178218242288425976e+00 4.996686416323826426e-05
1.189554968824123149e+00 4.526742988799712649e-05
1.200917448340022453e+00 4.831184240445160721e-05
1.212305986168408900e+00 4.510321485752346763e-05
1.223720890040074227e+00 4.798984926337656682e-05
1.235162470120555911e+00 4.545278477794344706e-05
1.246631039046874889e+00 3.882126573233325267e-05
1.258126911964788874e+00 4.088602445499435267e-05
1.269650406566570577e+00 3.930672849916836499e-05
1.281201843129320173e+00 3.965436648980321684e-05
1.292781544553817996e+00 4.108006030744303978e-05
1.304389836403941239e+00 4.225535500785036801e-05
1.316027046946637080e+00 2.765447607448104220e-05
1.327693507192476696e+00 4.040139989007707428e-05
1.339389550936796125e+00 3.811381825512812294e-05
1.351115514801436435e+00 4.064367072141662264e-05
1.362871738277095179e+00 4.215144525223574662e-05
1.374658563766295805e+00 4.889489146568599579e-05
1.386476336626997652e+00 3.772880800931872333e-05
1.398325405216850559e+00 3.885876267487037425e-05
1.410206120938107599e+00 4.059363462704704923e-05
1.422118838283209508e+00 3.829991812432891046e-05
1.434063914881057000e+00 4.161264420880254823e-05
1.446041711543979202e+00 4.098357842258703953e-05
1.458052592315416618e+00 3.533157692241498322e-05
1.470096924518328407e+00 3.827094218340202134e-05
1.482175078804341739e+00 3.898367770504782421e-05
1.494287429203654982e+00 3.712466134527410275e-05
1.506434353175713392e+00 2.961532644818239016e-05
1.518616231660660620e+00 3.847416412427667390e-05
1.530833449131608681e+00 3.388716914206807077e-05
1.543086393647707277e+00 2.794013422062538432e-05
1.555375456908052678e+00 3.744225990247314437e-05
1.567701034306447028e+00 4.040502829556122377e-05
1.580063524987019630e+00 4.255829079713959780e-05
1.592463331900736190e+00 3.638681719344031093e-05
1.604900861862805117e+00 3.287969888011140412e-05
1.617376525611005755e+00 2.707309392125075765e-05
1.629890737864948091e+00 3.799199121373093607e-05
1.642443917386300800e+00 3.519988785921873524e-05
1.655036487039980742e+00 4.097840605623809213e-05
1.667668873856345213e+00 3.587060719921063046e-05
1.680341509094400276e+00 4.350790287953894395e-05
1.693054828306040926e+00 3.496554810923528710e-05
1.705809271401351079e+00 5.125427287286492961e-05
1.718605282714980920e+00 3.474569949260199767e-05
1.731443311073621594e+00 4.166965494071603061e-05
1.744323809864610997e+00 3.329728025492892011e-05
1.757247237105675541e+00 3.837017725376263904e-05
1.770214055515848983e+00 3.679051233064267100e-05
1.783224732587580741e+00 3.588338448376841296e-05
1.796279740660062352e+00 3.606962631503384919e-05
1.809379556993800708e+00 3.849575572818127043e-05
1.822524663846453397e+00 3.630234102686407532e-05
1.835715548549968767e+00 3.690051933744548036e-05
1.848952703589041624e+00 3.533971098191113019e-05
1.862236626680921825e+00 4.030115988384302809e-05
1.875567820856598900e+00 3.584170387812155782e-05
1.888946794543396868e+00 3.636677745100776405e-05
1.902374061649005244e+00 3.836223736660382638e-05
1.915850141646975535e+00 3.886323813652710975e-05
1.929375559663716988e+00 3.645024099336413137e-05
1.942950846567024437e+00 3.794866404300065713e-05
1.956576539056166242e+00 3.514746618224884442e-05
1.970253179753570727e+00 3.826340206777774930e-05
1.983981317298132430e+00 3.694080393598295886e-05
1.997761506440205892e+00 3.592871765954086972e-05
2.011594308138276332e+00 3.683868453326076574e-05
2.025480289657382471e+00 3.680217834434891658e-05
2.039420024669305942e+00 3.615105857623569270e-05
2.053414093354583247e+00 3.580678742581510613e-05
2.067463082506361793e+00 4.220511336588005818e-05
2.081567585636154405e+00 3.788871420384571606e-05
2.095728203081529628e+00 3.743394620594063836e-05
2.109945542115771566e+00 3.656686372024273613e-05
2.124220217059573645e+00 4.054059670161424124e-05
2.138552849394784072e+00 3.825780940294845655e-05
2.152944067880272261e+00 3.892690933468341173e-05
2.167394508669943765e+00 4.040380725414568331e-05
2.181904815432972988e+00 4.061213775164399127e-05
2.196475639476278996e+00 3.676464444072183785e-05
2.211107639869315911e+00 4.246060649328628044e-05
2.225801483571211214e+00 3.704190362518516237e-05
2.240557845560325667e+00 4.325378352907694092e-05
2.255377408966268149e+00 3.774273624105383231e-05
2.270260865204440481e+00 3.947947199848884963e-05
2.285208914113143308e+00 3.357698530369406756e-05
2.300222264093344737e+00 4.174822335460908038e-05
2.315301632251118846e+00 4.203224395585727186e-05
2.330447744542859301e+00 4.185701839845240802e-05
2.345661335923311608e+00 4.190027877459381119e-05
2.360943150496495946e+00 4.102609920429908243e-05
2.376293941669568088e+00 4.401926124846278378e-05
2.391714472309731221e+00 3.834818757137473902e-05
2.407205514904206645e+00 3.842410337053076653e-05
2.422767851723407695e+00 3.969425486640011631e-05
2.438402274987316432e+00 4.076296838047897521e-05
2.454109587035200768e+00 3.897313447764299123e-05
2.469890600498723998e+00 4.216326825653399332e-05
2.485746138478509337e+00 5.560368620764055822e-05
2.501677034724291371e+00 4.436224193279235558e-05
2.517684133818678394e+00 4.914413644196763062e-05
2.533768291364664638e+00 4.391592581073113362e-05
2.549930374176959891e+00 3.938131764137037461e-05
2.566171260477213334e+00 3.829739061469980880e-05
2.582491840093254609e+00 4.127663745821311667e-05
2.598893014662444489e+00 4.062854427711942517e-05
2.615375697839199987e+00 4.409148479947675592e-05
2.631940815506855991e+00 4.167815111668533043e-05
2.648589305993903409e+00 4.212604471772853288e-05
2.665322120294779218e+00 4.408682689542184964e-05
2.682140222295247955e+00 4.057584865617597686e-05
2.699044589002565164e+00 4.142704888789103116e-05
2.716036210780464977e+00 4.902096299785646034e-05
2.733116091589157026e+00 4.377218995165373794e-05
2.750285249230413953e+00 5.121520504166476211e-05
2.767544715597911598e+00 4.153532882418014589e-05
2.784895536932901372e+00 4.426207144463915611e-05
2.802338774085429751e+00 4.415006141106946947e-05
2.819875502781155063e+00 4.199268047305741198e-05
2.837506813893987179e+00 4.171209640884096276e-05
2.855233813724622927e+00 4.387165083590039864e-05
2.873057624285204170e+00 4.438368344089763725e-05
2.890979383590180252e+00 4.583955160548055689e-05
2.909000245953595520e+00 4.207487904862680813e-05
2.927121382292947160e+00 4.453102981614939115e-05
2.945343980439754095e+00 4.317490295556199577e-05
2.963669245457068335e+00 4.608225332566909341e-05
2.982098399964077995e+00 4.489173301049530684e-05
3.000632684467967159e+00 4.130467234537433797e-05
3.019273357703287086e+00 4.337944284437518315e-05
3.038021696978962627e+00 4.358830955632754197e-05
3.056878998533198555e+00 4.444269837906474199e-05
3.075846577896470535e+00 4.191677592620583835e-05
3.094925770262794362e+00 4.610702151112999904e-05
3.114117930869559014e+00 4.087193826576204352e-05
3.133424435386071849e+00 4.624990197397226108e-05
3.152846680311138350e+00 4.368156655183406977e-05
3.172386083379844290e+00 4.545942454593338803e-05
3.192044083979846292e+00 4.414879248333269826e-05
3.211822143577407918e+00 4.680156511912830634e-05
3.231721746153457975e+00 4.588409951489684160e-05
3.251744398649921930e+00 4.377521046603360542e-05
3.271891631426665281e+00 4.719945132014701926e-05
3.292164998729279368e+00 4.423374756829378943e-05
3.312566079168071553e+00 4.461215988794773609e-05
3.333096476208521786e+00 4.532850463857259838e-05
3.353757818673582580e+00 4.624149286514196190e-05
3.374551761258096416e+00 4.493365670921436387e-05
3.395479985055740446e+00 4.799802808579089195e-05
3.416544198098793395e+00 4.598157996350496100e-05
3.437746135911136314e+00 4.585987741370679013e-05
3.459087562074850908e+00 4.611939411750398275e-05
3.480570268810810663e+00 4.784981592083874794e-05
3.502196077573649369e+00 4.785529039704723784e-05
3.523966839661581307e+00 4.749425601302225395e-05
3.545884436841424847e+00 4.453219093626203348e-05
3.567950781989368547e+00 4.554514535066084741e-05
3.590167819747851929e+00 4.585708089550088101e-05
3.612537527199123133e+00 4.657448191806461596e-05
3.635061914555887341e+00 4.759506752001016624e-05
3.657743025869628628e+00 4.790838431227722891e-05
3.680582939757102157e+00 5.204585897151885974e-05
3.703583770145510101e+00 4.417452017596141492e-05
3.726747667036997225e+00 4.688583988069822866e-05
3.750076817293014120e+00 4.622874694746990530e-05
3.773573445439117879e+00 4.128415636507530654e-05
3.797239814490932730e+00 4.679430687515364484e-05
3.821078226801799538e+00 4.673054571295004982e-05
3.845091024932894896e+00 4.725305528726307240e-05
3.869280592546462394e+00 4.708272024851074269e-05
3.893649355322847061e+00 4.577764779735984745e-05
3.918199781902168777e+00 4.367950332637332339e-05
3.942934384851307872e+00 4.633447108390680827e-05
3.967855721657088441e+00 4.571621257027828840e-05
3.992966395746416985e+00 4.857368234383864866e-05
4.018269057534300082e+00 4.559865866537609919e-05
4.043766405500584860e+00 4.641273551981714635e-05
4.069461187296391280e+00 4.752776740158997439e-05
4.095356200881122177e+00 4.788453018190443262e-05
4.121454295691163061e+00 4.591028430151080617e-05
4.147758373841154089e+00 4.620636530248357958e-05
4.174271391359062555e+00 4.854190469646899313e-05
4.200996359456013352e+00 4.734165055976666069e-05
4.227936345832168819e+00 4.684332069029709718e-05
4.255094476019727345e+00 4.826800675353806286e-05
4.282473934764413848e+00 4.436298577329094421e-05
4.310077967446587444e+00 4.702018481105117443e-05
4.337909881543510870e+00 4.553636871381164502e-05
4.365973048133954926e+00 4.732001156590508141e-05
4.394270903446770404e+00 4.424093359447448404e-05
4.422806950454781116e+00 4.544594791765252346e-05
4.451584760515686412e+00 4.730703847944604237e-05
4.480607975061463577e+00 4.443722055305458096e-05
4.509880307338105077e+00 4.564153620180836962e-05
4.539405544197283149e+00 4.516588926745915451e-05
4.569187547941903738e+00 4.608843694583972261e-05
4.599230258227382961e+00 4.658107015621137286e-05
4.629537694020593008e+00 4.647698002234948032e-05
4.660113955618596648e+00 4.431937940972079088e-05
4.690963226729293112e+00 3.578121894864568755e-05
4.722089776616123835e+00 4.427885141024041107e-05
4.753497962309302771e+00 4.447323174810972895e-05
4.785192230885826348e+00 4.277298745077123224e-05
4.817177121820895636e+00 4.493721879271833836e-05
4.849457269413340654e+00 4.299212958036195470e-05
4.882037405287709575e+00 4.394736796808974594e-05
4.914922360976011539e+00 4.439925690237704994e-05
4.948117070581908195e+00 4.424946005002285989e-05
4.981626573530626878e+00 4.282828227164325137e-05
5.015456017407652567e+00 4.335162253280184385e-05
5.049610660889745972e+00 4.335035028654903776e-05
5.084095876771596245e+00 4.383580956254223685e-05
5.118917155092026050e+00 4.347733959771095201e-05
5.154080106363324809e+00 4.388905156981909317e-05
5.189590464907923639e+00 4.342721749221340339e-05
5.225454092306433651e+00 4.314278861940784891e-05
5.261676980961550676e+00 4.252628546410724660e-05
5.298265257782244220e+00 4.222771358139247588e-05
5.335225187993163587e+00 4.150919259443427528e-05
5.372563179074077766e+00 4.258902736884588624e-05
5.410285784834729661e+00 4.186164229896002195e-05
5.448399709630405319e+00 4.220516726297260347e-05
5.486911812724086346e+00 4.362933639308901490e-05
5.525829112800970222e+00 4.066922278935436783e-05
5.565158792641854646e+00 4.115744793384362124e-05
5.604908203961667112e+00 4.220939081478873611e-05
5.645084872420248701e+00 4.124827619663294274e-05
5.685696502812371378e+00 3.897051150928505705e-05
5.726750984444712422e+00 3.886838565091006557e-05
5.768256396707492684e+00 3.888465278611715587e-05
5.810221014849253685e+00 4.245380131928821506e-05
5.852653315963272540e+00 3.968433379399715066e-05
5.895561985194872179e+00 3.820344251639197177e-05
5.938955922179146363e+00 3.869516641808507689e-05
5.982844247719065756e+00 3.941346349368224025e-05
6.027236310714632950e+00 3.665626809419312237e-05
6.072141695354100754e+00 3.863782387934926085e-05
6.117570228578833813e+00 3.659171896256277273e-05
6.163531987834188541e+00 3.709622580888923834e-05
6.210037309119105231e+00 3.769875814838583792e-05
6.257096795348075169e+00 3.525857436720176297e-05
6.304721325039668756e+00 3.585316919094841886e-05
6.352922061346506943e+00 3.440362442235592606e-05
6.401710461442654321e+00 3.508089426918863097e-05
6.451098286284771888e+00 3.393136547743087560e-05
6.501097610764786872e+00 3.352102896127109806e-05
6.551720834272277472e+00 3.419587666784509579e-05
6.602980691686179959e+00 3.299748692608201801e-05
6.654890264816202716e+00 3.249679808530823701e-05
6.707462994315653404e+00 3.206824458651348961e-05
6.760712692088343800e+00 3.209407604214798939e-05
6.814653554213885300e+00 3.011129345812825752e-05
6.869300174416541616e+00 3.163202697064340191e-05
6.924667558104775189e+00 3.018988214472804516e-05
6.980771137009639027e+00 2.974810575236026551e-05
7.037626784452278628e+00 2.984397820691154889e-05
7.095250831272059244e+00 2.927383805619589074e-05
7.153660082449184721e+00 2.948990367421036054e-05
7.212871834457117437e+00 2.986368304688451729e-05
7.272903893382699714e+00 2.822948547705012173e-05
7.333774593853726209e+00 2.795552725942392574e-05
7.395502818816384050e+00 2.687884275842458918e-05
7.458108020207268929e+00 2.714760533345003505e-05
7.521610240567749628e+00 2.600551838638582845e-05
7.586030135650939421e+00 2.595178298450439072e-05
7.651388998075133507e+00 2.491133658784157179e-05
7.717708782080382690e+00 2.467484320575880809e-05
7.785012129448951157e+00 2.365197930229190234e-05
7.853322396653874549e+00 2.278247598213918053e-05
7.922663683303971638e+00 2.264439006852676339e-05
7.993060861958362295e+00 2.193413398318675542e-05
8.064539609387720631e+00 2.134104899801577638e-05
8.137126439365120589e+00 2.217509811123778937e-05
8.210848737074378789e+00 2.098432945795108121e-05
8.285734795229668492e+00 1.998662605299392228e-05
8.361813852006719117e+00 1.897272682493948527e-05
8.439116130892415413e+00 1.884491348718351741e-05
8.517672882566811765e+00 1.819686422085817950e-05
8.597516428939853128e+00 1.796286790891883471e-05
8.678680209472870999e+00 1.750996172535665088e-05
8.761198829924738973e+00 1.606245749139093452e-05
8.845108113671690475e+00 1.647509404588106199e-05
8.930445155761116638e+00 1.594945651299993101e-05
9.017248379870389741e+00 1.450171426149150734e-05
9.105557598354891979e+00 1.490521559880844644e-05
9.195414075582201363e+00 1.415235652813238286e-05
9.286860594764410948e+00 1.344049484069211086e-05
9.379941528515811200e+00 1.318604162644113863e-05
9.474702913380864899e+00 1.267354872558563891e-05
9.571192528595130256e+00 1.139582735566272836e-05
9.669459979362780899e+00 1.158806275645377425e-05
9.769556784955327089e+00 1.079702057779529842e-05
9.871536471960840942e+00 1.025366979637436134e-05
9.975454673037942754e+00 1.003929642769412446e-05
1.008136923155793063e+01 9.627650918890042948e-06
1.018934031254830330e+01 8.572758185634079273e-06
1.029943052038522566e+01 8.132170455812548452e-06
1.041170502371859463e+01 7.760151602482434632e-06
1.052623168815380517e+01 7.215383071984705114e-06
1.064308121725768252e+01 6.855617214288020034e-06
1.076232730250476877e+01 6.735177622550700845e-06
1.088404678283179194e+01 6.037872169834080524e-06
1.100831981452695096e+01 5.344591835509650157e-06
1.113523005224294415e+01 5.403636936207849572e-06
1.126486484199331350e+01 5.005537446899002092e-06
1.139731542706779699e+01 4.719017835132494218e-06
1.153267716788676189e+01 4.297318911391049717e-06
1.167104977690866718e+01 4.032944397815877350e-06
1.181253756980620828e+01 3.661139133763833934e-06
1.195724973424156268e+01 3.539593578364145984e-06
1.210530061769597765e+01 3.111723765893101289e-06
1.225681003594877438e+01 2.848660087070472391e-06
1.241190360395464154e+01 2.517238252191077999e-06
1.257071309104042101e+01 2.288150870284937904e-06
1.273337680253192516e+01 2.142905956759009559e-06
1.290003999013476133e+01 1.744213062182770774e-06
1.307085529362815102e+01 1.669112990835882118e-06
1.324598321669588152e+01 1.408899981701087907e-06
1.342559264001181063e+01 1.307582952142413106e-06
1.360986137502873916e+01 1.149460120987308309e-06
1.379897676228727654e+01 9.481090029169280055e-07
1.399313631847826045e+01 8.056423783554410214e-07
1.419254843695589230e+01 7.579245361770414698e-07
1.439743314692606369e+01 6.298269021732844726e-07
1.460802293712368716e+01 5.127899537584772039e-07
1.482456365046278535e+01 4.579584122756789058e-07
1.504731545689699779e+01 3.840731324472192115e-07
1.527655391258613626e+01 2.630381746347741125e-07
1.551257111443440273e+01 2.443689375515458402e-07
1.575567696017295916e+01 2.190178291876631385e-07
1.600620052541652782e+01 1.210176885208062663e-07
1.626449157056262607e+01 1.253557735930920707e-07
1.653092219204418001e+01 1.216319317187369709e-07
1.680588863433074565e+01 7.205846333429926866e-08
1.708981328123576660e+01 6.931903313644938530e-08
1.738314684757837725e+01 5.308452350195941934e-08
1.768637079511793431e+01 3.524393923380396156e-08
1.800000000000201084e+01 4.406348120161017333e-08
