# Status file for ctqmc. Used to save all times t_s, t_e.
8
1
86.49969100952148 86.24007701873779 0 0
4
25.0144362449646 25.06972551345825 0 0
56.37461543083191 56.42162561416626 0 0
72.02775387868599 72.07915782928467 0 0
97.16315865516663 97.16470241546631 0 0
32
2.916806936264038 3.688045877652332 0 0
4.006477483060108 4.083251222772777 0 0
4.432320919919298 4.737623145889829 0 0
5.629903078079224 6.049478054046631 0 0
10.9333872795105 11.10759973526001 0 0
17.8772509098053 17.94680286951547 0 0
20.19142009460825 20.62894768704236 0 0
23.88948202133179 26.70758366584778 0 0
29.3331159250954 29.33699488639832 0 0
29.92363620060801 30.7479889270347 0 0
30.91913461685181 33.03379818786533 0 0
33.77621754643631 34.74055653491451 0 0
35.06250184119654 35.16984044944422 0 0
41.14879965782166 41.27089381217957 0 0
44.20926948130938 46.30247628927021 0 0
46.30383649884946 46.38906738327231 0 0
47.27061861958213 47.32494950294495 0 0
48.51281742119066 48.85289952330508 0 0
50.93071988525731 51.34603086351384 0 0
53.89483293666293 55.69960535793761 0 0
57.51282211039167 57.60698920446157 0 0
58.0184515690249 58.05770900497276 0 0
59.79236364364624 60.08642599392261 0 0
61.35013004735804 61.68583712843554 0 0
62.70861364756464 62.74142552459 0 0
64.27105660209088 64.91356562943722 0 0
65.50868580177287 66.13993644714355 0 0
70.60433576848207 71.13843233004896 0 0
85.74493220608335 89.90743307142898 0 0
91.19362102056613 91.6763786317366 0 0
91.83575788787014 92.15420416690627 0 0
92.84879775106801 93.12186241149902 0 0
37
4.669325090803661 4.875104026641569 0 0
5.422525363588473 7.690640351883977 0 0
8.544725590376981 9.212969995516396 0 0
12.27313876152039 11.88501894274911 0 0
15.78723192214966 15.92758893966675 0 0
17.87972761326806 21.45318388938904 0 0
22.24662303924561 24.10204774398374 0 0
26.81655883789062 27.43307948112488 0 0
27.96258330345154 28.04563641548157 0 0
28.1042177677957 30.29798995692549 0 0
30.39295673370361 30.86481689682014 0 0
31.20921884739716 31.60408550304659 0 0
32.78951964872383 33.27978849411011 0 0
35.1549733983086 37.30835318565369 0 0
37.52859818780458 38.32404794975783 0 0
38.83170124554265 38.9317931810202 0 0
39.35404590777205 39.63188043743442 0 0
42.62070009613488 43.81762805439439 0 0
44.75847966536134 45.83624167765856 0 0
46.90987010380728 47.75108136570579 0 0
48.94036054611206 49.32943754732192 0 0
52.81803011894226 52.84900665283203 0 0
52.90744405217526 53.28207759034314 0 0
60.45124797616138 60.71245670318604 0 0
61.52735948562622 61.61848743088082 0 0
61.96555851251024 63.33701736275943 0 0
66.16188517554225 70.90224699060427 0 0
71.60807248065305 71.89159107814217 0 0
72.71429349415467 80.49981607044563 0 0
80.69446682929993 85.72901487350464 0 0
85.78597903251648 86.54773235321045 0 0
86.62026524543762 87.36277520728208 0 0
88.11130523681641 88.48223090171814 0 0
89.93735313415527 92.05971237029074 0 0
95.0880930357506 95.98769987099189 0 0
96.05096093065092 96.13850535516977 0 0
97.85219959611732 97.92970458998909 0 0
46
2.937198356973267 2.327948808670044 0 0
4.94132454560855 4.801135015141399 0 0
7.61675238609314 5.611277596880664 0 0
8.539086580276489 7.732421159744263 0 0
10.33344014510602 8.607816696166992 0 0
15.22022863600508 15.27577788379567 0 0
16.70149573119101 16.52143276803342 0 0
17.38169261494763 16.89176806027939 0 0
18.04810166358948 17.81163404399757 0 0
21.23530507087708 18.2963490486145 0 0
23.11167014210716 21.44322323062067 0 0
23.81528835967146 23.73328013335302 0 0
26.59420048256349 24.12165137001432 0 0
28.62709760665894 27.86552906036377 0 0
30.12981299118604 28.94840137578136 0 0
38.3061945438385 30.62860028861586 0 0
39.96732181203338 38.59789967536926 0 0
44.84837055206299 43.26495647451125 0 0
45.41188478469849 45.18009424209595 0 0
46.97273988200553 46.80910755433301 0 0
48.53435265323717 48.42926795682798 0 0
49.00717683257704 48.6738774617014 0 0
49.26630331102334 49.08964057726735 0 0
51.85936231245023 50.72388648986816 0 0
53.40574383735657 52.6823876504634 0 0
54.19293640696755 53.65148782730103 0 0
55.78370673951846 55.70231595123602 0 0
57.27678962817345 56.50150277890246 0 0
59.73295569419861 59.60890540105253 0 0
60.56182980537415 60.27036746603356 0 0
62.7621330585256 61.06026768684387 0 0
63.02776693581301 63.01489654027458 0 0
71.86505927225893 63.49671640586463 0 0
74.53834646497742 72.58756301152685 0 0
75.26261818040908 74.54751039595861 0 0
76.75397632084835 75.39053616645117 0 0
78.77468705032437 76.85218704587641 0 0
79.5831752536189 79.03682328949189 0 0
82.30628982426502 79.88775372505188 0 0
82.73837348246869 82.57616236335208 0 0
83.0500339417226 82.90361503699454 0 0
88.70363235473633 83.07663326064447 0 0
92.06475537232279 88.83901238441467 0 0
94.62448358535767 94.41100239100952 0 0
96.32815353022615 94.70358143945072 0 0
98.31454157829285 97.41771130133628 0 0
38
0.649884092307764 0.7803142070770264 0 0
0.7919549942016602 0.8507765244885945 0 0
3.066897392272949 2.87156094760224 0 0
3.885722160339355 3.072947263717651 0 0
5.397754461176874 4.409199953079224 0 0
7.479178905487061 7.021421194076538 0 0
8.861541748046875 8.809828181435723 0 0
11.49462109019126 9.229427576065063 0 0
17.42213368415833 17.42890214476192 0 0
24.06136393547058 20.95746217510266 0 0
25.29632615830144 24.55126643180847 0 0
29.26973111231582 27.69009783760774 0 0
29.82180428236635 29.55281858631404 0 0
33.3443646777709 29.8266579279319 0 0
34.52505469322205 33.47419677014933 0 0
36.29846546604306 36.08318567276001 0 0
36.61423838859139 36.49385639128351 0 0
37.28366494178772 37.52316236495972 0 0
43.96177417022692 42.67353727876706 0 0
45.11836171150208 44.38660003537844 0 0
46.44680127476545 45.49598693847656 0 0
47.34509237886714 46.95060501892804 0 0
49.62292262597732 47.41482138633728 0 0
50.83068526955527 49.65141567788272 0 0
51.7895223729516 50.85034145737212 0 0
53.01724672317505 52.411171933109 0 0
56.89787864685059 53.05182007560634 0 0
58.81917826702192 57.5817346572876 0 0
62.10027844238513 61.95363333442482 0 0
62.25061681348017 62.19970317569764 0 0
84.56869674879535 84.20708847642891 0 0
86.43485307693481 85.24151827919384 0 0
87.53727689103306 86.4935019448989 0 0
89.60921857252048 89.63353633880615 0 0
91.80675673231988 91.28513927510809 0 0
93.28626990318298 91.99655208439118 0 0
94.63129639625549 94.35008764266968 0 0
99.56438185733631 99.69398266509971 0 0
31
3.05346086873712 3.393990016830879 0 0
4.583810214051919 5.300291524207103 0 0
5.682492256164551 5.707234144210815 0 0
7.936940324155017 8.014511449355 0 0
9.732604026794434 10.11749505996704 0 0
10.1403534412384 10.77843308448792 0 0
12.53422498703003 12.92520761489868 0 0
21.61218911080637 21.71992785897032 0 0
24.45321083068848 24.62309598922729 0 0
24.93377327919006 25.29696822166443 0 0
33.04373025894165 34.74554419517517 0 0
38.25685977935791 39.79048132896423 0 0
41.92072153091431 42.47725009918213 0 0
45.42387723922729 45.7792341709137 0 0
51.17798556476346 51.72911663052464 0 0
52.98624615614077 53.79985435904702 0 0
55.20113264438395 55.23115489382126 0 0
55.53537607192993 57.03022480010986 0 0
58.53801964763355 58.91754627227783 0 0
67.98884272575378 68.12952799106809 0 0
71.5924084186554 71.66062789191621 0 0
73.54335188865662 73.22593927383423 0 0
77.95657805745488 78.07045630215345 0 0
82.63365626335144 82.69763627211525 0 0
86.58179044723511 87.00923919677734 0 0
88.45145543210413 88.61591815948486 0 0
89.77571178759801 89.9261413481285 0 0
91.94087386131287 93.54897141456604 0 0
94.08622011555921 94.09468092438199 0 0
94.7168353744996 94.89251206057382 0 0
97.41061950027967 97.52752780914307 0 0
24
8.634099590633589 8.656305074691772 0 0
8.735096454620361 10.71014686265866 0 0
12.65069246292114 12.76823998904929 0 0
15.02641587443104 15.0682761551198 0 0
16.78434194704065 16.88490830025396 0 0
22.06929584536793 22.27616310119629 0 0
26.3601425160732 26.59690156744381 0 0
38.88924919251622 39.42236180042638 0 0
40.48893451690674 40.67488996901761 0 0
42.79210548802105 42.86672939296994 0 0
43.58317071335166 43.65500434958619 0 0
49.74720261627539 52.9066264629364 0 0
59.0930700302124 59.48654927174969 0 0
61.16706238384722 61.30355136336593 0 0
63.67996371291568 63.85003352907692 0 0
64.54211339441852 64.59885074637953 0 0
65.16168231147533 65.28943181037903 0 0
66.84186169622942 66.87553989540032 0 0
72.13422934681833 72.84852515296862 0 0
74.94116059491546 75.33046969570503 0 0
79.81050563417634 80.21779656410217 0 0
82.46845602989197 83.21449160575867 0 0
94.37863060071804 94.85504954365737 0 0
96.26795649528503 96.45136594772339 0 0
