# Status file for ctqmc. Used to save all times t_s, t_e.
8
7
14.01669979095459 14.05811905860901 0 0
26.46986246109009 26.49451494216919 0 0
39.09221887588501 39.31446075439453 0 0
48.92588257789612 48.92368912696838 0 0
51.04082822799683 51.22690796852112 0 0
69.00548338890076 69.12423372268677 0 0
69.43016648292542 69.56733414098508 0 0
2
1.792500406236 1.793854286753316 0 0
74.61778521537781 74.70964193344116 0 0
34
0.9391438263118825 0.3067829780241735 0 0
2.382518371141311 0.9990506180555569 0 0
7.993347086506146 2.582428574584864 0 0
10.58374124493814 8.112654304665146 0 0
11.52470383230039 10.66225196116504 0 0
14.83117725365858 11.78107857704163 0 0
19.48897046766691 15.16002914799302 0 0
23.55717351521908 19.9019193649292 0 0
25.78529119491577 25.29743909835815 0 0
27.72545218467712 26.12528800964355 0 0
31.21614128687611 29.67542666956258 0 0
32.00168013572693 31.47349423343739 0 0
33.33940333834799 32.20373765512369 0 0
46.12759947776794 44.81502771377563 0 0
48.19006323814392 48.28652739524841 0 0
59.52341778679082 58.99589047684717 0 0
60.77578663825989 60.32726637553903 0 0
62.92257905006409 62.85361647605896 0 0
63.14735943572488 62.95833179158058 0 0
64.53471418315598 63.61518502235413 0 0
64.85385894775391 64.66611348886104 0 0
65.63285048705438 65.02339243888855 0 0
66.70874357223511 65.80808240900566 0 0
70.78043818473816 68.73581449138177 0 0
72.30483368613037 72.14740514755249 0 0
74.6035380143332 72.34059861573046 0 0
77.25317449679767 75.69060689865843 0 0
77.3734055623282 77.3411750793457 0 0
83.23908043929859 81.79283582183487 0 0
88.45128040825399 83.48787404455955 0 0
90.4762320090131 88.59717862255357 0 0
94.578725028663 94.27933820920691 0 0
95.87720632553101 95.34204006195068 0 0
99.81506783447067 99.05355485348366 0 0
32
2.065503387076064 2.315247058868408 0 0
3.128607351020239 3.548233693415725 0 0
4.609991796458475 4.69612597014073 0 0
10.45235483499314 10.51230160016446 0 0
10.92555450515231 10.94475828645133 0 0
11.03723320711103 11.14188524119138 0 0
15.39820928718646 15.46128972295961 0 0
19.04751192776484 19.62712611701722 0 0
20.25681145016646 23.17118360672159 0 0
23.83557315307513 24.45425391197205 0 0
26.15122273286416 26.59285205121098 0 0
26.72087237771417 33.08137356320864 0 0
33.79578685102974 41.76827931484271 0 0
42.08657757699658 42.44772430806878 0 0
45.05149793349196 45.34021505619928 0 0
46.2443645362811 46.31970524787903 0 0
46.40159010887146 52.54511267996227 0 0
57.44743162473401 61.51686108074858 0 0
61.27721478524359 65.47331972350064 0 0
66.21288985926503 66.98910712437934 0 0
67.59696674997316 67.89192973441125 0 0
68.73070597648621 71.39252424240112 0 0
75.71103270990064 85.17297791032854 0 0
85.82500967218891 85.98679667484105 0 0
86.79278056781975 86.89519988081651 0 0
87.84852463604633 88.42853903770447 0 0
88.89524340629578 90.22495159264263 0 0
90.57813286781311 90.84783741482445 0 0
91.76806386541756 92.56133422564037 0 0
92.58214629795742 92.63772964477539 0 0
92.63965487480164 95.55340937228523 0 0
96.54600498877662 99.9503316952939 0 0
30
1.451631125783094 1.490875702337363 0 0
3.665411595525372 7.07621351350592 0 0
7.568293809890747 9.117444791222729 0 0
10.38711373418567 11.50012901519278 0 0
11.96207427347164 12.31665099391508 0 0
12.63965656913086 12.64759483452777 0 0
13.01577912736125 13.08387517929077 0 0
13.72984908165087 19.32652878388694 0 0
32.52471089363098 32.96292111062356 0 0
35.20015478134155 35.30181050300598 0 0
41.85155630111694 41.95756296623472 0 0
44.90877985954285 44.96510624885559 0 0
45.00319182277677 45.82484599322014 0 0
52.53732204437256 53.10209393501282 0 0
54.43892248507444 54.45294730304683 0 0
54.75290483485152 54.87554213901096 0 0
57.11128096610413 57.1334429479671 0 0
57.73697119169752 57.8206138111905 0 0
63.02648580150692 63.43833699035346 0 0
64.75507024424445 64.87421335116382 0 0
67.47732117882644 67.68654584884644 0 0
70.03453167195548 70.0985576316867 0 0
71.77433007582449 72.82124592641901 0 0
75.59463381767273 75.78273415565491 0 0
82.6338529586792 87.73488946570602 0 0
91.12108391075108 91.40195371646776 0 0
91.41485095024109 91.73709215596165 0 0
93.52274019810875 93.56599167650684 0 0
94.94846165274319 97.1851247748141 0 0
98.35749847826557 98.40118099010067 0 0
39
9.479477097030593 8.659331729261652 0 0
10.05165471648809 9.93348581405975 0 0
10.41952980435374 10.076205389254 0 0
16.41613419790514 15.30102699068609 0 0
19.08558533521583 19.00203169334667 0 0
20.41533589363098 19.23885838969929 0 0
25.71482062339783 24.02622699737549 0 0
27.65268346028271 25.97702757112826 0 0
29.64289271098409 27.79149648738326 0 0
32.87820219993591 31.76949926875431 0 0
37.33888422238145 33.83305496659496 0 0
40.45908451080322 37.68469226315108 0 0
41.2578291402987 41.24313921941467 0 0
41.72893876539172 41.43348448605495 0 0
42.46091438664935 42.15856692133409 0 0
45.52336561590823 44.41977587595641 0 0
46.11237049102783 45.80802103971357 0 0
53.02900333332606 46.25885486602783 0 0
56.45876810494418 53.31292607862648 0 0
57.21204347723329 56.55731795409253 0 0
60.24787564544769 57.21968269762409 0 0
60.8050256648912 60.43991285793519 0 0
61.39408817505149 60.9522803249867 0 0
63.25989961624146 61.45023464758219 0 0
64.95313393491412 63.45288074300264 0 0
65.86336939642327 65.74765619527103 0 0
67.41165537473114 66.08186647888822 0 0
69.83852920995197 68.78226399421692 0 0
73.87805581092834 73.51865172386169 0 0
77.97568440437317 74.85310805607028 0 0
82.00412840027411 77.98312306404114 0 0
83.79753828048706 82.25433325679319 0 0
86.85957614808618 83.89366269111633 0 0
87.31563149752206 87.25675940513611 0 0
87.82583905047059 87.64644978055182 0 0
91.38856400882464 90.04005262960708 0 0
94.11076141869614 91.79873255176251 0 0
97.54270967005233 94.74306744743103 0 0
99.45400953292847 98.48476648330688 0 0
30
7.155039847131609 7.193287207793388 0 0
9.002521911085312 9.277601459445496 0 0
9.630793333053589 9.721146075122133 0 0
12.35795021057129 12.47977189582609 0 0
13.16268724072716 13.57972621682698 0 0
19.12891278418289 19.24231387470797 0 0
23.90133738517761 23.92989179898347 0 0
25.57239532470703 25.70228420178573 0 0
25.82281231880188 27.69561295051428 0 0
30.50594329833984 30.92654943466187 0 0
43.42069029808044 43.49442255682966 0 0
46.79689138700134 46.83378556067781 0 0
50.94507365521014 51.03009830595838 0 0
52.45562676759938 52.48288679619941 0 0
53.91039848327637 55.3205668926239 0 0
55.03780245780945 57.32737183570862 0 0
60.45747399330139 60.92455387115479 0 0
63.6067807674408 64.48594927787781 0 0
66.80160719597363 67.06820179958851 0 0
67.44704479531636 67.52790661615346 0 0
69.27093563968529 70.18170846929786 0 0
71.56863774648676 71.84967640341729 0 0
72.17980639134342 75.86233615875244 0 0
81.95108850305566 82.09567819587633 0 0
84.82951167017868 85.52752733230591 0 0
86.57313585281372 86.83446960374229 0 0
87.9336674773008 88.82214177774641 0 0
91.16781949996948 91.60395264625549 0 0
93.97148926822993 94.12433505058289 0 0
99.22107186017446 99.27767055912267 0 0
32
0.1871407032012939 1.866927206391787 0 0
5.021495359675754 5.113759489271885 0 0
6.859201515961594 7.328313589096069 0 0
10.59982180595398 10.72307229042053 0 0
11.31614446640015 11.61766052246094 0 0
18.59170794487 18.88823509216309 0 0
24.27495718002319 24.57453608512878 0 0
26.04626854226169 26.12603792562737 0 0
34.98061268762579 35.27026348197405 0 0
40.66566824913025 40.71338772773743 0 0
45.94696760177612 47.28121234268201 0 0
51.17369294166565 50.74006319046021 0 0
52.22645998001099 52.89308428764343 0 0
67.04079930538177 67.0904071682687 0 0
68.89072051655036 69.24605164316796 0 0
70.21256594397147 70.27774956572988 0 0
72.49849389452817 72.51328762569705 0 0
75.48463940620422 76.00553631782532 0 0
76.33277590473206 76.6113917860412 0 0
76.90484564351929 77.11717277035888 0 0
78.64697153090738 78.46711779828716 0 0
78.95607858437222 78.99865902731894 0 0
81.33617426798435 81.3630116953269 0 0
81.83113932609558 81.89597675527742 0 0
82.28957433425796 82.9228087466803 0 0
85.69090332114197 86.40403860608723 0 0
86.52114850961415 86.5370507786976 0 0
86.78183555603027 87.00986269489293 0 0
90.50725698471069 90.5325174331665 0 0
92.28934942498341 92.32740068654601 0 0
95.65856456756592 95.68416360432951 0 0
99.15261366636443 99.39014862793201 0 0
