# Status file for ctqmc. Used to save all times t_s, t_e.
8
7
0.6080865859985352 0.3840386867523193 0 0
4.377927573081294 4.409734781096475 0 0
10.07335782051086 10.13331413269043 0 0
48.34574460983276 48.56581091880798 0 0
55.85740143962852 55.57622313499451 0 0
58.45299959182739 58.38955406727364 0 0
58.78374576568604 58.52629813901827 0 0
2
1.665639877319336 1.762205362319946 0 0
98.31883907318115 97.29332327842712 0 0
35
0.04534932495094579 0.7158210229487532 0 0
0.6925259768368416 3.646093110185014 0 0
5.003469682959977 5.006462335586548 0 0
6.589168505661775 8.319348628205493 0 0
8.983596326725197 10.0459290317545 0 0
11.36046920273055 12.12314207111626 0 0
12.28052482933692 13.19496441435704 0 0
13.99934122873487 15.6478127761071 0 0
18.8686452203164 19.01549344762494 0 0
20.72079275316333 20.75080189660186 0 0
23.2522470518235 26.49552226066589 0 0
27.03522458742419 27.06095576286316 0 0
27.09867954140308 31.4256744873326 0 0
38.86391520500183 39.02239203453064 0 0
41.46696925163269 41.66280591862797 0 0
47.86788821220398 47.11085132571542 0 0
49.6807190307236 49.85469906196136 0 0
52.0934558513952 52.14646788810641 0 0
56.77882392389457 57.16439342136165 0 0
59.03032422065735 59.03118307497132 0 0
61.70117614471938 62.0647132396698 0 0
62.27199570725578 62.40976857295301 0 0
62.84354459451959 62.95755702537014 0 0
63.27130800276193 63.89948373256985 0 0
65.9443827686279 66.6007936000824 0 0
69.23115697024721 71.58783078193665 0 0
72.83002138137817 74.23466286032442 0 0
75.20265214631223 75.24709495966992 0 0
78.40579152107239 78.41722369194031 0 0
81.69613480567932 81.65585398674011 0 0
86.35163307189941 86.52654886245728 0 0
89.15875866224923 89.40551442115216 0 0
90.92196226119995 91.03285428607535 0 0
97.28818792695455 98.00267219543457 0 0
99.3568230439181 99.85302315028402 0 0
33
4.165990290993479 4.866359763944238 0 0
6.855206660913753 8.200398098688021 0 0
8.322387979949204 10.00983342827809 0 0
13.5091075051843 13.54698615170509 0 0
14.62990746379135 21.20340484956109 0 0
22.92470348366464 22.97696790768364 0 0
23.26866388320923 23.64100835534925 0 0
23.88770129830369 27.77805304502577 0 0
28.12165419852244 41.88156907373448 0 0
44.3054166991241 44.38709616661072 0 0
44.4036165416977 44.4803634731834 0 0
46.05105530359197 46.11071777680027 0 0
48.12631212526646 48.34613968195888 0 0
49.5284448790892 50.05200626272938 0 0
50.83963676898237 52.18843817710876 0 0
52.78635621070862 59.60510107862584 0 0
59.93494987487793 64.13341450909412 0 0
64.38846588134766 65.47449367902183 0 0
69.95014548301697 70.06020219422791 0 0
72.16003953844137 72.6209282875061 0 0
72.65955805778503 72.6917617923567 0 0
72.94571399688721 72.96611065170634 0 0
74.63064789772034 74.89403486251831 0 0
75.82357665281755 76.31672665735654 0 0
78.73296928678766 78.80661033841561 0 0
78.93369014287062 78.97825115166997 0 0
79.69498038291931 80.45761676387689 0 0
81.91712413434352 82.24529874503264 0 0
82.95896222280396 83.20933845075812 0 0
83.28211191706626 83.3507049249812 0 0
83.54848369280158 86.94873452186584 0 0
87.47170567512512 95.91691972972822 0 0
97.25839495658875 98.30640705812348 0 0
30
5.941379070281982 2.213108539581299 0 0
7.013210455768231 6.06603793667233 0 0
9.764053470223747 7.305705547332764 0 0
11.17578457686551 9.951972767713002 0 0
12.64487763693141 11.83233713506922 0 0
13.16854022559791 12.93583067272088 0 0
14.03699333130539 13.31907306524425 0 0
16.74260497093201 14.32585120201111 0 0
16.76222701576818 16.74368381500244 0 0
17.95990617076087 17.46097803115845 0 0
21.07617538839716 18.18792356243648 0 0
24.22051679728451 22.3948693577273 0 0
27.70834565162659 24.58039223222972 0 0
31.50256872177124 27.75202393531799 0 0
32.49388617284986 32.23370133552186 0 0
36.49723754215634 32.55401244556418 0 0
38.14989232159391 36.59306168556213 0 0
42.06884901600818 38.6978771966588 0 0
45.78504968783636 44.77403310416736 0 0
55.85738203159232 47.88624909752368 0 0
58.28143312439066 56.53476476257074 0 0
63.3255897614425 58.73207403458279 0 0
64.47893581499115 63.53933053608526 0 0
67.37238113171207 65.63965949517507 0 0
70.45863061264569 69.1479963237675 0 0
73.34881759905497 70.803421286187 0 0
80.4006814956665 79.29664254433241 0 0
92.15456238870102 85.3745218202364 0 0
95.39191543121338 93.63972709895992 0 0
95.86139541739017 95.74767351150513 0 0
45
4.526166377850172 6.277507543563843 0 0
8.249299682239386 8.832677169622787 0 0
8.947741416725453 9.257732687329662 0 0
13.06748871855743 13.132844645877 0 0
13.54424165346128 14.32434508203774 0 0
16.38999581336975 16.74992442131042 0 0
16.9752299785614 17.3200889953831 0 0
17.90097518122349 18.12869228092895 0 0
18.26131755967139 19.22684407765484 0 0
20.29116647711059 20.58411582841759 0 0
20.6137374269888 20.65846044935114 0 0
20.78115003769634 21.49026774715635 0 0
21.64668151844879 24.79468677890911 0 0
29.31573138967897 29.34584337549208 0 0
29.39522069380227 30.52823543548584 0 0
30.60590405310732 31.34866613288629 0 0
31.45595192909241 31.48518204689026 0 0
31.68619275093079 41.68947339057922 0 0
43.27386617660522 47.79848238426143 0 0
47.31521586961273 51.16540010148218 0 0
51.75218710767 55.07322923650703 0 0
55.26122450828552 56.45523100181877 0 0
56.47811618418928 56.47822227757519 0 0
56.90082064649777 58.34626964686561 0 0
58.53825043019432 60.26090733118876 0 0
62.3085199263665 62.53914513721293 0 0
65.92132333363168 69.24376584174487 0 0
69.27073937326061 70.38180439741505 0 0
71.233766999772 72.72309807496482 0 0
75.20936964590425 77.45351791381836 0 0
77.46025919914246 79.57332370156379 0 0
79.61387284570652 79.69150543212891 0 0
83.71303677558899 83.94603785992844 0 0
85.44546289523163 86.25637292861938 0 0
87.14630187268438 87.22281454303197 0 0
87.53242715397224 87.88750851580946 0 0
89.11228508798779 89.3634695355842 0 0
89.84098387484185 89.95637893676758 0 0
90.16798976441659 90.29132583172341 0 0
90.36827135043207 90.50902724266052 0 0
91.29625558853149 91.6587769985199 0 0
93.91500995831268 93.93245122141919 0 0
94.60807724712123 94.68355786608001 0 0
95.76750993728638 95.81174358330664 0 0
97.8948321357832 97.92935110407549 0 0
40
3.405815362930298 4.193655815467405 0 0
9.042005060890792 9.156952789218394 0 0
11.24247312545776 11.34573221206665 0 0
11.54036521911621 13.46938610076904 0 0
14.08064365386963 14.26555330110563 0 0
17.79249310493469 18.1203681149615 0 0
21.87802343114242 22.04659581184387 0 0
27.06755987947469 27.1312415599823 0 0
32.61702656745911 33.04154162184645 0 0
36.51467561721802 36.59955859184265 0 0
40.00394940376282 40.29525816404772 0 0
40.95393146411735 40.9944450227125 0 0
43.96479886433389 44.06956977756557 0 0
44.70416903495789 44.81040009966468 0 0
45.70857928813073 45.7695513722411 0 0
45.92550216150804 45.97466291786459 0 0
46.9783397016399 47.4727885874052 0 0
47.94055223464966 48.04424406108285 0 0
48.48880671944755 48.84260816680636 0 0
49.64414834976196 50.87992548942566 0 0
54.32793498039246 54.67355251312256 0 0
54.6898365020752 55.05098702918865 0 0
59.01197791099548 59.13498765378797 0 0
59.40051674842834 60.15799045562744 0 0
65.37208043011294 65.44938642578099 0 0
65.69522904161479 65.90848979537171 0 0
66.0979688167572 66.81243777275085 0 0
70.87805974027916 70.99788702845639 0 0
73.94148063550091 74.00538433907467 0 0
74.39014911651611 74.54527020454407 0 0
78.09641361236572 78.3630031603258 0 0
79.06309567229499 79.13825213030957 0 0
79.94322180747986 79.9593502283978 0 0
80.92641830444336 81.96784853935242 0 0
82.02579412847386 82.04631755881559 0 0
85.28966366131509 85.51055788993835 0 0
87.53129243850708 87.63538283147673 0 0
90.01956931012813 90.18333744852437 0 0
93.25250387191772 93.65713596343994 0 0
98.79476037574862 99.29738996325783 0 0
36
1.246997920830753 1.45496141303568 0 0
1.874291082175636 2.774116172161527 0 0
4.251861572265625 6.3608531967983 0 0
7.963031530380249 8.026913383929942 0 0
8.682443439314369 8.874000621830843 0 0
13.16857933998108 13.59798908233643 0 0
13.84174823760986 13.98935641492142 0 0
15.01513873817437 15.21381068345384 0 0
25.49602389335632 25.70304916450112 0 0
29.69157855533123 30.77173233032227 0 0
30.92246543702188 31.15386077508333 0 0
42.79755904678572 43.35280225913701 0 0
44.59754207005062 44.61521100568185 0 0
45.78114712040406 45.87035155637594 0 0
46.38136370421351 46.42208880102081 0 0
46.93048359854269 47.01452472352163 0 0
51.11382928852049 51.18933320045471 0 0
51.62753302650626 51.76833511381042 0 0
55.72314586512141 55.87616730621442 0 0
56.27680795405776 56.37873799803715 0 0
59.98319068894688 60.16006700088251 0 0
61.34336756726334 62.0424089045091 0 0
64.22568716884705 64.54282725098692 0 0
65.26577981291291 65.28501972049078 0 0
70.15161069515172 70.32126594139621 0 0
70.40202267966019 70.43156623840332 0 0
71.8423068523407 71.90273404121399 0 0
74.42132998244581 75.64409494055523 0 0
78.56286808997164 78.89792450235862 0 0
81.46599932630446 81.6963356093715 0 0
86.09594702720642 86.62519454956055 0 0
87.24867457418846 87.26441860198975 0 0
87.39255666732788 87.50096059859658 0 0
89.81461477779062 89.94154334068298 0 0
95.00131307524823 95.03237407364118 0 0
96.08562289596496 96.26131057739258 0 0
