-1.800000000000201084e+01 1.406176428288965947e-06
-1.768637079511795918e+01 2.481658961316647589e-06
-1.738314684757837725e+01 3.075417534163643478e-06
-1.708981328123576660e+01 4.197267720463842267e-06
-1.680588863433072433e+01 5.698682354000029972e-06
-1.653092219204418001e+01 6.807129455023701917e-06
-1.626449157056260830e+01 9.021668896253509540e-06
-1.600620052541652782e+01 1.051743223654558825e-05
-1.575567696017295916e+01 1.391246265941391828e-05
-1.551257111443442049e+01 1.737194304781152664e-05
-1.527655391258613626e+01 2.018431888797559437e-05
-1.504731545689701200e+01 2.551428452138706853e-05
-1.482456365046278535e+01 3.033619578500329372e-05
-1.460802293712368716e+01 3.604133377442721452e-05
-1.439743314692604947e+01 4.253957536399055568e-05
-1.419254843695589230e+01 5.133509099424838663e-05
-1.399313631847824624e+01 5.893828798042629339e-05
-1.379897676228727654e+01 6.923657260158485303e-05
-1.360986137502872673e+01 8.001642246026943175e-05
-1.342559264001182306e+01 9.276079278524169665e-05
-1.324598321669588152e+01 1.042724038438692550e-04
-1.307085529362816168e+01 1.174206999599188944e-04
-1.290003999013476133e+01 1.337835974672473916e-04
-1.273337680253193582e+01 1.524195303903382764e-04
-1.257071309104041035e+01 1.707286954688272309e-04
-1.241190360395464154e+01 1.907125920411853633e-04
-1.225681003594876195e+01 2.111619709184673894e-04
-1.210530061769597765e+01 2.347415328606626658e-04
-1.195724973424155202e+01 2.603818782584591354e-04
-1.181253756980619762e+01 2.834999854867102935e-04
-1.167104977690866718e+01 3.132599549239443114e-04
-1.153267716788677255e+01 3.422958390370064866e-04
-1.139731542706779699e+01 3.755538982052985912e-04
-1.126486484199332239e+01 4.101521862224785176e-04
-1.113523005224293527e+01 4.413362883260683336e-04
-1.100831981452695096e+01 4.792809518272135691e-04
-1.088404678283180083e+01 5.162196069293599043e-04
-1.076232730250476877e+01 5.537142473934671127e-04
-1.064308121725769141e+01 5.982811425966567996e-04
-1.052623168815380517e+01 6.434921533916642365e-04
-1.041170502371859463e+01 6.871967045286787217e-04
-1.029943052038521678e+01 7.301718760998269619e-04
-1.018934031254830330e+01 7.811899951808326569e-04
-1.008136923155793951e+01 8.409224412147137681e-04
-9.975454673037956965e+00 8.861027001109782458e-04
-9.871536471960840942e+00 9.441965124753255332e-04
-9.769556784955334194e+00 9.904843797714545442e-04
-9.669459979362780899e+00 1.053071076560022686e-03
-9.571192528595137361e+00 1.113538751084823530e-03
-9.474702913380864899e+00 1.160796031717563001e-03
-9.379941528515811200e+00 1.227832453771225121e-03
-9.286860594764403842e+00 1.294847448455157569e-03
-9.195414075582201363e+00 1.358118989315651275e-03
-9.105557598354884874e+00 1.427560416983097167e-03
-9.017248379870389741e+00 1.486309341802982730e-03
-8.930445155761116638e+00 1.564570529058527176e-03
-8.845108113671695804e+00 1.630165767702749071e-03
-8.761198829924738973e+00 1.694250206677511486e-03
-8.678680209472876328e+00 1.777246538798619990e-03
-8.597516428939853128e+00 1.838346779797461229e-03
-8.517672882566811765e+00 1.917379126974257152e-03
-8.439116130892410084e+00 1.999200732800202485e-03
-8.361813852006719117e+00 2.071870511514321746e-03
-8.285734795229661387e+00 2.149920996207465955e-03
-8.210848737074378789e+00 2.229032717165947003e-03
-8.137126439365120589e+00 2.318370206575904972e-03
-8.064539609387715302e+00 2.405770105547132016e-03
-7.993060861958362295e+00 2.457956950652225633e-03
-7.922663683303976967e+00 2.570003051948518795e-03
-7.853322396653874549e+00 2.642499609597159620e-03
-7.785012129448951157e+00 2.738315366798313791e-03
-7.717708782080378249e+00 2.809933429315457452e-03
-7.651388998075133507e+00 2.892935386716435475e-03
-7.586030135650944750e+00 2.986123870454673868e-03
-7.521610240567749628e+00 3.077666283601196949e-03
-7.458108020207273370e+00 3.162923556040221889e-03
-7.395502818816379609e+00 3.242457504800540583e-03
-7.333774593853726209e+00 3.339577906021270852e-03
-7.272903893382695273e+00 3.432304152726130524e-03
-7.212871834457117437e+00 3.514675238256661019e-03
-7.153660082449187385e+00 3.619272179471439647e-03
-7.095250831272068126e+00 3.697915829561839330e-03
-7.037626784452278628e+00 3.809128628014628315e-03
-6.980771137009643468e+00 3.884151047748517563e-03
-6.924667558104775189e+00 3.982794894431497187e-03
-6.869300174416541616e+00 4.081343479991577164e-03
-6.814653554213885300e+00 4.170608293385853933e-03
-6.760712692088343800e+00 4.278253859124462634e-03
-6.707462994315648963e+00 4.372260063317923162e-03
-6.654890264816202716e+00 4.456036694154361620e-03
-6.602980691686176407e+00 4.570279172363290315e-03
-6.551720834272277472e+00 4.661149810149859372e-03
-6.501097610764786872e+00 4.756411658607494382e-03
-6.451098286284775440e+00 4.865973032195487595e-03
-6.401710461442654321e+00 4.935070547244755322e-03
-6.352922061346510496e+00 5.054719139394162064e-03
-6.304721325039668756e+00 5.145211131139085931e-03
-6.257096795348075169e+00 5.265765512092952620e-03
-6.210037309119101678e+00 5.371120229434554749e-03
-6.163531987834188541e+00 5.450378092699972345e-03
-6.117570228578837366e+00 5.516866163375064823e-03
-6.072141695354100754e+00 5.646473138714176374e-03
-6.027236310714632950e+00 5.748121800394286572e-03
-5.982844247719062203e+00 5.870516395135375910e-03
-5.938955922179146363e+00 5.951055594231416911e-03
-5.895561985194874843e+00 6.061138640493261495e-03
-5.852653315963272540e+00 6.165304705805912770e-03
-5.810221014849253685e+00 6.272443660359089401e-03
-5.768256396707496236e+00 6.364213984160257270e-03
-5.726750984444712422e+00 6.476452919691602986e-03
-5.685696502812374042e+00 6.559815987125687704e-03
-5.645084872420248701e+00 6.656302711313488371e-03
-5.604908203961667112e+00 6.751604904096463952e-03
-5.565158792641851981e+00 6.864899930090410766e-03
-5.525829112800970222e+00 6.972413942998413952e-03
-5.486911812724083681e+00 7.088786103783661918e-03
-5.448399709630409760e+00 7.201715080874910961e-03
-5.410285784834729661e+00 7.321059885500906528e-03
-5.372563179074079542e+00 7.390478975673737787e-03
-5.335225187993163587e+00 7.502293351208293506e-03
-5.298265257782246884e+00 7.611005118291856893e-03
-5.261676980961550676e+00 7.687711204145484221e-03
-5.225454092306433651e+00 7.826663204841256133e-03
-5.189590464907923639e+00 7.946200562871650816e-03
-5.154080106363324809e+00 8.008593522645100424e-03
-5.118917155092023386e+00 8.158754149397257419e-03
-5.084095876771596245e+00 8.278501155857188876e-03
-5.049610660889740643e+00 8.344371172803533368e-03
-5.015456017407655231e+00 8.440595791938655668e-03
-4.981626573530626878e+00 8.562491242216948087e-03
-4.948117070581910859e+00 8.658782244953790175e-03
-4.914922360976011539e+00 8.776725947102102451e-03
-4.882037405287712239e+00 8.862455182817492033e-03
-4.849457269413337102e+00 8.998075479979826194e-03
-4.817177121820895636e+00 9.116981578045146167e-03
-4.785192230885824571e+00 9.191601980867478150e-03
-4.753497962309302771e+00 9.313353168710333807e-03
-4.722089776616123835e+00 9.412936026853776367e-03
-4.690963226729293112e+00 9.525308514355384365e-03
-4.660113955618596648e+00 9.635938980806892443e-03
-4.629537694020590344e+00 9.708283460007918753e-03
-4.599230258227382961e+00 9.779713993827229487e-03
-4.569187547941903738e+00 9.934480957283551780e-03
-4.539405544197283149e+00 1.007679169482845680e-02
-4.509880307338105077e+00 1.019149997764301485e-02
-4.480607975061465353e+00 1.031105373635690658e-02
-4.451584760515686412e+00 1.043833512655030320e-02
-4.422806950454783781e+00 1.052231407616352997e-02
-4.394270903446768628e+00 1.062726847236964214e-02
-4.365973048133954926e+00 1.076532354648392954e-02
-4.337909881543509094e+00 1.088267647485249845e-02
-4.310077967446587444e+00 1.099751782536597354e-02
-4.282473934764412071e+00 1.108493825550089032e-02
-4.255094476019731786e+00 1.117944967008586803e-02
-4.227936345832168819e+00 1.133666983147378106e-02
-4.200996359456015128e+00 1.141264355750139063e-02
-4.174271391359062555e+00 1.157005037041199114e-02
-4.147758373841154089e+00 1.163471012751364150e-02
-4.121454295691163061e+00 1.179612142321033626e-02
-4.095356200881122177e+00 1.190790787366760410e-02
-4.069461187296388616e+00 1.204152162603813227e-02
-4.043766405500584860e+00 1.213391943004791390e-02
-4.018269057534298305e+00 1.231267955726957422e-02
-3.992966395746416985e+00 1.237192649476802873e-02
-3.967855721657088441e+00 1.246466664546156886e-02
-3.942934384851309204e+00 1.264958535426675967e-02
-3.918199781902168777e+00 1.272083296345682263e-02
-3.893649355322847061e+00 1.284113275138560988e-02
-3.869280592546462394e+00 1.298719836780229397e-02
-3.845091024932894896e+00 1.311456650932909737e-02
-3.821078226801797317e+00 1.322270510769216548e-02
-3.797239814490932730e+00 1.337745110581416499e-02
-3.773573445439120100e+00 1.349873973991501212e-02
-3.750076817293014120e+00 1.357252397448148462e-02
-3.726747667036997225e+00 1.369779763462483473e-02
-3.703583770145510101e+00 1.385083549587483483e-02
-3.680582939757102157e+00 1.395446692637503788e-02
-3.657743025869630404e+00 1.411768482072643140e-02
-3.635061914555887341e+00 1.423492706071669694e-02
-3.612537527199123133e+00 1.433860303210652762e-02
-3.590167819747855482e+00 1.450481137788684274e-02
-3.567950781989368547e+00 1.463987916194506474e-02
-3.545884436841426179e+00 1.473990341938941767e-02
-3.523966839661581307e+00 1.484443908548833090e-02
-3.502196077573649369e+00 1.502210208122259881e-02
-3.480570268810808887e+00 1.512326905596174040e-02
-3.459087562074850908e+00 1.528560810319042930e-02
-3.437746135911134981e+00 1.543294334107433476e-02
-3.416544198098792506e+00 1.550180779622771683e-02
-3.395479985055740890e+00 1.571693085417240343e-02
-3.374551761258098193e+00 1.586347045588347784e-02
-3.353757818673582580e+00 1.594124402525092660e-02
-3.333096476208523118e+00 1.607149510292239444e-02
-3.312566079168071553e+00 1.621606537508207477e-02
-3.292164998729279812e+00 1.637198237613618837e-02
-3.271891631426664837e+00 1.648189896263429349e-02
-3.251744398649922374e+00 1.665583684359681418e-02
-3.231721746153456643e+00 1.684534543854518743e-02
-3.211822143577407918e+00 1.689369276307080281e-02
-3.192044083979844071e+00 1.704732229277138023e-02
-3.172386083379843402e+00 1.727583189319019039e-02
-3.152846680311138350e+00 1.745225581991381378e-02
-3.133424435386072737e+00 1.750691208778090702e-02
-3.114117930869558570e+00 1.769250521120440886e-02
-3.094925770262795250e+00 1.779083423013448975e-02
-3.075846577896469647e+00 1.801373666040582966e-02
-3.056878998533198555e+00 1.812685006987364497e-02
-3.038021696978961295e+00 1.831422022398337610e-02
-3.019273357703287086e+00 1.846475578054924960e-02
-3.000632684467968048e+00 1.859948275449570254e-02
-2.982098399964077995e+00 1.884905551502226786e-02
-2.963669245457069223e+00 1.896524964913993624e-02
-2.945343980439752762e+00 1.912022823809984146e-02
-2.927121382292947160e+00 1.932074367762226519e-02
-2.909000245953597297e+00 1.942894695394043261e-02
-2.890979383590179363e+00 1.955341282353295282e-02
-2.873057624285205058e+00 1.982131638732494844e-02
-2.855233813724623815e+00 1.995377819245060247e-02
-2.837506813893987179e+00 2.003922794339301275e-02
-2.819875502781155951e+00 2.029637381951006000e-02
-2.802338774085429751e+00 2.045262670717664516e-02
-2.784895536932901372e+00 2.055633208030104020e-02
-2.767544715597910265e+00 2.084186987266658034e-02
-2.750285249230413953e+00 2.094262940858324790e-02
-2.733116091589155250e+00 2.124308681409682251e-02
-2.716036210780464089e+00 2.137668853351405371e-02
-2.699044589002566052e+00 2.148101121579347114e-02
-2.682140222295249732e+00 2.174839792407443073e-02
-2.665322120294779662e+00 2.195029139975484753e-02
-2.648589305993904297e+00 2.212715447105100333e-02
-2.631940815506855547e+00 2.227454830688340923e-02
-2.615375697839200431e+00 2.255813691683093702e-02
-2.598893014662444045e+00 2.269758860097697770e-02
-2.582491840093254609e+00 2.290317738044185189e-02
-2.566171260477212002e+00 2.305582174814436655e-02
-2.549930374176959447e+00 2.337714697289543578e-02
-2.533768291364664638e+00 2.354772618552359101e-02
-2.517684133818677505e+00 2.381285282976606382e-02
-2.501677034724291371e+00 2.404219774300180718e-02
-2.485746138478510670e+00 2.405086658187904208e-02
-2.469890600498723998e+00 2.440817883573258643e-02
-2.454109587035200768e+00 2.462578025055646089e-02
-2.438402274987315543e+00 2.479042427319976330e-02
-2.422767851723407695e+00 2.506256951389870119e-02
-2.407205514904207533e+00 2.522294709168938776e-02
-2.391714472309731221e+00 2.544505780202074505e-02
-2.376293941669569421e+00 2.569863358703524184e-02
-2.360943150496495058e+00 2.596787173996065179e-02
-2.345661335923311608e+00 2.620521446890785103e-02
-2.330447744542858413e+00 2.643548397438214709e-02
-2.315301632251118846e+00 2.676641956061911326e-02
-2.300222264093345625e+00 2.699670500528260700e-02
-2.285208914113144640e+00 2.725872264951825427e-02
-2.270260865204440481e+00 2.742473590771333375e-02
-2.255377408966269037e+00 2.768128439156322673e-02
-2.240557845560325223e+00 2.793004648128336737e-02
-2.225801483571210770e+00 2.819406846850639609e-02
-2.211107639869315467e+00 2.852813625206151657e-02
-2.196475639476279440e+00 2.883228126360563512e-02
-2.181904815432973432e+00 2.907051033902647089e-02
-2.167394508669943320e+00 2.937971751884682625e-02
-2.152944067880271817e+00 2.961252821716336622e-02
-2.138552849394784516e+00 2.992039001788242975e-02
-2.124220217059574090e+00 3.020037404052706292e-02
-2.109945542115772454e+00 3.044243000816695965e-02
-2.095728203081529628e+00 3.079628809750236881e-02
-2.081567585636154849e+00 3.111096258757281921e-02
-2.067463082506362237e+00 3.143150391610017441e-02
-2.053414093354584136e+00 3.170145702310313979e-02
-2.039420024669305942e+00 3.201060779733856665e-02
-2.025480289657382471e+00 3.225877111484058701e-02
-2.011594308138276332e+00 3.264153175115896283e-02
-1.997761506440205226e+00 3.293006584932676312e-02
-1.983981317298131319e+00 3.331036998434895591e-02
-1.970253179753569617e+00 3.370458573501471794e-02
-1.956576539056167352e+00 3.403717726919616021e-02
-1.942950846567025547e+00 3.428947174036106604e-02
-1.929375559663717654e+00 3.472660008962728112e-02
-1.915850141646975535e+00 3.513780198885627787e-02
-1.902374061649005244e+00 3.552972986809627143e-02
-1.888946794543396868e+00 3.578673813354998207e-02
-1.875567820856598900e+00 3.633794713786845515e-02
-1.862236626680921825e+00 3.656568243689914399e-02
-1.848952703589041180e+00 3.700311244546621720e-02
-1.835715548549967879e+00 3.736755336989493886e-02
-1.822524663846452730e+00 3.775972711628308720e-02
-1.809379556993800708e+00 3.813881744336491270e-02
-1.796279740660062796e+00 3.858472900500403702e-02
-1.783224732587581407e+00 3.902226406068335512e-02
-1.770214055515849871e+00 3.966625876298982001e-02
-1.757247237105675541e+00 3.999936622859182056e-02
-1.744323809864610553e+00 4.040461135678543453e-02
-1.731443311073621372e+00 4.085355195469202866e-02
-1.718605282714980698e+00 4.113232917106437320e-02
-1.705809271401351745e+00 4.181272432256947363e-02
-1.693054828306041149e+00 4.215834513188769506e-02
-1.680341509094399610e+00 4.278979168044047543e-02
-1.667668873856344547e+00 4.314646146854667075e-02
-1.655036487039980519e+00 4.375897163238433307e-02
-1.642443917386301022e+00 4.412668868151436302e-02
-1.629890737864948980e+00 4.474305278556656856e-02
-1.617376525611005755e+00 4.533033798196065695e-02
-1.604900861862805783e+00 4.569723547461427421e-02
-1.592463331900736856e+00 4.643507787229061295e-02
-1.580063524987020074e+00 4.691518815550115018e-02
-1.567701034306447028e+00 4.755386674739618680e-02
-1.555375456908052678e+00 4.810812292204900975e-02
-1.543086393647707277e+00 4.878709851589523028e-02
-1.530833449131608237e+00 4.948764905351293875e-02
-1.518616231660659732e+00 4.994544017034400346e-02
-1.506434353175712282e+00 5.069052793941928453e-02
-1.494287429203655870e+00 5.124674280311389274e-02
-1.482175078804342627e+00 5.183205402688036145e-02
-1.470096924518329295e+00 5.270804246319028136e-02
-1.458052592315416618e+00 5.322962981374849273e-02
-1.446041711543979202e+00 5.392021270407974104e-02
-1.434063914881057000e+00 5.478143278819256473e-02
-1.422118838283209508e+00 5.527585471497820785e-02
-1.410206120938107599e+00 5.607563395260929673e-02
-1.398325405216850115e+00 5.701865475714223280e-02
-1.386476336626996986e+00 5.788775717274412952e-02
-1.374658563766294916e+00 5.846820339137456107e-02
-1.362871738277095179e+00 5.932332950932012877e-02
-1.351115514801437101e+00 5.995610485662817429e-02
-1.339389550936797013e+00 6.094612467141000828e-02
-1.327693507192477362e+00 6.185497253445437771e-02
-1.316027046946637080e+00 6.267656014568334655e-02
-1.304389836403941239e+00 6.341245628102051834e-02
-1.292781544553817996e+00 6.448480488717879544e-02
-1.281201843129320173e+00 6.546429995439277671e-02
-1.269650406566570577e+00 6.634388760970649779e-02
-1.258126911964788874e+00 6.743939571874424388e-02
-1.246631039046874889e+00 6.838922308202484424e-02
-1.235162470120555911e+00 6.934179011461259756e-02
-1.223720890040073339e+00 7.042513794742043254e-02
-1.212305986168408234e+00 7.142771165836171721e-02
-1.200917448340022453e+00 7.256499592810704280e-02
-1.189554968824123149e+00 7.379089010615436095e-02
-1.178218242288426865e+00 7.483696083903994267e-02
-1.166906965763418569e+00 7.590635672254232580e-02
-1.155620838607101852e+00 7.725649805004110304e-02
-1.144359562470215863e+00 7.827619458791096330e-02
-1.133122841261928526e+00 7.962353765339115486e-02
-1.121910381115985400e+00 8.098927462099138330e-02
-1.110721890357309283e+00 8.216181036978477403e-02
-1.099557079469039467e+00 8.344156400736298107e-02
-1.088415661060010642e+00 8.487600014789374592e-02
-1.077297349832647466e+00 8.634887422342825414e-02
-1.066201862551285018e+00 8.778344086750268505e-02
-1.055128918010896033e+00 8.924826943895775022e-02
-1.044078237006218046e+00 9.033247517816436756e-02
-1.033049542301277102e+00 9.217255022378144369e-02
-1.022042558599299822e+00 9.393154643560126804e-02
-1.011057012512998066e+00 9.527813169390615677e-02
-1.000092632535235726e+00 9.696270593530176285e-02
-9.891491490100537964e-01 9.894275449310926951e-02
-9.782262941040561488e-01 1.004743469879976481e-01
-9.673238017781481402e-01 1.023142676942472296e-01
-9.564414077596213870e-01 1.040603107498199731e-01
-9.455788495145712735e-01 1.060193989383532154e-01
-9.347358662206534108e-01 1.081404601131354393e-01
-9.239121987401626157e-01 1.098592956493446571e-01
-9.131075895934324116e-01 1.117445517435206037e-01
-9.023217829325496098e-01 1.139582333696722849e-01
-8.915545245153719822e-01 1.162437699748211095e-01
-8.808055616798529108e-01 1.182915780677355061e-01
-8.700746433186589135e-01 1.204390895462069677e-01
-8.593615198540814903e-01 1.229028946926624954e-01
-8.486659432132259706e-01 1.251827158030647813e-01
-8.379876668034880183e-01 1.275680256282600289e-01
-8.273264454882990337e-01 1.300455862325039513e-01
-8.166820355631438932e-01 1.324252944850453639e-01
-8.060541947318363709e-01 1.351795467227309699e-01
-7.954426820830584610e-01 1.378201981696714207e-01
-7.848472580671504994e-01 1.405446733743190013e-01
-7.742676844731486430e-01 1.431573185895475830e-01
-7.637037244060699281e-01 1.462117948708341886e-01
-7.531551422644284788e-01 1.490958996954415972e-01
-7.426217037179922986e-01 1.518979595323079745e-01
-7.321031756857663275e-01 1.552023916526314995e-01
-7.215993263142009839e-01 1.582274402210405440e-01
-7.111099249556180890e-01 1.614350519603340861e-01
-7.006347421468592795e-01 1.650607407255676173e-01
-6.901735495881351490e-01 1.683653981743451489e-01
-6.797261201220911042e-01 1.715679047389471468e-01
-6.692922277130706199e-01 1.749566832584188436e-01
-6.588716474265783329e-01 1.786863985789659548e-01
-6.484641554089376481e-01 1.824095869004098702e-01
-6.380695288671385246e-01 1.860858587587008450e-01
-6.276875460488731129e-01 1.899581959763008421e-01
-6.173179862227488046e-01 1.941544411330237141e-01
-6.069606296586862459e-01 1.980009899975276877e-01
-5.966152576084875481e-01 2.019735634438454552e-01
-5.862816522865772484e-01 2.063711350457838878e-01
-5.759595968509094721e-01 2.105790034832959179e-01
-5.656488753840412942e-01 2.144830233452652002e-01
-5.553492728743597562e-01 2.191097833137920226e-01
-5.450605751974718638e-01 2.238086865404162462e-01
-5.347825690977430213e-01 2.283824270822728542e-01
-5.245150421699888987e-01 2.330161313308486415e-01
-5.142577828413065211e-01 2.375712575737012056e-01
-5.040105803530536832e-01 2.423507577858725059e-01
-4.937732247429644228e-01 2.467883630846287868e-01
-4.835455068274036594e-01 2.520223813099272125e-01
-4.733272181837471781e-01 2.561345972053687969e-01
-4.631181511328986700e-01 2.614685570362078049e-01
-4.529180987219272314e-01 2.661094574126874890e-01
-4.427268547068332061e-01 2.710964959893654158e-01
-4.325442135354257145e-01 2.759346403695393524e-01
-4.223699703303245845e-01 2.803949005126817884e-01
-4.122039208720716941e-01 2.849021374065651702e-01
-4.020458615823537807e-01 2.898528974295340732e-01
-3.918955895073323314e-01 2.939675849160312548e-01
-3.817529023010813316e-01 2.984890462642371123e-01
-3.716175982091194929e-01 3.026997414805847608e-01
-3.614894760520483419e-01 3.063703760234758322e-01
-3.513683352092828449e-01 3.104533129023296922e-01
-3.412539756028758475e-01 3.140187427541411003e-01
-3.311461976814312758e-01 3.171377764364122775e-01
-3.210448024041094306e-01 3.200771364224406224e-01
-3.109495912247085547e-01 3.223538763521277550e-01
-3.008603660758366605e-01 3.243699725890942798e-01
-2.907769293531580201e-01 3.262655098661169650e-01
-2.806990838997174276e-01 3.270813099279655800e-01
-2.706266329903371237e-01 3.277804566602687819e-01
-2.605593803160889399e-01 3.273473663417759139e-01
-2.504971299688272257e-01 3.267738591267238535e-01
-2.404396864257955790e-01 3.249877584813843368e-01
-2.303868545342923901e-01 3.227196414493463950e-01
-2.203384394963986970e-01 3.195145204212104795e-01
-2.102942468537628840e-01 3.158828584617016100e-01
-2.002540824724450275e-01 3.106363390004002745e-01
-1.902177525278067050e-01 3.049955423266882404e-01
-1.801850634894590075e-01 2.986664243283162490e-01
-1.701558221062540455e-01 2.914195602132418905e-01
-1.601298353913264694e-01 2.823446639959507620e-01
-1.501069106071708514e-01 2.736101433609671729e-01
-1.400868552507662790e-01 2.629111885217249034e-01
-1.300694770387391397e-01 2.524768550687623292e-01
-1.200545838925550501e-01 2.411235672333090774e-01
-1.100419839237516545e-01 2.289666206270629389e-01
-1.000314854191983877e-01 2.168014784713009346e-01
-9.002289682638489610e-02 2.046383855865265833e-01
-8.001602673873924043e-02 1.929729171769256624e-01
-7.001068388096250150e-02 1.816342590999203976e-01
-6.000667709439190534e-02 1.713574006731073684e-01
-5.000381532237931775e-02 1.631210643018852213e-01
-4.000190759568706539e-02 1.579128835634576733e-01
-3.000076301789707939e-02 1.570527139844771769e-01
-2.000019075083557876e-02 1.636097108073444328e-01
-9.999999999999974187e-03 1.801792082464773459e-01
0.000000000000000000e+00 2.013953231477882133e-01
9.999999999999974187e-03 2.122849638832903230e-01
2.000019075083557876e-02 2.076788496037506038e-01
3.000076301789707939e-02 1.968499878768291689e-01
4.000190759568635068e-02 1.868103817514335518e-01
5.000381532237860305e-02 1.791198159940939338e-01
6.000667709439118369e-02 1.736120474255489210e-01
7.001068388096322315e-02 1.700068914604948023e-01
8.001602673873996208e-02 1.673027090483072965e-01
9.002289682638561774e-02 1.657468157119659224e-01
1.000314854191983877e-01 1.648158868830133517e-01
1.100419839237516545e-01 1.643228514360559334e-01
1.200545838925550501e-01 1.643718109041731879e-01
1.300694770387391397e-01 1.641783877621324772e-01
1.400868552507662790e-01 1.644717855431750975e-01
1.501069106071708514e-01 1.650896623281831732e-01
1.601298353913264694e-01 1.654882642009472271e-01
1.701558221062540455e-01 1.662173754498942058e-01
1.801850634894582859e-01 1.670325160548257193e-01
1.902177525278067050e-01 1.680365434771996791e-01
2.002540824724450275e-01 1.690907844247496739e-01
2.102942468537628840e-01 1.698094539937771430e-01
2.203384394963986970e-01 1.709642250644323735e-01
2.303868545342923901e-01 1.723969005295951651e-01
2.404396864257955790e-01 1.734492935626100463e-01
2.504971299688272257e-01 1.744551139077325230e-01
2.605593803160889399e-01 1.757816524447202433e-01
2.706266329903371237e-01 1.769737797286541348e-01
2.806990838997167059e-01 1.780646612169512477e-01
2.907769293531572985e-01 1.791650056222477139e-01
3.008603660758359388e-01 1.805605862701354092e-01
3.109495912247092764e-01 1.815211218033634943e-01
3.210448024041101522e-01 1.825306273963010761e-01
3.311461976814320529e-01 1.838342274399767662e-01
3.412539756028758475e-01 1.846571494998243967e-01
3.513683352092828449e-01 1.860107328428595996e-01
3.614894760520483419e-01 1.871619212065433191e-01
3.716175982091194929e-01 1.879992057969258057e-01
3.817529023010813316e-01 1.891501976118117878e-01
3.918955895073323314e-01 1.898898792995837026e-01
4.020458615823530590e-01 1.911690792003809536e-01
4.122039208720709169e-01 1.917506774581273499e-01
4.223699703303238628e-01 1.925530530870175061e-01
4.325442135354264361e-01 1.933686599558742669e-01
4.427268547068339277e-01 1.941565171160643810e-01
4.529180987219279531e-01 1.949067710155503730e-01
4.631181511328986700e-01 1.955917172133808390e-01
4.733272181837471781e-01 1.964953384924280344e-01
4.835455068274036594e-01 1.972202306507103153e-01
4.937732247429644228e-01 1.980549875716450803e-01
5.040105803530536832e-01 1.982004030965922037e-01
5.142577828413065211e-01 1.991654863455546431e-01
5.245150421699888987e-01 1.995252611313570734e-01
5.347825690977430213e-01 1.999764391497391713e-01
5.450605751974710866e-01 2.006507791449092526e-01
5.553492728743597562e-01 2.009202600746798351e-01
5.656488753840412942e-01 2.014798564479406695e-01
5.759595968509094721e-01 2.019198285671580662e-01
5.862816522865772484e-01 2.023992778205659648e-01
5.966152576084875481e-01 2.022801188881503398e-01
6.069606296586862459e-01 2.024542143546654016e-01
6.173179862227488046e-01 2.033327887520683386e-01
6.276875460488731129e-01 2.033241660395748440e-01
6.380695288671385246e-01 2.036528832738060679e-01
6.484641554089369819e-01 2.035212458044753092e-01
6.588716474265774448e-01 2.036731751988684891e-01
6.692922277130698427e-01 2.038406881671681048e-01
6.797261201220904381e-01 2.039893719515265824e-01
6.901735495881360372e-01 2.037163601431693227e-01
7.006347421468600567e-01 2.038739376982688367e-01
7.111099249556188662e-01 2.040331496395201560e-01
7.215993263142009839e-01 2.041640444845760904e-01
7.321031756857663275e-01 2.040705338419056547e-01
7.426217037179922986e-01 2.038517162456676968e-01
7.531551422644284788e-01 2.035667250009839113e-01
7.637037244060699281e-01 2.037476201774700568e-01
7.742676844731486430e-01 2.033915828860320130e-01
7.848472580671498333e-01 2.033335974083995690e-01
7.954426820830577949e-01 2.031870631426640206e-01
8.060541947318363709e-01 2.027522814423739217e-01
8.166820355631446704e-01 2.026695333412491806e-01
8.273264454882999219e-01 2.023435384635989265e-01
8.379876668034880183e-01 2.023115574197026922e-01
8.486659432132259706e-01 2.017891110560449397e-01
8.593615198540814903e-01 2.015980944094224458e-01
8.700746433186589135e-01 2.013750086817473750e-01
8.808055616798529108e-01 2.012748123719919624e-01
8.915545245153719822e-01 2.005080042297658072e-01
9.023217829325496098e-01 2.002272004440890374e-01
9.131075895934324116e-01 1.996550759755597870e-01
9.239121987401619496e-01 1.992167988468323825e-01
9.347358662206525226e-01 1.991180391024666985e-01
9.455788495145712735e-01 1.982744211717621108e-01
9.564414077596213870e-01 1.980152079921553843e-01
9.673238017781488063e-01 1.976905555083915411e-01
9.782262941040561488e-01 1.971796133276622898e-01
9.891491490100537964e-01 1.964954540758148405e-01
1.000092632535235726e+00 1.962492071841787089e-01
1.011057012512998066e+00 1.953191199725639038e-01
1.022042558599299822e+00 1.950716024349643252e-01
1.033049542301277102e+00 1.943568565508702883e-01
1.044078237006217380e+00 1.937683440768118437e-01
1.055128918010895367e+00 1.933507426894374159e-01
1.066201862551284352e+00 1.926496734344146367e-01
1.077297349832648132e+00 1.922148503738244363e-01
1.088415661060011308e+00 1.915883512450295423e-01
1.099557079469040355e+00 1.910503616584143805e-01
1.110721890357309283e+00 1.899752544458406800e-01
1.121910381115985400e+00 1.896701459640434129e-01
1.133122841261928526e+00 1.891163106048066311e-01
1.144359562470215863e+00 1.886075412809856411e-01
1.155620838607101852e+00 1.876376380483025241e-01
1.166906965763418569e+00 1.871553986438360684e-01
1.178218242288425976e+00 1.866631711383491821e-01
1.189554968824123149e+00 1.860668100268970948e-01
1.200917448340022453e+00 1.850918080452121084e-01
1.212305986168408900e+00 1.845261965352272826e-01
1.223720890040074227e+00 1.836489464454257314e-01
1.235162470120555911e+00 1.827865802842995602e-01
1.246631039046874889e+00 1.824197233575763077e-01
1.258126911964788874e+00 1.815974075572606150e-01
1.269650406566570577e+00 1.807584307008414382e-01
1.281201843129320173e+00 1.802448442925418115e-01
1.292781544553817996e+00 1.794830051397945936e-01
1.304389836403941239e+00 1.786842588818102484e-01
1.316027046946637080e+00 1.778635795496131822e-01
1.327693507192476696e+00 1.773773425837742723e-01
1.339389550936796125e+00 1.766094394169318849e-01
1.351115514801436435e+00 1.754599559925894559e-01
1.362871738277095179e+00 1.747668966187797268e-01
1.374658563766295805e+00 1.741510211548244758e-01
1.386476336626997652e+00 1.734401143097356324e-01
1.398325405216850559e+00 1.726669925928623617e-01
1.410206120938107599e+00 1.716929043450352299e-01
1.422118838283209508e+00 1.713303687777873174e-01
1.434063914881057000e+00 1.700389490512351776e-01
1.446041711543979202e+00 1.691637755975300139e-01
1.458052592315416618e+00 1.686881432837291639e-01
1.470096924518328407e+00 1.681023588546779191e-01
1.482175078804341739e+00 1.672218717604069538e-01
1.494287429203654982e+00 1.664461761293875020e-01
1.506434353175713392e+00 1.655152676786029731e-01
1.518616231660660620e+00 1.648586025838193192e-01
1.530833449131608681e+00 1.641766425077193226e-01
1.543086393647707277e+00 1.633996007450753407e-01
1.555375456908052678e+00 1.625533892889965693e-01
1.567701034306447028e+00 1.615764359318406229e-01
1.580063524987019630e+00 1.609010443182753713e-01
1.592463331900736190e+00 1.599569068865867583e-01
1.604900861862805117e+00 1.593848185218605384e-01
1.617376525611005755e+00 1.582933656426477598e-01
1.629890737864948091e+00 1.576930292095172492e-01
1.642443917386300800e+00 1.568691735610563964e-01
1.655036487039980742e+00 1.559712983963320587e-01
1.667668873856345213e+00 1.552594503076797083e-01
1.680341509094400276e+00 1.545200224449001236e-01
1.693054828306040926e+00 1.535402739194225985e-01
1.705809271401351079e+00 1.529022977434136565e-01
1.718605282714980920e+00 1.519143270483726826e-01
1.731443311073621594e+00 1.511943686434193412e-01
1.744323809864610997e+00 1.504466444618309251e-01
1.757247237105675541e+00 1.494904490489874227e-01
1.770214055515848983e+00 1.487864000684212540e-01
1.783224732587580741e+00 1.481089216596448710e-01
1.796279740660062352e+00 1.471783836430816117e-01
1.809379556993800708e+00 1.463510255599823340e-01
1.822524663846453397e+00 1.456894704455391765e-01
1.835715548549968767e+00 1.446853933279988458e-01
1.848952703589041624e+00 1.438732002469951532e-01
1.862236626680921825e+00 1.431805963372863033e-01
1.875567820856598900e+00 1.425361097609029459e-01
1.888946794543396868e+00 1.416147027440584905e-01
1.902374061649005244e+00 1.410524597767146282e-01
1.915850141646975535e+00 1.402129750006269049e-01
1.929375559663716988e+00 1.391634433275046046e-01
1.942950846567024437e+00 1.386087652738073328e-01
1.956576539056166242e+00 1.375753208561613372e-01
1.970253179753570727e+00 1.368963828551649220e-01
1.983981317298132430e+00 1.361507806397644349e-01
1.997761506440205892e+00 1.352578767965336992e-01
2.011594308138276332e+00 1.345625140739816483e-01
2.025480289657382471e+00 1.338075552900577780e-01
2.039420024669305942e+00 1.328901798273218748e-01
2.053414093354583247e+00 1.322211919639171007e-01
2.067463082506361793e+00 1.315275450333573126e-01
2.081567585636154405e+00 1.305264366926989494e-01
2.095728203081529628e+00 1.296964570703883213e-01
2.109945542115771566e+00 1.288439218692851995e-01
2.124220217059573645e+00 1.285044499546614816e-01
2.138552849394784072e+00 1.274711088936949788e-01
2.152944067880272261e+00 1.265610277856886734e-01
2.167394508669943765e+00 1.259185016451840333e-01
2.181904815432972988e+00 1.251565086052871534e-01
2.196475639476278996e+00 1.243616043835840679e-01
2.211107639869315911e+00 1.234930838360751293e-01
2.225801483571211214e+00 1.227601245424733978e-01
2.240557845560325667e+00 1.221661482920593095e-01
2.255377408966268149e+00 1.211405385614246905e-01
2.270260865204440481e+00 1.206165025501910737e-01
2.285208914113143308e+00 1.200005637299887407e-01
2.300222264093344737e+00 1.189070353382603723e-01
2.315301632251118846e+00 1.182785358474103543e-01
2.330447744542859301e+00 1.176930849055998901e-01
2.345661335923311608e+00 1.167891037089006240e-01
2.360943150496495946e+00 1.160199575425322205e-01
2.376293941669568088e+00 1.154839250930718569e-01
2.391714472309731221e+00 1.146455073349229858e-01
2.407205514904206645e+00 1.137077542558198873e-01
2.422767851723407695e+00 1.129289507260744368e-01
2.438402274987316432e+00 1.120148447743009174e-01
2.454109587035200768e+00 1.115183770188714896e-01
2.469890600498723998e+00 1.108844571524672251e-01
2.485746138478509337e+00 1.101563930024232613e-01
2.501677034724291371e+00 1.092716939471511384e-01
2.517684133818678394e+00 1.087875295290294531e-01
2.533768291364664638e+00 1.077926047724926811e-01
2.549930374176959891e+00 1.074082177885930106e-01
2.566171260477213334e+00 1.066618025818650423e-01
2.582491840093254609e+00 1.057885606327138017e-01
2.598893014662444489e+00 1.049928394767075390e-01
2.615375697839199987e+00 1.043623859051154706e-01
2.631940815506855991e+00 1.035574452791139660e-01
2.648589305993903409e+00 1.027138909422731783e-01
2.665322120294779218e+00 1.022224554449788630e-01
2.682140222295247955e+00 1.013989753290979040e-01
2.699044589002565164e+00 1.007743012571768459e-01
2.716036210780464977e+00 9.997450040031939655e-02
2.733116091589157026e+00 9.931421991844095742e-02
2.750285249230413953e+00 9.877989689995697598e-02
2.767544715597911598e+00 9.804287851490570138e-02
2.784895536932901372e+00 9.724162643779558912e-02
2.802338774085429751e+00 9.663853131350623460e-02
2.819875502781155063e+00 9.584573109720340156e-02
2.837506813893987179e+00 9.519036314570969437e-02
2.855233813724622927e+00 9.430484449000872682e-02
2.873057624285204170e+00 9.366544617626793023e-02
2.890979383590180252e+00 9.302269529095344436e-02
2.909000245953595520e+00 9.243391840513529023e-02
2.927121382292947160e+00 9.175280014548768681e-02
2.945343980439754095e+00 9.103949589914897556e-02
2.963669245457068335e+00 9.025399245396373282e-02
2.982098399964077995e+00 8.972499121521758381e-02
3.000632684467967159e+00 8.894848738740590566e-02
3.019273357703287086e+00 8.836365256727736484e-02
3.038021696978962627e+00 8.762692463895196959e-02
3.056878998533198555e+00 8.694653199977409042e-02
3.075846577896470535e+00 8.625848166776139969e-02
3.094925770262794362e+00 8.568606921379653962e-02
3.114117930869559014e+00 8.508718243754431754e-02
3.133424435386071849e+00 8.442290963921939007e-02
3.152846680311138350e+00 8.354167462236523900e-02
3.172386083379844290e+00 8.284008156021582803e-02
3.192044083979846292e+00 8.246777890781707698e-02
3.211822143577407918e+00 8.162383795487535010e-02
3.231721746153457975e+00 8.090898739570584475e-02
3.251744398649921930e+00 8.028404119677573503e-02
3.271891631426665281e+00 7.980922721730590585e-02
3.292164998729279368e+00 7.895891216392271483e-02
3.312566079168071553e+00 7.831469688463257861e-02
3.333096476208521786e+00 7.768322032347797779e-02
3.353757818673582580e+00 7.700700458211974520e-02
3.374551761258096416e+00 7.634976264219349440e-02
3.395479985055740446e+00 7.574901743617645788e-02
3.416544198098793395e+00 7.505709239943911260e-02
3.437746135911136314e+00 7.442875809029150802e-02
3.459087562074850908e+00 7.369334545606073816e-02
3.480570268810810663e+00 7.320737921918483992e-02
3.502196077573649369e+00 7.263157375642378955e-02
3.523966839661581307e+00 7.190781403361125312e-02
3.545884436841424847e+00 7.118720702003507317e-02
3.567950781989368547e+00 7.069180833030712374e-02
3.590167819747851929e+00 7.013142517296644396e-02
3.612537527199123133e+00 6.943038874478818512e-02
3.635061914555887341e+00 6.882192042169403556e-02
3.657743025869628628e+00 6.816245254180901270e-02
3.680582939757102157e+00 6.761024994642352015e-02
3.703583770145510101e+00 6.691195715264337818e-02
3.726747667036997225e+00 6.630995554128753244e-02
3.750076817293014120e+00 6.567957668237921209e-02
3.773573445439117879e+00 6.512796106587857847e-02
3.797239814490932730e+00 6.453627534464086157e-02
3.821078226801799538e+00 6.377461374663610794e-02
3.845091024932894896e+00 6.330296681217005561e-02
3.869280592546462394e+00 6.268312112459588359e-02
3.893649355322847061e+00 6.209980476462145793e-02
3.918199781902168777e+00 6.149223910988077524e-02
3.942934384851307872e+00 6.082140743830992402e-02
3.967855721657088441e+00 6.021949710934040856e-02
3.992966395746416985e+00 5.954785283341390567e-02
4.018269057534300082e+00 5.899697460212344896e-02
4.043766405500584860e+00 5.842464855481635522e-02
4.069461187296391280e+00 5.791403934837813239e-02
4.095356200881122177e+00 5.724766749025653190e-02
4.121454295691163061e+00 5.673166446440294775e-02
4.147758373841154089e+00 5.603581803833521113e-02
4.174271391359062555e+00 5.549963855299418214e-02
4.200996359456013352e+00 5.490666401914078010e-02
4.227936345832168819e+00 5.430399144439473219e-02
4.255094476019727345e+00 5.371424074769909351e-02
4.282473934764413848e+00 5.318176402184623952e-02
4.310077967446587444e+00 5.262542083207016191e-02
4.337909881543510870e+00 5.191478486835254813e-02
4.365973048133954926e+00 5.143909352285902514e-02
4.394270903446770404e+00 5.074460176461215166e-02
4.422806950454781116e+00 5.025610352057022223e-02
4.451584760515686412e+00 4.961200152570926364e-02
4.480607975061463577e+00 4.904476432979757577e-02
4.509880307338105077e+00 4.851269263476593041e-02
4.539405544197283149e+00 4.788198099210307784e-02
4.569187547941903738e+00 4.742144730485840093e-02
4.599230258227382961e+00 4.686413302871066111e-02
4.629537694020593008e+00 4.629326574002066985e-02
4.660113955618596648e+00 4.576988145462229651e-02
4.690963226729293112e+00 4.510864383289573537e-02
4.722089776616123835e+00 4.452191332558735892e-02
4.753497962309302771e+00 4.399634096877567263e-02
4.785192230885826348e+00 4.345791551860459651e-02
4.817177121820895636e+00 4.286828434966046680e-02
4.849457269413340654e+00 4.230244616143039038e-02
4.882037405287709575e+00 4.180978977916761929e-02
4.914922360976011539e+00 4.127497351577422147e-02
4.948117070581908195e+00 4.064591449746639273e-02
4.981626573530626878e+00 4.004621321664748185e-02
5.015456017407652567e+00 3.963267510457895576e-02
5.049610660889745972e+00 3.902339804541175849e-02
5.084095876771596245e+00 3.842408193329995697e-02
5.118917155092026050e+00 3.790169208429464837e-02
5.154080106363324809e+00 3.748665325311646701e-02
5.189590464907923639e+00 3.685736156870813435e-02
5.225454092306433651e+00 3.631947422125328395e-02
5.261676980961550676e+00 3.578729964357258569e-02
5.298265257782244220e+00 3.525211213393748821e-02
5.335225187993163587e+00 3.472429645695916667e-02
5.372563179074077766e+00 3.423078699083637738e-02
5.410285784834729661e+00 3.366298990795706797e-02
5.448399709630405319e+00 3.310523407524730566e-02
5.486911812724086346e+00 3.263572728727979350e-02
5.525829112800970222e+00 3.213830745440267311e-02
5.565158792641854646e+00 3.160990873076258145e-02
5.604908203961667112e+00 3.103608597757557749e-02
5.645084872420248701e+00 3.052925604174438687e-02
5.685696502812371378e+00 3.000311314688623027e-02
5.726750984444712422e+00 2.948087774010759582e-02
5.768256396707492684e+00 2.897418246554479479e-02
5.810221014849253685e+00 2.853153057784063237e-02
5.852653315963272540e+00 2.797504304918289886e-02
5.895561985194872179e+00 2.746251670966204372e-02
5.938955922179146363e+00 2.697444063426402902e-02
5.982844247719065756e+00 2.647686040177221409e-02
6.027236310714632950e+00 2.600088810494329342e-02
6.072141695354100754e+00 2.546219592528404727e-02
6.117570228578833813e+00 2.493260976307994092e-02
6.163531987834188541e+00 2.451122414747873221e-02
6.210037309119105231e+00 2.403187268987330358e-02
6.257096795348075169e+00 2.351871741545984856e-02
6.304721325039668756e+00 2.303853951612581941e-02
6.352922061346506943e+00 2.254693708724516549e-02
6.401710461442654321e+00 2.210541443478950333e-02
6.451098286284771888e+00 2.161413689336605035e-02
6.501097610764786872e+00 2.113046204447047507e-02
6.551720834272277472e+00 2.065525383264955189e-02
6.602980691686179959e+00 2.026598580604268077e-02
6.654890264816202716e+00 1.974151368632547782e-02
6.707462994315653404e+00 1.932449813004709360e-02
6.760712692088343800e+00 1.883847603940597137e-02
6.814653554213885300e+00 1.835381506299659307e-02
6.869300174416541616e+00 1.796849535997212602e-02
6.924667558104775189e+00 1.752757512432962309e-02
6.980771137009639027e+00 1.704584912613184983e-02
7.037626784452278628e+00 1.658762975769821277e-02
7.095250831272059244e+00 1.617258583838936462e-02
7.153660082449184721e+00 1.576096156366461193e-02
7.212871834457117437e+00 1.533909827743728214e-02
7.272903893382699714e+00 1.489960416545535980e-02
7.333774593853726209e+00 1.447041972676340292e-02
7.395502818816384050e+00 1.408207372904599769e-02
7.458108020207268929e+00 1.366812102824597509e-02
7.521610240567749628e+00 1.324701882774978814e-02
7.586030135650939421e+00 1.283663905299940906e-02
7.651388998075133507e+00 1.243985936258222222e-02
7.717708782080382690e+00 1.207921406014145042e-02
7.785012129448951157e+00 1.165262567671713524e-02
7.853322396653874549e+00 1.126861689097808164e-02
7.922663683303971638e+00 1.087938903591646397e-02
7.993060861958362295e+00 1.054060758350998210e-02
8.064539609387720631e+00 1.016430444990208508e-02
8.137126439365120589e+00 9.804437722216624226e-03
8.210848737074378789e+00 9.426209445948872945e-03
8.285734795229668492e+00 9.088555745585053663e-03
8.361813852006719117e+00 8.734166858043330636e-03
8.439116130892415413e+00 8.409818964324682067e-03
8.517672882566811765e+00 8.071471397484559357e-03
8.597516428939853128e+00 7.744667494353846271e-03
8.678680209472870999e+00 7.402161722393081969e-03
8.761198829924738973e+00 7.099904424328344794e-03
8.845108113671690475e+00 6.790793228658226731e-03
8.930445155761116638e+00 6.493942458455092409e-03
9.017248379870389741e+00 6.194101476928653288e-03
9.105557598354891979e+00 5.906010177998548792e-03
9.195414075582201363e+00 5.624052139426819093e-03
9.286860594764410948e+00 5.349432398557250889e-03
9.379941528515811200e+00 5.057269002927753179e-03
9.474702913380864899e+00 4.815726955672234265e-03
9.571192528595130256e+00 4.560505879814603404e-03
9.669459979362780899e+00 4.322521574396471535e-03
9.769556784955327089e+00 4.070694514923791675e-03
9.871536471960840942e+00 3.844287011484376869e-03
9.975454673037942754e+00 3.605810558682189578e-03
1.008136923155793063e+01 3.404726149972018591e-03
1.018934031254830330e+01 3.192738125251351911e-03
1.029943052038522566e+01 2.985669610823399930e-03
1.041170502371859463e+01 2.789326678289328308e-03
1.052623168815380517e+01 2.598466669238241444e-03
1.064308121725768252e+01 2.426798975190905868e-03
1.076232730250476877e+01 2.247145929339666726e-03
1.088404678283179194e+01 2.079666940120562107e-03
1.100831981452695096e+01 1.939682748741910351e-03
1.113523005224294415e+01 1.774485530189707583e-03
1.126486484199331350e+01 1.641978073409818689e-03
1.139731542706779699e+01 1.501336848099631789e-03
1.153267716788676189e+01 1.379164209773172788e-03
1.167104977690866718e+01 1.250057055369536161e-03
1.181253756980620828e+01 1.138733392361638902e-03
1.195724973424156268e+01 1.025561961277334996e-03
1.210530061769597765e+01 9.331201367244876992e-04
1.225681003594877438e+01 8.417509566732670227e-04
1.241190360395464154e+01 7.536852914331756926e-04
1.257071309104042101e+01 6.693606182090087531e-04
1.273337680253192516e+01 5.945497597680733139e-04
1.290003999013476133e+01 5.288545408226766158e-04
1.307085529362815102e+01 4.697151905748702273e-04
1.324598321669588152e+01 4.137549794429698806e-04
1.342559264001181063e+01 3.587452456018352508e-04
1.360986137502873916e+01 3.120960833417798629e-04
1.379897676228727654e+01 2.687613173759164113e-04
1.399313631847826045e+01 2.300089471936153413e-04
1.419254843695589230e+01 1.969293907160532997e-04
1.439743314692606369e+01 1.678153421637038154e-04
1.460802293712368716e+01 1.396718124982921554e-04
1.482456365046278535e+01 1.175522892101556904e-04
1.504731545689699779e+01 9.846544756333799398e-05
1.527655391258613626e+01 8.160374202816910480e-05
1.551257111443440273e+01 6.737124505857051168e-05
1.575567696017295916e+01 5.267935126777705397e-05
1.600620052541652782e+01 4.183888715270180000e-05
1.626449157056262607e+01 3.388803933806166905e-05
1.653092219204418001e+01 2.618409758484944389e-05
1.680588863433074565e+01 2.033034869479125902e-05
1.708981328123576660e+01 1.564854563215549546e-05
1.738314684757837725e+01 1.188563726430828425e-05
1.768637079511793431e+01 8.744165633579081931e-06
1.800000000000201084e+01 6.554358691056102015e-06
