# Status file for ctqmc. Used to save all times t_s, t_e.
8
11
9.721368551254272 9.778231382369995 0 0
34.12603139877319 34.15219187736511 0 0
48.92147779464722 49.06595349311829 0 0
59.35595631599426 59.41074287466531 0 0
68.39268207550049 68.51698059405145 0 0
70.76889323527197 69.69633833862524 0 0
71.24285896049751 71.19736671447754 0 0
71.98049426078796 71.54412865638733 0 0
78.02038788795471 78.59608980293302 0 0
82.43973437499716 82.47432112693787 0 0
97.47128486633301 97.61348366737366 0 0
5
32.67830610275269 31.54259920120239 0 0
33.29523205757141 33.27530925012831 0 0
48.70738387107849 48.77773483562535 0 0
58.05588960647583 58.3105206489563 0 0
69.94970440864563 69.6311354637146 0 0
42
1.838132408397755 1.029664968261596 0 0
3.572699553587183 2.421270063037998 0 0
6.053008504573366 6.049000391689528 0 0
10.85582427421561 6.288153007673101 0 0
11.65236772434928 10.85600875187564 0 0
12.05746531486511 11.69117722693223 0 0
16.63597822189331 12.07526326179504 0 0
20.253986120224 16.70870521039944 0 0
21.67835403906926 21.09817862510681 0 0
25.15947773484157 23.97499308438535 0 0
26.92771314748867 26.26735896464243 0 0
29.06670588022092 28.47086074510356 0 0
30.83085862669066 30.17998933792114 0 0
37.66624927520752 34.42252874755453 0 0
37.95533336626612 37.85191178321838 0 0
48.41144613989789 48.55817258533523 0 0
49.81340169906616 51.45839586926615 0 0
51.46323101355897 51.57093642268391 0 0
52.05035358952269 51.94414258003235 0 0
56.24428391456604 56.10678791999817 0 0
57.50706791877747 56.5742293563261 0 0
59.07725017622058 57.66742825508118 0 0
61.33006061079079 60.93083024024963 0 0
65.1877824401389 62.19334937284685 0 0
66.92250967025757 66.7073137143163 0 0
70.34289240837097 67.38101267363845 0 0
70.62013504769504 70.47014832496643 0 0
72.40143012188227 71.09104368217079 0 0
75.65464312415094 74.80631898673948 0 0
79.08556461334229 76.35319143816142 0 0
83.01920294761658 80.462646484375 0 0
85.56593060493469 84.61783860686792 0 0
86.03794895397999 85.76112728091414 0 0
86.55396362247494 86.24202609062195 0 0
88.36299777030945 86.76433627013799 0 0
90.46046273671982 88.42347175531732 0 0
91.66474503108239 91.48908853530884 0 0
92.63049960136414 92.61029084221614 0 0
94.3578158223077 92.99716949462891 0 0
95.87938350375801 94.79253032291396 0 0
97.20077468610629 96.86058709155023 0 0
98.07030855829026 97.84455885590209 0 0
35
0.4994756191393321 0.532221794128418 0 0
1.001724160571788 1.926767280526754 0 0
3.481917658409764 4.822550451323926 0 0
6.670272592746803 9.023381597495991 0 0
10.16672608594724 10.9833836555481 0 0
11.36518716812134 18.8440522492872 0 0
22.0283031463623 22.1586287021637 0 0
22.64249781706344 23.08435025783868 0 0
23.88875791775519 24.06364579524391 0 0
25.37822368659161 25.39719343185425 0 0
26.83411870853792 27.14237117746261 0 0
29.44909135182938 36.31111979484558 0 0
37.8108024597168 37.81973123550415 0 0
39.32808178017367 41.79235569328057 0 0
43.09665754237392 44.21072602272034 0 0
45.11674911617951 46.28148674964905 0 0
46.52324731126183 46.77322397248098 0 0
47.47473638548568 61.38759255409241 0 0
61.39127612113953 61.67650224556488 0 0
61.74001605122863 63.48111283832804 0 0
64.93072530304956 65.01500750401543 0 0
65.85364295802104 69.37409639358521 0 0
69.27115917205811 72.17269539833069 0 0
72.24081754684448 76.17520689964294 0 0
76.22903174238473 76.62716507911682 0 0
76.6630107174815 78.13911431250503 0 0
78.23384182807551 78.87408716780219 0 0
81.67569637298584 83.06204044243589 0 0
83.11997056007385 84.53933596611023 0 0
86.16339333474249 86.63677920040085 0 0
86.9432978764585 91.857228038126 0 0
92.22066096684458 92.24296271559575 0 0
92.28042851988819 94.51172061159501 0 0
95.31464576721191 96.11773729942192 0 0
99.11534866930445 99.71899045571078 0 0
34
3.294652241296347 3.767919540405273 0 0
4.736337720958819 6.331664005057936 0 0
9.280520677566528 9.371329834277663 0 0
10.03363728523254 10.14020442962646 0 0
14.45610497527713 14.70159292221069 0 0
17.25994677857404 17.52947960354321 0 0
19.4105002909558 21.14168409499936 0 0
21.29520768563089 21.31873160577427 0 0
24.67597557220928 24.84354344129723 0 0
25.06188670508811 25.11005997657776 0 0
25.86485743522644 29.41452353835383 0 0
31.87018117925973 32.11128711700439 0 0
35.31773180566025 38.55440544199625 0 0
43.78507776801492 44.51805413863801 0 0
47.52375700611738 47.56074547767639 0 0
54.5013197630092 54.88835036275414 0 0
55.85012678685376 55.85637961511426 0 0
56.2459842672375 56.3762277054141 0 0
58.18990892040085 58.90656007372686 0 0
59.73037137303177 59.73761677742004 0 0
59.87901091575623 59.91748256746658 0 0
64.41583229495619 64.42899857718071 0 0
65.69679140447548 65.8306925619153 0 0
68.92369200009564 72.38645293401507 0 0
74.63130354881287 74.99940395355225 0 0
75.5772590637207 75.65327882766724 0 0
78.64503654939458 79.06779646873474 0 0
79.19378529913672 81.46262168884277 0 0
82.40242004394531 83.02682604474808 0 0
87.70540952682495 88.85402083396912 0 0
91.13031265985212 91.18176102638245 0 0
91.20699764193922 91.52600282219159 0 0
92.58296489715576 93.69440170577705 0 0
98.49673509597778 98.86735336913451 0 0
42
0.6910544652561774 1.476212540638461 0 0
2.439422761506918 3.377865677317533 0 0
3.787450658867249 3.965318229623506 0 0
5.876239853581277 10.07099151829713 0 0
10.34052909137728 11.91578563727631 0 0
12.08332777023315 12.26704120635986 0 0
13.0920946598053 18.91016364097595 0 0
19.0744851753316 19.87039051057204 0 0
20.65086364746094 21.25873807523359 0 0
23.34670424461365 24.86135026172292 0 0
28.51312449211234 28.56329660285279 0 0
29.35408910610878 29.36991490478812 0 0
34.88684729275247 35.00069351959981 0 0
36.20936391325468 36.25832200050354 0 0
36.57004200106822 37.35142075986886 0 0
41.78291587608417 42.57801217734481 0 0
43.77089493211948 43.7991492228907 0 0
43.86501312255859 43.9273318014291 0 0
47.10689187049866 47.31849136746751 0 0
52.61015295982361 52.70199179649353 0 0
53.58406060083045 54.00016597497768 0 0
55.50324315998324 55.7388961315155 0 0
56.05131074465432 56.84757878570733 0 0
57.23390539325891 57.68434546277657 0 0
59.01772965710073 59.19882023095313 0 0
59.92617553362842 60.07788521825313 0 0
60.72128415107727 61.07504994794866 0 0
63.74772191047668 64.17632102966309 0 0
70.89129090309143 71.54008965553348 0 0
71.55462051067047 71.6894648120761 0 0
80.74481011487609 81.32905235122954 0 0
81.55100345611572 83.10809135437012 0 0
85.47660112380981 85.57049632072449 0 0
87.03776753766681 87.53353905154826 0 0
87.98939993222123 88.61280497279954 0 0
89.32824649154092 89.45447138156948 0 0
90.54245237403943 90.54456303056473 0 0
91.03509061784681 91.11496461608823 0 0
91.49088512346533 91.53974010352347 0 0
93.88296644476908 95.64850738851308 0 0
96.1031680077612 96.45550898225788 0 0
96.80628806934877 97.22832344636615 0 0
42
2.670522139117032 2.707857575096074 0 0
7.631087303161621 7.888120412826538 0 0
11.32587807812945 11.36866521748255 0 0
16.45640029414939 16.73446761109015 0 0
18.48906874656677 18.67250800132751 0 0
21.71832323074341 22.21195697784424 0 0
23.77687692642212 23.77796769142151 0 0
24.14620622823026 24.25961494445801 0 0
25.2450828793838 25.92206581693312 0 0
26.36540839664909 26.82210640607166 0 0
27.70396963216096 27.91822552680969 0 0
30.37848890875643 31.03718804095904 0 0
31.32375484786134 31.48515961013734 0 0
32.39138891087718 32.5049209243251 0 0
32.90630873585777 33.04594293371744 0 0
34.77960859690366 34.89426338733645 0 0
35.17900705337524 35.20800229431899 0 0
38.84865561681465 38.86242366932436 0 0
43.70059591701705 43.80772113800049 0 0
45.79115509986877 46.09752297401428 0 0
46.2137773450594 46.32244131114349 0 0
47.78161530802112 47.79188426152465 0 0
51.57896876335144 51.75321537326491 0 0
52.68971539978153 52.84894546519583 0 0
56.6445366390024 56.64684288207349 0 0
57.39036224256269 57.61192054606884 0 0
57.84710645675659 58.36843252182007 0 0
63.37453126907349 64.47795629501343 0 0
65.79506983070473 65.85075259208679 0 0
69.47556438350807 70.10651492318516 0 0
71.61784172058105 71.90059423446655 0 0
72.1408486366272 72.20481038093567 0 0
74.75909874419315 75.15814900398254 0 0
75.87932944297791 75.95599889755249 0 0
76.60593127473305 76.89679265022278 0 0
83.30634832382202 83.90254378318787 0 0
84.81296222368613 85.76811884122577 0 0
88.60387802124023 89.18023109436035 0 0
90.89757861145625 90.90840247006241 0 0
91.05104913845113 91.64233924729929 0 0
93.33179152313062 93.42273438585589 0 0
98.19117012125407 98.67056710176897 0 0
28
4.728374678237014 4.73483608633283 0 0
5.412623512530737 5.454540252685547 0 0
6.292766733309798 6.431120733999951 0 0
8.638390026724737 8.662992715835571 0 0
10.56408780487038 10.82732247565436 0 0
15.41975140571594 16.47675633430481 0 0
18.58552694320679 18.74473094940186 0 0
21.04475903719261 21.41343673203045 0 0
27.45403647422791 27.47460997109623 0 0
32.43639469146729 32.54641890525818 0 0
32.57725894320716 32.59886585730011 0 0
33.28258662119359 33.34056783986549 0 0
39.61941843774503 39.67547721861838 0 0
40.00027430633349 40.26235962219783 0 0
42.84821497624056 42.89062160356526 0 0
43.12388137237303 43.22858383220461 0 0
45.6571638584137 45.8743781095918 0 0
54.12660005932586 54.1436374114286 0 0
56.30340576171875 56.65416717529297 0 0
58.99859545406457 59.05563449897416 0 0
62.86647319793701 63.53685259819031 0 0
76.38116379734541 79.01618558579682 0 0
86.17467284202576 86.55765056610107 0 0
88.77480983585104 89.30629996351017 0 0
89.84308169636478 90.47870888484302 0 0
94.72087621688843 95.08507871213986 0 0
95.33259153021042 95.46249551222701 0 0
97.42470201641686 97.84017483084035 0 0
