# Status file for ctqmc. Used to save all times t_s, t_e.
8
6
29.70080971717834 29.71895933151245 0 0
47.59464263916016 47.61196970939636 0 0
56.94265365600586 57.58417248725891 0 0
60.41169166564941 60.15492372978564 0 0
62.81701326370239 62.42668628692627 0 0
75.36529302597046 75.4626989364624 0 0
7
22.99584746360779 23.69232177734375 0 0
40.5115181469867 40.58324010588627 0 0
40.65386652946472 41.14681075675344 0 0
59.19659733772278 59.96001362800598 0 0
76.49753093719482 76.34069323539734 0 0
76.77596807479858 76.52698755264282 0 0
90.0010347366333 90.02408981323242 0 0
40
0.8951590292590028 1.694005727767944 0 0
2.403849363327026 6.557234813958432 0 0
6.820285320281982 7.379882510574811 0 0
7.727789356033909 8.009302310064603 0 0
10.46239733695984 11.23445722103833 0 0
13.95160849758061 14.16938195314962 0 0
14.7486997318604 14.83101313000556 0 0
15.38730439922205 15.93862459255285 0 0
22.03917290807719 26.13618626055683 0 0
26.95767907426094 28.68261039117634 0 0
31.75346160119065 32.35042718082585 0 0
35.54111596517901 38.34706523016932 0 0
39.09484148025513 39.18881416320801 0 0
43.19057273498116 43.20691942591637 0 0
43.29272560506688 43.34660211134624 0 0
45.59291712486294 45.64388052781902 0 0
46.98809405721282 47.05471584726961 0 0
49.15711709980719 49.18828520802022 0 0
50.42558152681879 50.66396594047546 0 0
50.83514061626964 54.44257178183175 0 0
54.52632308006287 55.01014590263367 0 0
62.79863715171814 63.29233050346375 0 0
65.29395580291748 65.44035077095032 0 0
67.7855908870697 68.27773451805115 0 0
68.36039875998203 68.54391098022461 0 0
69.86936330795288 70.84277868270874 0 0
72.85251213793771 73.19523457175626 0 0
73.40779069128499 73.53888789075928 0 0
74.14150693655472 74.14158547834342 0 0
75.73877065877656 79.24599051475525 0 0
80.10302503802637 86.63979157197312 0 0
88.04253577354078 89.53796761863703 0 0
89.59601022204779 89.89794254302979 0 0
90.53958058357239 90.79662774997799 0 0
91.86998605728149 92.29301418389073 0 0
93.28798055648804 93.79192778478291 0 0
93.80325675010681 93.97244485569381 0 0
97.31459617614746 97.31728434562683 0 0
98.96772355275665 99.44130949125267 0 0
99.59093572715297 99.83386397361755 0 0
38
1.97073221206665 0.4936516284942627 0 0
5.228441953659058 2.348169870839456 0 0
7.319129499035576 5.43549656867981 0 0
15.41397425464696 12.78530094782009 0 0
17.4908494128686 15.8492155650039 0 0
20.78167381401552 17.51200547079138 0 0
21.83003659763116 20.79712571827556 0 0
26.06111505487671 25.68157432256726 0 0
32.95419499491103 32.37619765398174 0 0
33.8711926499216 33.12073907159432 0 0
34.65709474583443 33.9107871055603 0 0
35.32846280601095 34.94798001372628 0 0
37.81904858110039 35.41253578363596 0 0
39.90240693092346 37.82722147989281 0 0
41.09563827514648 40.21410942077637 0 0
44.38289999961853 41.26673936843872 0 0
45.01805192565911 44.61030270524832 0 0
47.08611965179443 45.14173169024431 0 0
51.24904539044667 47.1764087677002 0 0
56.08984933371305 53.41378986841012 0 0
61.36025198294248 57.54050438743537 0 0
62.41269388728551 62.15283870697021 0 0
64.72802893128717 62.80676174986398 0 0
67.20859909333414 64.76089382292552 0 0
69.73385440017879 68.82538688486446 0 0
70.57420611381531 70.10752224917951 0 0
71.39877080917358 70.71272730827332 0 0
74.30174350738525 71.94705522550008 0 0
77.78986280307592 76.69318914413452 0 0
82.11454749107361 78.72325202747926 0 0
83.62947106361389 82.20399048555781 0 0
85.30709659850129 83.7793231725891 0 0
85.92610027039373 85.41685110341345 0 0
90.65727329601502 86.27618159055277 0 0
92.97437091291681 92.32078218837877 0 0
94.19699907302856 93.38235852397318 0 0
98.89621183145721 94.92822289466858 0 0
99.34729842653043 99.27555946950629 0 0
34
0.6309267567903163 0.9473902551846303 0 0
1.777077637002198 2.476801251254916 0 0
3.099679946899414 3.228062391281128 0 0
3.446349211173479 3.537553548812866 0 0
3.724664456048288 4.087199957835259 0 0
4.348508488468642 5.712839279427397 0 0
8.817655285105879 8.882493323513462 0 0
9.370035550734551 10.92270612716675 0 0
12.80646756883493 15.08954339183268 0 0
19.6864370497815 20.6719516423518 0 0
23.73299598693848 24.0775947422005 0 0
25.30091000754935 25.75637735776105 0 0
25.9035167637288 26.86420515955139 0 0
30.18348209336134 36.1494104020785 0 0
36.66910340959868 36.75236382600866 0 0
37.72839690557596 37.7779433320005 0 0
38.47671613366329 52.46302485466003 0 0
55.07475733757019 55.57745648350963 0 0
57.18192843105698 57.38558494990073 0 0
57.72793749925435 58.04886695831961 0 0
59.59776467025808 59.70389800272689 0 0
60.10527972533575 62.62963864185412 0 0
63.78611857445514 66.37012206320422 0 0
66.39021377345047 66.50227544892822 0 0
67.10864305496216 67.5740659236908 0 0
68.43658543114984 73.29674342598094 0 0
79.28445253084608 82.89537478210924 0 0
82.89940604097225 86.70621514320374 0 0
87.03268781268493 91.59699500429275 0 0
94.20030818095384 94.24351818236445 0 0
94.47041452804278 94.63016986846924 0 0
94.85219911116269 96.1662288960835 0 0
96.39102816581726 96.39128753586691 0 0
99.97535796770892 99.98543573166218 0 0
45
0.3237366676330566 0.4863271459390233 0 0
1.801031827926636 1.848263212549476 0 0
3.484144364194867 3.501849183756334 0 0
4.069758508174513 4.66440222768632 0 0
5.787116289138794 7.377702728143689 0 0
11.66238203806813 13.26189442829761 0 0
14.29696679115295 14.54292215922891 0 0
15.21501398398328 19.52908039093018 0 0
19.88906264305115 20.87313316278567 0 0
21.30693325667661 22.49758839607239 0 0
24.18806622168287 24.23409860781789 0 0
26.77640673086827 27.00257430582653 0 0
27.9299090660622 30.41664249258237 0 0
30.54613388818264 31.00523423578777 0 0
31.29697104084394 31.6594808067524 0 0
34.98448382078463 35.51418793737279 0 0
37.20188662736496 39.6128237247467 0 0
39.6403431892395 42.00050094449522 0 0
42.47822783009667 42.69928336143494 0 0
43.02432537078857 43.18252801895142 0 0
45.16535148173695 46.69418931007385 0 0
48.17754030227661 48.19969534873962 0 0
49.81299042701721 49.93327180463147 0 0
52.52116927529623 52.66355276107788 0 0
54.06839847564697 57.33620139940562 0 0
57.33392238616943 59.00791609517179 0 0
59.89492535591125 60.00316283303166 0 0
61.77725791931152 62.52473592758179 0 0
62.80861113921219 62.85767394245454 0 0
62.96648979187012 67.01203584671021 0 0
68.31272038265914 68.5333420905085 0 0
68.77085075419345 70.25425452252708 0 0
70.51855262968907 71.08545769728322 0 0
73.81784915924072 75.19393079660034 0 0
76.54869556216374 77.20257215006505 0 0
77.59822621378625 77.79853702525601 0 0
80.84962964057922 81.38206005096436 0 0
81.39582219703519 81.8417678556917 0 0
81.91413283348083 81.97468499163909 0 0
83.49351286888123 83.65382552146912 0 0
87.14863238206024 87.65163421630859 0 0
87.94591240199685 88.0687930071401 0 0
91.8717786230319 92.68666427456942 0 0
94.18780376809168 97.02021157407289 0 0
98.24106600781788 98.59919255007081 0 0
28
1.620499779254716 1.681924082237264 0 0
5.289965867996216 5.580520629882812 0 0
9.286826848983765 9.467703104019165 0 0
11.37795448303223 11.38427726449472 0 0
14.125328885591 14.39990510066816 0 0
16.33808771871476 16.36403979962989 0 0
25.78678819393635 26.09886457450397 0 0
28.82536897280984 28.98778478736561 0 0
29.07961269274433 29.15286468376093 0 0
32.40088224411011 33.34780834213559 0 0
33.56766803804834 34.08679366111755 0 0
35.18961059266156 35.19980311393738 0 0
43.47685575485229 44.89129781723022 0 0
48.75132481908937 48.98627178313009 0 0
49.40515756607056 49.60620628416385 0 0
49.83209371566772 50.08178949356079 0 0
64.09624163356824 64.28731679916382 0 0
65.53093600955364 65.84284788051846 0 0
67.89670975556383 67.9576575756073 0 0
70.95368635025542 71.23196125030518 0 0
71.29121386537007 71.44052432435899 0 0
73.03122659330322 73.09806346893311 0 0
73.34912550641359 73.51853038857335 0 0
75.58768694922342 75.77175498008728 0 0
86.66919163922273 86.71904488645279 0 0
93.18461950129553 93.2028049210066 0 0
93.49749684333801 93.67777109146118 0 0
99.08755183488984 99.20680247862107 0 0
37
2.415251731872559 2.741444110870361 0 0
5.954921245574951 6.002008012785311 0 0
7.676179105325588 7.97031766852492 0 0
12.64729791307259 12.87547339674729 0 0
15.85418794184813 15.93225598335266 0 0
15.94811900214908 18.45778524406114 0 0
19.35921380365373 19.36691403388977 0 0
20.90473771095276 20.90650852357285 0 0
21.3878138558357 21.86433076858521 0 0
28.79381775856018 28.83383631706238 0 0
32.86274671554565 33.17684531211853 0 0
33.66212697511499 34.32915806770325 0 0
40.49075603255383 40.48128128051758 0 0
40.91086557304295 40.51436994244587 0 0
41.82547917695062 41.83004672674745 0 0
42.75257587432861 42.95029640197754 0 0
43.27507722684012 43.37758532734198 0 0
48.99094019777647 49.22351927421414 0 0
49.79878684592923 49.88767273552659 0 0
50.88569586438229 50.89737068955721 0 0
56.63535670189618 56.68216041191406 0 0
59.13693591310266 59.39917090739463 0 0
60.64722734095982 60.67681059046139 0 0
60.77912497017571 61.34221673388467 0 0
63.03378157055818 63.48398327827454 0 0
65.15310793652601 65.24119696868281 0 0
65.93020564289353 66.23506711829918 0 0
68.49519610404968 68.87925508902282 0 0
70.26726860103665 71.82473201386803 0 0
72.84774653654138 72.99156687641268 0 0
73.48202466964722 73.53171706199646 0 0
77.18856334686279 77.51731872558594 0 0
78.54278683662415 78.64388227462769 0 0
86.29563293453936 86.30267322086361 0 0
89.47563575466332 89.70383346636643 0 0
96.10765739382633 97.38707831998984 0 0
98.0719140559606 98.24592610986242 0 0
