# Status file for ctqmc. Used to save all times t_s, t_e.
8
3
30.79665303230286 30.81163167953491 0 0
68.4285044670105 68.27804446220398 0 0
74.02333617210388 74.18593168258667 0 0
3
35.54603457450867 35.85975766181946 0 0
44.00730133056641 44.01072560743972 0 0
66.22127890586853 66.43077731132507 0 0
42
0.7572054862976074 0.3993481108979777 0 0
2.371490001678467 1.823761797591959 0 0
9.552698894288957 2.419525384902954 0 0
10.24951546743022 9.799472031852398 0 0
11.84147494150486 10.27962994959358 0 0
12.79122998211578 12.19884157180786 0 0
20.13766609533043 19.33839058979117 0 0
20.61385346121673 20.36146791409092 0 0
21.57573756435551 21.01260784343206 0 0
23.15256238060638 22.46220183277848 0 0
23.2340722205158 23.22327627664389 0 0
25.26435497723226 23.87300133705139 0 0
28.27893019513534 28.32079529762268 0 0
32.42605476132424 31.33486806759489 0 0
33.54503628274247 33.76680533905406 0 0
34.62699055671692 33.88133335124964 0 0
36.59640958083221 35.37232641765849 0 0
38.709660541455 37.20458580119086 0 0
43.07071128896283 41.80693626403809 0 0
43.50719451904297 43.07983368654165 0 0
44.69802992216099 43.60307985952578 0 0
45.18960137705125 44.91024916582091 0 0
45.68308069322562 45.38353085517883 0 0
50.29564499855042 46.53146684169714 0 0
50.89356303215027 50.34918189048767 0 0
52.1190881729126 51.16251682447768 0 0
54.42171589716027 52.2664487361908 0 0
55.64803838996068 54.66295480728149 0 0
56.25862683285004 55.76141200784776 0 0
56.7552075760967 56.43302048636461 0 0
61.7847525489767 58.30015150447825 0 0
62.68481727485467 61.86633110046387 0 0
66.65121371064193 62.74407505989075 0 0
69.17012448134825 68.95906091532738 0 0
69.88807086567924 69.40391904125627 0 0
71.89987686123376 70.304149732339 0 0
75.11963248252869 72.68788245837092 0 0
76.44336700873912 75.17498870304422 0 0
80.9462931646234 76.70996785163879 0 0
81.82907700538635 81.54538879155325 0 0
84.66989102918497 84.63205099105835 0 0
96.5299390240218 96.0845410823822 0 0
38
4.662919260146315 5.562244447942343 0 0
7.992528761612918 8.221999204662197 0 0
9.206212994896749 9.373959726531051 0 0
11.55510544776917 11.61697316777352 0 0
11.69466807263494 12.02728270158753 0 0
12.21956247465895 13.03395502337515 0 0
13.09932589541212 13.23187614595148 0 0
13.47818961926301 13.80783803204514 0 0
16.49807288728835 16.78785452046041 0 0
17.51913130247451 17.71859484670637 0 0
19.50264009890953 19.7019785267456 0 0
22.09394255332262 22.52228217886276 0 0
28.3983051776886 28.48244309425354 0 0
28.63615810825921 29.26436286072942 0 0
29.27524029168918 30.71323037147522 0 0
30.98533153533936 31.89181688293274 0 0
35.31026883870112 38.00221085548401 0 0
38.03225755691528 39.28496933406613 0 0
39.40768392646621 40.62434434890747 0 0
41.80728635390292 41.93009339236166 0 0
42.14901538255975 42.26738405864861 0 0
43.45566973491995 43.51874351592578 0 0
43.6840285768458 43.76530327261803 0 0
48.51992726325989 49.38198924064636 0 0
49.59963964389225 53.86627912521362 0 0
53.91442775726318 57.17369372133172 0 0
57.93038606643677 62.47386071387712 0 0
65.86797764146338 66.45522984751571 0 0
68.57826996710047 68.67664277257667 0 0
69.73300351491662 70.08299523910055 0 0
71.10768897888704 71.11180426875983 0 0
71.15444839641464 71.20318823476281 0 0
71.95159093990783 72.07489671840096 0 0
73.24081361457931 74.22869660201941 0 0
76.03626023122614 82.57260322570801 0 0
83.38373899459839 90.25403181662567 0 0
91.8046360332815 92.84073242921828 0 0
98.45648567040433 98.54869314755911 0 0
39
5.286125838942911 0.3713011822812939 0 0
5.822906090722642 3.427794435922122 0 0
6.135683140108688 5.57108985431366 0 0
6.829481251404876 5.834331764278207 0 0
12.58952675881949 6.36796804901353 0 0
14.08285157840536 7.938820123672485 0 0
18.51672303462511 12.96735429775597 0 0
19.22874252168643 14.15148881580932 0 0
19.76350655741282 18.60173940658569 0 0
23.03942615114929 19.30756373138957 0 0
32.90795249966429 22.99344771727972 0 0
39.86598927863155 23.1014940098735 0 0
42.42922052083993 33.53734946514246 0 0
42.73189902305603 40.07186718860808 0 0
48.58444929122925 42.67798066139221 0 0
51.39184203249128 48.28457236289978 0 0
54.59260940551758 50.96457600593567 0 0
55.70220538515598 51.44359466857509 0 0
60.80212593078613 55.20784211248125 0 0
61.96435111055745 55.70449686000897 0 0
67.08581447601318 61.33711338043213 0 0
71.72193057777459 67.08438698135666 0 0
72.95845878477849 67.10726022720337 0 0
74.07434893956143 72.68446655757504 0 0
74.25386421527989 73.13970033232377 0 0
75.19117110367917 74.15728797556004 0 0
77.49937091221727 74.29206918783771 0 0
81.75525266490217 75.50080282707582 0 0
82.93197231199072 77.65147686004639 0 0
83.34535360336304 81.88944320816273 0 0
87.69297082107674 83.31401187382667 0 0
90.288245677948 83.41929509477482 0 0
91.41639635101401 87.74687287649327 0 0
92.16017736499795 91.14035233793678 0 0
92.86373853683472 91.49471881765443 0 0
93.4635069556581 92.45230200206474 0 0
94.56740021705627 93.40385003715832 0 0
94.78371481230985 94.56300604563033 0 0
99.93789196014404 94.65566277503967 0 0
42
0.7086474543708245 0.9386301040649414 0 0
1.125883405519732 1.923763319996397 0 0
4.310215643332542 8.813944610343487 0 0
8.882595619508368 9.772686382645425 0 0
10.45295596122742 15.16358148241588 0 0
16.70630574226379 17.2651469707489 0 0
18.36805955134878 18.55826297974991 0 0
19.82330077917924 20.91468752296868 0 0
23.09667572588265 24.7500055276343 0 0
25.44906892257851 28.65138597957945 0 0
29.21831797475598 30.02166967305542 0 0
32.1066441069224 32.39659734460619 0 0
34.25068389340478 36.46228501221499 0 0
37.82209329512153 38.74919837768007 0 0
38.82547616958618 38.94665690852292 0 0
40.62538055815871 40.85412056656826 0 0
43.45389604568481 43.60958813340219 0 0
43.69072629697023 43.90474178010147 0 0
44.57515455823503 44.68353272429304 0 0
47.46683453391908 48.19694007239391 0 0
48.21313469727696 48.49568395319304 0 0
49.07343983650208 49.53862147211697 0 0
49.98316673194515 49.98511075973511 0 0
50.06674528121948 50.07030994549235 0 0
50.07312611672221 50.07512841002964 0 0
50.95841384244245 51.34989619255066 0 0
53.0363917350769 53.91503572463989 0 0
56.95933230380311 57.08141115901046 0 0
57.09764054341156 57.21702575683594 0 0
57.848060131073 63.70307199993022 0 0
63.368626324677 70.976471008332 0 0
72.83120155334473 77.19221589104711 0 0
77.83897553152157 77.89824604988098 0 0
78.33942123221253 79.66242326131236 0 0
79.99995180957855 80.25360311281005 0 0
81.38475875245467 82.43562579154968 0 0
82.69316464384008 82.74482565080486 0 0
83.50452184677124 83.52976802237893 0 0
87.22389265897839 87.27373087704028 0 0
87.69928812980652 88.43866610660373 0 0
90.63314613712797 90.75711369514465 0 0
91.03931784629822 91.6431725025177 0 0
45
1.809924400349608 1.852756439815026 0 0
2.422785758972168 3.455803555136807 0 0
4.351019485139021 4.560403435999248 0 0
5.278756260661649 5.281465201761348 0 0
7.826460388577754 10.53344705216676 0 0
10.54093439658784 10.59573473468589 0 0
10.93243360519409 11.01866364479065 0 0
15.1980524935069 15.21298925314766 0 0
17.28125712574774 17.51889517273096 0 0
17.99847505129856 18.01838414352104 0 0
20.85389494895935 21.18863463401794 0 0
21.40444789129721 21.45153373303611 0 0
22.34554668958348 22.37481801794188 0 0
23.87331930547455 25.6122833554512 0 0
25.80294603369529 25.80734741621765 0 0
28.5052579441042 28.68921962294666 0 0
30.50646433677686 31.01776092725927 0 0
33.06504666425919 33.32699296275647 0 0
34.0179955709209 34.077791390862 0 0
35.29408413723087 35.51705409046559 0 0
40.87850451469421 41.32779836654663 0 0
43.05859082137224 43.23668113737757 0 0
49.16173678682306 49.44640444467159 0 0
50.59756827918041 50.72590681844375 0 0
52.31994497816024 53.32702552510062 0 0
53.32773923873901 53.68807673249413 0 0
56.07187248867714 56.268709897995 0 0
56.44436278209888 56.65951732651575 0 0
56.68623312447772 56.85497108486218 0 0
63.29855873220238 63.31605569284221 0 0
68.60750846135157 68.70786959462612 0 0
69.26180451816174 69.5914469872187 0 0
69.74838972091675 69.83932032514325 0 0
75.37209335596167 76.13881922837008 0 0
77.2811233997345 77.67933186368924 0 0
77.75674006064753 78.19403747742044 0 0
79.58661317825317 79.76003885269165 0 0
81.6351056098938 82.26909637451172 0 0
82.93662712071981 83.15145373344421 0 0
87.93479204177856 87.96581625938416 0 0
92.3918604850769 92.47180221813097 0 0
94.04760884617717 94.14468213745016 0 0
94.73663171937559 95.17914130379177 0 0
97.15320055133233 97.17302918434143 0 0
98.96466688915858 99.02658462524414 0 0
44
4.681776860708011 4.796706861755951 0 0
9.1214042617947 9.246074623753385 0 0
11.03331155993038 11.11143827438354 0 0
11.31971227762389 11.50370217717651 0 0
11.68156397393592 12.19448975011804 0 0
15.85935354232788 16.39893741884352 0 0
16.81512757554883 17.23546981811523 0 0
19.14641531003462 19.14819208601239 0 0
19.36557750530355 19.76895828352984 0 0
20.70758886656345 20.7299789915509 0 0
24.92579817771912 25.05918103772871 0 0
30.02371191978455 29.52588200569153 0 0
30.45264385439743 30.51851873004813 0 0
33.48223092818042 33.71727104987777 0 0
34.15089492597774 34.44183973625958 0 0
34.98244881629944 35.26190083198629 0 0
39.09632620608363 39.13372159004211 0 0
42.21413135528564 42.54185557365417 0 0
44.43148374557495 44.44240842298921 0 0
46.2760663227165 46.3348097251857 0 0
46.59171648660956 46.60426145988212 0 0
47.91759710935821 48.02669476010708 0 0
48.79922270774841 48.94747988259582 0 0
52.08440592177732 52.27699277588366 0 0
57.35883712768555 57.57764577865601 0 0
60.19642949104309 60.26846766471863 0 0
63.41141087429349 63.43519827385974 0 0
64.80088787061868 64.82158649419858 0 0
69.37984503895619 69.50588850290018 0 0
69.71493151643847 69.96468790494696 0 0
70.82875978975625 71.00960313275267 0 0
71.10602855682373 71.96755862123641 0 0
72.89700508117676 72.96516474695498 0 0
74.88813614994393 74.95186144207381 0 0
77.04961037546009 76.26769623960901 0 0
80.20594716072083 80.23689099656582 0 0
86.03351712226868 86.20641827583313 0 0
86.42849220108063 86.51641940965078 0 0
89.54808582023971 89.66959118843079 0 0
90.36280827030784 90.37155115446916 0 0
91.17974495453602 91.26021647820167 0 0
93.11766028404236 93.17968899331436 0 0
93.96877352790095 94.01969909667969 0 0
95.37202119827271 95.76616287231445 0 0
