0.0314159265359 -0.00209424892589 -0.00516881431304
0.0942477796077 -0.00193746840757 -0.0154548116224
0.157079632679 -0.0015169259052 -0.0256171116197
0.219911485751 -0.00165582146994 -0.0353631005985
0.282743338823 0.000261647372279 -0.0455272562382
0.345575191895 -0.000193014890637 -0.0540626093441
0.408407044967 -0.000227088705421 -0.0627743752753
0.471238898038 0.000668322334038 -0.0716074011173
0.53407075111 0.00179235674384 -0.0799581690547
0.596902604182 0.00252995975305 -0.0875440553854
0.659734457254 0.00266561537092 -0.0944529370103
0.722566310326 0.00227801083903 -0.100942009795
0.785398163397 0.00156949185759 -0.107266620232
0.848230016469 0.000746998309096 -0.113599790995
0.911061869541 -3.34348138198e-05 -0.120019505694
0.973893722613 -0.000678682565067 -0.126528434552
1.03672557568 -0.00114902397845 -0.133081897811
1.09955742876 -0.00144197209541 -0.139612481334
1.16238928183 -0.00157700241468 -0.1460477222
1.2252211349 -0.00158392910045 -0.152321067332
1.28805298797 -0.00149518522964 -0.158377596005
1.35088484104 -0.00134128684845 -0.164176131175
1.41371669412 -0.00114855264707 -0.169689085972
1.47654854719 -0.00093827689553 -0.174901037703
1.53938040026 -0.000726755449487 -0.179806704012
1.60221225333 -0.000525761592188 -0.184408758432
1.6650441064 -0.000343217971158 -0.188715743983
1.72787595947 -0.000183914110741 -0.192740227269
1.79070781255 -5.01881186992e-05 -0.196497254025
1.85353966562 5.74671189888e-05 -0.200003117906
1.91637151869 0.000139889026593 -0.203274423791
1.97920337176 0.000198821949639 -0.206327410393
2.04203522483 0.000236579664248 -0.209177491741
2.10486707791 0.000255783665597 -0.211838974391
2.16769893098 0.000259166349281 -0.214324911431
2.23053078405 0.000249428340573 -0.216647058113
2.29336263712 0.000229139410544 -0.218815899755
2.35619449019 0.000200674138236 -0.220840727827
2.41902634326 0.000166174369099 -0.222729745577
2.48185819634 0.000127531801081 -0.224490188575
2.54469004941 8.63852021773e-05 -0.226128450015
2.60752190248 4.41279446406e-05 -0.227650203014
2.67035375555 1.92229298079e-06 -0.229060515572
2.73318560862 -3.92820907882e-05 -0.230363954712
2.79601746169 -7.87275434249e-05 -0.231564678745
2.85884931477 -0.000115826977778 -0.232666516989
2.92168116784 -0.000150142821521 -0.233673037263
2.98451302091 -0.000181366808795 -0.234587601816
3.04734487398 -0.000209301219001 -0.2354134129
3.11017672705 -0.000233841618056 -0.236153548914
3.17300858013 -0.000254961350499 -0.236810992523
3.2358404332 -0.000272697685023 -0.237388651788
3.29867228627 -0.000287139573592 -0.237889375588
3.36150413934 -0.000298416954077 -0.238315964134
3.42433599241 -0.000306691447609 -0.238671175777
3.48716784548 -0.000312148351779 -0.238957730634
3.54999969856 -0.000314989763384 -0.239178311968
3.61283155163 -0.000315428737606 -0.239335565712
3.6756634047 -0.000313684361069 -0.23943209879
3.73849525777 -0.000309977624105 -0.239470476577
3.80132711084 -0.000304528006621 -0.239453219772
3.86415896392 -0.000297550658573 -0.239382801085
3.92699081699 -0.000289254157787 -0.239261641821
3.98982267006 -0.000279838703253 -0.239092108572
4.05265452313 -0.00026949473573 -0.238876510153
4.1154863762 -0.00025840189879 -0.2386170948
4.17831822927 -0.000246728314349 -0.238316047779
4.24115008235 -0.000234630111694 -0.237975489339
4.30398193542 -0.000222251173144 -0.237597473082
4.36681378849 -0.000209723079768 -0.237183984772
4.42964564156 -0.000197165204511 -0.236736941496
4.49247749463 -0.000184684938237 -0.236258191236
4.55530934771 -0.000172378025868 -0.235749512783
4.61814120078 -0.000160328983553 -0.235212615984
4.68097305385 -0.000148611589155 -0.234649142288
4.74380490692 -0.000137289418434 -0.234060665564
4.80663675999 -0.000126416422595 -0.233448693142
4.86946861306 -0.000116037530931 -0.232814667087
4.93230046614 -0.000106189267824 -0.23215996563
4.99513231921 -9.69003724887e-05 -0.231485904748
5.05796417228 -8.81924217708e-05 -0.230793739883
5.12079602535 -8.00804403029e-05 -0.230084667744
5.18362787842 -7.2573497679e-05 -0.229359828194
5.24645973149 -6.56752882247e-05 -0.228620306191
5.30929158457 -5.9384688103e-05 -0.227867133759
5.37212343764 -5.36962868321e-05 -0.227101291995
5.43495529071 -4.86008955365e-05 -0.226323713065
5.49778714378 -4.4086021413e-05 -0.225535282203
5.56061899685 -4.01363178044e-05 -0.224736839691
5.62345084993 -3.67340038538e-05 -0.223929182811
5.686282703 -3.38592526798e-05 -0.223113067759
5.74911455607 -3.14905512235e-05 -0.222289211516
5.81194640914 -2.96050322186e-05 -0.22145829368
5.87477826221 -2.81787761756e-05 -0.220620958231
5.93761011528 -2.71870873982e-05 -0.219777815252
6.00044196836 -2.66047438302e-05 -0.218929442587
6.06327382143 -2.64062211937e-05 -0.218076387436
6.1261056745 -2.65658939194e-05 -0.217219167893
6.18893752757 -2.705821381e-05 -0.216358274419
6.25176938064 -2.78578682549e-05 -0.215494171253
6.31460123372 -2.893991602e-05 -0.214627297758
6.37743308679 -3.02799095104e-05 -0.213758069716
6.44026493986 -3.18539950062e-05 -0.212886880552
6.50309679293 -3.36390013871e-05 -0.212014102501
6.565928646 -3.56125109162e-05 -0.211140087723
6.62876049907 -3.77529199014e-05 -0.210265169358
6.69159235215 -4.00394856728e-05 -0.209389662529
6.75442420522 -4.24523627895e-05 -0.208513865292
6.81725605829 -4.4972630044e-05 -0.207638059538
6.88008791136 -4.75823078778e-05 -0.206762511843
6.94291976443 -5.02643689595e-05 -0.205887474279
7.00575161751 -5.30027407359e-05 -0.205013185173
7.06858347058 -5.5782302228e-05 -0.204139869834
7.13141532365 -5.85888760103e-05 -0.203267741232
7.19424717672 -6.14092139202e-05 -0.20239700064
7.25707902979 -6.42309804517e-05 -0.201527838248
7.31991088286 -6.70427319633e-05 -0.200660433734
7.38274273594 -6.98338923959e-05 -0.199794956808
7.44557458901 -7.25947275342e-05 -0.198931567723
7.50840644208 -7.53163169733e-05 -0.198070417761
7.57123829515 -7.79905238533e-05 -0.197211649686
7.63407014822 -8.06099645203e-05 -0.196355398177
7.69690200129 -8.31679764088e-05 -0.195501790237
7.75973385437 -8.5658585915e-05 -0.194650945572
7.82256570744 -8.80764756657e-05 -0.193802976958
7.88539756051 -9.04169515969e-05 -0.192957990583
7.94822941358 -9.26759107642e-05 -0.192116086371
8.01106126665 -9.48498081712e-05 -0.191277358285
8.07389311973 -9.69356258285e-05 -0.190441894622
8.1367249728 -9.89308407773e-05 -0.189609778282
8.19955682587 -0.000100833394439 -0.18878108703
8.26238867894 -0.000102641663185 -0.18795589374
8.32522053201 -0.000104354428951 -0.187134266626
8.38805238508 -0.000105970851237 -0.186316269463
8.45088423816 -0.000107490439821 -0.185501961797
8.51371609123 -0.000108913028928 -0.184691399139
8.5765479443 -0.000110238751899 -0.183884633156
8.63937979737 -0.000111468017372 -0.183081711845
8.70221165044 -0.00011260148589 -0.182282679707
8.76504350352 -0.000113640048354 -0.1814875779
8.82787535659 -0.00011458480504 -0.180696444402
8.89070720966 -0.000115437045663 -0.179909314145
8.95353906273 -0.000116198230828 -0.179126219159
9.0163709158 -0.000116869973938 -0.178347188703
9.07920276887 -0.000117454024675 -0.177572249391
9.14203462195 -0.000117952253192 -0.176801425305
9.20486647502 -0.000118366635063 -0.176034738116
9.26769832809 -0.000118699237539 -0.17527220719
9.33053018116 -0.000118952206372 -0.174513849688
9.39336203423 -0.000119127753631 -0.17375968067
9.45619388731 -0.000119228146291 -0.173009713184
9.51902574038 -0.000119255695791 -0.172263958361
9.58185759345 -0.000119212747949 -0.171522425498
9.64468944652 -0.000119101674028 -0.170785122139
9.70752129959 -0.000118924862158 -0.17005205416
9.77035315266 -0.00011868470981 -0.169323225836
9.83318500574 -0.000118383616305 -0.168598639919
9.89601685881 -0.000118023976516 -0.167878297705
9.95884871188 -0.000117608174839 -0.167162199101
10.021680565 -0.000117138579635 -0.166450342687
10.084512418 -0.000116617538255 -0.16574272578
10.1473442711 -0.00011604737275 -0.165039344487
10.2101761242 -0.000115430375672 -0.164340193764
10.2730079772 -0.000114768806333 -0.163645267474
10.3358398303 -0.000114064887967 -0.162954558428
10.3986716834 -0.000113320804378 -0.162268058444
10.4615035365 -0.000112538697823 -0.161585758392
10.5243353895 -0.000111720666654 -0.160907648234
10.5871672426 -0.000110868763366 -0.160233717077
10.6499990957 -0.000109984993103 -0.159563953207
10.7128309487 -0.000109071312171 -0.158898344133
10.7756628018 -0.000108129627379 -0.158236876627
10.8384946549 -0.000107161793848 -0.157579536759
10.901326508 -0.000106169617154 -0.15692630993
10.964158361 -0.000105154847335 -0.156277180916
11.0269902141 -0.000104119188783 -0.155632133888
11.0898220672 -0.000103064282077 -0.154991152459
11.1526539202 -0.000101991733686 -0.154354219692
11.2154857733 -0.000100903070773 -0.153721318168
11.2783176264 -9.97998047376e-05 -0.153092429951
11.3411494795 -9.8683351883e-05 -0.152467536708
11.4039813325 -9.75551212941e-05 -0.151846619617
11.4668131856 -9.64164382369e-05 -0.151229659518
11.5296450387 -9.52685852118e-05 -0.150616636833
11.5924768917 -9.41128280401e-05 -0.15000753163
11.6553087448 -9.29503046185e-05 -0.149402323712
11.7181405979 -9.1782223782e-05 -0.148800992435
11.780972451 -9.06096127098e-05 -0.148203517064
11.843804304 -8.94335698467e-05 -0.147609876378
11.9066361571 -8.82550792216e-05 -0.147020049084
11.9694680102 -8.70750898221e-05 -0.146434013572
12.0322998632 -8.5894546797e-05 -0.145851747991
12.0951317163 -8.47142955163e-05 -0.145273230402
12.1579635694 -8.35351869881e-05 -0.144698438561
12.2207954225 -8.23580111442e-05 -0.144127350132
12.2836272755 -8.11835176133e-05 -0.14355994263
12.3464591286 -8.00124334406e-05 -0.142996193378
12.4092909817 -7.88454253202e-05 -0.142436079638
12.4721228348 -7.76831514981e-05 -0.141879578531
12.5349546878 -7.65262187512e-05 -0.141326667075
12.5977865409 -7.51823361274e-05 -0.14078491317
12.660618394 -7.3866931583e-05 -0.14024643057
12.723450247 -7.25793074228e-05 -0.139711205587
12.7862821001 -7.13187850572e-05 -0.139179224118
12.8491139532 -7.00847044417e-05 -0.138650471665
12.9119458063 -6.88764235228e-05 -0.138124933368
12.9747776593 -6.76933177033e-05 -0.137602594021
13.0376095124 -6.65347793278e-05 -0.137083438099
13.1004413655 -6.5400217184e-05 -0.136567449777
13.1632732185 -6.42890560165e-05 -0.136054612952
13.2261050716 -6.32007360597e-05 -0.135544911258
13.2889369247 -6.21347125804e-05 -0.135038328093
13.3517687778 -6.1090455441e-05 -0.134534846628
13.4146006308 -6.00674486657e-05 -0.134034449831
13.4774324839 -5.90651900323e-05 -0.133537120476
13.540264337 -5.80831906678e-05 -0.133042841167
13.60309619 -5.71209746685e-05 -0.132551594346
13.6659280431 -5.61780787125e-05 -0.13206336231
13.7287598962 -5.52540516976e-05 -0.131578127224
13.7915917493 -5.43484543938e-05 -0.131095871134
13.8544236023 -5.34608590943e-05 -0.13061657598
13.9172554554 -5.25908492861e-05 -0.130140223606
13.9800873085 -5.17380193248e-05 -0.129666795772
14.0429191615 -5.09019741362e-05 -0.129196274166
14.1057510146 -5.0082328892e-05 -0.128728640413
14.1685828677 -4.92787087341e-05 -0.128263876084
14.2314147208 -4.84907484832e-05 -0.127801962707
14.2942465738 -4.77180923681e-05 -0.127342881774
14.3570784269 -4.69603937532e-05 -0.12688661475
14.41991028 -4.62173148819e-05 -0.126433143082
14.482742133 -4.54885266272e-05 -0.125982448207
14.5455739861 -4.47737082494e-05 -0.125534511557
14.6084058392 -4.40725471549e-05 -0.125089314566
14.6712376923 -4.33847386745e-05 -0.124646838679
14.7340695453 -4.27099858378e-05 -0.124207065357
14.7969013984 -4.20479991554e-05 -0.123769976084
14.8597332515 -4.13984964158e-05 -0.123335552367
14.9225651046 -4.07612024826e-05 -0.122903775752
14.9853969576 -4.01358490878e-05 -0.122474627817
15.0482288107 -3.95221746645e-05 -0.122048090188
15.1110606638 -3.89199241395e-05 -0.121624144534
15.1738925168 -3.83288487615e-05 -0.121202772578
15.2367243699 -3.77487059318e-05 -0.120783956098
15.299556223 -3.71792590315e-05 -0.120367676932
15.3623880761 -3.66202772577e-05 -0.119953916982
15.4252199291 -3.60715354697e-05 -0.119542658214
15.4880517822 -3.55328140307e-05 -0.119133882668
15.5508836353 -3.50038986578e-05 -0.118727572453
15.6137154883 -3.44845802784e-05 -0.118323709757
15.6765473414 -3.39746548903e-05 -0.117922276846
15.7393791945 -3.34739234251e-05 -0.117523256067
15.8022110476 -3.29821916143e-05 -0.117126629852
15.8650429006 -3.24992698575e-05 -0.116732380716
15.9278747537 -3.20249731098e-05 -0.116340491266
15.9907066068 -3.15591207407e-05 -0.115950944198
16.0535384598 -3.11015364396e-05 -0.115563722298
16.1163703129 -3.06520480775e-05 -0.115178808449
16.179202166 -3.02104876164e-05 -0.114796185627
16.2420340191 -2.97766909894e-05 -0.114415836906
16.3048658721 -2.93504979973e-05 -0.114037745459
16.3676977252 -2.89317522171e-05 -0.113661894557
16.4305295783 -2.85203008836e-05 -0.113288267573
16.4933614313 -2.8115994815e-05 -0.112916847983
16.5561932844 -2.7718688302e-05 -0.112547619363
16.6190251375 -2.73282390326e-05 -0.112180565396
16.6818569906 -2.69445079901e-05 -0.111815669868
16.7446888436 -2.65673593765e-05 -0.11145291667
16.8075206967 -2.61966605288e-05 -0.111092289801
16.8703525498 -2.58322818345e-05 -0.110733773366
16.9331844028 -2.54740966525e-05 -0.110377351576
16.9960162559 -2.51219812464e-05 -0.110023008752
17.058848109 -2.47758146976e-05 -0.109670729322
17.1216799621 -2.44354788412e-05 -0.109320497822
17.1845118151 -2.41008581954e-05 -0.108972298897
17.2473436682 -2.37718398912e-05 -0.108626117304
17.3101755213 -2.34483136037e-05 -0.108281937904
17.3730073744 -2.31301715017e-05 -0.107939745672
17.4358392274 -2.28173081629e-05 -0.10759952569
17.4986710805 -2.25096205302e-05 -0.10726126315
17.5615029336 -2.22070078513e-05 -0.106924943354
17.6243347866 -2.19093716103e-05 -0.106590551714
17.6871666397 -2.16166154825e-05 -0.106258073749
17.7499984928 -2.13286452784e-05 -0.105927495089
17.8128303459 -2.10453688849e-05 -0.105598801474
17.8756621989 -2.07666962213e-05 -0.105271978751
17.938494052 -2.04925391785e-05 -0.104947012877
18.0013259051 -2.02228115889e-05 -0.104623889916
18.0641577581 -1.99574291608e-05 -0.104302596042
18.1269896112 -1.96963094377e-05 -0.103983117535
18.1898214643 -1.94393717594e-05 -0.103665440783
18.2526533174 -1.91865372106e-05 -0.103349552283
18.3154851704 -1.89377285835e-05 -0.103035438636
18.3783170235 -1.86928703352e-05 -0.102723086552
18.4411488766 -1.84518885442e-05 -0.102412482844
18.5039807296 -1.82147108783e-05 -0.102103614432
18.5668125827 -1.7981266546e-05 -0.101796468343
18.6296444358 -1.77514862738e-05 -0.101491031704
18.6924762889 -1.75253022539e-05 -0.101187291749
18.7553081419 -1.73026481241e-05 -0.100885235816
18.818139995 -1.70834589186e-05 -0.100584851345
18.8809718481 -1.68676710475e-05 -0.100286125878
18.9438037011 -1.66552222618e-05 -0.0999890470593
19.0066355542 -1.64460516121e-05 -0.0996936026346
19.0694674073 -1.62400994315e-05 -0.0993997804502
19.1322992604 -1.60373072946e-05 -0.0991075684527
19.1951311134 -1.58376179966e-05 -0.098816954688
19.2579629665 -1.56409755192e-05 -0.0985279273014
19.3207948196 -1.54473250014e-05 -0.098240474536
19.3836266726 -1.52566127234e-05 -0.0979545847328
19.4464585257 -1.50687860652e-05 -0.0976702463299
19.5092903788 -1.48837934901e-05 -0.0973874478619
19.5721222319 -1.47015845222e-05 -0.0971061779589
19.6349540849 -1.45221097156e-05 -0.0968264253464
19.697785938 -1.43453206292e-05 -0.0965481788443
19.7606177911 -1.41711698118e-05 -0.0962714273663
19.8234496442 -1.39996107755e-05 -0.0959961599193
19.8862814972 -1.38305979682e-05 -0.0957223656026
19.9491133503 -1.36640867634e-05 -0.0954500336074
20.0119452034 -1.35000334289e-05 -0.0951791532162
20.0747770564 -1.3338395112e-05 -0.0949097138016
20.1376089095 -1.31791298177e-05 -0.0946417048262
20.2004407626 -1.30221963968e-05 -0.0943751158419
20.2632726157 -1.28675545081e-05 -0.0941099364888
20.3261044687 -1.2715164619e-05 -0.093846156495
20.3889363218 -1.25649879807e-05 -0.0935837656754
20.4517681749 -1.24169866149e-05 -0.0933227539314
20.5146000279 -1.22711232855e-05 -0.0930631112504
20.577431881 -1.21273614901e-05 -0.0928048277045
20.6402637341 -1.1985665445e-05 -0.0925478934503
20.7030955872 -1.18460000689e-05 -0.0922922987281
20.7659274402 -1.17083309599e-05 -0.0920380338612
20.8287592933 -1.15726243921e-05 -0.0917850892552
20.8915911464 -1.14388472898e-05 -0.0915334553975
20.9544229994 -1.13069672247e-05 -0.0912831228562
21.0172548525 -1.11769523876e-05 -0.09103408228
21.0800867056 -1.10487715901e-05 -0.0907863243972
21.1429185587 -1.09223942397e-05 -0.090539840015
21.2057504117 -1.07977903303e-05 -0.0902946200187
21.2685822648 -1.06749304329e-05 -0.0900506553718
21.3314141179 -1.05537856818e-05 -0.0898079371143
21.3942459709 -1.04343277565e-05 -0.0895664563625
21.457077824 -1.03165288738e-05 -0.0893262043089
21.5199096771 -1.02003617872e-05 -0.0890871722204
21.5827415302 -1.00857997518e-05 -0.0888493514389
21.6455733832 -9.97281653614e-06 -0.0886127333794
21.7084052363 -9.86138639902e-06 -0.0883773095305
21.7712370894 -9.75148408511e-06 -0.0881430714528
21.8340689424 -9.64308480622e-06 -0.0879100107791
21.8969007955 -9.53616424493e-06 -0.0876781192133
21.9597326486 -9.43069852966e-06 -0.0874473885296
22.0225645017 -9.32666423825e-06 -0.0872178105725
22.0853963547 -9.22403837755e-06 -0.0869893772554
22.1482282078 -9.12279838428e-06 -0.0867620805608
22.2110600609 -9.02292210991e-06 -0.0865359125391
22.273891914 -8.92438781186e-06 -0.086310865308
22.336723767 -8.82717414807e-06 -0.0860869310524
22.3995556201 -8.7312601682e-06 -0.0858641020232
22.4623874732 -8.63662530559e-06 -0.0856423705372
22.5252193262 -8.54324936306e-06 -0.085421728976
22.5880511793 -8.4511125209e-06 -0.0852021697859
22.6508830324 -8.36019531025e-06 -0.084983685477
22.7137148855 -8.27047861396e-06 -0.0847662686228
22.7765467385 -8.18194366925e-06 -0.0845499118595
22.8393785916 -8.09457204376e-06 -0.0843346078854
22.9022104447 -8.00834563552e-06 -0.0841203494606
22.9650422977 -7.92324667298e-06 -0.0839071294062
23.0278741508 -7.83925769721e-06 -0.0836949406035
23.0907060039 -7.75636156636e-06 -0.0834837759943
23.153537857 -7.67454143613e-06 -0.0832736285792
23.21636971 -7.59378076864e-06 -0.083064491418
23.2792015631 -7.51406331823e-06 -0.0828563576286
23.3420334162 -7.43537311898e-06 -0.082649220387
23.4048652692 -7.35769449633e-06 -0.0824430729259
23.4676971223 -7.28101204661e-06 -0.0822379085351
23.5305289754 -7.20531063703e-06 -0.0820337205605
23.5933608285 -7.13057539947e-06 -0.0818305024036
23.6561926815 -7.0567917243e-06 -0.0816282475211
23.7190245346 -6.98394526566e-06 -0.0814269494244
23.7818563877 -6.91202191216e-06 -0.0812266016789
23.8446882407 -6.84100780735e-06 -0.0810271979036
23.9075200938 -6.77088933543e-06 -0.0808287317707
23.9703519469 -6.70165311156e-06 -0.0806311970052
24.0331838 -6.63328598272e-06 -0.080434587384
24.096015653 -6.56577502323e-06 -0.0802388967356
24.1588475061 -6.4991075277e-06 -0.0800441189403
24.2216793592 -6.43327100835e-06 -0.0798502479282
24.2845112122 -6.36825319145e-06 -0.0796572776804
24.3473430653 -6.30404201196e-06 -0.0794652022274
24.4101749184 -6.24062561183e-06 -0.0792740156489
24.4730067715 -6.17799233282e-06 -0.0790837120739
24.5358386245 -6.11613071033e-06 -0.0788942856794
24.5986704776 -6.05502947959e-06 -0.0787057306903
24.6615023307 -5.99467756235e-06 -0.0785180413797
24.7243341838 -5.93506406776e-06 -0.0783312120667
24.7871660368 -5.87617828529e-06 -0.0781452371177
24.8499978899 -5.81800968469e-06 -0.0779601109452
24.912829743 -5.76054791601e-06 -0.0777758280075
24.975661596 -5.70378279363e-06 -0.0775923828079
25.0384934491 -5.64770430866e-06 -0.0774097698948
25.1013253022 -5.59230261477e-06 -0.0772279838614
25.1641571553 -5.53756802635e-06 -0.0770470193444
25.2269890083 -5.48349102392e-06 -0.0768668710246
25.2898208614 -5.43006223808e-06 -0.0766875336259
25.3526527145 -5.37727246108e-06 -0.0765090019149
25.4154845675 -5.3251126273e-06 -0.0763312707011
25.4783164206 -5.2735738274e-06 -0.0761543348356
25.5411482737 -5.22264729241e-06 -0.0759781892115
25.6039801268 -5.17232439812e-06 -0.0758028287627
25.6668119798 -5.12259666152e-06 -0.0756282484646
25.7296438329 -5.07345573642e-06 -0.075454443333
25.792475686 -5.02489341336e-06 -0.0752814084234
25.855307539 -4.97690160994e-06 -0.0751091388316
25.9181393921 -4.92947237962e-06 -0.0749376296924
25.9809712452 -4.88259790554e-06 -0.0747668761799
26.0438030983 -4.83627048897e-06 -0.0745968735068
26.1066349513 -4.79048255997e-06 -0.0744276169241
26.1694668044 -4.7452266676e-06 -0.0742591017206
26.2322986575 -4.70049547907e-06 -0.0740913232233
26.2951305105 -4.65628178148e-06 -0.0739242767955
26.3579623636 -4.61257847384e-06 -0.0737579578383
26.4207942167 -4.56937856974e-06 -0.0735923617889
26.4836260698 -4.52667518935e-06 -0.073427484121
26.5464579228 -4.48446156565e-06 -0.073263320344
26.6092897759 -4.44273103462e-06 -0.0730998660029
26.672121629 -4.40147703973e-06 -0.072937116678
26.734953482 -4.36069312748e-06 -0.0727750679846
26.7977853351 -4.32037294296e-06 -0.0726137155724
26.8606171882 -4.28051023338e-06 -0.0724530551256
26.9234490413 -4.24109884012e-06 -0.0722930823622
26.9862808943 -4.20213270225e-06 -0.0721337930338
27.0491127474 -4.16360585209e-06 -0.0719751829257
27.1119446005 -4.12551241613e-06 -0.0718172478558
27.1747764536 -4.08784660966e-06 -0.071659983675
27.2376083066 -4.05060273767e-06 -0.0715033862665
27.3004401597 -4.01377519399e-06 -0.0713474515458
27.3632720128 -3.97735845503e-06 -0.07119217546
27.4261038658 -3.94134708603e-06 -0.0710375539881
27.4889357189 -3.90573573661e-06 -0.0708835831398
27.551767572 -3.8705191292e-06 -0.0707302589565
27.6145994251 -3.83569207685e-06 -0.0705775775098
27.6774312781 -3.80124946631e-06 -0.0704255349017
27.7402631312 -3.76718626072e-06 -0.0702741272649
27.8030949843 -3.73349750493e-06 -0.0701233507611
27.8659268373 -3.70017831219e-06 -0.0699732015822
27.9287586904 -3.66722387302e-06 -0.0698236759494
27.9915905435 -3.63462944986e-06 -0.0696747701127
28.0544223966 -3.60239037622e-06 -0.0695264803511
28.1172542496 -3.57050205579e-06 -0.069378802972
28.1800861027 -3.53895995975e-06 -0.0692317343112
28.2429179558 -3.50775962943e-06 -0.0690852707324
28.3057498088 -3.47689666746e-06 -0.0689394086271
28.3685816619 -3.44636674665e-06 -0.0687941444145
28.431413515 -3.41616560551e-06 -0.0686494745408
28.4942453681 -3.38628903851e-06 -0.0685053954792
28.5570772211 -3.35673290852e-06 -0.0683619037301
28.6199090742 -3.32749313614e-06 -0.06821899582
28.6827409273 -3.29856570591e-06 -0.0680766683019
28.7455727803 -3.26994665389e-06 -0.0679349177548
28.8084046334 -3.24163208276e-06 -0.0677937407836
28.8712364865 -3.21361814581e-06 -0.0676531340186
28.9340683396 -3.18590105763e-06 -0.0675130941158
28.9969001926 -3.15847708343e-06 -0.0673736177562
29.0597320457 -3.13134254615e-06 -0.0672347016455
29.1225638988 -3.10449381757e-06 -0.0670963425144
29.1853957518 -3.0779273299e-06 -0.066958537118
29.2482276049 -3.05163955705e-06 -0.0668212822355
29.311059458 -3.02562703158e-06 -0.0666845746703
29.3738913111 -2.99988633312e-06 -0.0665484112498
29.4367231641 -2.97441409014e-06 -0.0664127888246
29.4995550172 -2.94920697996e-06 -0.066277704269
29.5623868703 -2.92426172699e-06 -0.0661431544804
29.6252187234 -2.89957510358e-06 -0.0660091363792
29.6880505764 -2.87514392472e-06 -0.0658756469086
29.7508824295 -2.8509650587e-06 -0.0657426830345
29.8137142826 -2.82703540755e-06 -0.0656102417453
29.8765461356 -2.80335192659e-06 -0.065478320051
29.9393779887 -2.77991160669e-06 -0.0653469149842
30.0022098418 -2.75671148664e-06 -0.0652160235992
30.0650416949 -2.73374864346e-06 -0.0650856429717
30.1278735479 -2.71102020122e-06 -0.064955770199
30.190705401 -2.68852331509e-06 -0.0648264023996
30.2535372541 -2.66625518819e-06 -0.0646975367129
30.3163691071 -2.64421305829e-06 -0.0645691702995
30.3792009602 -2.62239420223e-06 -0.0644413003406
30.4420328133 -2.60079593772e-06 -0.0643139240376
30.5048646664 -2.5794156171e-06 -0.0641870386125
30.5676965194 -2.55825063e-06 -0.0640606413073
30.6305283725 -2.53729840072e-06 -0.0639347293844
30.6933602256 -2.51655639349e-06 -0.0638093001253
30.7561920786 -2.49602210101e-06 -0.0636843508317
30.8190239317 -2.47569306122e-06 -0.0635598788244
30.8818557848 -2.45556683076e-06 -0.0634358814439
30.9446876379 -2.43564101243e-06 -0.0633123560495
31.0075194909 -2.41591323569e-06 -0.0631893000194
31.070351344 -2.39638116728e-06 -0.063066710751
31.1331831971 -2.37704249884e-06 -0.0629445856598
31.1960150501 -2.35789495928e-06 -0.0628229221804
31.2588469032 -2.33893630863e-06 -0.062701717765
31.3216787563 -2.32016433088e-06 -0.0625809698845
31.3845106094 -2.30157684644e-06 -0.0624606760278
31.4473424624 -2.28317170414e-06 -0.0623408337012
31.5101743155 -2.26494677769e-06 -0.0622214404292
31.5730061686 -2.24689997719e-06 -0.0621024937536
31.6358380216 -2.22902923053e-06 -0.0619839912336
31.6986698747 -2.21133250289e-06 -0.0618659304456
31.7615017278 -2.19380778255e-06 -0.0617483089834
31.8243335809 -2.17645308265e-06 -0.0616311244573
31.8871654339 -2.15926645009e-06 -0.0615143744949
31.949997287 -2.14224594863e-06 -0.0613980567401
32.0128291401 -2.12538967048e-06 -0.0612821688534
32.0756609932 -2.1086957398e-06 -0.0611667085118
32.1384928462 -2.09216230118e-06 -0.0610516734086
32.2013246993 -2.07578751699e-06 -0.0609370612531
32.2641565524 -2.05956958421e-06 -0.0608228697705
32.3269884054 -2.04350671851e-06 -0.0607090967018
32.3898202585 -2.02759716039e-06 -0.0605957398042
32.4526521116 -2.01183917259e-06 -0.06048279685
32.5154839647 -1.99623104358e-06 -0.0603702656269
32.5783158177 -1.98077107783e-06 -0.0602581439382
32.6411476708 -1.96545760733e-06 -0.0601464296025
32.7039795239 -1.95028898631e-06 -0.060035120453
32.7668113769 -1.93526358672e-06 -0.0599242143381
32.82964323 -1.92037980185e-06 -0.0598137091212
32.8924750831 -1.90563604896e-06 -0.0597036026799
32.9553069362 -1.89103076487e-06 -0.0595938929071
33.0181387892 -1.87656240591e-06 -0.0594845777092
33.0809706423 -1.86222944532e-06 -0.0593756550079
33.1438024954 -1.84803038472e-06 -0.0592671227384
33.2066343484 -1.83396373465e-06 -0.0591589788503
33.2694662015 -1.8200280314e-06 -0.0590512213072
33.3322980546 -1.80622182899e-06 -0.0589438480864
33.3951299077 -1.79254369659e-06 -0.0588368571791
33.4579617607 -1.77899222464e-06 -0.05873024659
33.5207936138 -1.76556602227e-06 -0.0586240143375
33.5836254669 -1.75226371368e-06 -0.0585181584531
33.6464573199 -1.73908394352e-06 -0.0584126769819
33.709289173 -1.72602537063e-06 -0.0583075679822
33.7721210261 -1.71308667163e-06 -0.0582028295252
33.8349528792 -1.70026654445e-06 -0.0580984596951
33.8977847322 -1.68756369145e-06 -0.0579944565891
33.9606165853 -1.674976847e-06 -0.057890818317
34.0234484384 -1.66250474898e-06 -0.0577875430015
34.0862802914 -1.65014615927e-06 -0.0576846287775
34.1491121445 -1.63789984953e-06 -0.0575820737927
34.2119439976 -1.62576460916e-06 -0.0574798762071
34.2747758507 -1.61373924357e-06 -0.0573780341927
34.3376077037 -1.60182256881e-06 -0.057276545934
34.4004395568 -1.59001342315e-06 -0.0571754096273
34.4632714099 -1.57831065284e-06 -0.0570746234812
34.526103263 -1.56671312102e-06 -0.0569741857154
34.588935116 -1.55521970324e-06 -0.0568740945625
34.6517669691 -1.54382929285e-06 -0.0567743482659
34.7145988222 -1.53254079116e-06 -0.0566749450808
34.7774306752 -1.52135311637e-06 -0.0565758832741
34.8402625283 -1.51026520356e-06 -0.0564771611239
34.9030943814 -1.49927599313e-06 -0.0563787769195
34.9659262345 -1.48838444325e-06 -0.0562807289619
35.0287580875 -1.47758952362e-06 -0.0561830155626
35.0915899406 -1.46689021729e-06 -0.0560856350446
35.1544217937 -1.45628551884e-06 -0.0559885857415
35.2172536467 -1.44577443439e-06 -0.0558918659983
35.2800854998 -1.43535598518e-06 -0.0557954741701
35.3429173529 -1.4250292022e-06 -0.0556994086232
35.405749206 -1.4147931271e-06 -0.0556036677343
35.468581059 -1.40464681486e-06 -0.0555082498905
35.5314129121 -1.39458933024e-06 -0.0554131534897
35.5942447652 -1.3846197513e-06 -0.0553183769399
35.6570766182 -1.37473716588e-06 -0.0552239186595
35.7199084713 -1.36494067426e-06 -0.0551297770768
35.7827403244 -1.3552293856e-06 -0.0550359506306
35.8455721775 -1.3456024206e-06 -0.0549424377696
35.9084040305 -1.33605891062e-06 -0.0548492369525
35.9712358836 -1.32659799679e-06 -0.0547563466477
36.0340677367 -1.31721882912e-06 -0.0546637653334
36.0968995897 -1.30792057274e-06 -0.0545714914979
36.1597314428 -1.29870239718e-06 -0.0544795236388
36.2225632959 -1.28956348355e-06 -0.0543878602634
36.285395149 -1.28050302539e-06 -0.0542964998886
36.348227002 -1.27152022156e-06 -0.0542054410404
36.4110588551 -1.26261428335e-06 -0.0541146822544
36.4738907082 -1.25378442917e-06 -0.0540242220755
36.5367225612 -1.24502988808e-06 -0.0539340590578
36.5995544143 -1.23634990068e-06 -0.0538441917643
36.6623862674 -1.22774370581e-06 -0.0537546187677
36.7252181205 -1.21921056895e-06 -0.053665338649
36.7880499735 -1.21074974846e-06 -0.0535763499982
36.8508818266 -1.20236051782e-06 -0.0534876514145
36.9137136797 -1.19404215848e-06 -0.0533992415059
36.9765455328 -1.18579395902e-06 -0.0533111188889
37.0393773858 -1.17761522134e-06 -0.0532232821887
37.1022092389 -1.16950524731e-06 -0.0531357300391
37.165041092 -1.16146335216e-06 -0.0530484610826
37.227872945 -1.15348885732e-06 -0.05296147397
37.2907047981 -1.14558109487e-06 -0.0528747673603
37.3535366512 -1.13773939869e-06 -0.0527883399213
37.4163685043 -1.12996311685e-06 -0.0527021903287
37.4792003573 -1.12225160098e-06 -0.0526163172667
37.5420322104 -1.11460420982e-06 -0.0525307194272
37.6048640635 -1.10702031275e-06 -0.0524453955108
37.6676959165 -1.09949928273e-06 -0.0523603442255
37.7305277696 -1.09204050336e-06 -0.0522755642878
37.7933596227 -1.08464336179e-06 -0.0521910544217
37.8561914758 -1.0773072523e-06 -0.0521068133592
37.9190233288 -1.07003158245e-06 -0.0520228398401
37.9818551819 -1.06281575629e-06 -0.0519391326121
38.044687035 -1.05565919295e-06 -0.0518556904301
38.107518888 -1.04856131422e-06 -0.0517725120571
38.1703507411 -1.04152154812e-06 -0.0516895962635
38.2331825942 -1.03453933153e-06 -0.0516069418268
38.2960144473 -1.02761410492e-06 -0.0515245475325
38.3588463003 -1.02074531849e-06 -0.0514424121734
38.4216781534 -1.0139324278e-06 -0.0513605345494
38.4845100065 -1.00717488749e-06 -0.0512789134677
38.5473418595 -1.00047217e-06 -0.0511975477429
38.6101737126 -9.93823745965e-07 -0.0511164361967
38.6730055657 -9.87229092253e-07 -0.0510355776579
38.7358374188 -9.80687695495e-07 -0.0509549709621
38.7986692718 -9.74199042325e-07 -0.0508746149525
38.8615011249 -9.67762630921e-07 -0.050794508479
38.924332978 -9.61377961239e-07 -0.0507146503979
38.987164831 -9.55044541229e-07 -0.0506350395731
39.0499966841 -9.48761880615e-07 -0.0505556748748
39.1128285372 -9.42529498893e-07 -0.0504765551805
39.1756603903 -9.36346917335e-07 -0.0503976793737
39.2384922433 -9.30213667871e-07 -0.0503190463453
39.3013240964 -9.24129276214e-07 -0.050240654992
39.3641559495 -9.18093289393e-07 -0.0501625042179
39.4269878026 -9.12105244666e-07 -0.0500845929329
39.4898196556 -9.06164691727e-07 -0.0500069200539
39.5526515087 -9.002711856e-07 -0.0499294845041
39.6154833618 -8.94424281306e-07 -0.0498522852125
39.6783152148 -8.88623543638e-07 -0.0497753211154
39.7411470679 -8.82868540941e-07 -0.0496985911547
39.803978921 -8.77158846002e-07 -0.0496220942787
39.8668107741 -8.7149403516e-07 -0.0495458294418
39.9296426271 -8.65873688305e-07 -0.0494697956048
39.9924744802 -8.60297393324e-07 -0.0493939917346
40.0553063333 -8.54764739877e-07 -0.0493184168035
40.1181381863 -8.49275323844e-07 -0.049243069791
40.1809700394 -8.43828743768e-07 -0.0491679496816
40.2438018925 -8.38424605298e-07 -0.0490930554657
40.3066337456 -8.33062513195e-07 -0.0490183861405
40.3694655986 -8.27742081988e-07 -0.048943940708
40.4322974517 -8.22462925321e-07 -0.0488697181767
40.4951293048 -8.17224665717e-07 -0.0487957175607
40.5579611578 -8.12026927477e-07 -0.0487219378794
40.6207930109 -8.06869337566e-07 -0.0486483781584
40.683624864 -8.01751530055e-07 -0.048575037429
40.7464567171 -7.9667314079e-07 -0.0485019147274
40.8092885701 -7.91633806507e-07 -0.0484290090961
40.8721204232 -7.86633175487e-07 -0.0483563195828
40.9349522763 -7.81670895122e-07 -0.0482838452408
40.9977841293 -7.76746612807e-07 -0.0482115851285
41.0606159824 -7.71859989257e-07 -0.0481395383102
41.1234478355 -7.67010676306e-07 -0.0480677038553
41.1862796886 -7.62198340887e-07 -0.0479960808382
41.2491115416 -7.57422649045e-07 -0.0479246683396
41.3119433947 -7.52683265048e-07 -0.0478534654442
41.3747752478 -7.47979869153e-07 -0.0477824712429
41.4376071008 -7.43312130957e-07 -0.0477116848311
41.5004389539 -7.38679732493e-07 -0.0476411053098
41.563270807 -7.34082357567e-07 -0.0475707317848
41.6261026601 -7.29519692655e-07 -0.0475005633674
41.6889345131 -7.24991421563e-07 -0.0474305991733
41.7517663662 -7.20497244089e-07 -0.0473608383237
41.8145982193 -7.16036853809e-07 -0.0472912799447
41.8774300724 -7.11609947857e-07 -0.0472219231673
41.9402619254 -7.07216231355e-07 -0.0471527671271
42.0030937785 -7.02855403212e-07 -0.047083810965
42.0659256316 -6.98527178322e-07 -0.0470150538264
42.1287574846 -6.94231265363e-07 -0.0469464948617
42.1915893377 -6.8996737923e-07 -0.046878133226
42.2544211908 -6.8573523393e-07 -0.0468099680792
42.3172530439 -6.81534552349e-07 -0.0467419985857
42.3800848969 -6.7736505649e-07 -0.046674223915
42.44291675 -6.73226472792e-07 -0.0466066432405
42.5057486031 -6.69118530361e-07 -0.0465392557408
42.5685804561 -6.65040955639e-07 -0.0464720605991
42.6314123092 -6.609934875e-07 -0.0464050570027
42.6942441623 -6.56975859492e-07 -0.0463382441437
42.7570760154 -6.52987813154e-07 -0.0462716212187
42.8199078684 -6.49029090916e-07 -0.0462051874286
42.8827397215 -6.45099434315e-07 -0.0461389419788
42.9455715746 -6.41198592e-07 -0.0460728840793
43.0084034276 -6.37326315278e-07 -0.046007012944
43.0712352807 -6.33482353685e-07 -0.0459413277913
43.1340671338 -6.29666462082e-07 -0.0458758278441
43.1968989869 -6.25878398886e-07 -0.0458105123293
43.2597308399 -6.22117924287e-07 -0.0457453804786
43.322562693 -6.1838479759e-07 -0.045680431527
43.3853945461 -6.14678785205e-07 -0.0456156647143
43.4482263991 -6.10999653539e-07 -0.0455510792844
43.5110582522 -6.07347173442e-07 -0.0454866744852
43.5738901053 -6.03721110437e-07 -0.0454224495688
43.6367219584 -6.00121242478e-07 -0.0453584037911
43.6995538114 -5.96547346632e-07 -0.0452945364126
43.7623856645 -5.92999197302e-07 -0.0452308466973
43.8252175176 -5.89476576884e-07 -0.0451673339135
43.8880493706 -5.85979268664e-07 -0.0451039973331
43.9508812237 -5.82507055036e-07 -0.0450408362325
44.0137130768 -5.79059722838e-07 -0.0449778498913
44.0765449299 -5.75637063349e-07 -0.0449150375936
44.1393767829 -5.7223886607e-07 -0.0448523986273
44.202208636 -5.68864923167e-07 -0.0447899322836
44.2650404891 -5.65515028583e-07 -0.044727637858
44.3278723422 -5.62188982478e-07 -0.0446655146498
44.3907041952 -5.58886579682e-07 -0.0446035619619
44.4535360483 -5.55607623021e-07 -0.0445417791009
44.5163679014 -5.52351917982e-07 -0.044480165377
44.5791997544 -5.4911926739e-07 -0.0444187201045
44.6420316075 -5.45909476735e-07 -0.0443574426009
44.7048634606 -5.42722355057e-07 -0.0442963321875
44.7676953137 -5.39557713175e-07 -0.0442353881897
44.8305271667 -5.36415366348e-07 -0.0441746099355
44.8933590198 -5.33295120952e-07 -0.0441139967571
44.9561908729 -5.3019680113e-07 -0.0440535479906
45.0190227259 -5.27120217697e-07 -0.0439932629746
45.081854579 -5.24065195684e-07 -0.0439331410519
45.1446864321 -5.21031551237e-07 -0.043873181569
45.2075182852 -5.18019112938e-07 -0.0438133838752
45.2703501382 -5.15027698711e-07 -0.0437537473235
45.3331819913 -5.12057138025e-07 -0.0436942712701
45.3960138444 -5.09107262125e-07 -0.0436349550754
45.4588456974 -5.06177895154e-07 -0.0435757981018
45.5216775505 -5.03268871022e-07 -0.0435167997165
45.5845094036 -5.00380021862e-07 -0.0434579592891
45.6473412567 -4.97511180697e-07 -0.0433992761924
45.7101731097 -4.94662184991e-07 -0.0433407498031
45.7730049628 -4.91832871319e-07 -0.0432823795011
45.8358368159 -4.89023081585e-07 -0.0432241646688
45.8986686689 -4.86232652364e-07 -0.0431661046924
45.961500522 -4.83461430001e-07 -0.0431081989611
46.0243323751 -4.80709253736e-07 -0.0430504468679
46.0871642282 -4.77975969915e-07 -0.0429928478078
46.1499960812 -4.7526142577e-07 -0.0429354011798
46.2128279343 -4.72565468534e-07 -0.0428781063856
46.2756597874 -4.69887948995e-07 -0.0428209628303
46.3384916404 -4.67228717049e-07 -0.042763969922
46.4013234935 -4.64587623483e-07 -0.0427071270715
46.4641553466 -4.61964522636e-07 -0.042650433693
46.5269871997 -4.5935927151e-07 -0.0425938892037
46.5898190527 -4.56771723556e-07 -0.0425374930237
46.6526509058 -4.54201736666e-07 -0.0424812445761
46.7154827589 -4.51649172284e-07 -0.0424251432867
46.778314612 -4.49113890078e-07 -0.0423691885847
46.841146465 -4.46595750603e-07 -0.042313379902
46.9039783181 -4.44094614416e-07 -0.0422577166734
46.9668101712 -4.41610349178e-07 -0.0422021983363
47.0296420242 -4.39142818998e-07 -0.0421468243316
47.0924738773 -4.36691887984e-07 -0.0420915941025
47.1553057304 -4.34257429127e-07 -0.0420365070952
47.2181375835 -4.31839309201e-07 -0.0419815627589
47.2809694365 -4.29437394978e-07 -0.0419267605453
47.3438012896 -4.27051564778e-07 -0.0418720999089
47.4066331427 -4.24681685374e-07 -0.0418175803072
47.4694649957 -4.22327632421e-07 -0.0417632012005
47.5322968488 -4.19989279798e-07 -0.041708962051
47.5951287019 -4.17666507602e-07 -0.0416548623248
47.657960555 -4.15359190598e-07 -0.0416009014898
47.720792408 -4.13067205329e-07 -0.0415470790172
47.7836242611 -4.10790432781e-07 -0.0414933943802
47.8464561142 -4.08528754825e-07 -0.0414398470551
47.9092879672 -4.06282049781e-07 -0.0413864365209
47.9721198203 -4.04050203962e-07 -0.0413331622589
48.0349516734 -4.01833099239e-07 -0.041280023753
48.0977835265 -3.99630620151e-07 -0.0412270204897
48.1606153795 -3.97442653011e-07 -0.0411741519586
48.2234472326 -3.95269087683e-07 -0.041121417651
48.2862790857 -3.93109806929e-07 -0.0410688170613
48.3491109387 -3.9096470239e-07 -0.0410163496861
48.4119427918 -3.88833662157e-07 -0.0409640150247
48.4747746449 -3.86716581424e-07 -0.0409118125786
48.537606498 -3.84613349169e-07 -0.0408597418524
48.600438351 -3.82523857922e-07 -0.0408078023526
48.6632702041 -3.80448002879e-07 -0.040755993588
48.7261020572 -3.78385676569e-07 -0.0407043150702
48.7889339102 -3.76336776853e-07 -0.0406527663134
48.8517657633 -3.74301198036e-07 -0.0406013468334
48.9145976164 -3.72278841532e-07 -0.0405500561495
48.9774294695 -3.70269602534e-07 -0.0404988937821
49.0402613225 -3.68273382456e-07 -0.0404478592547
49.1030931756 -3.66290080933e-07 -0.0403969520934
49.1659250287 -3.64319596713e-07 -0.0403461718258
49.2287568818 -3.62361835649e-07 -0.0402955179826
49.2915887348 -3.60416699152e-07 -0.0402449900962
49.3544205879 -3.58484091301e-07 -0.0401945877016
49.417252441 -3.56563914394e-07 -0.040144310336
49.480084294 -3.54656075174e-07 -0.0400941575388
49.5429161471 -3.52760480382e-07 -0.0400441288515
49.6057480002 -3.50877039423e-07 -0.0399942238183
49.6685798533 -3.49005657263e-07 -0.0399444419852
49.7314117063 -3.47146242419e-07 -0.0398947829004
49.7942435594 -3.45298706961e-07 -0.0398452461144
49.8570754125 -3.43462958519e-07 -0.0397958311802
49.9199072655 -3.41638910051e-07 -0.0397465376521
49.9827391186 -3.39826471851e-07 -0.0396973650873
50.0455709717 -3.38025557767e-07 -0.0396483130452
50.1084028248 -3.36236080756e-07 -0.0395993810864
50.1712346778 -3.34457953777e-07 -0.0395505687748
50.2340665309 -3.32691094229e-07 -0.0395018756756
50.296898384 -3.3093541596e-07 -0.0394533013562
50.359730237 -3.29190836368e-07 -0.0394048453863
50.4225620901 -3.27457271965e-07 -0.0393565073377
50.4853939432 -3.25734641926e-07 -0.0393082867837
50.5482257963 -3.24022862763e-07 -0.0392601833001
50.6110576493 -3.2232185454e-07 -0.039212196465
50.6738895024 -3.20631536432e-07 -0.0391643258579
50.7367213555 -3.18951828504e-07 -0.0391165710606
50.7995532085 -3.17282656148e-07 -0.0390689316566
50.8623850616 -3.1562393854e-07 -0.0390214072319
50.9252169147 -3.13975596633e-07 -0.038973997374
50.9880487678 -3.12337554931e-07 -0.0389267016729
51.0508806208 -3.10709738827e-07 -0.0388795197196
51.1137124739 -3.09092072825e-07 -0.0388324511079
51.176544327 -3.07484479656e-07 -0.0387854954331
51.23937618 -3.05886887375e-07 -0.0387386522928
51.3022080331 -3.04299224041e-07 -0.0386919212859
51.3650398862 -3.02721412382e-07 -0.0386453020137
51.4278717393 -3.01153382232e-07 -0.038598794079
51.4907035923 -2.99595063424e-07 -0.0385523970868
51.5535354454 -2.98046383129e-07 -0.0385061106437
51.6163672985 -2.96507272957e-07 -0.0384599343582
51.6791991516 -2.94977660076e-07 -0.0384138678407
51.7420310046 -2.93457477873e-07 -0.0383679107034
51.8048628577 -2.91946655295e-07 -0.0383220625603
51.8676947108 -2.90445127504e-07 -0.0382763230272
51.9305265638 -2.88952823446e-07 -0.0382306917218
51.9933584169 -2.8746968006e-07 -0.038185168263
52.05619027 -2.85995626292e-07 -0.0381397522723
52.1190221231 -2.84530601746e-07 -0.0380944433726
52.1818539761 -2.83074535368e-07 -0.0380492411881
52.2446858292 -2.81627367649e-07 -0.0380041453458
52.3075176823 -2.80189031976e-07 -0.0379591554735
52.3703495353 -2.78759463512e-07 -0.037914271201
52.4331813884 -2.77338600085e-07 -0.0378694921597
52.4960132415 -2.75926382187e-07 -0.0378248179829
52.5588450946 -2.74522743204e-07 -0.0377802483057
52.6216769476 -2.73127623629e-07 -0.0377357827645
52.6845088007 -2.71740961288e-07 -0.0376914209975
52.7473406538 -2.70362697563e-07 -0.0376471626447
52.8101725068 -2.68992773833e-07 -0.0376030073479
52.8730043599 -2.67631125261e-07 -0.0375589547499
52.935836213 -2.66277697669e-07 -0.0375150044958
52.9986680661 -2.64932428884e-07 -0.0374711562318
53.0614999191 -2.63595263839e-07 -0.0374274096063
53.1243317722 -2.62266142137e-07 -0.0373837642689
53.1871636253 -2.60945011377e-07 -0.0373402198707
53.2499954783 -2.59631808497e-07 -0.0372967760648
53.3128273314 -2.58326481983e-07 -0.0372534325052
53.3756591845 -2.57028974104e-07 -0.0372101888487
53.4384910376 -2.55739230681e-07 -0.037167044752
53.5013228906 -2.54457196647e-07 -0.0371239998746
53.5641547437 -2.53182816934e-07 -0.0370810538776
53.6269865968 -2.51916038252e-07 -0.0370382064222
53.6898184498 -2.50656806422e-07 -0.0369954571729
53.7526503029 -2.49405070818e-07 -0.0369528057949
53.815482156 -2.48160774596e-07 -0.0369102519546
53.8783140091 -2.46923868907e-07 -0.0368677953205
53.9411458621 -2.4569430046e-07 -0.036825435562
54.0039777152 -2.44472017741e-07 -0.0367831723508
54.0668095683 -2.43256971899e-07 -0.0367410053593
54.1296414214 -2.42049109644e-07 -0.0366989342616
54.1924732744 -2.40848383015e-07 -0.0366569587334
54.2553051275 -2.39654741385e-07 -0.036615078452
54.3181369806 -2.38468135016e-07 -0.0365732930955
54.3809688336 -2.37288516836e-07 -0.0365316023441
54.4438006867 -2.36115835328e-07 -0.0364900058792
54.5066325398 -2.34950046085e-07 -0.0364485033833
54.5694643929 -2.33791098481e-07 -0.0364070945411
54.6322962459 -2.32638944553e-07 -0.0363657790375
54.695128099 -2.31493539005e-07 -0.0363245565602
54.7579599521 -2.30354836539e-07 -0.0362834267972
54.8207918051 -2.29222788306e-07 -0.0362423894384
54.8836236582 -2.28097349009e-07 -0.0362014441749
54.9464555113 -2.26978475126e-07 -0.036160590699
55.0092873644 -2.25866119585e-07 -0.0361198287049
55.0721192174 -2.24760237977e-07 -0.0360791578877
55.1349510705 -2.23660785004e-07 -0.0360385779439
55.1977829236 -2.22567718922e-07 -0.0359980885713
55.2606147766 -2.21480993545e-07 -0.0359576894694
55.3234466297 -2.2040056713e-07 -0.0359173803383
55.3862784828 -2.19326396156e-07 -0.0358771608803
55.4491103359 -2.18258437101e-07 -0.0358370307982
55.5119421889 -2.17196649999e-07 -0.0357969897968
55.574774042 -2.16140988663e-07 -0.0357570375814
55.6376058951 -2.15091417566e-07 -0.0357171738593
55.7004377481 -2.14047889635e-07 -0.035677398339
55.7632696012 -2.1301036579e-07 -0.0356377107299
55.8261014543 -2.11978806064e-07 -0.0355981107428
55.8889333074 -2.10953167823e-07 -0.0355585980897
55.9517651604 -2.09933416428e-07 -0.035519172484
56.0145970135 -2.08919504807e-07 -0.0354798336407
56.0774288666 -2.07911399208e-07 -0.0354405812752
56.1402607196 -2.06909054334e-07 -0.0354014151046
56.2030925727 -2.05912440876e-07 -0.0353623348473
56.2659244258 -2.04921510871e-07 -0.0353233402229
56.3287562789 -2.03936229681e-07 -0.0352844309519
56.3915881319 -2.02956560891e-07 -0.0352456067562
56.454419985 -2.01982467196e-07 -0.0352068673593
56.5172518381 -2.01013908629e-07 -0.0351682124852
56.5800836912 -2.00050848775e-07 -0.0351296418595
56.6429155442 -1.99093251219e-07 -0.035091155209
56.7057473973 -1.98141077767e-07 -0.0350527522612
56.7685792504 -1.97194296447e-07 -0.0350144327453
56.8314111034 -1.96252867291e-07 -0.0349761963917
56.8942429565 -1.95316756546e-07 -0.0349380429315
56.9570748096 -1.94385928687e-07 -0.0348999720972
57.0199066627 -1.93460349074e-07 -0.0348619836223
57.0827385157 -1.92539980404e-07 -0.0348240772418
57.1455703688 -1.9162479159e-07 -0.0347862526916
57.2084022219 -1.90714744441e-07 -0.0347485097084
57.2712340749 -1.89809808759e-07 -0.0347108480309
57.334065928 -1.88909948129e-07 -0.0346732673978
57.3968977811 -1.88015130576e-07 -0.0346357675496
57.4597296342 -1.8712532146e-07 -0.0345983482277
57.5225614872 -1.86240489697e-07 -0.0345610091751
57.5853933403 -1.85360599758e-07 -0.0345237501349
57.6482251934 -1.84485620558e-07 -0.0344865708519
57.7110570464 -1.83615519234e-07 -0.034449471072
57.7738888995 -1.82750267363e-07 -0.0344124505422
57.8367207526 -1.81889830309e-07 -0.0343755090102
57.8995526057 -1.81034174318e-07 -0.034338646225
57.9623844587 -1.8018327097e-07 -0.0343018619368
58.0252163118 -1.79337088291e-07 -0.0342651558969
58.0880481649 -1.78495596082e-07 -0.0342285278569
58.1508800179 -1.77658762368e-07 -0.0341919775703
58.213711871 -1.76826557841e-07 -0.0341555047915
58.2765437241 -1.75998954965e-07 -0.0341191092753
58.3393755772 -1.75175917327e-07 -0.0340827907782
58.4022074302 -1.74357421834e-07 -0.0340465490577
58.4650392833 -1.73543435622e-07 -0.0340103838719
58.5278711364 -1.72733929382e-07 -0.0339742949798
58.5907029894 -1.71928875581e-07 -0.0339382821421
58.6535348425 -1.71128244908e-07 -0.0339023451201
58.7163666956 -1.70332006277e-07 -0.033866483676
58.7791985487 -1.69540135708e-07 -0.033830697573
58.8420304017 -1.68752603003e-07 -0.0337949865754
58.9048622548 -1.6796937885e-07 -0.0337593504486
58.9676941079 -1.67190435718e-07 -0.0337237889587
59.030525961 -1.66415748737e-07 -0.0336883018728
59.093357814 -1.65645289485e-07 -0.0336528889591
59.1561896671 -1.64879029541e-07 -0.0336175499866
59.2190215202 -1.6411694137e-07 -0.0335822847257
59.2818533732 -1.63359000105e-07 -0.033547092947
59.3446852263 -1.62605179099e-07 -0.0335119744225
59.4075170794 -1.61855452596e-07 -0.0334769289251
59.4703489325 -1.61109792174e-07 -0.0334419562288
59.5331807855 -1.60368173852e-07 -0.033407056108
59.5960126386 -1.59630570096e-07 -0.0333722283386
59.6588444917 -1.58896956926e-07 -0.0333374726972
59.7216763447 -1.58167308584e-07 -0.0333027889611
59.7845081978 -1.57441599313e-07 -0.0332681769086
59.8473400509 -1.56719804245e-07 -0.0332336363193
59.910171904 -1.56001899398e-07 -0.0331991669733
59.973003757 -1.55287859016e-07 -0.0331647686516
60.0358356101 -1.54577660005e-07 -0.0331304411363
60.0986674632 -1.53871277497e-07 -0.0330961842101
60.1614993162 -1.53168686623e-07 -0.0330619976567
60.2243311693 -1.52469863401e-07 -0.0330278812612
60.2871630224 -1.51774785628e-07 -0.0329938348087
60.3499948755 -1.51083426658e-07 -0.0329598580856
60.4128267285 -1.50395766951e-07 -0.0329259508792
60.4756585816 -1.49711781638e-07 -0.0328921129777
60.5384904347 -1.49031445851e-07 -0.0328583441697
60.6013222877 -1.48354740048e-07 -0.0328246442452
60.6641541408 -1.47681639362e-07 -0.032791012995
60.7269859939 -1.47012120699e-07 -0.0327574502104
60.789817847 -1.46346162744e-07 -0.0327239556838
60.8526497 -1.45683744179e-07 -0.0326905292082
60.9154815531 -1.45024841025e-07 -0.0326571705779
60.9783134062 -1.44369431077e-07 -0.0326238795874
61.0411452592 -1.43717495682e-07 -0.0325906560325
61.1039771123 -1.43069009084e-07 -0.0325574997096
61.1668089654 -1.4242395352e-07 -0.0325244104161
61.2296408185 -1.41782306784e-07 -0.0324913879498
61.2924726715 -1.41144044896e-07 -0.0324584321098
61.3553045246 -1.40509149205e-07 -0.0324255426959
61.4181363777 -1.39877599281e-07 -0.0323927195082
61.4809682308 -1.39249372921e-07 -0.0323599623483
61.5438000838 -1.3862445325e-07 -0.0323272710182
61.6066319369 -1.38002813621e-07 -0.0322946453206
61.66946379 -1.37384438936e-07 -0.0322620850593
61.732295643 -1.36769306103e-07 -0.0322295900386
61.7951274961 -1.36157396469e-07 -0.0321971600638
61.8579593492 -1.35548690494e-07 -0.0321647949407
61.9207912023 -1.34943169527e-07 -0.0321324944763
61.9836230553 -1.34340810476e-07 -0.0321002584777
62.0464549084 -1.33741597352e-07 -0.0320680867534
62.1092867615 -1.33145507952e-07 -0.0320359791125
62.1721186145 -1.32552527177e-07 -0.0320039353645
62.2349504676 -1.31962629268e-07 -0.0319719553199
62.2977823207 -1.31375802681e-07 -0.0319400387903
62.3606141738 -1.30792026098e-07 -0.0319081855871
62.4234460268 -1.30211279981e-07 -0.0318763955235
62.4862778799 -1.29633545676e-07 -0.0318446684127
62.549109733 -1.29058804532e-07 -0.0318130040692
62.611941586 -1.28487043227e-07 -0.0317814023076
62.6747734391 -1.27918236892e-07 -0.0317498629437
62.7376052922 -1.27352371315e-07 -0.0317183857938
62.8004371453 -1.26789426069e-07 -0.031686970675
62.8632689983 -1.26229386055e-07 -0.0316556174048
62.9261008514 -1.25672233509e-07 -0.0316243258021
62.9889327045 -1.25117951555e-07 -0.0315930956861
63.0517645575 -1.24566519766e-07 -0.0315619268764
63.1145964106 -1.24017922154e-07 -0.0315308191937
63.1774282637 -1.23472142732e-07 -0.0314997724594
63.2402601168 -1.22929163737e-07 -0.0314687864953
63.3030919698 -1.22388969181e-07 -0.0314378611245
63.3659238229 -1.21851541302e-07 -0.0314069961698
63.428755676 -1.21316864998e-07 -0.0313761914555
63.491587529 -1.20784920732e-07 -0.0313454468064
63.5544193821 -1.20255694291e-07 -0.0313147620479
63.6172512352 -1.1972916969e-07 -0.0312841370058
63.6800830883 -1.1920533094e-07 -0.0312535715072
63.7429149413 -1.18684162054e-07 -0.0312230653793
63.8057467944 -1.18165642604e-07 -0.0311926184502
63.8685786475 -1.17649763709e-07 -0.0311622305487
63.9314105006 -1.17136504052e-07 -0.0311319015041
63.9942423536 -1.16625851199e-07 -0.0311016311464
64.0570742067 -1.1611779005e-07 -0.0310714193065
64.1199060598 -1.15612301066e-07 -0.0310412658154
64.1827379128 -1.15109373588e-07 -0.0310111705054
64.2455697659 -1.14608988966e-07 -0.0309811332088
64.308401619 -1.1411113654e-07 -0.0309511537592
64.3712334721 -1.13615796771e-07 -0.0309212319904
64.4340653251 -1.13122955447e-07 -0.0308913677368
64.4968971782 -1.12632601024e-07 -0.0308615608337
64.5597290313 -1.1214471396e-07 -0.0308318111168
64.6225608843 -1.11659285373e-07 -0.0308021184224
64.6853927374 -1.11176295725e-07 -0.0307724825876
64.7482245905 -1.1069573258e-07 -0.0307429034502
64.8110564436 -1.10217583504e-07 -0.0307133808484
64.8738882966 -1.09741833398e-07 -0.0306839146207
64.9367201497 -1.09268463611e-07 -0.0306545046071
64.9995520028 -1.08797465259e-07 -0.0306251506476
65.0623838558 -1.08328823245e-07 -0.0305958525826
65.1252157089 -1.07862522469e-07 -0.0305666102534
65.188047562 -1.07398552274e-07 -0.0305374235021
65.2508794151 -1.06936896671e-07 -0.0305082921712
65.3137112681 -1.06477540562e-07 -0.0304792161037
65.3765431212 -1.06020474178e-07 -0.0304501951431
65.4393749743 -1.05565682418e-07 -0.0304212291337
65.5022068273 -1.05113152848e-07 -0.0303923179205
65.5650386804 -1.04662868594e-07 -0.0303634613487
65.6278705335 -1.04214821661e-07 -0.0303346592645
65.6907023866 -1.03768995174e-07 -0.0303059115144
65.7535342396 -1.03325379364e-07 -0.0302772179455
65.8163660927 -1.02883958242e-07 -0.0302485784052
65.8791979458 -1.02444723815e-07 -0.0302199927422
65.9420297988 -1.02007657432e-07 -0.0301914608055
66.0048616519 -1.01572749323e-07 -0.0301629824438
66.067693505 -1.0113998794e-07 -0.0301345575074
66.1305253581 -1.00709362627e-07 -0.0301061858472
66.1933572111 -1.00280856508e-07 -0.0300778673138
66.2561890642 -9.98544598119e-08 -0.0300496017589
66.3190209173 -9.94301592172e-08 -0.0300213890348
66.3818527704 -9.90079431773e-08 -0.0299932289941
66.4446846234 -9.85878019222e-08 -0.0299651214902
66.5075164765 -9.81697194646e-08 -0.0299370663766
66.5703483296 -9.77536869229e-08 -0.029909063508
66.6331801826 -9.73396900861e-08 -0.0298811127392
66.6960120357 -9.69277209606e-08 -0.0298532139254
66.7588438888 -9.65177653356e-08 -0.0298253669229
66.8216757419 -9.61098116647e-08 -0.0297975715879
66.8845075949 -9.57038492899e-08 -0.0297698277775
66.947339448 -9.5299867553e-08 -0.029742135349
67.0101713011 -9.48978513549e-08 -0.0297144941608
67.0730031541 -9.44977953665e-08 -0.0296869040714
67.1358350072 -9.40996836007e-08 -0.0296593649397
67.1986668603 -9.37035089521e-08 -0.0296318766254
67.2614987134 -9.33092554334e-08 -0.0296044389887
67.3243305664 -9.2916915051e-08 -0.0295770518902
67.3871624195 -9.25264780349e-08 -0.0295497151909
67.4499942726 -9.21379319507e-08 -0.0295224287526
67.5128261256 -9.17512679166e-08 -0.0294951924374
67.5756579787 -9.13664734981e-08 -0.0294680061077
67.6384898318 -9.09835362606e-08 -0.0294408696271
67.7013216849 -9.06024499869e-08 -0.0294137828589
67.7641535379 -9.02232013544e-08 -0.0293867456674
67.826985391 -8.98457814813e-08 -0.029359757917
67.8898172441 -8.9470177933e-08 -0.0293328194731
67.9526490971 -8.90963844924e-08 -0.0293059302012
68.0154809502 -8.87243860603e-08 -0.0292790899672
68.0783128033 -8.83541746433e-08 -0.0292522986382
68.1411446564 -8.79857422476e-08 -0.0292255560807
68.2039765094 -8.76190764387e-08 -0.0291988621625
68.2668083625 -8.72541701114e-08 -0.0291722167515
68.3296402156 -8.68910081664e-08 -0.0291456197163
68.3924720686 -8.65295843866e-08 -0.0291190709258
68.4553039217 -8.6169889002e-08 -0.0290925702494
68.5181357748 -8.5811914019e-08 -0.029066117557
68.5809676279 -8.54556452268e-08 -0.0290397127193
68.6437994809 -8.51010755198e-08 -0.0290133556065
68.706631334 -8.47481977928e-08 -0.0289870460903
68.7694631871 -8.43969969466e-08 -0.0289607840424
68.8322950402 -8.40474694286e-08 -0.0289345693351
68.8951268932 -8.36996028042e-08 -0.0289084018408
68.9579587463 -8.3353389968e-08 -0.0288822814328
69.0207905994 -8.30088202619e-08 -0.0288562079847
69.0836224524 -8.26658839159e-08 -0.0288301813705
69.1464543055 -8.23245720483e-08 -0.0288042014647
69.2092861586 -8.19848784417e-08 -0.0287782681419
69.2721180117 -8.16467888853e-08 -0.028752381278
69.3349498647 -8.13103016029e-08 -0.0287265407484
69.3977817178 -8.0975400607e-08 -0.0287007464295
69.4606135709 -8.06420823452e-08 -0.0286749981982
69.5234454239 -8.03103343827e-08 -0.0286492959311
69.586277277 -7.99801513907e-08 -0.0286236395061
69.6491091301 -7.96515218227e-08 -0.0285980288014
69.7119409832 -7.93244403496e-08 -0.0285724636947
69.7747728362 -7.89988945371e-08 -0.0285469440656
69.8376046893 -7.86748772796e-08 -0.028521469793
69.9004365424 -7.83523832482e-08 -0.0284960407568
69.9632683954 -7.80314008964e-08 -0.0284706568367
70.0261002485 -7.77119231188e-08 -0.0284453179135
70.0889321016 -7.73939401455e-08 -0.0284200238685
70.1517639547 -7.70774439829e-08 -0.0283947745828
70.2145958077 -7.67624310782e-08 -0.0283695699379
70.2774276608 -7.64488881089e-08 -0.0283444098163
70.3402595139 -7.61368079694e-08 -0.0283192941007
70.4030913669 -7.58261844425e-08 -0.028294222674
70.46592322 -7.55170095346e-08 -0.0282691954198
70.5287550731 -7.52092725875e-08 -0.0282442122218
70.5915869262 -7.49029700486e-08 -0.0282192729642
70.6544187792 -7.45980885952e-08 -0.0281943775318
70.7172506323 -7.42946255627e-08 -0.0281695258095
70.7800824854 -7.39925711812e-08 -0.0281447176828
70.8429143384 -7.36919192335e-08 -0.028119953038
70.9057461915 -7.33926590613e-08 -0.0280952317606
70.9685780446 -7.30947853356e-08 -0.0280705537376
71.0314098977 -7.27982900628e-08 -0.0280459188562
71.0942417507 -7.25031652493e-08 -0.0280213270036
71.1570736038 -7.22094082306e-08 -0.0279967780678
71.2199054569 -7.19170039076e-08 -0.0279722719369
71.28273731 -7.16259496159e-08 -0.0279478084997
71.345569163 -7.13362373617e-08 -0.0279233876445
71.4084010161 -7.10478591515e-08 -0.0278990092615
71.4712328692 -7.07608078798e-08 -0.02787467324
71.5340647222 -7.04750791058e-08 -0.0278503794705
71.5968965753 -7.01906612832e-08 -0.027826127843
71.6597284284 -6.99075508592e-08 -0.0278019182488
71.7225602815 -6.96257416166e-08 -0.0277777505787
71.7853921345 -6.93452211209e-08 -0.0277536247248
71.8482239876 -6.90659875957e-08 -0.0277295405789
71.9110558407 -6.87880321593e-08 -0.0277054980332
71.9738876937 -6.85113494825e-08 -0.0276814969805
72.0367195468 -6.82359297954e-08 -0.0276575373143
72.0995513999 -6.79617704336e-08 -0.0276336189278
72.162383253 -6.76888616269e-08 -0.0276097417147
72.225215106 -6.74171971582e-08 -0.0275859055695
72.2880469591 -6.71467725866e-08 -0.0275621103861
72.3508788122 -6.68775781421e-08 -0.0275383560602
72.4137106652 -6.66096076074e-08 -0.0275146424867
72.4765425183 -6.63428583181e-08 -0.0274909695613
72.5393743714 -6.60773196159e-08 -0.0274673371798
72.6022062245 -6.58129870601e-08 -0.027443745239
72.6650380775 -6.55498544333e-08 -0.0274201936351
72.7278699306 -6.52879128538e-08 -0.0273966822657
72.7907017837 -6.50271596569e-08 -0.0273732110275
72.8535336367 -6.47675859611e-08 -0.0273497798187
72.9163654898 -6.45091891016e-08 -0.027326388537
72.9791973429 -6.42519566441e-08 -0.0273030370811
73.042029196 -6.39958868121e-08 -0.0272797253499
73.104861049 -6.37409742765e-08 -0.0272564532423
73.1676929021 -6.34872119321e-08 -0.0272332206578
73.2305247552 -6.3234591785e-08 -0.0272100274962
73.2933566082 -6.29831102827e-08 -0.0271868736576
73.3561884613 -6.27327603198e-08 -0.0271637590425
73.4190203144 -6.24835339025e-08 -0.0271406835517
73.4818521675 -6.22354292545e-08 -0.0271176470863
73.5446840205 -6.19884401587e-08 -0.0270946495474
73.6075158736 -6.17425559568e-08 -0.0270716908375
73.6703477267 -6.14977766489e-08 -0.0270487708584
73.7331795798 -6.12540942413e-08 -0.0270258895125
73.7960114328 -6.10115007404e-08 -0.0270030467024
73.8588432859 -6.076999437e-08 -0.0269802423315
73.921675139 -6.052956536e-08 -0.0269574763031
73.984506992 -6.02902128222e-08 -0.0269347485211
74.0473388451 -6.00519260985e-08 -0.0269120588892
74.1101706982 -5.98147051889e-08 -0.0268894073119
74.1730025513 -5.95785394353e-08 -0.0268667936943
74.2358344043 -5.93434270613e-08 -0.026844217941
74.2986662574 -5.91093600733e-08 -0.0268216799576
74.3614981105 -5.88763340303e-08 -0.0267991796492
74.4243299635 -5.86443427153e-08 -0.0267767169223
74.4871618166 -5.84133825754e-08 -0.0267542916833
74.5499936697 -5.81834473934e-08 -0.0267319038383
74.6128255228 -5.79545327284e-08 -0.0267095532943
74.6756573758 -5.77266332513e-08 -0.0266872399588
74.7384892289 -5.74997400804e-08 -0.026664963739
74.801321082 -5.72738523275e-08 -0.0266427245428
74.864152935 -5.70489646634e-08 -0.0266205222784
74.9269847881 -5.68250699828e-08 -0.0265983568541
74.9898166412 -5.66021611803e-08 -0.0265762281787
75.0526484943 -5.63802382558e-08 -0.0265541361612
75.1154803473 -5.6159294104e-08 -0.0265320807106
75.1783122004 -5.59393225075e-08 -0.0265100617371
75.2411440535 -5.57203199136e-08 -0.0264880791504
75.3039759065 -5.55022809934e-08 -0.0264661328604
75.3668077596 -5.52851995295e-08 -0.0264442227782
75.4296396127 -5.50690737455e-08 -0.0264223488137
75.4924714658 -5.48538938716e-08 -0.0264005108788
75.5553033188 -5.46396599077e-08 -0.0263787088846
75.6181351719 -5.44263656366e-08 -0.0263569427428
75.680967025 -5.4214004841e-08 -0.0263352123652
75.743798878 -5.400257308e-08 -0.0263135176641
75.8066307311 -5.37920668009e-08 -0.0262918585521
75.8694625842 -5.35824806747e-08 -0.0262702349419
75.9322944373 -5.33738102604e-08 -0.026248646747
75.9951262903 -5.3166050229e-08 -0.0262270938802
76.0579581434 -5.29591970277e-08 -0.0262055762555
76.1207899965 -5.27532453276e-08 -0.0261840937866
76.1836218496 -5.25481906877e-08 -0.0261626463879
76.2464537026 -5.23440277789e-08 -0.026141233974
76.3092855557 -5.21407539367e-08 -0.0261198564596
76.3721174088 -5.19383629438e-08 -0.0260985137593
76.4349492618 -5.17368521358e-08 -0.0260772057894
76.4977811149 -5.15362170717e-08 -0.0260559324646
76.560612968 -5.13364497579e-08 -0.026034693701
76.6234448211 -5.11375501944e-08 -0.0260134894149
76.6862766741 -5.09395103876e-08 -0.0259923195223
76.7491085272 -5.07423285612e-08 -0.0259711839403
76.8119403803 -5.0545999386e-08 -0.0259500825861
76.8747722333 -5.03505184213e-08 -0.0259290153764
76.9376040864 -5.01558821142e-08 -0.0259079822287
77.0004359395 -4.99620860239e-08 -0.0258869830612
77.0632677926 -4.97691265977e-08 -0.0258660177912
77.1260996456 -4.95770002829e-08 -0.0258450863376
77.1889314987 -4.93856981976e-08 -0.0258241886183
77.2517633518 -4.91952221182e-08 -0.0258033245528
77.3145952048 -4.90055640512e-08 -0.0257824940597
77.3774270579 -4.88167213319e-08 -0.0257616970587
77.440258911 -4.86286895196e-08 -0.025740933469
77.5030907641 -4.84414641733e-08 -0.0257202032105
77.5659226171 -4.82550444048e-08 -0.0256995062033
77.6287544702 -4.80694213323e-08 -0.0256788423675
77.6915863233 -4.7884595844e-08 -0.0256582116243
77.7544181763 -4.77005599464e-08 -0.0256376138938
77.8172500294 -4.75173109749e-08 -0.0256170490977
77.8800818825 -4.73348453767e-08 -0.025596517157
77.9429137356 -4.71531613755e-08 -0.0255760179937
78.0057455886 -4.69722500895e-08 -0.0255555515289
78.0685774417 -4.6792112407e-08 -0.0255351176854
78.1314092948 -4.6612743887e-08 -0.0255147163852
78.1942411478 -4.64341365358e-08 -0.0254943475507
78.2570730009 -4.62562912418e-08 -0.0254740111054
78.319904854 -4.60792026757e-08 -0.0254537069715
78.3827367071 -4.59028655087e-08 -0.0254334350729
78.4455685601 -4.57272806287e-08 -0.025413195333
78.5084004132 -4.55524373777e-08 -0.0253929876755
78.5712322663 -4.53783393084e-08 -0.0253728120247
78.6340641194 -4.52049766508e-08 -0.0253526683045
78.6968959724 -4.50323511814e-08 -0.0253325564396
78.7597278255 -4.48604575709e-08 -0.0253124763546
78.8225596786 -4.46892878259e-08 -0.0252924279746
78.8853915316 -4.45188428344e-08 -0.0252724112252
78.9482233847 -4.43491181557e-08 -0.0252524260314
79.0110552378 -4.41801129014e-08 -0.0252324723187
79.0738870909 -4.40118173017e-08 -0.0252125500133
79.1367189439 -4.38442349093e-08 -0.0251926590415
79.199550797 -4.36773550661e-08 -0.0251727993294
79.2623826501 -4.35111804364e-08 -0.0251529708037
79.3252145031 -4.33457039151e-08 -0.0251331733914
79.3880463562 -4.31809263901e-08 -0.0251134070192
79.4508782093 -4.30168372034e-08 -0.0250936716148
79.5137100624 -4.28534399077e-08 -0.0250739671053
79.5765419154 -4.26907282858e-08 -0.0250542934188
79.6393737685 -4.25286987848e-08 -0.0250346504829
79.7022056216 -4.23673478522e-08 -0.0250150382265
79.7650374746 -4.22066745998e-08 -0.0249954565773
79.8278693277 -4.20466736983e-08 -0.024975905464
79.8907011808 -4.18873415953e-08 -0.0249563848161
79.9535330339 -4.1728675626e-08 -0.0249368945619
80.0163648869 -4.1570673126e-08 -0.0249174346309
80.07919674 -4.14133305426e-08 -0.0248980049529
80.1420285931 -4.12566425467e-08 -0.0248786054574
80.2048604461 -4.11006109147e-08 -0.0248592360743
80.2676922992 -4.09452294292e-08 -0.0248398967341
80.3305241523 -4.07904927613e-08 -0.0248205873666
80.3933560054 -4.06364000227e-08 -0.0248013079029
80.4561878584 -4.04829494371e-08 -0.0247820582738
80.5190197115 -4.03301374519e-08 -0.0247628384101
80.5818515646 -4.01779587378e-08 -0.0247436482433
80.6446834176 -4.00264132949e-08 -0.0247244877042
80.7075152707 -3.98754957942e-08 -0.0247053567252
80.7703471238 -3.97252026829e-08 -0.0246862552378
80.8331789769 -3.95755321847e-08 -0.024667183174
80.8960108299 -3.94264842996e-08 -0.0246481404663
80.958842683 -3.92780519221e-08 -0.0246291270471
81.0216745361 -3.91302314995e-08 -0.0246101428492
81.0845063892 -3.898302392e-08 -0.0245911878052
81.1473382422 -3.88364229664e-08 -0.0245722618485
81.2101700953 -3.86904277505e-08 -0.024553364912
81.2730019484 -3.85450347196e-08 -0.0245344969301
81.3358338014 -3.84002403209e-08 -0.0245156578355
81.3986656545 -3.82560436663e-08 -0.0244968475626
81.4614975076 -3.81124385385e-08 -0.0244780660452
81.5243293607 -3.79694258257e-08 -0.0244593132182
81.5871612137 -3.78270001988e-08 -0.0244405890157
81.6499930668 -3.76851607697e-08 -0.0244218933724
81.7128249199 -3.75439022093e-08 -0.0244032262234
81.7756567729 -3.74032245176e-08 -0.0243845875035
81.838488626 -3.72631232537e-08 -0.0243659771482
81.9013204791 -3.71235966412e-08 -0.0243473950931
81.9641523322 -3.69846393511e-08 -0.0243288412741
82.0269841852 -3.68462531597e-08 -0.0243103156264
82.0898160383 -3.6708432738e-08 -0.0242918180864
82.1526478914 -3.65711754213e-08 -0.0242733485906
82.2154797444 -3.64344776571e-08 -0.0242549070753
82.2783115975 -3.62983385571e-08 -0.0242364934769
82.3411434506 -3.61627545686e-08 -0.0242181077326
82.4039753037 -3.60277248035e-08 -0.0241997497794
82.4668071567 -3.58932448208e-08 -0.0241814195546
82.5296390098 -3.57593110678e-08 -0.0241631169954
82.5924708629 -3.56259235446e-08 -0.0241448420394
82.6553027159 -3.54930786983e-08 -0.0241265946245
82.718134569 -3.53607729764e-08 -0.0241083746886
82.7809664221 -3.52290054906e-08 -0.0240901821698
82.8437982752 -3.50977718e-08 -0.0240720170067
82.9066301282 -3.49670719046e-08 -0.0240538791376
82.9694619813 -3.48369013636e-08 -0.0240357685015
83.0322938344 -3.47072575124e-08 -0.0240176850367
83.0951256875 -3.45781394628e-08 -0.0239996286829
83.1579575405 -3.44495445503e-08 -0.0239815993789
83.2207893936 -3.4321468334e-08 -0.0239635970647
83.2836212467 -3.41939099258e-08 -0.0239456216792
83.3464530997 -3.40668684373e-08 -0.0239276731628
83.4092849528 -3.39403394278e-08 -0.0239097514554
83.4721168059 -3.38143175682e-08 -0.0238918564969
83.534948659 -3.36888072994e-08 -0.0238739882278
83.597780512 -3.3563802404e-08 -0.0238561465881
83.6606123651 -3.34392975532e-08 -0.0238383315194
83.7234442182 -3.33152971876e-08 -0.0238205429618
83.7862760712 -3.31917950902e-08 -0.0238027808569
83.8491079243 -3.30687877081e-08 -0.0237850451455
83.9119397774 -3.29462768178e-08 -0.0237673357692
83.9747716305 -3.2824256202e-08 -0.0237496526694
84.0376034835 -3.27027258606e-08 -0.0237319957881
84.1004353366 -3.25816822411e-08 -0.0237143650668
84.1632671897 -3.24611253433e-08 -0.0236967604478
84.2260990427 -3.234104895e-08 -0.0236791818735
84.2889308958 -3.22214539494e-08 -0.0236616292865
84.3517627489 -3.21023359007e-08 -0.0236441026284
84.414594602 -3.19836956919e-08 -0.0236266018429
84.477426455 -3.18655297704e-08 -0.0236091268724
84.5402583081 -3.17478336953e-08 -0.0235916776604
84.6030901612 -3.16306092429e-08 -0.0235742541497
84.6659220142 -3.15138510842e-08 -0.0235568562842
84.7287538673 -3.13975592192e-08 -0.023539484007
84.7915857204 -3.1281729207e-08 -0.0235221372625
84.8544175735 -3.11663619357e-08 -0.023504815994
84.9172494265 -3.10514520763e-08 -0.0234875201457
84.9800812796 -3.09369996288e-08 -0.0234702496619
85.0429131327 -3.08230010404e-08 -0.023453004487
85.1057449857 -3.07094563112e-08 -0.0234357845657
85.1685768388 -3.05963610003e-08 -0.0234185898424
85.2314086919 -3.04837159959e-08 -0.0234014202625
85.294240545 -3.0371516857e-08 -0.0233842757706
85.357072398 -3.02597609192e-08 -0.023367156312
85.4199042511 -3.01484490706e-08 -0.0233500618322
85.4827361042 -3.00375759821e-08 -0.023332992277
85.5455679573 -2.99271425419e-08 -0.0233159475911
85.6083998103 -2.98171451973e-08 -0.0232989277214
85.6712316634 -2.9707582172e-08 -0.0232819326131
85.7340635165 -2.95984516896e-08 -0.023264962213
85.7968953695 -2.94897510855e-08 -0.023248016467
85.8597272226 -2.93814803598e-08 -0.0232310953216
85.9225590757 -2.92736350715e-08 -0.0232141987232
85.9853909288 -2.91662161089e-08 -0.0231973266196
86.0482227818 -2.90592181429e-08 -0.0231804789565
86.1110546349 -2.89526420616e-08 -0.0231636556814
86.173886488 -2.88464843123e-08 -0.0231468567419
86.236718341 -2.87407422306e-08 -0.0231300820851
86.2995501941 -2.86354184809e-08 -0.0231133316582
86.3623820472 -2.85305068459e-08 -0.0230966054094
86.4252139003 -2.84260055494e-08 -0.0230799032862
86.4880457533 -2.83219137032e-08 -0.0230632252366
86.5508776064 -2.82182313072e-08 -0.0230465712089
86.6137094595 -2.81149530323e-08 -0.0230299411516
86.6765413125 -2.80120797669e-08 -0.0230133350125
86.7393731656 -2.79096097344e-08 -0.0229967527409
86.8022050187 -2.78075393823e-08 -0.0229801942847
86.8650368718 -2.77058660458e-08 -0.0229636595934
86.9278687248 -2.76045923897e-08 -0.0229471486159
86.9907005779 -2.75037113084e-08 -0.0229306613011
87.053532431 -2.7403222802e-08 -0.0229141975983
87.116364284 -2.73031277587e-08 -0.0228977574573
87.1791961371 -2.72034235138e-08 -0.0228813408276
87.2420279902 -2.71041065147e-08 -0.022864947659
87.3048598433 -2.70051740969e-08 -0.022848577901
87.3676916963 -2.69066280367e-08 -0.022832231504
87.4305235494 -2.68084647814e-08 -0.0228159084178
87.4933554025 -2.67106816665e-08 -0.0227996085932
87.5561872555 -2.66132795801e-08 -0.0227833319804
87.6190191086 -2.65162558577e-08 -0.0227670785298
87.6818509617 -2.64196060584e-08 -0.0227508481922
87.7446828148 -2.63233310704e-08 -0.0227346409184
87.8075146678 -2.62274291174e-08 -0.0227184566598
87.8703465209 -2.61318993111e-08 -0.0227022953675
87.933178374 -2.60367363225e-08 -0.0226861569921
87.9960102271 -2.59419454807e-08 -0.0226700414857
88.0588420801 -2.5847518792e-08 -0.0226539487996
88.1216739332 -2.57534544801e-08 -0.0226378788855
88.1845057863 -2.56597560977e-08 -0.022621831695
88.2473376393 -2.55664165394e-08 -0.0226058071809
88.3101694924 -2.54734375815e-08 -0.0225898052943
88.3730013455 -2.53808174477e-08 -0.022573825988
88.4358331986 -2.52885552499e-08 -0.0225578692139
88.4986650516 -2.51966456588e-08 -0.0225419349252
88.5614969047 -2.51050913391e-08 -0.0225260230739
88.6243287578 -2.50138878499e-08 -0.0225101336132
88.6871606108 -2.49230334148e-08 -0.0224942664952
88.7499924639 -2.48325306984e-08 -0.022478421674
88.812824317 -2.47423743716e-08 -0.0224625991024
88.8756561701 -2.46525635461e-08 -0.0224467987331
88.9384880231 -2.45630955575e-08 -0.0224310205203
89.0013198762 -2.44739721822e-08 -0.0224152644172
89.0641517293 -2.43851889792e-08 -0.0223995303771
89.1269835823 -2.42967450603e-08 -0.0223838183548
89.1898154354 -2.42086404256e-08 -0.0223681283034
89.2526472885 -2.41208715224e-08 -0.0223524601773
89.3154791416 -2.40334410151e-08 -0.0223368139304
89.3783109946 -2.3946340022e-08 -0.0223211895175
89.4411428477 -2.38595738722e-08 -0.0223055868927
89.5039747008 -2.37731399011e-08 -0.0222900060104
89.5668065538 -2.36870318915e-08 -0.0222744468257
89.6296384069 -2.36012525079e-08 -0.0222589092934
89.69247026 -2.35158008621e-08 -0.0222433933681
89.7553021131 -2.34306751778e-08 -0.0222278990052
89.8181339661 -2.33458719023e-08 -0.0222124261598
89.8809658192 -2.32613910356e-08 -0.0221969747873
89.9437976723 -2.31772308013e-08 -0.0221815448428
90.0066295253 -2.30933911993e-08 -0.0221661362823
90.0694613784 -2.30098695653e-08 -0.0221507490613
90.1322932315 -2.29266641227e-08 -0.0221353831355
90.1951250846 -2.28437739835e-08 -0.0221200384612
90.2579569376 -2.27611982595e-08 -0.0221047149941
90.3207887907 -2.26789360624e-08 -0.0220894126903
90.3836206438 -2.25969847278e-08 -0.0220741315065
90.4464524969 -2.25153424793e-08 -0.0220588713986
90.5092843499 -2.24340093169e-08 -0.0220436323236
90.572116203 -2.23529834642e-08 -0.0220284142381
90.6349480561 -2.22722649212e-08 -0.0220132170986
90.6977799091 -2.21918492471e-08 -0.0219980408623
90.7606117622 -2.21117364418e-08 -0.021982885486
90.8234436153 -2.20319273936e-08 -0.0219677509268
90.8862754684 -2.19524185496e-08 -0.0219526371417
90.9491073214 -2.187320991e-08 -0.0219375440891
91.0119391745 -2.17942979219e-08 -0.0219224717253
91.0747710276 -2.17156834736e-08 -0.0219074200087
91.1376028806 -2.16373639006e-08 -0.0218923888963
91.2004347337 -2.15593392028e-08 -0.0218773783466
91.2632665868 -2.1481608492e-08 -0.021862388317
91.3260984399 -2.14041682156e-08 -0.0218474187653
91.3889302929 -2.13270192617e-08 -0.021832469651
91.451762146 -2.1250159854e-08 -0.0218175409311
91.5145939991 -2.11735882161e-08 -0.0218026325648
91.5774258521 -2.10973025716e-08 -0.0217877445098
91.6402577052 -2.10213029206e-08 -0.0217728767254
91.7030895583 -2.09455874867e-08 -0.0217580291698
91.7659214114 -2.08701562698e-08 -0.0217432018025
91.8287532644 -2.07950057174e-08 -0.0217283945815
91.8915851175 -2.07201376057e-08 -0.021713607467
91.9544169706 -2.06455466056e-08 -0.0216988404174
92.0172488236 -2.057123627e-08 -0.0216840933924
92.0800806767 -2.04972012696e-08 -0.0216693663508
92.1429125298 -2.04234433809e-08 -0.0216546592527
92.2057443829 -2.03499617157e-08 -0.0216399720574
92.2685762359 -2.0276750945e-08 -0.0216253047248
92.331408089 -2.02038155095e-08 -0.0216106572148
92.3942399421 -2.01311491921e-08 -0.0215960294871
92.4570717951 -2.00587537691e-08 -0.0215814215018
92.5199036482 -1.99866274642e-08 -0.0215668332193
92.5827355013 -1.99147667246e-08 -0.0215522645993
92.6455673544 -1.98431768794e-08 -0.0215377156029
92.7083992074 -1.97718508232e-08 -0.0215231861898
92.7712310605 -1.97007903324e-08 -0.0215086763212
92.8340629136 -1.96299918542e-08 -0.0214941859576
92.8968947667 -1.95594562769e-08 -0.0214797150598
92.9597266197 -1.94891827121e-08 -0.0214652635884
93.0225584728 -1.94191667191e-08 -0.0214508315048
93.0853903259 -1.93494118506e-08 -0.0214364187699
93.1482221789 -1.92799154419e-08 -0.0214220253451
93.211054032 -1.92106739405e-08 -0.0214076511913
93.2738858851 -1.91416891226e-08 -0.0213932962706
93.3367177382 -1.90729583238e-08 -0.0213789605438
93.3995495912 -1.9004481544e-08 -0.0213646439728
93.4623814443 -1.89362561187e-08 -0.0213503465195
93.5252132974 -1.88682847124e-08 -0.0213360681452
93.5880451504 -1.88005602197e-08 -0.0213218088125
93.6508770035 -1.87330897461e-08 -0.0213075684831
93.7137088566 -1.86658635215e-08 -0.0212933471187
93.7765407097 -1.85988868751e-08 -0.0212791446826
93.8393725627 -1.85321553658e-08 -0.0212649611362
93.9022044158 -1.84656689939e-08 -0.0212507964419
93.9650362689 -1.83994286473e-08 -0.021236650563
94.0278681219 -1.83334307735e-08 -0.0212225234613
94.090699975 -1.82676727079e-08 -0.0212084151003
94.1535318281 -1.82021580031e-08 -0.0211943254419
94.2163636812 -1.81368822183e-08 -0.0211802544499
94.2791955342 -1.80718480181e-08 -0.0211662020865
94.3420273873 -1.80070482969e-08 -0.0211521683155
94.4048592404 -1.79424883839e-08 -0.0211381531
94.4676910934 -1.78781611737e-08 -0.0211241564028
94.5305229465 -1.78140728835e-08 -0.0211101781878
94.5933547996 -1.77502181842e-08 -0.0210962184184
94.6561866527 -1.76865952994e-08 -0.0210822770581
94.7190185057 -1.76232051174e-08 -0.0210683540709
94.7818503588 -1.75600476382e-08 -0.0210544494199
94.8446822119 -1.74971201972e-08 -0.0210405630698
94.9075140649 -1.7434421018e-08 -0.0210266949839
94.970345918 -1.73719492125e-08 -0.0210128451268
95.0331777711 -1.73097083334e-08 -0.0209990134622
95.0960096242 -1.72476894988e-08 -0.0209851999548
95.1588414772 -1.71858998144e-08 -0.0209714045688
95.2216733303 -1.71243339508e-08 -0.0209576272685
95.2845051834 -1.70629927965e-08 -0.0209438680185
95.3473370365 -1.70018727985e-08 -0.0209301267833
95.4101688895 -1.69409757333e-08 -0.0209164035277
95.4730007426 -1.68802980482e-08 -0.0209026982169
95.5358325957 -1.68198415196e-08 -0.0208890108151
95.5986644487 -1.6759604371e-08 -0.0208753412883
95.6614963018 -1.66995857143e-08 -0.0208616896004
95.7243281549 -1.66397819967e-08 -0.0208480557174
95.787160008 -1.65801985474e-08 -0.0208344396039
95.849991861 -1.65208291492e-08 -0.0208208412263
95.9128237141 -1.64616738019e-08 -0.0208072605492
95.9756555672 -1.64027325056e-08 -0.0207936975384
96.0384874202 -1.63440034839e-08 -0.0207801521595
96.1013192733 -1.62854867369e-08 -0.0207666243777
96.1641511264 -1.62271822646e-08 -0.0207531141599
96.2269829795 -1.61690882905e-08 -0.0207396214712
96.2898148325 -1.61112030383e-08 -0.0207261462779
96.3526466856 -1.60535265081e-08 -0.0207126885457
96.4154785387 -1.59960578117e-08 -0.0206992482413
96.4783103917 -1.59387960608e-08 -0.0206858253303
96.5411422448 -1.58817403673e-08 -0.0206724197796
96.6039740979 -1.58248907312e-08 -0.0206590315554
96.666805951 -1.57682444879e-08 -0.0206456606245
96.729637804 -1.57117998612e-08 -0.0206323069527
96.7924696571 -1.565556218e-08 -0.0206189705071
96.8553015102 -1.55995234508e-08 -0.0206056512551
96.9181333632 -1.55436854499e-08 -0.0205923491623
96.9809652163 -1.54880508418e-08 -0.0205790641966
97.0437970694 -1.54326142976e-08 -0.0205657963249
97.1066289225 -1.53773740408e-08 -0.0205525455141
97.1694607755 -1.53223336241e-08 -0.020539311731
97.2322926286 -1.52674930476e-08 -0.0205260949436
97.2951244817 -1.52128434294e-08 -0.0205128951188
97.3579563347 -1.51583909869e-08 -0.0204997122241
97.4207881878 -1.51041339436e-08 -0.0204865462271
97.4836200409 -1.50500705232e-08 -0.0204733970955
97.546451894 -1.49962007256e-08 -0.0204602647969
97.609283747 -1.49425236629e-08 -0.0204471492991
97.6721156001 -1.48890357821e-08 -0.0204340505696
97.7349474532 -1.4835740636e-08 -0.0204209685768
97.7977793063 -1.47826364483e-08 -0.0204079032883
97.8606111593 -1.4729718778e-08 -0.0203948546725
97.9234430124 -1.46769902898e-08 -0.0203818226974
97.9862748655 -1.46244527599e-08 -0.0203688073314
98.0491067185 -1.45720973066e-08 -0.0203558085431
98.1119385716 -1.45199310353e-08 -0.0203428263004
98.1747704247 -1.44679495051e-08 -0.0203298605719
98.2376022778 -1.44161518278e-08 -0.0203169113262
98.3004341308 -1.43645388917e-08 -0.0203039785321
98.3632659839 -1.43131089203e-08 -0.0202910621581
98.426097837 -1.42618619137e-08 -0.0202781621733
98.48892969 -1.42107952072e-08 -0.0202652785464
98.5517615431 -1.41599132419e-08 -0.0202524112464
98.6145933962 -1.4109207136e-08 -0.0202395602426
98.6774252493 -1.40586822184e-08 -0.0202267255038
98.7402571023 -1.40083358247e-08 -0.0202139069993
98.8030889554 -1.3958168843e-08 -0.0202011046981
98.8659208085 -1.39081786088e-08 -0.0201883185702
98.9287526615 -1.3858364234e-08 -0.0201755485844
98.9915845146 -1.38087274948e-08 -0.0201627947109
99.0544163677 -1.37592648386e-08 -0.0201500569184
99.1172482208 -1.37099762654e-08 -0.0201373351772
99.1800800738 -1.36608644397e-08 -0.020124629457
99.2429119269 -1.36119231442e-08 -0.0201119397277
99.30574378 -1.35631559317e-08 -0.0200992659587
99.368575633 -1.35145592495e-08 -0.0200866081205
99.4314074861 -1.34661339857e-08 -0.0200739661828
99.4942393392 -1.34178801403e-08 -0.0200613401156
99.5570711923 -1.33697932725e-08 -0.0200487298896
99.6199030453 -1.33218804876e-08 -0.0200361354748
99.6827348984 -1.3274132904e-08 -0.0200235568416
99.7455667515 -1.3226553186e-08 -0.0200109939601
99.8083986045 -1.3179142222e-08 -0.0199984468014
99.8712304576 -1.31318946828e-08 -0.0199859153354
99.9340623107 -1.30848141211e-08 -0.0199733995329
99.9968941638 -1.30378996488e-08 -0.0199608993649
100.059726017 -1.29911503777e-08 -0.0199484148021
100.12255787 -1.2944562755e-08 -0.0199359458154
100.185389723 -1.28981394454e-08 -0.0199234923755
100.248221576 -1.28518795606e-08 -0.0199110544537
100.311053429 -1.28057795479e-08 -0.0198986320203
100.373885282 -1.275984296e-08 -0.019886225048
100.436717135 -1.27140662443e-08 -0.0198738335064
100.499548988 -1.26684502888e-08 -0.0198614573675
100.562380841 -1.26229915409e-08 -0.0198490966027
100.625212694 -1.25776935533e-08 -0.0198367511832
100.688044548 -1.25325527733e-08 -0.0198244210805
100.750876401 -1.24875692009e-08 -0.0198121062668
100.813708254 -1.24427437243e-08 -0.0197998067129
100.876540107 -1.23980736788e-08 -0.0197875223909
100.93937196 -1.23535599528e-08 -0.0197752532725
101.002203813 -1.23091989934e-08 -0.0197629993294
101.065035666 -1.22649952417e-08 -0.0197507605338
101.127867519 -1.22209433684e-08 -0.0197385368573
101.190699372 -1.21770460382e-08 -0.0197263282725
101.253531225 -1.21333014746e-08 -0.0197141347515
101.316363078 -1.20897079015e-08 -0.0197019562659
101.379194931 -1.20462662068e-08 -0.0196897927884
101.442026784 -1.20029755024e-08 -0.0196776442912
101.504858637 -1.19598357884e-08 -0.0196655107468
101.567690491 -1.1916843512e-08 -0.0196533921277
101.630522344 -1.18740022259e-08 -0.019641288406
101.693354197 -1.18313092656e-08 -0.0196291995551
101.75618605 -1.1788763743e-08 -0.0196171255467
101.819017903 -1.17463647697e-08 -0.0196050663542
101.881849756 -1.17041141223e-08 -0.0195930219502
101.944681609 -1.1662008248e-08 -0.0195809923079
102.007513462 -1.16200498113e-08 -0.0195689773996
102.070345315 -1.15782343713e-08 -0.0195569771987
102.133177168 -1.15365654807e-08 -0.0195449916783
102.196009021 -1.14950386987e-08 -0.0195330208112
102.258840874 -1.14536566898e-08 -0.0195210645708
102.321672727 -1.14124176775e-08 -0.0195091229303
102.38450458 -1.13713198857e-08 -0.0194971958635
102.447336434 -1.13303633142e-08 -0.0194852833432
102.510168287 -1.12895497395e-08 -0.0194733853433
102.57300014 -1.12488756088e-08 -0.0194615018366
102.635831993 -1.12083409221e-08 -0.0194496327974
102.698663846 -1.11679474557e-08 -0.0194377781991
102.761495699 -1.1127691657e-08 -0.0194259380152
102.824327552 -1.10875753023e-08 -0.0194141122198
102.887159405 -1.10475948389e-08 -0.0194023007864
102.949991258 -1.10077538196e-08 -0.0193905036897
103.012823111 -1.09680495797e-08 -0.0193787209024
103.075654964 -1.09284812311e-08 -0.0193669523999
103.138486817 -1.08890478856e-08 -0.0193551981551
103.20131867 -1.08497504314e-08 -0.019343458143
103.264150523 -1.08105888685e-08 -0.0193317323373
103.326982377 -1.07715605324e-08 -0.0193200207125
103.38981423 -1.07326663112e-08 -0.0193083232427
103.452646083 -1.0693906205e-08 -0.019296639903
103.515477936 -1.0655276661e-08 -0.0192849706667
103.578309789 -1.06167803438e-08 -0.0192733155091
103.641141642 -1.05784163651e-08 -0.0192616744052
103.703973495 -1.05401820605e-08 -0.0192500473288
103.766805348 -1.05020800945e-08 -0.0192384342551
103.829637201 -1.04641069143e-08 -0.0192268351583
103.892469054 -1.04262642964e-08 -0.0192152500134
103.955300907 -1.03885522407e-08 -0.0192036787959
104.01813276 -1.03509654181e-08 -0.0191921214802
104.080964613 -1.03135091578e-08 -0.0191805780418
104.143796467 -1.0276179907e-08 -0.0191690484552
104.20662832 -1.02389785539e-08 -0.0191575326955
104.269460173 -1.02019033221e-08 -0.0191460307385
104.332292026 -1.01649542117e-08 -0.0191345425592
104.395123879 -1.01281321108e-08 -0.0191230681324
104.457955732 -1.00914343548e-08 -0.0191116074341
104.520787585 -1.00548600557e-08 -0.0191001604393
104.583619438 -1.00184118779e-08 -0.019088727124
104.646451291 -9.98208804504e-09 -0.0190773074631
104.709283144 -9.94588766901e-09 -0.0190659014326
104.772114997 -9.9098098616e-09 -0.0190545090082
104.83494685 -9.87385373463e-09 -0.0190431301653
104.897778703 -9.83801839993e-09 -0.0190317648798
104.960610556 -9.80230563385e-09 -0.0190204131278
105.02344241 -9.76671632458e-09 -0.0190090748846
105.086274263 -9.73124514303e-09 -0.0189977501267
105.149106116 -9.69589297739e-09 -0.0189864388296
105.211937969 -9.66066426855e-09 -0.0189751409704
105.274769822 -9.62555102291e-09 -0.018963856524
105.337601675 -9.59055945771e-09 -0.0189525854666
105.400433528 -9.55568424388e-09 -0.0189413277754
105.463265381 -9.52092982232e-09 -0.0189300834265
105.526097234 -9.48628908759e-09 -0.0189188523958
105.588929087 -9.45176736877e-09 -0.018907634659
105.65176094 -9.41736200133e-09 -0.0188964301943
105.714592793 -9.38307298526e-09 -0.0188852389767
105.777424646 -9.34890032056e-09 -0.0188740609831
105.840256499 -9.31484223088e-09 -0.0188628961908
105.903088353 -9.28089871621e-09 -0.0188517445757
105.965920206 -9.24706977656e-09 -0.0188406061149
106.028752059 -9.21335363557e-09 -0.0188294807853
106.091583912 -9.1797520696e-09 -0.0188183685633
106.154415765 -9.14626419046e-09 -0.0188072694261
106.217247618 -9.11288910999e-09 -0.0187961833503
106.280079471 -9.07962593999e-09 -0.0187851103137
106.342911324 -9.04647468047e-09 -0.0187740502926
106.405743177 -9.01343444326e-09 -0.0187630032643
106.46857503 -8.98050522835e-09 -0.0187519692059
106.531406883 -8.94768703574e-09 -0.0187409480947
106.594238736 -8.9149772009e-09 -0.018729939908
106.657070589 -8.88237838836e-09 -0.0187189446233
106.719902442 -8.84989059813e-09 -0.0187079622177
106.782734296 -8.81751027748e-09 -0.0186969926684
106.845566149 -8.78523920278e-09 -0.018686035953
106.908398002 -8.75307648585e-09 -0.0186750920499
106.971229855 -8.72101946214e-09 -0.0186641609353
107.034061708 -8.68906901985e-09 -0.0186532425878
107.096893561 -8.65722782351e-09 -0.0186423369849
107.159725414 -8.62549320857e-09 -0.0186314441041
107.222557267 -8.59386517504e-09 -0.0186205639231
107.28538912 -8.56234105839e-09 -0.0186096964205
107.348220973 -8.53092263498e-09 -0.0185988415727
107.411052826 -8.49960990479e-09 -0.0185879993598
107.473884679 -8.46840197966e-09 -0.0185771697576
107.536716532 -8.43729708322e-09 -0.0185663527455
107.599548385 -8.40629788001e-09 -0.0185555483018
107.662380239 -8.37539992915e-09 -0.0185447564033
107.725212092 -8.34460589516e-09 -0.0185339770291
107.788043945 -8.31391400169e-09 -0.0185232101578
107.850875798 -8.28332691327e-09 -0.0185124557666
107.913707651 -8.25283841266e-09 -0.0185017138348
107.976539504 -8.22245294074e-09 -0.0184909843406
108.039371357 -8.19216872117e-09 -0.0184802672619
108.10220321 -8.16198486575e-09 -0.0184695625782
108.165035063 -8.13189959814e-09 -0.018458870267
108.227866916 -8.10191647105e-09 -0.0184481903076
108.290698769 -8.07203281994e-09 -0.0184375226784
108.353530622 -8.04224775663e-09 -0.0184268673581
108.416362475 -8.01256305749e-09 -0.0184162243252
108.479194328 -7.9829751698e-09 -0.0184055935591
108.542026182 -7.95348675808e-09 -0.0183949750383
108.604858035 -7.92409426964e-09 -0.0183843687415
108.667689888 -7.89480214536e-09 -0.0183737746479
108.730521741 -7.86560594435e-09 -0.0183631927364
108.793353594 -7.8365056666e-09 -0.018352622986
108.856185447 -7.80750220031e-09 -0.0183420653756
108.9190173 -7.77859465728e-09 -0.0183315198851
108.981849153 -7.74978214935e-09 -0.0183209864926
109.044681006 -7.72106645286e-09 -0.0183104651783
109.107512859 -7.69244490328e-09 -0.0182999559209
109.170344712 -7.6639183888e-09 -0.0182894586998
109.233176565 -7.63548513305e-09 -0.0182789734947
109.296008418 -7.60714691239e-09 -0.0182685002843
109.358840271 -7.57890106229e-09 -0.0182580390492
109.421672125 -7.55075024728e-09 -0.0182475897673
109.484503978 -7.52269002646e-09 -0.0182371524194
109.547335831 -7.49472395256e-09 -0.0182267269852
109.610167684 -7.46685024922e-09 -0.0182163134436
109.672999537 -7.43906714007e-09 -0.0182059117744
109.73583139 -7.41137817784e-09 -0.0181955219581
109.798663243 -7.38377803344e-09 -0.0181851439736
109.861495096 -7.35626759507e-09 -0.0181747778014
109.924326949 -7.32885041543e-09 -0.018164423421
109.987158802 -7.30152205364e-09 -0.0181540808119
110.049990655 -7.27428517422e-09 -0.018143749955
110.112822508 -7.24713622446e-09 -0.0181334308297
110.175654361 -7.22007698073e-09 -0.0181231234164
110.238486214 -7.19310744302e-09 -0.0181128276948
110.301318068 -7.16622494679e-09 -0.0181025436454
110.364149921 -7.13943304476e-09 -0.0180922712481
110.426981774 -7.11272640785e-09 -0.0180820104838
110.489813627 -7.08610858879e-09 -0.018071761332
110.55264548 -7.05957781122e-09 -0.0180615237735
110.615477333 -7.03313407513e-09 -0.0180512977885
110.678309186 -7.0067782687e-09 -0.0180410833572
110.741141039 -6.98050595105e-09 -0.0180308804605
110.803972892 -6.95432333941e-09 -0.0180206890784
110.866804745 -6.92822332837e-09 -0.0180105091923
110.929636598 -6.90221035882e-09 -0.0180003407818
110.992468451 -6.87628176621e-09 -0.0179901838282
111.055300304 -6.85043932691e-09 -0.0179800383118
111.118132157 -6.82468037638e-09 -0.0179699042136
111.180964011 -6.7990058028e-09 -0.0179597815141
111.243795864 -6.77341382982e-09 -0.0179496701944
111.306627717 -6.74790801014e-09 -0.0179395702352
111.36945957 -6.7224830147e-09 -0.0179294816175
111.432291423 -6.69714239621e-09 -0.0179194043223
111.495123276 -6.67188526648e-09 -0.0179093383299
111.557955129 -6.64670984918e-09 -0.0178992836218
111.620786982 -6.62161525611e-09 -0.01788924018
111.683618835 -6.59660415181e-09 -0.017879207984
111.746450688 -6.57167387175e-09 -0.0178691870157
111.809282541 -6.54682352774e-09 -0.0178591772565
111.872114394 -6.52205489615e-09 -0.0178491786871
111.934946247 -6.49736797698e-09 -0.0178391912895
111.9977781 -6.47276010568e-09 -0.0178292150446
112.060609954 -6.4482339468e-09 -0.0178192499332
112.123441807 -6.4237868358e-09 -0.0178092959377
112.18627366 -6.3994178845e-09 -0.017799353039
112.249105513 -6.37512975743e-09 -0.0177894212189
112.311937366 -6.35091890189e-09 -0.0177795004586
112.374769219 -6.3267879824e-09 -0.0177695907396
112.437601072 -6.30273699898e-09 -0.0177596920439
112.500432925 -6.27875973436e-09 -0.0177498043526
112.563264778 -6.25486329398e-09 -0.0177399276479
112.626096631 -6.23104323694e-09 -0.0177300619117
112.688928484 -6.20730311596e-09 -0.017720207125
112.751760337 -6.18363671379e-09 -0.01771036327
112.81459219 -6.16004758314e-09 -0.0177005303285
112.877424043 -6.13653572401e-09 -0.0176907082828
112.940255897 -6.11309936005e-09 -0.0176808971142
113.00308775 -6.08973937943e-09 -0.0176710968052
113.065919603 -6.0664540058e-09 -0.0176613073376
113.128751456 -6.04324501552e-09 -0.0176515286934
113.191583309 -6.02010974404e-09 -0.0176417608543
113.254415162 -5.99705174409e-09 -0.0176320038033
113.317247015 -5.97406746294e-09 -0.017622257522
113.380078868 -5.95115601243e-09 -0.0176125219926
113.442910721 -5.92831828072e-09 -0.0176027971976
113.505742574 -5.905555156e-09 -0.017593083119
113.568574427 -5.88286663827e-09 -0.017583379739
113.63140628 -5.86024917482e-09 -0.0175736870409
113.694238133 -5.83770720652e-09 -0.017564005006
113.757069986 -5.81523718068e-09 -0.0175543336172
113.81990184 -5.79283820912e-09 -0.0175446728571
113.882733693 -5.77051206818e-09 -0.0175350227077
113.945565546 -5.74825698152e-09 -0.0175253831522
114.008397399 -5.72607561367e-09 -0.017515754173
114.071229252 -5.70396530009e-09 -0.0175061357521
114.134061105 -5.68192426442e-09 -0.0174965278733
114.196892958 -5.65995517121e-09 -0.0174869305184
114.259724811 -5.63805624409e-09 -0.0174773436705
114.322556664 -5.61623014761e-09 -0.0174677673124
114.385388517 -5.59447244086e-09 -0.0174582014269
114.44822037 -5.57278490021e-09 -0.017448645997
114.511052223 -5.5511657493e-09 -0.017439101005
114.573884076 -5.52961765266e-09 -0.0174295664344
114.636715929 -5.50813883393e-09 -0.017420042268
114.699547783 -5.48672840495e-09 -0.0174105284886
114.762379636 -5.46538458934e-09 -0.0174010250796
114.825211489 -5.44411182801e-09 -0.0173915320243
114.888043342 -5.42290656824e-09 -0.0173820493051
114.950875195 -5.40176881003e-09 -0.0173725769056
115.013707048 -5.38070032974e-09 -0.0173631148089
115.076538901 -5.35969757465e-09 -0.017353662998
115.139370754 -5.33876320929e-09 -0.0173442214569
115.202202607 -5.3178963455e-09 -0.017334790168
115.26503446 -5.29709431873e-09 -0.017325369115
115.327866313 -5.27635979353e-09 -0.0173159582813
115.390698166 -5.2556918817e-09 -0.0173065576502
115.453530019 -5.23508969508e-09 -0.0172971672055
115.516361872 -5.21455589819e-09 -0.0172877869303
115.579193726 -5.1940842738e-09 -0.0172784168084
115.642025579 -5.17367748643e-09 -0.0172690568229
115.704857432 -5.15333820061e-09 -0.0172597069577
115.767689285 -5.13306464001e-09 -0.0172503671967
115.830521138 -5.11285236371e-09 -0.0172410375229
115.893352991 -5.09270758897e-09 -0.0172317179203
115.956184844 -5.0726258749e-09 -0.0172224083726
116.019016697 -5.05260899786e-09 -0.0172131088641
116.08184855 -5.03265518148e-09 -0.0172038193778
116.144680403 -5.01276442577e-09 -0.0171945398976
116.207512256 -4.99293761891e-09 -0.0171852704078
116.270344109 -4.97317387271e-09 -0.0171760108923
116.333175962 -4.95347229901e-09 -0.0171667613346
116.396007816 -4.93383467415e-09 -0.0171575217189
116.458839669 -4.91425922178e-09 -0.0171482920295
116.521671522 -4.89474683008e-09 -0.0171390722495
116.584503375 -4.87529483451e-09 -0.0171298623644
116.647335228 -4.8559058996e-09 -0.0171206623571
116.710167081 -4.83657913719e-09 -0.017111472212
116.772998934 -4.81731365909e-09 -0.017102291914
116.835830787 -4.79810680076e-09 -0.0170931214462
116.89866264 -4.77896389128e-09 -0.0170839607936
116.961494493 -4.75987960158e-09 -0.0170748099403
117.024326346 -4.74085659619e-09 -0.0170656688706
117.087158199 -4.72189398693e-09 -0.0170565375684
117.149990052 -4.70299266198e-09 -0.017047416019
117.212821905 -4.6841499568e-09 -0.0170383042061
117.275653759 -4.66536942412e-09 -0.0170292021146
117.338485612 -4.64664395849e-09 -0.0170201097282
117.401317465 -4.62798155354e-09 -0.0170110270322
117.464149318 -4.60937776836e-09 -0.0170019540107
117.526981171 -4.5908308266e-09 -0.0169928906484
117.589813024 -4.57234428097e-09 -0.0169838369302
117.652644877 -4.55391546694e-09 -0.0169747928402
117.71547673 -4.53554527269e-09 -0.0169657583633
117.778308583 -4.51723369821e-09 -0.0169567334848
117.841140436 -4.49897985533e-09 -0.0169477181884
117.903972289 -4.48078285586e-09 -0.0169387124593
117.966804142 -4.46264269982e-09 -0.0169297162827
118.029635995 -4.44456293991e-09 -0.0169207296428
118.092467848 -4.42653824706e-09 -0.0169117525248
118.155299702 -4.40857039763e-09 -0.016902784914
118.218131555 -4.39065939162e-09 -0.0168938267941
118.280963408 -4.37280434085e-09 -0.0168848781514
118.343795261 -4.35500790985e-09 -0.0168759389698
118.406627114 -4.33726565774e-09 -0.0168670092352
118.469458967 -4.31958113722e-09 -0.016858088932
118.53229082 -4.30194990741e-09 -0.0168491780461
118.595122673 -4.2843764092e-09 -0.0168402765616
118.657954526 -4.2668562017e-09 -0.0168313844644
118.720786379 -4.24939106125e-09 -0.0168225017394
118.783618232 -4.2319836524e-09 -0.016813628372
118.846450085 -4.21462953426e-09 -0.016804764347
118.909281938 -4.19732781864e-09 -0.0167959096501
118.972113791 -4.18008383463e-09 -0.0167870642672
119.034945645 -4.16289402949e-09 -0.0167782281817
119.097777498 -4.1457557387e-09 -0.0167694013809
119.160609351 -4.12867251498e-09 -0.0167605838489
119.223441204 -4.11164435832e-09 -0.0167517755722
119.286273057 -4.094667716e-09 -0.0167429765356
119.34910491 -4.07774702893e-09 -0.0167341867247
119.411936763 -4.06087696803e-09 -0.0167254061251
119.474768616 -4.04406108601e-09 -0.0167166347222
119.537600469 -4.02729671833e-09 -0.0167078725017
119.600432322 -4.01058652955e-09 -0.0166991194494
119.663264175 -3.99392785511e-09 -0.0166903755503
119.726096028 -3.97732069501e-09 -0.0166816407907
119.788927881 -3.96076682563e-09 -0.0166729151564
119.851759734 -3.94426535877e-09 -0.0166641986325
119.914591588 -3.92781451808e-09 -0.016655491205
119.977423441 -3.91141430356e-09 -0.0166467928602
120.040255294 -3.89506649157e-09 -0.0166381035835
120.103087147 -3.87877197028e-09 -0.0166294233605
120.165919 -3.8625262988e-09 -0.016620752177
120.228750853 -3.84633214168e-09 -0.0166120900196
120.291582706 -3.83018683436e-09 -0.0166034368739
120.354414559 -3.81409481776e-09 -0.0165947927256
120.417246412 -3.79805076278e-09 -0.0165861575613
120.480078265 -3.78205822216e-09 -0.0165775313662
120.542910118 -3.76611453135e-09 -0.016568914127
120.605741971 -3.75022235488e-09 -0.0165603058295
120.668573824 -3.73437902823e-09 -0.0165517064598
120.731405677 -3.71858455139e-09 -0.0165431160045
120.794237531 -3.70284070073e-09 -0.0165345344487
120.857069384 -3.68714392351e-09 -0.0165259617797
120.919901237 -3.67149866065e-09 -0.0165173979834
120.98273309 -3.65590135942e-09 -0.0165088430458
121.045564943 -3.64035201983e-09 -0.0165002969529
121.108396796 -3.62484975369e-09 -0.0164917596922
121.171228649 -3.60939722555e-09 -0.0164832312488
121.234060502 -3.59399621175e-09 -0.0164747116096
121.296892355 -3.57863783051e-09 -0.016466200761
121.359724208 -3.56333096363e-09 -0.0164576986892
121.422556061 -3.54807028202e-09 -0.0164492053809
121.485387914 -3.53285756205e-09 -0.0164407208226
121.548219767 -3.51769191553e-09 -0.0164322450006
121.61105162 -3.50257423065e-09 -0.0164237779016
121.673883474 -3.48750095469e-09 -0.016415319512
121.736715327 -3.4724783049e-09 -0.0164068698184
121.79954718 -3.45750095221e-09 -0.0163984288074
121.862379033 -3.44256889662e-09 -0.016389996466
121.925210886 -3.42768480266e-09 -0.0163815727803
121.988042739 -3.41284511762e-09 -0.0163731577371
122.050874592 -3.39805250604e-09 -0.0163647513236
122.113706445 -3.38330607974e-09 -0.0163563535263
122.176538298 -3.36860672689e-09 -0.0163479643317
122.239370151 -3.35395178297e-09 -0.0163395837273
122.302202004 -3.33934124797e-09 -0.0163312116989
122.365033857 -3.32477689824e-09 -0.0163228482344
122.42786571 -3.31025962197e-09 -0.0163144933199
122.490697563 -3.29578497826e-09 -0.0163061469429
122.553529417 -3.28135563166e-09 -0.0162978090895
122.61636127 -3.26697158215e-09 -0.0162894797476
122.679193123 -3.25263282974e-09 -0.0162811589039
122.742024976 -3.23833759808e-09 -0.0162728465456
122.804856829 -3.22408499898e-09 -0.0162645426589
122.867688682 -3.20987947333e-09 -0.0162562472317
122.930520535 -3.19571569207e-09 -0.016247960251
122.993352388 -3.18159809609e-09 -0.0162396817035
123.056184241 -3.1675222445e-09 -0.0162314115764
123.119016094 -3.15349080182e-09 -0.0162231498576
123.181847947 -3.13950287989e-09 -0.0162148965337
123.2446798 -3.12555670234e-09 -0.016206651592
123.307511653 -3.1116558219e-09 -0.01619841502
123.370343506 -3.09779757401e-09 -0.0161901868046
123.43317536 -3.08398107052e-09 -0.0161819669329
123.496007213 -3.07020719958e-09 -0.0161737553932
123.558839066 -3.05647684939e-09 -0.0161655521719
123.621670919 -3.04278824359e-09 -0.0161573572568
123.684502772 -3.02914315853e-09 -0.0161491706351
123.747334625 -3.0155380415e-09 -0.0161409922942
123.810166478 -3.0019764452e-09 -0.0161328222225
123.872998331 -2.9884565933e-09 -0.0161246604065
123.935830184 -2.97497937396e-09 -0.0161165068335
123.998662037 -2.96154212265e-09 -0.0161083614917
124.06149389 -2.9481475039e-09 -0.0161002243684
124.124325743 -2.934791965e-09 -0.0160920954511
124.187157596 -2.92147905867e-09 -0.0160839747279
124.249989449 -2.90820789672e-09 -0.0160758621856
124.312821303 -2.89497847916e-09 -0.0160677578128
124.375653156 -2.88178725327e-09 -0.016059661596
124.438485009 -2.86863954813e-09 -0.016051573524
124.501316862 -2.85553003465e-09 -0.0160434935846
124.564148715 -2.84246137738e-09 -0.0160354217643
124.626980568 -2.82943268815e-09 -0.0160273580521
124.689812421 -2.81644485511e-09 -0.0160193024352
124.752644274 -2.80349521375e-09 -0.0160112549016
124.815476127 -2.7905864286e-09 -0.0160032154392
124.87830798 -2.77771761148e-09 -0.0159951840358
124.941139833 -2.76488965056e-09 -0.0159871606798
125.003971686 -2.75209988132e-09 -0.0159791453581
125.066803539 -2.73935096828e-09 -0.0159711380593
125.129635392 -2.72664024692e-09 -0.0159631387718
125.192467246 -2.71396505269e-09 -0.0159551474824
125.255299099 -2.70133249103e-09 -0.0159471641804
125.318130952 -2.68873989739e-09 -0.015939188853
125.380962805 -2.6761828309e-09 -0.0159312214887
125.443794658 -2.66366484425e-09 -0.0159232620754
125.506626511 -2.65118682563e-09 -0.0159153106011
125.569458364 -2.63874611051e-09 -0.0159073670541
125.632290217 -2.62634447523e-09 -0.0158994314226
