# Status file for ctqmc. Used to save all times t_s, t_e.
2
10
25.48009116781141 25.54105958442451 0 0
30.02739113681385 30.090488020231 0 0
34.20607966514089 34.41827952285767 0 0
36.06328096597252 36.10393145602695 0 0
46.50025577971454 46.5087302594465 0 0
54.48346173120857 54.57688083823372 0 0
59.8109118890193 59.85795105500596 0 0
68.56255396419922 68.63515498764276 0 0
77.68514537821478 77.90766793871319 0 0
96.34102915238232 96.40814217211961 0 0
6
67.16436705464041 67.08418988626045 0 0
67.70003266933071 67.59619956922589 0 0
80.32840140154406 80.19040768643525 0 0
81.27140042825931 80.95468355791361 0 0
81.87673084219848 81.81586994238282 0 0
87.43657761084062 87.35177143207137 0 0
