# Status file for ctqmc. Used to save all times t_s, t_e.
2
15
0.3596683746662279 0.3433421578931757 0 0
15.7752886737999 15.77016280771887 0 0
36.98052368032479 36.92387717372453 0 0
41.4608588421945 41.1921805219362 0 0
43.368178859775 43.31934347986778 0 0
46.33202737637867 46.2567107191191 0 0
47.8136967559749 47.57783421025146 0 0
49.87900063629232 49.74477523721477 0 0
53.10818892023559 53.0857126813245 0 0
58.67702906630704 58.65797970871449 0 0
62.8462596896704 62.20260402201443 0 0
65.31900308551373 65.25089149319273 0 0
69.15431151373315 69.13732037026737 0 0
91.69068672172867 91.58974121223784 0 0
93.46071605102408 92.88589253718524 0 0
14
4.608822463246428 4.650199895355144 0 0
45.75115022334681 45.83997516156885 0 0
47.48562400048819 47.79027490053007 0 0
49.52797769521811 49.66276927509203 0 0
49.81021272439909 50.13272526886383 0 0
55.26226303175996 55.35592304424546 0 0
60.19448318461136 60.21442851689773 0 0
62.26333541196847 62.75753340032555 0 0
64.16142769526671 64.38396624611231 0 0
72.84787388885614 73.03157172441999 0 0
75.55513210682209 76.14566462273881 0 0
76.18108100747764 76.31079695322221 0 0
76.48886273574331 76.51447903919117 0 0
78.86070388677882 78.8755767499007 0 0
