# Status file for ctqmc. Used to save all times t_s, t_e.
2
29
7.493260288499007 2.218087299141826 0 0
7.719073880026068 7.618783959384872 0 0
9.438387178590053 7.781326622256163 0 0
10.34661393333053 9.562668091823111 0 0
10.97717193144044 10.37162841652534 0 0
11.24880898523696 11.16570772460337 0 0
14.36053484079761 14.3493128199224 0 0
18.61166669802165 17.59442212105349 0 0
23.42371826096599 23.17220047845844 0 0
29.03507105801278 27.86784085463041 0 0
30.07160800528769 29.3796511707094 0 0
38.4357581059592 30.90936138690569 0 0
38.66991425379743 38.6292922228828 0 0
39.81804835092809 38.7262138892922 0 0
60.14167232406747 60.11106052682928 0 0
60.85938626796053 60.15251694644753 0 0
62.24745569720811 61.8969005049337 0 0
64.38781562608899 63.43645140139615 0 0
65.62296394325443 65.55223745974678 0 0
65.99819329564356 65.90554984157325 0 0
70.32894636487617 70.21990173413346 0 0
82.6607743704113 79.32573434620753 0 0
85.74173532999981 82.86664758396859 0 0
90.45029655595 90.38581223092493 0 0
93.71636271617918 91.21574848794044 0 0
97.46309589225221 95.43994104921138 0 0
97.50897544462909 97.47637022646124 0 0
97.60125152058613 97.55005795814978 0 0
99.47052825753639 99.33105732420049 0 0
44
2.032095074129757 5.130385570914898 0 0
5.180804463808526 5.823748218710715 0 0
5.885007884906662 8.14553568233525 0 0
8.152485552329857 10.81067348954741 0 0
14.18326544950104 14.39448447432924 0 0
14.90195457431454 15.01360131708991 0 0
15.7821590239111 15.81313323263779 0 0
16.57644492225774 16.64782206712177 0 0
17.02012268627664 17.32240741047405 0 0
17.61577733355645 18.63417287625914 0 0
19.45322208451029 19.81971154104817 0 0
20.04929298595867 20.65654617053568 0 0
25.90275873833374 25.97635153718664 0 0
27.03776056018225 27.04241469515544 0 0
27.9595840700756 28.56002512461924 0 0
28.56038036090131 28.73339292949159 0 0
28.85986769253287 30.20947179576396 0 0
30.51297011671939 32.57721334131914 0 0
32.61653150641311 39.85003900273205 0 0
42.9115994478511 43.01690025735025 0 0
45.45286375976444 45.62327704340422 0 0
45.70695532647144 45.7192138431379 0 0
46.0311407872591 46.04354238719498 0 0
49.54190373767076 49.60351063228705 0 0
56.0535777358518 56.183268652746 0 0
60.30495371855491 60.78089045708261 0 0
63.2769523230675 64.00854828980125 0 0
64.15829032954217 64.3351536242089 0 0
64.72829938073689 64.73885935823905 0 0
64.92007081283519 65.46023119557601 0 0
67.3771008743328 67.6337986686674 0 0
70.8798687359684 71.40121726863487 0 0
74.26074208438899 74.45607640550956 0 0
76.47227945274592 76.48136654434545 0 0
79.20031269376562 80.86528501358111 0 0
81.02573407558829 82.49432354997238 0 0
82.84314065617014 83.59502077588823 0 0
84.00753441299632 86.08230758925355 0 0
86.14313983254365 86.1567682103107 0 0
91.93668529094036 92.47209353802029 0 0
94.35981420004182 94.38334492137749 0 0
95.64913919080988 97.4607869913655 0 0
99.33307553146891 99.53309225378915 0 0
99.64207951539946 99.71598296168024 0 0
