0.0314159265359 0.11562216607 -1.28661521353
0.0942477796077 0.0219556331155 -1.32912050542
0.157079632679 -0.00750537189288 -1.32735208278
0.219911485751 -0.0187013323419 -1.30663402983
0.282743338823 -0.0224460703643 -1.27835257404
0.345575191895 -0.0221555556198 -1.24749509629
0.408407044967 -0.0200205867805 -1.21620675078
0.471238898038 -0.0170597976116 -1.18534325899
0.53407075111 -0.0136545973735 -1.1553699325
0.596902604182 -0.0100051143964 -1.12659495929
0.659734457254 -0.006287833471 -1.09920422711
0.722566310326 -0.00266598786582 -1.07327590453
0.785398163397 0.000731289160956 -1.04880557025
0.848230016469 0.00381995472343 -1.02573516375
0.911061869541 0.00655832261568 -1.00397785319
0.973893722613 0.0089369937508 -0.983435805621
1.03672557568 0.0109674036732 -0.964011217768
1.09955742876 0.0126721884359 -0.94561225822
1.16238928183 0.0140783757598 -0.928155629384
1.2252211349 0.0152132211969 -0.911567109533
1.28805298797 0.0161020640743 -0.895781027631
1.35088484104 0.0167675250195 -0.88073926472
1.41371669412 0.0172294878875 -0.866390129022
1.47654854719 0.0175054669318 -0.85268729314
1.53938040026 0.017611103309 -0.83958886777
1.60221225333 0.017560647602 -0.827056647091
1.6650441064 0.0173673559237 -0.815055506866
1.72787595947 0.0170437790786 -0.803552942331
1.79070781255 0.0166019480645 -0.792518716317
1.85353966562 0.0160534733616 -0.78192459435
1.91637151869 0.0154095801471 -0.771744146066
1.97920337176 0.014681099187 -0.76195259137
2.04203522483 0.0138784328414 -0.752526682578
2.10486707791 0.0130115091831 -0.743444607856
2.16769893098 0.012089735013 -0.734685910582
2.23053078405 0.0111219544988 -0.726231418561
2.29336263712 0.0101164171611 -0.718063178987
2.35619449019 0.00908075727602 -0.71016439706
2.41902634326 0.00802198511223 -0.702519377158
2.48185819634 0.00694648910479 -0.695113464882
2.54469004941 0.00586004788262 -0.687932990527
2.60752190248 0.00476785034585 -0.680965212808
2.67035375555 0.00367452234951 -0.674198264337
2.73318560862 0.00258415804854 -0.66762109754
2.79601746169 0.00150035455812 -0.661223432378
2.85884931477 0.000426248603305 -0.654995705739
2.92168116784 -0.000635446124936 -0.648929022581
2.98451302091 -0.00168240171475 -0.643015109069
3.04734487398 -0.00271263964246 -0.637246268198
3.11017672705 -0.0037244958099 -0.6316153375
3.17300858013 -0.00471658742719 -0.626115649279
3.2358404332 -0.00568778200683 -0.620740993123
3.29867228627 -0.00663716855931 -0.615485581055
3.36150413934 -0.00756403121944 -0.610344014675
3.42433599241 -0.00846782509848 -0.60531125505
3.48716784548 -0.00934815453534 -0.600382594393
3.54999969856 -0.0102047534441 -0.595553630221
3.61283155163 -0.0110374678062 -0.590820241277
3.6756634047 -0.0118462400795 -0.586178565492
3.73849525777 -0.0126310953911 -0.581624979761
3.80132711084 -0.0133921294253 -0.577156081218
3.86415896392 -0.0141294977379 -0.572768670296
3.92699081699 -0.0148434064872 -0.568459735054
3.98982267006 -0.0155341043331 -0.564226436909
4.05265452313 -0.0162018754275 -0.560066097606
4.1154863762 -0.0168470333668 -0.555976187232
4.17831822927 -0.0174699159619 -0.55195431341
4.24115008235 -0.0180708807784 -0.547998211273
4.30398193542 -0.0186503012958 -0.544105734372
4.36681378849 -0.0192085636297 -0.540274846418
4.42964564156 -0.0197460637509 -0.536503613629
4.49247749463 -0.0202632051039 -0.532790197811
4.55530934771 -0.0207603965982 -0.529132849974
4.61814120078 -0.0212380508943 -0.525529904514
4.68097305385 -0.021696582961 -0.521979773844
4.74380490692 -0.0221364088407 -0.518480943514
4.80663675999 -0.0225579446175 -0.515031967653
4.86946861306 -0.0229616055306 -0.511631464847
4.93230046614 -0.0233478052278 -0.508278114295
4.99513231921 -0.0237169551296 -0.504970652261
5.05796417228 -0.0240694638845 -0.501707868824
5.12079602535 -0.0244057369079 -0.498488604829
5.18362787842 -0.0247261759789 -0.495311749097
5.24645973149 -0.0250311788995 -0.49217623581
5.30929158457 -0.025321139197 -0.489081042078
5.37212343764 -0.025596445862 -0.486025185697
5.43495529071 -0.0258574831256 -0.483007723024
5.49778714378 -0.0261046302583 -0.48002774701
5.56061899685 -0.0263382613941 -0.47708438536
5.62345084993 -0.0265587453771 -0.474176798812
5.686282703 -0.0267664456243 -0.471304179492
5.74911455607 -0.0269617200036 -0.468465749412
5.81194640914 -0.0271449207257 -0.465660759033
5.87477826221 -0.0273163942511 -0.462888485903
5.93761011528 -0.0274764812049 -0.460148233393
6.00044196836 -0.0276255163063 -0.457439329495
6.06327382143 -0.027763828305 -0.454761125681
6.1261056745 -0.0278917399285 -0.452112995833
6.18893752757 -0.0280095678393 -0.449494335224
6.25176938064 -0.0281176226004 -0.446904559554
6.31460123372 -0.0282162086464 -0.444343104037
6.37743308679 -0.0283056242688 -0.441809422539
6.44026493986 -0.0283861616027 -0.439302986751
6.50309679293 -0.0284581066264 -0.436823285406
6.565928646 -0.0285217391636 -0.434369823548
6.62876049907 -0.0285773328973 -0.431942121813
6.69159235215 -0.0286251553878 -0.42953971577
6.75442420522 -0.0286654680975 -0.427162155273
6.81725605829 -0.0286985264226 -0.424809003865
6.88008791136 -0.0287245797308 -0.422479838191
6.94291976443 -0.0287438714051 -0.420174247451
7.00575161751 -0.0287566388919 -0.417891832881
7.06858347058 -0.0287631137553 -0.415632207246
7.13141532365 -0.0287635217363 -0.413394994369
7.19424717672 -0.0287580828151 -0.411179828678
7.25707902979 -0.0287470112795 -0.408986354776
7.31991088286 -0.0287305157969 -0.406814227025
7.38274273594 -0.0287087994877 -0.40466310916
7.44557458901 -0.0286820600057 -0.40253267391
7.50840644208 -0.0286504896183 -0.400422602642
7.57123829515 -0.0286142752909 -0.398332585027
7.63407014822 -0.0285735987737 -0.396262318709
7.69690200129 -0.02852863669 -0.394211509
7.75973385437 -0.028479560627 -0.392179868584
7.82256570744 -0.0284265372286 -0.390167117236
7.88539756051 -0.0283697282878 -0.388172981554
7.94822941358 -0.0283092908424 -0.386197194703
8.01106126665 -0.0282453772695 -0.384239496172
8.07389311973 -0.0281781353833 -0.382299631538
8.1367249728 -0.0281077085305 -0.380377352247
8.19955682587 -0.0280342356874 -0.3784724154
8.26238867894 -0.0279578515577 -0.376584583553
8.32522053201 -0.027878686669 -0.374713624518
8.38805238508 -0.0277968674696 -0.372859311186
8.45088423816 -0.0277125164246 -0.371021421343
8.51371609123 -0.0276257521122 -0.369199737509
8.5765479443 -0.0275366893186 -0.36739404677
8.63937979737 -0.0274454391321 -0.365604140629
8.70221165044 -0.027352109037 -0.363829814859
8.76504350352 -0.0272568030053 -0.362070869362
8.82787535659 -0.0271596215892 -0.36032710803
8.89070720966 -0.0270606620101 -0.358598338627
8.95353906273 -0.0269600182485 -0.356884372655
9.0163709158 -0.0268577811309 -0.355185025244
9.07920276887 -0.0267540384161 -0.35350011504
9.14203462195 -0.0266488748809 -0.351829464091
9.20486647502 -0.0265423724024 -0.35017289775
9.26769832809 -0.0264346100404 -0.348530244575
9.33053018116 -0.0263256641178 -0.346901336233
9.39336203423 -0.026215608299 -0.345286007412
9.45619388731 -0.0261045136673 -0.343684095732
9.51902574038 -0.0259924488007 -0.342095441663
9.58185759345 -0.0258794798455 -0.340519888446
9.64468944652 -0.0257656705887 -0.338957282014
9.70752129959 -0.0256510825288 -0.337407470923
9.77035315266 -0.0255357749452 -0.335870306278
9.83318500574 -0.0254198049651 -0.334345641663
9.89601685881 -0.0253032276296 -0.332833333085
9.95884871188 -0.0251860959584 -0.331333238902
10.021680565 -0.0250684610117 -0.329845219768
10.084512418 -0.0249503719518 -0.328369138573
10.1473442711 -0.0248318761024 -0.32690486039
10.2101761242 -0.0247130190069 -0.325452252419
10.2730079772 -0.0245938444839 -0.324011183937
10.3358398303 -0.0244743946837 -0.322581526249
10.3986716834 -0.0243547101401 -0.321163152638
10.4615035365 -0.0242348298234 -0.319755938319
10.5243353895 -0.0241147911907 -0.318359760399
10.5871672426 -0.0239946302349 -0.316974497828
10.6499990957 -0.0238743815324 -0.315600031363
10.7128309487 -0.0237540782902 -0.314236243521
10.7756628018 -0.0236337523894 -0.312883018553
10.8384946549 -0.0235134344303 -0.311540242391
10.901326508 -0.0233931537753 -0.310207802624
10.964158361 -0.0232729385866 -0.308885588459
11.0269902141 -0.0231528158742 -0.307573490682
11.0898220672 -0.0230328115199 -0.30627140164
11.1526539202 -0.0229129503392 -0.30497921519
11.2154857733 -0.0227932560814 -0.303696826686
11.2783176264 -0.0226737515143 -0.30242413294
11.3411494795 -0.0225544584001 -0.301161032182
11.4039813325 -0.0224353975848 -0.299907424085
11.4668131856 -0.0223165889959 -0.298663209618
11.5296450387 -0.0221980516615 -0.297428291235
11.5924768917 -0.0220798038208 -0.296202572511
11.6553087448 -0.0219618628017 -0.294985958583
11.7181405979 -0.0218442452412 -0.293778355586
11.780972451 -0.021726966951 -0.292579671128
11.843804304 -0.0216100429848 -0.291389813954
11.9066361571 -0.0214934878091 -0.290208693938
11.9694680102 -0.021377315013 -0.289036222365
12.0322998632 -0.0212615376972 -0.287872311413
12.0951317163 -0.0211461682667 -0.286716874579
12.1579635694 -0.0210312184077 -0.28556982651
12.2207954225 -0.0209166994176 -0.284431082745
12.2836272755 -0.020802621853 -0.283300560165
12.3464591286 -0.0206889957228 -0.282178176607
12.4092909817 -0.0205758306658 -0.281063850839
12.4721228348 -0.0204631356146 -0.279957502909
12.5349546878 -0.0203509190594 -0.278859053721
12.5977865409 -0.0202502950803 -0.277764332362
12.660618394 -0.0201496880182 -0.276677567032
12.723450247 -0.0200491229865 -0.275598672621
12.7862821001 -0.0199486239773 -0.274527565333
12.8491139532 -0.0198482139065 -0.273464162655
12.9119458063 -0.0197479146551 -0.272408383327
12.9747776593 -0.0196477471112 -0.271360147319
13.0376095124 -0.0195477312086 -0.270319375795
13.1004413655 -0.0194478859641 -0.269285991098
13.1632732185 -0.0193482295141 -0.268259916716
13.2261050716 -0.0192487791489 -0.267241077259
13.2889369247 -0.0191495513459 -0.266229398439
13.3517687778 -0.0190505618014 -0.265224807043
13.4146006308 -0.0189518254617 -0.264227230911
13.4774324839 -0.0188533565515 -0.263236598916
13.540264337 -0.0187551686031 -0.262252840939
13.60309619 -0.0186572744828 -0.261275887855
13.6659280431 -0.0185596864177 -0.260305671503
13.7287598962 -0.0184624160195 -0.259342124678
13.7915917493 -0.0183654743096 -0.258385181103
13.8544236023 -0.018268871742 -0.257434775413
13.9172554554 -0.0181726182249 -0.256490843141
13.9800873085 -0.0180767231425 -0.255553320695
14.0429191615 -0.0179811953756 -0.254622145344
14.1057510146 -0.0178860433208 -0.253697255202
14.1685828677 -0.0177912749095 -0.252778589211
14.2314147208 -0.017696897627 -0.251866087124
14.2942465738 -0.0176029185284 -0.250959689494
14.3570784269 -0.017509344257 -0.250059337652
14.41991028 -0.0174161810597 -0.2491649737
14.482742133 -0.0173234348021 -0.248276540495
14.5455739861 -0.0172311109846 -0.247393981632
14.6084058392 -0.017139214756 -0.246517241434
14.6712376923 -0.0170477509277 -0.245646264935
14.7340695453 -0.0169567239867 -0.244780997876
14.7969013984 -0.0168661381087 -0.243921386682
14.8597332515 -0.0167759971703 -0.243067378457
14.9225651046 -0.016686304761 -0.242218920968
14.9853969576 -0.0165970641945 -0.241375962638
15.0482288107 -0.0165082785196 -0.240538452533
15.1110606638 -0.0164199505312 -0.239706340346
15.1738925168 -0.0163320827798 -0.238879576396
15.2367243699 -0.016244677582 -0.238058111608
15.299556223 -0.0161577370294 -0.23724189751
15.3623880761 -0.016071262998 -0.236430886219
15.4252199291 -0.0159852571569 -0.235625030433
15.4880517822 -0.0158997209765 -0.234824283423
15.5508836353 -0.015814655737 -0.234028599017
15.6137154883 -0.0157300625357 -0.233237931599
15.6765473414 -0.0156459422948 -0.232452236097
15.7393791945 -0.0155622957688 -0.231671467972
15.8022110476 -0.0154791235509 -0.230895583215
15.8650429006 -0.0153964260806 -0.230124538333
15.9278747537 -0.015314203649 -0.229358290343
15.9907066068 -0.0152324564062 -0.228596796766
16.0535384598 -0.0151511843664 -0.227840015616
16.1163703129 -0.0150703874141 -0.227087905396
16.179202166 -0.0149900653097 -0.226340425085
16.2420340191 -0.0149102176943 -0.225597534139
16.3048658721 -0.0148308440954 -0.224859192476
16.3676977252 -0.0147519439321 -0.224125360473
16.4305295783 -0.0146735165194 -0.223395998955
16.4933614313 -0.014595561072 -0.222671069199
16.5561932844 -0.0145180767107 -0.221950532913
16.6190251375 -0.0144410624653 -0.221234352239
16.6818569906 -0.0143645172786 -0.220522489747
16.7446888436 -0.014288440011 -0.219814908421
16.8075206967 -0.0142128294443 -0.219111571661
16.8703525498 -0.0141376842851 -0.218412443272
16.9331844028 -0.0140630031677 -0.217717487465
16.9960162559 -0.0139887846592 -0.21702666884
17.058848109 -0.0139150272609 -0.216339952392
17.1216799621 -0.0138417294129 -0.215657303495
17.1845118151 -0.0137688894961 -0.214978687909
17.2473436682 -0.013696505836 -0.214304071761
17.3101755213 -0.0136245767048 -0.21363342155
17.3730073744 -0.0135531003244 -0.212966704138
17.4358392274 -0.0134820748694 -0.212303886744
17.4986710805 -0.0134114984688 -0.211644936942
17.5615029336 -0.0133413692092 -0.210989822651
17.6243347866 -0.0132716851366 -0.210338512139
17.6871666397 -0.013202444259 -0.209690974008
17.7499984928 -0.0131336445482 -0.209047177199
17.8128303459 -0.0130652839422 -0.208407090981
17.8756621989 -0.0129973603473 -0.207770684945
17.938494052 -0.0129298716393 -0.207137929011
18.0013259051 -0.0128628156666 -0.206508793408
18.0641577581 -0.0127961902503 -0.205883248683
18.1269896112 -0.0127299931879 -0.20526126569
18.1898214643 -0.0126642222533 -0.204642815586
18.2526533174 -0.0125988751989 -0.204027869833
18.3154851704 -0.0125339497576 -0.203416400184
18.3783170235 -0.0124694436439 -0.202808378688
18.4411488766 -0.012405354555 -0.202203777682
18.5039807296 -0.0123416801727 -0.201602569791
18.5668125827 -0.0122784181646 -0.201004727916
18.6296444358 -0.0122155661849 -0.200410225241
18.6924762889 -0.0121531218762 -0.199819035224
18.7553081419 -0.0120910828702 -0.19923113159
18.818139995 -0.0120294467895 -0.198646488335
18.8809718481 -0.0119682112473 -0.19806507972
18.9438037011 -0.0119073738505 -0.197486880262
19.0066355542 -0.0118469321981 -0.196911864742
19.0694674073 -0.011786883885 -0.196340008188
19.1322992604 -0.0117272265003 -0.195771285887
19.1951311134 -0.0116679576301 -0.195205673366
19.2579629665 -0.0116090748569 -0.194643146405
19.3207948196 -0.0115505757619 -0.194083681018
19.3836266726 -0.011492457924 -0.193527253464
19.4464585257 -0.0114347189223 -0.192973840236
19.5092903788 -0.0113773563357 -0.192423418057
19.5721222319 -0.0113203677438 -0.191875963885
19.6349540849 -0.0112637507275 -0.191331454905
19.697785938 -0.0112075028702 -0.190789868521
19.7606177911 -0.0111516217576 -0.190251182367
19.8234496442 -0.0110961049785 -0.18971537429
19.8862814972 -0.011040950126 -0.189182422357
19.9491133503 -0.0109861547969 -0.188652304847
20.0119452034 -0.0109317165931 -0.188125000254
20.0747770564 -0.0108776331219 -0.187600487275
20.1376089095 -0.010823901996 -0.187078744819
20.2004407626 -0.0107705208344 -0.186559751996
20.2632726157 -0.0107174872628 -0.18604348812
20.3261044687 -0.0106647989136 -0.185529932701
20.3889363218 -0.0106124534268 -0.18501906545
20.4517681749 -0.0105604484502 -0.184510866267
20.5146000279 -0.0105087816393 -0.18400531525
20.577431881 -0.0104574506582 -0.183502392683
20.6402637341 -0.0104064531799 -0.183002079041
20.7030955872 -0.010355786886 -0.182504354981
20.7659274402 -0.0103054494675 -0.182009201348
20.8287592933 -0.0102554386254 -0.181516599162
20.8915911464 -0.0102057520699 -0.18102652963
20.9544229994 -0.0101563875214 -0.18053897413
21.0172548525 -0.0101073427106 -0.180053914219
21.0800867056 -0.010058615379 -0.179571331623
21.1429185587 -0.0100102032781 -0.179091208245
21.2057504117 -0.00996210417107 -0.178613526152
21.2685822648 -0.00991431583159 -0.178138267581
21.3314141179 -0.00986683604462 -0.177665414934
21.3942459709 -0.00981966260686 -0.177194950775
21.457077824 -0.00977279332599 -0.176726857834
21.5199096771 -0.00972622602206 -0.176261118993
21.5827415302 -0.0096799585263 -0.175797717302
21.6455733832 -0.00963398868213 -0.17533663596
21.7084052363 -0.0095883143452 -0.174877858322
21.7712370894 -0.00954293338287 -0.174421367898
21.8340689424 -0.00949784367545 -0.173967148346
21.8969007955 -0.00945304311465 -0.173515183477
21.9597326486 -0.00940852960546 -0.173065457247
22.0225645017 -0.00936430106482 -0.172617953759
22.0853963547 -0.00932035542244 -0.172172657262
22.1482282078 -0.00927669062094 -0.171729552144
22.2110600609 -0.00923330461501 -0.171288622939
22.273891914 -0.0091901953727 -0.170849854318
22.336723767 -0.00914736087443 -0.17041323109
22.3995556201 -0.00910479911356 -0.169978738203
22.4623874732 -0.0090625080965 -0.169546360738
22.5252193262 -0.00902048584205 -0.169116083914
22.5880511793 -0.00897873038267 -0.168687893074
22.6508830324 -0.00893723976296 -0.168261773702
22.7137148855 -0.0088960120412 -0.167837711402
22.7765467385 -0.00885504528796 -0.167415691913
22.8393785916 -0.00881433758724 -0.1669957011
22.9022104447 -0.00877388703577 -0.16657772495
22.9650422977 -0.00873369174337 -0.166161749575
23.0278741508 -0.00869374983286 -0.165747761211
23.0907060039 -0.00865405943961 -0.165335746216
23.153537857 -0.0086146187127 -0.164925691064
23.21636971 -0.00857542581317 -0.164517582354
23.2792015631 -0.00853647891574 -0.164111406798
23.3420334162 -0.00849777620748 -0.163707151225
23.4048652692 -0.00845931588888 -0.16330480258
23.4676971223 -0.00842109617274 -0.16290434792
23.5305289754 -0.0083831152849 -0.162505774418
23.5933608285 -0.00834537146399 -0.162109069354
23.6561926815 -0.00830786296111 -0.161714220124
23.7190245346 -0.00827058804034 -0.161321214228
23.7818563877 -0.00823354497825 -0.160930039276
23.8446882407 -0.00819673206441 -0.160540682983
23.9075200938 -0.00816014760017 -0.160153133176
23.9703519469 -0.00812378990029 -0.159767377776
24.0331838 -0.00808765729141 -0.159383404818
24.096015653 -0.00805174811277 -0.159001202434
24.1588475061 -0.00801606071608 -0.158620758858
24.2216793592 -0.00798059346524 -0.158242062425
24.2845112122 -0.0079453447365 -0.15786510157
24.3473430653 -0.00791031291842 -0.157489864824
24.4101749184 -0.00787549641143 -0.157116340817
24.4730067715 -0.00784089362855 -0.156744518276
24.5358386245 -0.00780650299434 -0.156374386022
24.5986704776 -0.00777232294558 -0.156005932971
24.6615023307 -0.00773835193103 -0.155639148132
24.7243341838 -0.00770458841126 -0.155274020606
24.7871660368 -0.00767103085869 -0.154910539586
24.8499978899 -0.00763767775728 -0.154548694356
24.912829743 -0.00760452760297 -0.154188474289
24.975661596 -0.00757157890296 -0.153829868848
25.0384934491 -0.00753883017653 -0.153472867581
25.1013253022 -0.00750627995371 -0.153117460126
25.1641571553 -0.00747392677664 -0.152763636205
25.2269890083 -0.00744176919836 -0.152411385627
25.2898208614 -0.00740980578333 -0.152060698283
25.3526527145 -0.00737803510743 -0.151711564149
25.4154845675 -0.00734645575706 -0.151363973286
25.4783164206 -0.00731506633048 -0.15101791583
25.5411482737 -0.00728386543649 -0.150673382006
25.6039801268 -0.00725285169482 -0.150330362114
25.6668119798 -0.00722202373608 -0.149988846536
25.7296438329 -0.00719138020192 -0.149648825732
25.792475686 -0.0071609197444 -0.149310290238
25.855307539 -0.00713064102633 -0.148973230671
25.9181393921 -0.00710054272112 -0.148637637719
25.9809712452 -0.00707062351276 -0.148303502152
26.0438030983 -0.00704088209541 -0.14797081481
26.1066349513 -0.00701131717406 -0.147639566607
26.1694668044 -0.00698192746345 -0.147309748535
26.2322986575 -0.00695271168894 -0.146981351652
26.2951305105 -0.00692366858569 -0.146654367095
26.3579623636 -0.00689479689943 -0.146328786067
26.4207942167 -0.00686609538525 -0.146004599844
26.4836260698 -0.00683756280867 -0.145681799772
26.5464579228 -0.00680919794488 -0.145360377264
26.6092897759 -0.00678099957901 -0.145040323804
26.672121629 -0.00675296650545 -0.144721630943
26.734953482 -0.00672509752886 -0.144404290299
26.7977853351 -0.00669739146315 -0.144088293556
26.8606171882 -0.00666984713152 -0.143773632466
26.9234490413 -0.00664246336697 -0.143460298844
26.9862808943 -0.00661523901179 -0.14314828457
27.0491127474 -0.00658817291744 -0.142837581589
27.1119446005 -0.00656126394446 -0.142528181911
27.1747764536 -0.00653451096288 -0.142220077605
27.2376083066 -0.00650791285178 -0.141913260804
27.3004401597 -0.00648146849887 -0.141607723703
27.3632720128 -0.00645517680128 -0.141303458557
27.4261038658 -0.00642903666446 -0.141000457685
27.4889357189 -0.00640304700313 -0.140698713462
27.551767572 -0.0063772067406 -0.140398218322
27.6145994251 -0.00635151480883 -0.140098964761
27.6774312781 -0.00632597014826 -0.139800945332
27.7402631312 -0.00630057170808 -0.139504152643
27.8030949843 -0.00627531844569 -0.139208579364
27.8659268373 -0.00625020932714 -0.138914218217
27.9287586904 -0.00622524332651 -0.138621061983
27.9915905435 -0.00620041942642 -0.138329103498
28.0544223966 -0.00617573661767 -0.138038335651
28.1172542496 -0.00615119389872 -0.137748751391
28.1800861027 -0.00612679027683 -0.137460343712
28.2429179558 -0.00610252476673 -0.137173105668
28.3057498088 -0.00607839639108 -0.136887030369
28.3685816619 -0.00605440418065 -0.136602110969
28.431413515 -0.00603054717394 -0.13631834068
28.4942453681 -0.00600682441718 -0.136035712763
28.5570772211 -0.00598323496413 -0.135754220531
28.6199090742 -0.00595977787641 -0.135473857347
28.6827409273 -0.00593645222298 -0.135194616627
28.7455727803 -0.00591325708039 -0.134916491831
28.8084046334 -0.00589019153253 -0.134639476475
28.8712364865 -0.00586725467078 -0.134363564118
28.9340683396 -0.00584444559379 -0.13408874837
28.9969001926 -0.00582176340735 -0.133815022891
29.0597320457 -0.00579920722446 -0.133542381383
29.1225638988 -0.00577677616546 -0.133270817599
29.1853957518 -0.00575446935729 -0.133000325339
29.2482276049 -0.00573228593459 -0.132730898445
29.311059458 -0.00571022503814 -0.132462530811
29.3738913111 -0.0056882858161 -0.132195216372
29.4367231641 -0.00566646742351 -0.131928949108
29.4995550172 -0.00564476902181 -0.131663723046
29.5623868703 -0.00562318977962 -0.131399532254
29.6252187234 -0.00560172887183 -0.131136370846
29.6880505764 -0.00558038548001 -0.13087423298
29.7508824295 -0.00555915879262 -0.130613112853
29.8137142826 -0.00553804800389 -0.130353004711
29.8765461356 -0.00551705231522 -0.130093902835
29.9393779887 -0.00549617093422 -0.129835801554
30.0022098418 -0.00547540307446 -0.129578695232
30.0650416949 -0.00545474795621 -0.129322578281
30.1278735479 -0.00543420480554 -0.129067445152
30.190705401 -0.0054137728552 -0.128813290331
30.2535372541 -0.00539345134366 -0.12856010835
30.3163691071 -0.00537323951559 -0.128307893779
30.3792009602 -0.00535313662181 -0.128056641224
30.4420328133 -0.00533314191859 -0.127806345337
30.5048646664 -0.00531325466875 -0.127557000802
30.5676965194 -0.00529347414069 -0.127308602345
30.6305283725 -0.00527379960863 -0.127061144726
30.6933602256 -0.00525423035247 -0.126814622746
30.7561920786 -0.00523476565788 -0.126569031246
30.8190239317 -0.0052154048162 -0.126324365097
30.8818557848 -0.00519614712439 -0.126080619212
30.9446876379 -0.00517699188508 -0.125837788536
31.0075194909 -0.00515793840624 -0.125595868055
31.070351344 -0.00513898600124 -0.125354852787
31.1331831971 -0.00512013398934 -0.125114737785
31.1960150501 -0.00510138169446 -0.124875518142
31.2588469032 -0.00508272844652 -0.12463718898
31.3216787563 -0.00506417358032 -0.124399745458
31.3845106094 -0.005045716436 -0.124163182769
31.4473424624 -0.00502735635911 -0.123927496139
31.5101743155 -0.00500909269995 -0.12369268083
31.5730061686 -0.00499092481401 -0.123458732137
31.6358380216 -0.00497285206245 -0.123225645382
31.6986698747 -0.0049548738105 -0.122993415929
31.7615017278 -0.00493698942905 -0.122762039168
31.8243335809 -0.00491919829369 -0.122531510523
31.8871654339 -0.00490149978482 -0.12230182545
31.949997287 -0.00488389328775 -0.122072979438
32.0128291401 -0.00486637819273 -0.121844968004
32.0756609932 -0.0048489538947 -0.1216177867
32.1384928462 -0.0048316197932 -0.121391431105
32.2013246993 -0.00481437529259 -0.121165896832
32.2641565524 -0.00479721980179 -0.120941179523
32.3269884054 -0.00478015273444 -0.120717274848
32.3898202585 -0.00476317350861 -0.12049417851
32.4526521116 -0.00474628154696 -0.12027188624
32.5154839647 -0.00472947627654 -0.1200503938
32.5783158177 -0.00471275712911 -0.119829696977
32.6411476708 -0.00469612354069 -0.11960979159
32.7039795239 -0.00467957495131 -0.119390673489
32.7668113769 -0.00466311080595 -0.119172338545
32.82964323 -0.00464673055358 -0.118954782665
32.8924750831 -0.00463043364747 -0.118738001778
32.9553069362 -0.0046142195449 -0.118521991845
33.0181387892 -0.00459808770761 -0.118306748852
33.0809706423 -0.00458203760153 -0.118092268812
33.1438024954 -0.0045660686965 -0.117878547764
33.2066343484 -0.00455018046668 -0.117665581777
33.2694662015 -0.00453437238978 -0.117453366946
33.3322980546 -0.00451864394804 -0.117241899391
33.3951299077 -0.00450299462766 -0.117031175254
33.4579617607 -0.00448742391847 -0.116821190712
33.5207936138 -0.00447193131427 -0.11661194196
33.5836254669 -0.00445651631293 -0.116403425223
33.6464573199 -0.00444117841598 -0.116195636749
33.709289173 -0.00442591712895 -0.11598857281
33.7721210261 -0.00441073196081 -0.115782229705
33.8349528792 -0.0043956224246 -0.11557660376
33.8977847322 -0.00438058803703 -0.115371691316
33.9606165853 -0.00436562831844 -0.115167488749
34.0234484384 -0.00435074279253 -0.114963992457
34.0862802914 -0.00433593098718 -0.114761198852
34.1491121445 -0.00432119243332 -0.114559104385
34.2119439976 -0.00430652666586 -0.114357705518
34.2747758507 -0.00429193322284 -0.114156998742
34.3376077037 -0.00427741164626 -0.113956980569
34.4004395568 -0.00426296148111 -0.113757647536
34.4632714099 -0.00424858227617 -0.113558996202
34.526103263 -0.00423427358345 -0.113361023147
34.588935116 -0.00422003495826 -0.113163724974
34.6517669691 -0.00420586595957 -0.112967098311
34.7145988222 -0.00419176614933 -0.112771139803
34.7774306752 -0.0041777350931 -0.112575846119
34.8402625283 -0.00416377235915 -0.112381213954
34.9030943814 -0.00414987751993 -0.112187240015
34.9659262345 -0.00413605014999 -0.111993921042
35.0287580875 -0.00412228982798 -0.111801253785
35.0915899406 -0.00410859613536 -0.11160923502
35.1544217937 -0.00409496865618 -0.11141786155
35.2172536467 -0.00408140697872 -0.111227130185
35.2800854998 -0.00406791069346 -0.111037037765
35.3429173529 -0.00405447939425 -0.110847581148
35.405749206 -0.00404111267776 -0.110658757216
35.468581059 -0.00402781014391 -0.110470562862
35.5314129121 -0.00401457139546 -0.110282995008
35.5942447652 -0.00400139603818 -0.11009605059
35.6570766182 -0.00398828368056 -0.109909726567
35.7199084713 -0.00397523393442 -0.109724019914
35.7827403244 -0.00396224641397 -0.109538927627
35.8455721775 -0.00394932073662 -0.109354446722
35.9084040305 -0.0039364565224 -0.109170574233
35.9712358836 -0.00392365339423 -0.108987307213
36.0340677367 -0.0039109109779 -0.108804642731
36.0968995897 -0.00389822890159 -0.108622577881
36.1597314428 -0.00388560679669 -0.108441109767
36.2225632959 -0.003873044297 -0.108260235519
36.285395149 -0.00386054103917 -0.10807995228
36.348227002 -0.00384809666225 -0.107900257213
36.4110588551 -0.00383571080827 -0.107721147497
36.4738907082 -0.0038233831217 -0.10754262033
36.5367225612 -0.00381111324975 -0.107364672928
36.5995544143 -0.00379890084166 -0.107187302526
36.6623862674 -0.00378674555013 -0.107010506371
36.7252181205 -0.00377464702967 -0.106834281732
36.7880499735 -0.00376260493756 -0.106658625892
36.8508818266 -0.00375061893373 -0.106483536152
36.9137136797 -0.0037386886801 -0.106309009831
36.9765455328 -0.00372681384172 -0.106135044261
37.0393773858 -0.00371499408536 -0.105961636796
37.1022092389 -0.00370322908074 -0.105788784801
37.165041092 -0.00369151849974 -0.105616485661
37.227872945 -0.00367986201667 -0.105444736774
37.2907047981 -0.00366825930796 -0.105273535558
37.3535366512 -0.00365671005284 -0.10510287944
37.4163685043 -0.00364521393241 -0.104932765872
37.4792003573 -0.00363377063024 -0.104763192314
37.5420322104 -0.00362237983215 -0.104594156247
37.6048640635 -0.00361104122653 -0.104425655158
37.6676959165 -0.00359975450335 -0.104257686565
37.7305277696 -0.00358851935534 -0.104090247987
37.7933596227 -0.00357733547704 -0.103923336963
37.8561914758 -0.0035662025657 -0.103756951049
37.9190233288 -0.00355512032014 -0.103591087814
37.9818551819 -0.0035440884418 -0.103425744839
38.044687035 -0.00353310663401 -0.103260919724
38.107518888 -0.00352217460216 -0.103096610083
38.1703507411 -0.00351129205383 -0.102932813543
38.2331825942 -0.00350045869879 -0.102769527743
38.2960144473 -0.00348967424854 -0.102606750342
38.3588463003 -0.00347893841689 -0.102444479008
38.4216781534 -0.00346825091986 -0.102282711423
38.4845100065 -0.00345761147506 -0.102121445288
38.5473418595 -0.00344701980228 -0.101960678312
38.6101737126 -0.00343647562306 -0.101800408222
38.6730055657 -0.00342597866157 -0.101640632755
38.7358374188 -0.00341552864317 -0.101481349663
38.7986692718 -0.00340512529556 -0.101322556713
38.8615011249 -0.00339476834821 -0.101164251682
38.924332978 -0.0033844575324 -0.101006432363
38.987164831 -0.00337419258159 -0.100849096562
39.0499966841 -0.00336397323104 -0.100692242092
39.1128285372 -0.00335379921761 -0.100535866789
39.1756603903 -0.00334367028 -0.100379968497
39.2384922433 -0.00333358615924 -0.100224545067
39.3013240964 -0.00332354659742 -0.100069594375
39.3641559495 -0.00331355133921 -0.0999151142957
39.4269878026 -0.00330360013023 -0.0997611027293
39.4898196556 -0.00329369271849 -0.0996075575788
39.5526515087 -0.00328382885371 -0.099454476762
39.6154833618 -0.00327400828707 -0.0993018582096
39.6783152148 -0.00326423077157 -0.0991496998665
39.7411470679 -0.00325449606194 -0.098997999686
39.803978921 -0.00324480391467 -0.0988467556348
39.8668107741 -0.00323515408789 -0.0986959656914
39.9296426271 -0.0032255463411 -0.0985456278479
39.9924744802 -0.00321598043615 -0.0983957401028
40.0553063333 -0.00320645613593 -0.0982463004724
40.1181381863 -0.00319697320504 -0.0980973069809
40.1809700394 -0.00318753140987 -0.0979487576634
40.2438018925 -0.00317813051841 -0.0978006505696
40.3066337456 -0.00316877030016 -0.0976529837567
40.3694655986 -0.00315945052627 -0.0975057552953
40.4322974517 -0.00315017096923 -0.097358963266
40.4951293048 -0.00314093140345 -0.0972126057608
40.5579611578 -0.00313173160438 -0.0970666808868
40.6207930109 -0.00312257134963 -0.0969211867524
40.683624864 -0.00311345041776 -0.096776121485
40.7464567171 -0.00310436858918 -0.0966314832208
40.8092885701 -0.00309532564558 -0.0964872701054
40.8721204232 -0.00308632137041 -0.096343480293
40.9349522763 -0.0030773555482 -0.0962001119533
40.9977841293 -0.00306842796523 -0.0960571632634
41.0606159824 -0.0030595384092 -0.0959146324107
41.1234478355 -0.00305068666919 -0.0957725175927
41.1862796886 -0.00304187253552 -0.0956308170196
41.2491115416 -0.00303309580029 -0.0954895289082
41.3119433947 -0.00302435625683 -0.0953486514858
41.3747752478 -0.00301565369967 -0.0952081829946
41.4376071008 -0.00300698792503 -0.0950681216798
41.5004389539 -0.00299835873027 -0.0949284658015
41.563270807 -0.00298976591419 -0.0947892136262
41.6261026601 -0.0029812092771 -0.0946503634315
41.6889345131 -0.00297268862044 -0.0945119135037
41.7517663662 -0.00296420374684 -0.0943738621447
41.8145982193 -0.00295575446059 -0.0942362076551
41.8774300724 -0.00294734056714 -0.0940989483537
41.9402619254 -0.0029389618731 -0.0939620825674
42.0030937785 -0.00293061818681 -0.093825608624
42.0659256316 -0.00292230931715 -0.0936895248735
42.1287574846 -0.00291403507481 -0.0935538296692
42.1915893377 -0.00290579527179 -0.0934185213688
42.2544211908 -0.00289758972103 -0.0932835983449
42.3172530439 -0.00288941823691 -0.0931490589781
42.3800848969 -0.00288128063478 -0.0930149016588
42.44291675 -0.00287317673144 -0.0928811247846
42.5057486031 -0.002865106345 -0.0927477267603
42.5685804561 -0.0028570692945 -0.0926147060021
42.6314123092 -0.00284906540017 -0.0924820609372
42.6942441623 -0.00284109448365 -0.0923497899949
42.7570760154 -0.00283315636774 -0.0922178916167
42.8199078684 -0.00282525087623 -0.0920863642541
42.8827397215 -0.0028173778341 -0.0919552063638
42.9455715746 -0.0028095370674 -0.0918244164161
43.0084034276 -0.00280172840357 -0.0916939928832
43.0712352807 -0.00279395167104 -0.0915639342483
43.1340671338 -0.00278620669916 -0.0914342390061
43.1968989869 -0.0027784933189 -0.0913049056532
43.2597308399 -0.00277081136175 -0.0911759326993
43.322562693 -0.00276316066061 -0.0910473186608
43.3853945461 -0.00275554104953 -0.0909190620606
43.4482263991 -0.00274795236342 -0.0907911614313
43.5110582522 -0.00274039443837 -0.0906636153135
43.5738901053 -0.00273286711154 -0.0905364222549
43.6367219584 -0.00272537022106 -0.0904095808114
43.6995538114 -0.00271790360618 -0.0902830895465
43.7623856645 -0.00271046710723 -0.0901569470309
43.8252175176 -0.0027030605655 -0.0900311518438
43.8880493706 -0.00269568382346 -0.0899057025687
43.9508812237 -0.00268833672415 -0.0897805978054
44.0137130768 -0.00268101911197 -0.0896558361522
44.0765449299 -0.00267373083257 -0.0895314162165
44.1393767829 -0.00266647173195 -0.0894073366178
44.202208636 -0.00265924165762 -0.0892835959778
44.2650404891 -0.00265204045769 -0.0891601929299
44.3278723422 -0.00264486798172 -0.089037126108
44.3907041952 -0.00263772407967 -0.0889143941619
44.4535360483 -0.0026306086029 -0.0887919957422
44.5163679014 -0.00262352140327 -0.0886699295112
44.5791997544 -0.00261646233413 -0.0885481941326
44.6420316075 -0.0026094312495 -0.0884267882801
44.7048634606 -0.00260242800416 -0.0883057106366
44.7676953137 -0.00259545245384 -0.0881849598921
44.8305271667 -0.00258850445558 -0.0880645347377
44.8933590198 -0.00258158386701 -0.0879444338741
44.9561908729 -0.00257469054658 -0.0878246560129
45.0190227259 -0.00256782435369 -0.0877051998695
45.081854579 -0.0025609851488 -0.0875860641642
45.1446864321 -0.0025541727932 -0.0874672476249
45.2075182852 -0.00254738714889 -0.0873487489882
45.2703501382 -0.00254062807897 -0.0872305669929
45.3331819913 -0.00253389544702 -0.0871127003933
45.3960138444 -0.002527189118 -0.0869951479383
45.4588456974 -0.00252050895723 -0.086877908393
45.5216775505 -0.00251385483127 -0.0867609805219
45.5845094036 -0.00250722660691 -0.0866443631059
45.6473412567 -0.00250062415283 -0.0865280549144
45.7101731097 -0.00249404733742 -0.0864120547437
45.7730049628 -0.00248749603049 -0.0862963613825
45.8358368159 -0.00248097010253 -0.0861809736315
45.8986686689 -0.00247446942492 -0.0860658902941
45.961500522 -0.00246799386949 -0.0859511101854
46.0243323751 -0.00246154330926 -0.0858366321221
46.0871642282 -0.00245511761814 -0.0857224549233
46.1499960812 -0.00244871667026 -0.0856085774252
46.2128279343 -0.00244234034099 -0.0854949984585
46.2756597874 -0.00243598850628 -0.0853817168685
46.3384916404 -0.00242966104314 -0.0852687314996
46.4013234935 -0.00242335782878 -0.0851560412075
46.4641553466 -0.00241707874151 -0.0850436448517
46.5269871997 -0.00241082366056 -0.0849315412965
46.5898190527 -0.00240459246551 -0.084819729413
46.6526509058 -0.00239838503691 -0.0847082080788
46.7154827589 -0.00239220125619 -0.0845969761726
46.778314612 -0.00238604100518 -0.0844860325854
46.841146465 -0.00237990416657 -0.0843753762086
46.9039783181 -0.00237379062374 -0.0842650059467
46.9668101712 -0.00236770026078 -0.0841549206996
47.0296420242 -0.00236163296279 -0.0840451193762
47.0924738773 -0.00235558861486 -0.0839356008988
47.1553057304 -0.00234956710366 -0.0838263641812
47.2181375835 -0.00234356831579 -0.083717408154
47.2809694365 -0.00233759213913 -0.0836087317473
47.3438012896 -0.00233163846177 -0.0835003338996
47.4066331427 -0.00232570717269 -0.0833922135545
47.4694649957 -0.0023197981615 -0.0832843696596
47.5322968488 -0.00231391131865 -0.0831768011662
47.5951287019 -0.002308046535 -0.0830695070342
47.657960555 -0.00230220370227 -0.0829624862249
47.720792408 -0.00229638271259 -0.0828557377115
47.7836242611 -0.00229058345905 -0.0827492604633
47.8464561142 -0.00228480583506 -0.0826430534616
47.9092879672 -0.00227904973497 -0.0825371156903
47.9721198203 -0.00227331505352 -0.0824314461371
48.0349516734 -0.00226760168632 -0.0823260437971
48.0977835265 -0.00226190952936 -0.0822209076702
48.1606153795 -0.00225623847933 -0.0821160367595
48.2234472326 -0.00225058843371 -0.0820114300725
48.2862790857 -0.00224495929048 -0.0819070866229
48.3491109387 -0.00223935094791 -0.0818030054324
48.4119427918 -0.00223376330542 -0.0816991855229
48.4747746449 -0.00222819626277 -0.0815956259203
48.537606498 -0.0022226497203 -0.0814923256595
48.600438351 -0.00221712357896 -0.0813892837775
48.6632702041 -0.00221161774021 -0.0812864993181
48.7261020572 -0.00220613210627 -0.0811839713269
48.7889339102 -0.00220066657975 -0.0810816988573
48.8517657633 -0.00219522106402 -0.0809796809646
48.9145976164 -0.00218979546297 -0.0808779167078
48.9774294695 -0.00218438968096 -0.0807764051547
49.0402613225 -0.00217900362304 -0.0806751453731
49.1030931756 -0.0021736371946 -0.0805741364404
49.1659250287 -0.00216829030193 -0.0804733774336
49.2287568818 -0.00216296285146 -0.0803728674373
49.2915887348 -0.00215765475069 -0.0802726055362
49.3544205879 -0.00215236590707 -0.080172590828
49.417252441 -0.00214709622912 -0.0800728224045
49.480084294 -0.00214184562542 -0.0799732993709
49.5429161471 -0.00213661400544 -0.0798740208309
49.6057480002 -0.00213140127915 -0.0797749858909
49.6685798533 -0.00212620735702 -0.0796761936665
49.7314117063 -0.00212103214962 -0.0795776432795
49.7942435594 -0.00211587556875 -0.0794793338482
49.8570754125 -0.00211073752617 -0.0793812645015
49.9199072655 -0.00210561793444 -0.0792834343691
49.9827391186 -0.00210051670672 -0.0791858425829
50.0455709717 -0.00209543375627 -0.0790884882867
50.1084028248 -0.00209036899699 -0.0789913706235
50.1712346778 -0.00208532234388 -0.0788944887337
50.2340665309 -0.00208029371114 -0.0787978417782
50.296898384 -0.00207528301485 -0.0787014289063
50.359730237 -0.00207029017076 -0.0786052492787
50.4225620901 -0.00206531509547 -0.0785093020559
50.4853939432 -0.0020603577056 -0.0784135864117
50.5482257963 -0.00205541791882 -0.0783181015094
50.6110576493 -0.00205049565287 -0.0782228465299
50.6738895024 -0.00204559082616 -0.0781278206509
50.7367213555 -0.00204070335764 -0.0780330230512
50.7995532085 -0.00203583316632 -0.0779384529221
50.8623850616 -0.00203098017211 -0.0778441094528
50.9252169147 -0.00202614429513 -0.0777499918372
50.9880487678 -0.00202132545618 -0.0776560992728
51.0508806208 -0.00201652357617 -0.0775624309629
51.1137124739 -0.00201173857677 -0.0774689861125
51.176544327 -0.00200697038024 -0.0773757639265
51.23937618 -0.00200221890847 -0.0772827636259
51.3022080331 -0.00199748408488 -0.0771899844196
51.3650398862 -0.00199276583237 -0.0770974255354
51.4278717393 -0.00198806407516 -0.0770050861889
51.4907035923 -0.001983378737 -0.0769129656141
51.5535354454 -0.00197870974292 -0.0768210630364
51.6163672985 -0.00197405701756 -0.0767293776979
51.6791991516 -0.00196942048681 -0.0766379088286
51.7420310046 -0.00196480007614 -0.076546655678
51.8048628577 -0.00196019571208 -0.0764556174854
51.8676947108 -0.00195560732149 -0.0763647935
51.9305265638 -0.00195103483134 -0.076274182975
51.9933584169 -0.00194647816917 -0.0761837851684
52.05619027 -0.00194193726299 -0.0760935993359
52.1190221231 -0.00193741204106 -0.0760036247423
52.1818539761 -0.00193290243215 -0.0759138606528
52.2446858292 -0.00192840836567 -0.0758243063326
52.3075176823 -0.00192392977085 -0.0757349610602
52.3703495353 -0.00191946657792 -0.0756458241054
52.4331813884 -0.00191501871695 -0.0755568947524
52.4960132415 -0.00191058611872 -0.075468172283
52.5588450946 -0.00190616871442 -0.0753796559816
52.6216769476 -0.00190176643555 -0.075291345137
52.6845088007 -0.00189737921396 -0.0752032390407
52.7473406538 -0.00189300698192 -0.0751153369893
52.8101725068 -0.00188864967194 -0.0750276382825
52.8730043599 -0.00188430721714 -0.0749401422198
52.935836213 -0.00187997955092 -0.0748528481069
52.9986680661 -0.00187566660681 -0.0747657552537
53.0614999191 -0.00187136831928 -0.0746788629668
53.1243317722 -0.00186708462261 -0.0745921705635
53.1871636253 -0.0018628154514 -0.0745056773637
53.2499954783 -0.00185856074109 -0.074419382686
53.3128273314 -0.00185432042722 -0.074333285852
53.3756591845 -0.00185009444567 -0.0742473861881
53.4384910376 -0.00184588273261 -0.0741616830285
53.5013228906 -0.00184168522469 -0.0740761757009
53.5641547437 -0.00183750185898 -0.0739908635414
53.6269865968 -0.00183333257263 -0.0739057458919
53.6898184498 -0.00182917730319 -0.0738208220908
53.7526503029 -0.00182503598868 -0.0737360914873
53.815482156 -0.00182090856762 -0.0736515534229
53.8783140091 -0.00181679497861 -0.073567207249
53.9411458621 -0.00181269516042 -0.0734830523216
54.0039777152 -0.0018086090525 -0.0733990879947
54.0668095683 -0.00180453659436 -0.0733153136313
54.1296414214 -0.0018004777263 -0.0732317285856
54.1924732744 -0.0017964323882 -0.0731483322304
54.2553051275 -0.00179240052108 -0.0730651239259
54.3181369806 -0.00178838206561 -0.0729821030466
54.3809688336 -0.00178437696321 -0.0728992689641
54.4438006867 -0.00178038515534 -0.0728166210571
54.5066325398 -0.00177640658395 -0.0727341587002
54.5694643929 -0.00177244119107 -0.0726518812777
54.6322962459 -0.00176848891961 -0.0725697881703
54.695128099 -0.00176454971212 -0.0724878787666
54.7579599521 -0.00176062351187 -0.0724061524562
54.8207918051 -0.00175671026213 -0.0723246086307
54.8836236582 -0.00175280990662 -0.0722432466888
54.9464555113 -0.00174892238974 -0.0721620660207
55.0092873644 -0.00174504765538 -0.0720810660319
55.0721192174 -0.00174118564865 -0.0720002461191
55.1349510705 -0.00173733631387 -0.0719196056986
55.1977829236 -0.00173349959692 -0.071839144167
55.2606147766 -0.00172967544296 -0.07175886094
55.3234466297 -0.00172586379798 -0.0716787554294
55.3862784828 -0.00172206460798 -0.0715988270508
55.4491103359 -0.00171827781928 -0.0715190752249
55.5119421889 -0.00171450337873 -0.0714394993662
55.574774042 -0.00171074123308 -0.0713600989055
55.6376058951 -0.00170699132966 -0.0712808732637
55.7004377481 -0.00170325361611 -0.0712018218679
55.7632696012 -0.00169952804009 -0.0711229441526
55.8261014543 -0.00169581454969 -0.0710442395486
55.8889333074 -0.00169211309336 -0.0709657074912
55.9517651604 -0.0016884236195 -0.0708873474189
56.0145970135 -0.00168474607728 -0.0708091587707
56.0774288666 -0.0016810804155 -0.0707311409932
56.1402607196 -0.00167742658408 -0.0706532935248
56.2030925727 -0.00167378453205 -0.0705756158234
56.2659244258 -0.00167015421 -0.0704981073272
56.3287562789 -0.00166653556792 -0.0704207674938
56.3915881319 -0.00166292855608 -0.0703435957812
56.454419985 -0.00165933312545 -0.0702665916415
56.5172518381 -0.00165574922695 -0.0701897545366
56.5800836912 -0.0016521768118 -0.0701130839245
56.6429155442 -0.00164861583157 -0.0700365792749
56.7057473973 -0.0016450662381 -0.0699602400475
56.7685792504 -0.00164152798326 -0.0698840657124
56.8314111034 -0.0016380010193 -0.0698080557446
56.8942429565 -0.00163448529886 -0.0697322096098
56.9570748096 -0.00163098077456 -0.0696565267907
57.0199066627 -0.00162748739941 -0.0695810067588
57.0827385157 -0.00162400512662 -0.0695056489994
57.1455703688 -0.00162053390988 -0.0694304529873
57.2084022219 -0.00161707370277 -0.0693554182112
57.2712340749 -0.0016136244592 -0.0692805441553
57.334065928 -0.00161018613349 -0.0692058303092
57.3968977811 -0.00160675867996 -0.0691312761622
57.4597296342 -0.00160334205347 -0.0690568812057
57.5225614872 -0.00159993620877 -0.0689826449366
57.5853933403 -0.001596541101 -0.068908566851
57.6482251934 -0.00159315668559 -0.0688346464485
57.7110570464 -0.0015897829181 -0.0687608832283
57.7738888995 -0.0015864197543 -0.0686872766984
57.8367207526 -0.00158306715038 -0.0686138263571
57.8995526057 -0.00157972506268 -0.0685405317144
57.9623844587 -0.00157639344736 -0.0684673922823
58.0252163118 -0.00157307226151 -0.0683944075664
58.0880481649 -0.00156976146194 -0.0683215770851
58.1508800179 -0.00156646100569 -0.0682489003539
58.213711871 -0.00156317085025 -0.0681763768877
58.2765437241 -0.00155989095334 -0.0681040062046
58.3393755772 -0.00155662127262 -0.0680317878307
58.4022074302 -0.00155336176627 -0.0679597212828
58.4650392833 -0.00155011239225 -0.0678878060944
58.5278711364 -0.00154687310914 -0.0678160417875
58.5907029894 -0.00154364387565 -0.0677444278944
58.6535348425 -0.00154042465083 -0.0676729639414
58.7163666956 -0.00153721539348 -0.0676016494657
58.7791985487 -0.00153401606305 -0.0675304840017
58.8420304017 -0.00153082661885 -0.0674594670868
58.9048622548 -0.00152764702077 -0.0673885982581
58.9676941079 -0.00152447722869 -0.067317877058
59.030525961 -0.00152131720269 -0.067247303028
59.093357814 -0.00151816690287 -0.0671768757156
59.1561896671 -0.00151502629014 -0.0671065946616
59.2190215202 -0.00151189532487 -0.0670364594188
59.2818533732 -0.00150877396816 -0.0669664695343
59.3446852263 -0.00150566218099 -0.0668966245631
59.4075170794 -0.00150255992476 -0.0668269240568
59.4703489325 -0.00149946716067 -0.0667573675735
59.5331807855 -0.00149638385061 -0.0666879546686
59.5960126386 -0.00149330995658 -0.0666186848978
59.6588444917 -0.00149024544036 -0.0665495578305
59.7216763447 -0.00148719026444 -0.0664805730218
59.7845081978 -0.0014841443911 -0.0664117300383
59.8473400509 -0.00148110778286 -0.0663430284507
59.910171904 -0.00147808040291 -0.066274467817
59.973003757 -0.00147506221381 -0.0662060477193
60.0358356101 -0.001472053179 -0.0661377677206
60.0986674632 -0.00146905326176 -0.0660696273958
60.1614993162 -0.0014660624256 -0.0660016263235
60.2243311693 -0.00146308063424 -0.0659337640758
60.2871630224 -0.00146010785174 -0.0658660402318
60.3499948755 -0.00145714404199 -0.0657984543722
60.4128267285 -0.0014541891692 -0.0657310060811
60.4756585816 -0.00145124319792 -0.0656636949402
60.5384904347 -0.00144830609277 -0.0655965205327
60.6013222877 -0.00144537781839 -0.0655294824498
60.6641541408 -0.00144245833997 -0.065462580274
60.7269859939 -0.00143954762251 -0.0653958135993
60.789817847 -0.00143664563116 -0.0653291820156
60.8526497 -0.00143375233155 -0.0652626851191
60.9154815531 -0.00143086768934 -0.0651963225014
60.9783134062 -0.00142799167012 -0.0651300937615
61.0411452592 -0.00142512424013 -0.065063998496
61.1039771123 -0.0014222653654 -0.0649980363044
61.1668089654 -0.00141941501212 -0.0649322067902
61.2296408185 -0.00141657314685 -0.0648665095552
61.2924726715 -0.00141373973632 -0.0648009442003
61.3553045246 -0.0014109147471 -0.0647355103373
61.4181363777 -0.00140809814625 -0.0646702075715
61.4809682308 -0.00140528990102 -0.0646050355094
61.5438000838 -0.00140248997834 -0.0645399937688
61.6066319369 -0.00139969834596 -0.0644750819531
61.66946379 -0.0013969149714 -0.0644102996811
61.732295643 -0.00139413982249 -0.0643456465641
61.7951274961 -0.0013913728668 -0.0642811222256
61.8579593492 -0.00138861407257 -0.0642167262808
61.9207912023 -0.00138586340818 -0.064152458345
61.9836230553 -0.00138312084176 -0.0640883180447
62.0464549084 -0.00138038634183 -0.064024305004
62.1092867615 -0.00137765987719 -0.0639604188426
62.1721186145 -0.0013749414167 -0.0638966591869
62.2349504676 -0.0013722309291 -0.0638330256664
62.2977823207 -0.00136952838361 -0.0637695179091
62.3606141738 -0.00136683374952 -0.0637061355448
62.4234460268 -0.00136414699637 -0.0636428782017
62.4862778799 -0.00136146809347 -0.0635797455177
62.549109733 -0.00135879701064 -0.0635167371263
62.611941586 -0.00135613371786 -0.063453852657
62.6747734391 -0.00135347818489 -0.0633910917561
62.7376052922 -0.00135083038186 -0.0633284540592
62.8004371453 -0.00134819027923 -0.0632659392021
62.8632689983 -0.00134555784743 -0.0632035468301
62.9261008514 -0.0013429330568 -0.0631412765855
62.9889327045 -0.00134031587832 -0.0630791281117
63.0517645575 -0.00133770628254 -0.0630171010557
63.1145964106 -0.00133510424056 -0.0629551950636
63.1774282637 -0.00133250972347 -0.0628934097827
63.2402601168 -0.0013299227027 -0.062831744862
63.3030919698 -0.00132734314942 -0.0627701999537
63.3659238229 -0.0013247710352 -0.0627087747119
63.428755676 -0.00132220633173 -0.062647468788
63.491587529 -0.00131964901065 -0.0625862818398
63.5544193821 -0.00131709904433 -0.0625252135145
63.6172512352 -0.00131455640422 -0.0624642634835
63.6800830883 -0.00131202106312 -0.0624034313906
63.7429149413 -0.00130949299269 -0.062342716911
63.8057467944 -0.00130697216601 -0.0622821196918
63.8685786475 -0.00130445855523 -0.0622216394085
63.9314105006 -0.00130195213316 -0.0621612757189
63.9942423536 -0.00129945287266 -0.062101028288
64.0570742067 -0.00129696074675 -0.0620408967842
64.1199060598 -0.00129447572846 -0.0619808808724
64.1827379128 -0.00129199779102 -0.0619209802263
64.2455697659 -0.00128952690768 -0.0618611945138
64.308401619 -0.00128706305197 -0.0618015234061
64.3712334721 -0.00128460619745 -0.0617419665774
64.4340653251 -0.00128215631795 -0.0616825236995
64.4968971782 -0.0012797133872 -0.0616231944491
64.5597290313 -0.00127727737913 -0.0615639785044
64.6225608843 -0.00127484826782 -0.0615048755403
64.6853927374 -0.00127242602751 -0.061445885237
64.7482245905 -0.00127001063247 -0.0613870072765
64.8110564436 -0.0012676020572 -0.0613282413357
64.8738882966 -0.00126520027614 -0.061269587102
64.9367201497 -0.00126280526397 -0.0612110442591
64.9995520028 -0.0012604169956 -0.0611526124872
65.0623838558 -0.0012580354459 -0.0610942914752
65.1252157089 -0.00125566058975 -0.0610360809119
65.188047562 -0.00125329240228 -0.0609779804869
65.2508794151 -0.00125093085898 -0.0609199898838
65.3137112681 -0.00124857593506 -0.0608621087965
65.3765431212 -0.00124622760588 -0.0608043369209
65.4393749743 -0.00124388584725 -0.0607466739434
65.5022068273 -0.00124155063467 -0.0606891195637
65.5650386804 -0.00123922194416 -0.060631673473
65.6278705335 -0.00123689975139 -0.0605743353711
65.6907023866 -0.00123458403247 -0.0605171049563
65.7535342396 -0.00123227476366 -0.060459981923
65.8163660927 -0.00122997192116 -0.0604029659752
65.8791979458 -0.00122767548127 -0.0603460568104
65.9420297988 -0.00122538542036 -0.0602892541363
66.0048616519 -0.00122310171528 -0.060232557648
66.067693505 -0.00122082434258 -0.0601759670561
66.1305253581 -0.00121855327901 -0.0601194820614
66.1933572111 -0.00121628850141 -0.0600631023762
66.2561890642 -0.00121402998673 -0.0600068277052
66.3190209173 -0.00121177771231 -0.0599506577555
66.3818527704 -0.00120953165519 -0.0598945922374
66.4446846234 -0.00120729179269 -0.0598386308627
66.5075164765 -0.00120505810221 -0.0597827733434
66.5703483296 -0.00120283056129 -0.059727019392
66.6331801826 -0.00120060914753 -0.0596713687212
66.6960120357 -0.00119839383859 -0.0596158210491
66.7588438888 -0.00119618461254 -0.0595603760855
66.8216757419 -0.00119398144696 -0.0595050335535
66.8845075949 -0.00119178432001 -0.0594497931696
66.947339448 -0.00118959320979 -0.0593946546543
67.0101713011 -0.00118740809448 -0.0593396177231
67.0730031541 -0.00118522895239 -0.0592846821031
67.1358350072 -0.00118305576198 -0.0592298475116
67.1986668603 -0.00118088850181 -0.0591751136727
67.2614987134 -0.00117872715034 -0.0591204803115
67.3243305664 -0.00117657168633 -0.0590659471535
67.3871624195 -0.00117442208854 -0.0590115139264
67.4499942726 -0.00117227833586 -0.0589571803534
67.5128261256 -0.00117014040721 -0.058902946167
67.5756579787 -0.00116800828193 -0.0588488110917
67.6384898318 -0.0011658819388 -0.0587947748611
67.7013216849 -0.00116376135742 -0.0587408372037
67.7641535379 -0.00116164651688 -0.0586869978553
67.826985391 -0.00115953739676 -0.0586332565457
67.8898172441 -0.00115743397659 -0.0585796130093
67.9526490971 -0.00115533623599 -0.0585260669808
68.0154809502 -0.00115324415462 -0.0584726181981
68.0783128033 -0.00115115771217 -0.0584192663996
68.1411446564 -0.00114907688882 -0.0583660113163
68.2039765094 -0.00114700166432 -0.0583128526945
68.2668083625 -0.00114493201888 -0.0582597902682
68.3296402156 -0.00114286793274 -0.0582068237773
68.3924720686 -0.00114080938588 -0.0581539529706
68.4553039217 -0.00113875635884 -0.0581011775811
68.5181357748 -0.00113670883185 -0.058048497363
68.5809676279 -0.00113466678557 -0.0579959120522
68.6437994809 -0.00113263020065 -0.0579434213944
68.706631334 -0.00113059905757 -0.0578910251404
68.7694631871 -0.00112857333727 -0.0578387230319
68.8322950402 -0.00112655302052 -0.0577865148199
68.8951268932 -0.0011245380882 -0.0577344002537
68.9579587463 -0.00112252852143 -0.0576823790808
69.0207905994 -0.00112052430118 -0.0576304510533
69.0836224524 -0.00111852540873 -0.0575786159221
69.1464543055 -0.00111653182527 -0.0575268734394
69.2092861586 -0.00111454353228 -0.0574752233577
69.2721180117 -0.00111256051099 -0.0574236654337
69.3349498647 -0.00111058274311 -0.0573721994174
69.3977817178 -0.00110861021001 -0.0573208250719
69.4606135709 -0.00110664289358 -0.0572695421446
69.5234454239 -0.00110468077525 -0.0572183504029
69.586277277 -0.00110272383714 -0.0571672495982
69.6491091301 -0.00110077206118 -0.0571162394901
69.7119409832 -0.00109882542899 -0.0570653198459
69.7747728362 -0.00109688392307 -0.0570144904154
69.8376046893 -0.0010949475252 -0.0569637509702
69.9004365424 -0.00109301621792 -0.0569131012634
69.9632683954 -0.00109108998319 -0.056862541067
70.0261002485 -0.00108916880355 -0.0568120701431
70.0889321016 -0.00108725266157 -0.0567616882521
70.1517639547 -0.00108534153945 -0.0567113951664
70.2145958077 -0.00108343542006 -0.0566611906476
70.2774276608 -0.00108153428595 -0.0566110744654
70.3402595139 -0.00107963811989 -0.0565610463881
70.4030913669 -0.00107774690477 -0.0565111061816
70.46592322 -0.00107586062321 -0.0564612536244
70.5287550731 -0.00107397925848 -0.0564114884794
70.5915869262 -0.00107210279351 -0.0563618105186
70.6544187792 -0.00107023121142 -0.0563122195157
70.7172506323 -0.00106836449534 -0.0562627152464
70.7800824854 -0.00106650262868 -0.0562132974787
70.8429143384 -0.00106464559452 -0.0561639659936
70.9057461915 -0.00106279337639 -0.0561147205631
70.9685780446 -0.00106094595787 -0.0560655609629
71.0314098977 -0.00105910332227 -0.0560164869716
71.0942417507 -0.00105726545342 -0.0559674983668
71.1570736038 -0.00105543233473 -0.0559185949274
71.2199054569 -0.0010536039502 -0.0558697764287
71.28273731 -0.00105178028356 -0.055821042658
71.345569163 -0.00104996131865 -0.0557723933898
71.4084010161 -0.00104814703966 -0.0557238284046
71.4712328692 -0.00104633743017 -0.0556753474919
71.5340647222 -0.0010445324745 -0.0556269504315
71.5968965753 -0.00104273215705 -0.0555786370031
71.6597284284 -0.00104093646169 -0.055530406994
71.7225602815 -0.00103914537278 -0.0554822601931
71.7853921345 -0.00103735887474 -0.0554341963806
71.8482239876 -0.00103557695204 -0.0553862153474
71.9110558407 -0.00103379958907 -0.0553383168786
71.9738876937 -0.0010320267704 -0.0552905007631
72.0367195468 -0.00103025848058 -0.055242766793
72.0995513999 -0.00102849470465 -0.055195114747
72.162383253 -0.00102673542679 -0.0551475444307
72.225215106 -0.00102498063231 -0.0551000556222
72.2880469591 -0.00102323030585 -0.0550526481192
72.3508788122 -0.00102148443223 -0.0550053217163
72.4137106652 -0.00101974299667 -0.0549580762006
72.4765425183 -0.0010180059842 -0.0549109113715
72.5393743714 -0.00101627337983 -0.054863827021
72.6022062245 -0.00101454516885 -0.0548168229429
72.6650380775 -0.00101282133654 -0.0547698989371
72.7278699306 -0.00101110186812 -0.0547230547953
72.7907017837 -0.00100938674901 -0.0546762903163
72.8535336367 -0.00100767596458 -0.0546296053001
72.9163654898 -0.0010059695004 -0.0545829995451
72.9791973429 -0.00100426734195 -0.0545364728505
73.042029196 -0.00100256947501 -0.0544900250124
73.104861049 -0.00100087588507 -0.0544436558363
73.1676929021 -0.000999186557912 -0.0543973651209
73.2305247552 -0.000997501479348 -0.0543511526701
73.2933566082 -0.000995820635295 -0.0543050182842
73.3561884613 -0.000994144011397 -0.054258961771
73.4190203144 -0.000992471594024 -0.0542129829279
73.4818521675 -0.000990803368764 -0.0541670815686
73.5446840205 -0.00098913932209 -0.0541212574867
73.6075158736 -0.000987479439943 -0.0540755104965
73.6703477267 -0.000985823708513 -0.0540298404028
73.7331795798 -0.000984172114134 -0.0539842470108
73.7960114328 -0.000982524643034 -0.0539387301326
73.8588432859 -0.000980881281588 -0.0538932895738
73.921675139 -0.000979242016404 -0.0538479251412
73.984506992 -0.000977606833703 -0.0538026366491
74.0473388451 -0.000975975720166 -0.0537574239038
74.1101706982 -0.000974348662297 -0.0537122867207
74.1730025513 -0.000972725646872 -0.053667224906
74.2358344043 -0.000971106660338 -0.0536222382804
74.2986662574 -0.000969491689711 -0.0535773266497
74.3614981105 -0.000967880721636 -0.0535324898283
74.4243299635 -0.000966273743154 -0.0534877276291
74.4871618166 -0.000964670741071 -0.0534430398698
74.5499936697 -0.000963071702197 -0.0533984263684
74.6128255228 -0.000961476613763 -0.0533538869348
74.6756573758 -0.000959885462682 -0.0533094213922
74.7384892289 -0.00095829823614 -0.0532650295518
74.801321082 -0.000956714921541 -0.0532207112322
74.864152935 -0.000955135505987 -0.0531764662501
74.9269847881 -0.000953559976475 -0.0531322944321
74.9898166412 -0.000951988320619 -0.0530881955902
75.0526484943 -0.000950420525942 -0.0530441695449
75.1154803473 -0.000948856579422 -0.0530002161247
75.1783122004 -0.00094729646885 -0.0529563351435
75.2411440535 -0.000945740181885 -0.0529125264224
75.3039759065 -0.000944187705744 -0.0528687897922
75.3668077596 -0.000942639028324 -0.0528251250675
75.4296396127 -0.000941094137309 -0.0527815320719
75.4924714658 -0.000939553020302 -0.052738010637
75.5553033188 -0.000938015665231 -0.0526945605811
75.6181351719 -0.000936482059855 -0.0526511817341
75.680967025 -0.000934952192071 -0.052607873915
75.743798878 -0.000933426049847 -0.0525646369572
75.8066307311 -0.000931903621043 -0.0525214706856
75.8694625842 -0.000930384893758 -0.0524783749276
75.9322944373 -0.000928869856136 -0.0524353495091
75.9951262903 -0.000927358496182 -0.0523923942632
76.0579581434 -0.000925850802209 -0.0523495090147
76.1207899965 -0.000924346762342 -0.0523066935984
76.1836218496 -0.000922846364839 -0.0522639478393
76.2464537026 -0.000921349598083 -0.0522212715719
76.3092855557 -0.000919856450358 -0.0521786646272
76.3721174088 -0.00091836691001 -0.0521361268369
76.4349492618 -0.000916880965708 -0.0520936580315
76.4977811149 -0.000915398605747 -0.0520512580467
76.560612968 -0.000913919818893 -0.0520089267137
76.6234448211 -0.000912444593561 -0.0519666638683
76.6862766741 -0.000910972918279 -0.0519244693459
76.7491085272 -0.00090950478204 -0.0518823429787
76.8119403803 -0.000908040173255 -0.051840284608
76.8747722333 -0.000906579080778 -0.0517982940657
76.9376040864 -0.000905121493606 -0.0517563711888
77.0004359395 -0.000903667400429 -0.0517145158133
77.0632677926 -0.000902216790039 -0.051672727784
77.1260996456 -0.000900769651725 -0.0516310069293
77.1889314987 -0.000899325974133 -0.051589353097
77.2517633518 -0.000897885746515 -0.0515477661206
77.3145952048 -0.000896448957816 -0.0515062458414
77.3774270579 -0.000895015597178 -0.051464792102
77.440258911 -0.000893585653912 -0.0514234047389
77.5030907641 -0.000892159117117 -0.0513820835962
77.5659226171 -0.000890735975978 -0.051340828516
77.6287544702 -0.000889316219686 -0.0512996393429
77.6915863233 -0.000887899837888 -0.0512585159144
77.7544181763 -0.000886486819605 -0.051217458079
77.8172500294 -0.000885077154547 -0.0511764656768
77.8800818825 -0.000883670832106 -0.0511355385523
77.9429137356 -0.00088226784157 -0.0510946765561
78.0057455886 -0.000880868172827 -0.0510538795249
78.0685774417 -0.00087947181513 -0.0510131473093
78.1314092948 -0.000878078758156 -0.0509724797584
78.1942411478 -0.000876688991714 -0.050931876715
78.2570730009 -0.000875302505392 -0.0508913380243
78.319904854 -0.000873919288956 -0.0508508635391
78.3827367071 -0.000872539332239 -0.0508104531046
78.4455685601 -0.000871162624929 -0.0507701065736
78.5084004132 -0.000869789157106 -0.0507298237873
78.5712322663 -0.000868418918376 -0.0506896046038
78.6340641194 -0.000867051898754 -0.0506494488708
78.6968959724 -0.00086568808854 -0.050609356433
78.7597278255 -0.00086432747722 -0.050569327151
78.8225596786 -0.000862970055237 -0.0505293608699
78.8853915316 -0.000861615812493 -0.050489457446
78.9482233847 -0.000860264739377 -0.0504496167246
79.0110552378 -0.000858916825835 -0.0504098385641
79.0738870909 -0.000857572061991 -0.0503701228209
79.1367189439 -0.000856230438202 -0.0503304693425
79.199550797 -0.000854891944859 -0.0502908779827
79.2623826501 -0.000853556572028 -0.0502513486048
79.3252145031 -0.000852224310337 -0.0502118810563
79.3880463562 -0.000850895150127 -0.0501724751933
79.4508782093 -0.000849569081625 -0.0501331308735
79.5137100624 -0.000848246095399 -0.0500938479558
79.5765419154 -0.000846926182017 -0.050054626296
79.6393737685 -0.000845609332116 -0.0500154657448
79.7022056216 -0.000844295535791 -0.0499763661752
79.7650374746 -0.000842984784359 -0.0499373274265
79.8278693277 -0.000841677067866 -0.0498983493728
79.8907011808 -0.000840372377421 -0.0498594318628
79.9535330339 -0.000839070703365 -0.0498205747652
80.0163648869 -0.000837772036776 -0.0497817779331
80.07919674 -0.00083647636831 -0.049743041231
80.1420285931 -0.000835183688725 -0.0497043645166
80.2048604461 -0.000833893989075 -0.0496657476512
80.2676922992 -0.000832607259921 -0.0496271905043
80.3305241523 -0.000831323492515 -0.0495886929276
80.3933560054 -0.000830042677705 -0.0495502547867
80.4561878584 -0.000828764806434 -0.04951187595
80.5190197115 -0.000827489869788 -0.0494735562767
80.5818515646 -0.000826217858912 -0.0494352956255
80.6446834176 -0.000824948764792 -0.0493970938706
80.7075152707 -0.00082368257844 -0.0493589508733
80.7703471238 -0.000822419291337 -0.0493208664942
80.8331789769 -0.000821158894412 -0.0492828406061
80.8960108299 -0.000819901379014 -0.0492448730686
80.958842683 -0.000818646736331 -0.0492069637536
81.0216745361 -0.000817394957958 -0.0491691125193
81.0845063892 -0.000816146034777 -0.0491313192432
81.1473382422 -0.000814899958383 -0.0490935837866
81.2101700953 -0.000813656720213 -0.0490559060168
81.2730019484 -0.000812416311648 -0.049018285804
81.3358338014 -0.000811178724131 -0.0489807230184
81.3986656545 -0.000809943949098 -0.0489432175283
81.4614975076 -0.000808711978344 -0.0489057692007
81.5243293607 -0.000807482802982 -0.0488683779082
81.5871612137 -0.000806256415019 -0.0488310435202
81.6499930668 -0.000805032805812 -0.0487937659071
81.7128249199 -0.00080381196707 -0.0487565449428
81.7756567729 -0.00080259389068 -0.0487193804928
81.838488626 -0.000801378567959 -0.0486822724367
81.9013204791 -0.000800165990847 -0.0486452206432
81.9641523322 -0.000798956151443 -0.048608224978
82.0269841852 -0.000797749040943 -0.048571285326
82.0898160383 -0.000796544651656 -0.0485344015542
82.1526478914 -0.000795342975153 -0.0484975735393
82.2154797444 -0.000794144003567 -0.0484608011493
82.2783115975 -0.00079294772862 -0.0484240842677
82.3411434506 -0.000791754142439 -0.0483874227637
82.4039753037 -0.000790563236951 -0.0483508165115
82.4668071567 -0.000789375004148 -0.0483142653891
82.5296390098 -0.000788189436117 -0.0482777692711
82.5924708629 -0.000787006524749 -0.048241328041
82.6553027159 -0.000785826262463 -0.0482049415648
82.718134569 -0.000784648641144 -0.0481686097268
82.7809664221 -0.000783473653017 -0.048132332402
82.8437982752 -0.000782301290307 -0.0480961094679
82.9066301282 -0.000781131545255 -0.0480599408037
82.9694619813 -0.000779964410037 -0.0480238262893
83.0322938344 -0.000778799877095 -0.0479877657993
83.0951256875 -0.000777637938633 -0.0479517592141
83.1579575405 -0.000776478586865 -0.047915806419
83.2207893936 -0.000775321814191 -0.0478799072895
83.2836212467 -0.00077416761326 -0.0478440617038
83.3464530997 -0.000773015976091 -0.0478082695484
83.4092849528 -0.00077186689535 -0.0477725307024
83.4721168059 -0.000770720363403 -0.0477368450482
83.534948659 -0.000769576373075 -0.0477012124595
83.597780512 -0.000768434916634 -0.0476656328272
83.6606123651 -0.000767295986563 -0.0476301060318
83.7234442182 -0.000766159575611 -0.0475946319536
83.7862760712 -0.000765025676274 -0.0475592104798
83.8491079243 -0.000763894281169 -0.0475238414946
83.9119397774 -0.000762765383186 -0.0474885248729
83.9747716305 -0.000761638974854 -0.0474532605069
84.0376034835 -0.000760515048754 -0.0474180482835
84.1004353366 -0.000759393597844 -0.04738288808
84.1632671897 -0.000758274614883 -0.0473477797843
84.2260990427 -0.000757158092425 -0.0473127232874
84.2889308958 -0.000756044023671 -0.047277718464
84.3517627489 -0.000754932401174 -0.0472427652131
84.414594602 -0.000753823217851 -0.0472078634127
84.477426455 -0.000752716466691 -0.0471730129514
84.5402583081 -0.000751612140763 -0.0471382137143
84.6030901612 -0.000750510232641 -0.0471034655951
84.6659220142 -0.000749410735562 -0.0470687684794
84.7287538673 -0.000748313642441 -0.0470341222532
84.7915857204 -0.000747218946268 -0.046999526809
84.8544175735 -0.0007461266404 -0.0469649820252
84.9172494265 -0.000745036717531 -0.0469304878046
84.9800812796 -0.000743949170842 -0.0468960440299
85.0429131327 -0.000742863993623 -0.0468616505898
85.1057449857 -0.000741781178754 -0.0468273073816
85.1685768388 -0.000740700719725 -0.0467930142874
85.2314086919 -0.000739622609708 -0.0467587711973
85.294240545 -0.000738546841758 -0.0467245780077
85.357072398 -0.000737473409071 -0.0466904346129
85.4199042511 -0.000736402305169 -0.046656340897
85.4827361042 -0.000735333523166 -0.0466222967542
85.5455679573 -0.000734267056478 -0.0465883020796
85.6083998103 -0.000733202898369 -0.0465543567653
85.6712316634 -0.000732141042255 -0.0465204607017
85.7340635165 -0.000731081481621 -0.0464866137824
85.7968953695 -0.000730024209693 -0.0464528159025
85.8597272226 -0.000728969219937 -0.0464190669576
85.9225590757 -0.000727916506072 -0.0463853668363
85.9853909288 -0.000726866061296 -0.0463517154385
86.0482227818 -0.00072581787924 -0.0463181126586
86.1110546349 -0.000724771953372 -0.0462845583887
86.173886488 -0.000723728277383 -0.0462510525266
86.236718341 -0.000722686844754 -0.0462175949643
86.2995501941 -0.000721647649153 -0.0461841856014
86.3623820472 -0.000720610684115 -0.0461508243333
86.4252139003 -0.000719575943179 -0.0461175110593
86.4880457533 -0.000718543420382 -0.0460842456718
86.5508776064 -0.000717513109129 -0.0460510280693
86.6137094595 -0.000716485003161 -0.0460178581508
86.6765413125 -0.000715459096274 -0.0459847358131
86.7393731656 -0.000714435382253 -0.0459516609541
86.8022050187 -0.000713413854843 -0.0459186334701
86.8650368718 -0.000712394507769 -0.045885653263
86.9278687248 -0.000711377335045 -0.0458527202301
86.9907005779 -0.000710362330307 -0.0458198342719
87.053532431 -0.000709349487542 -0.0457869952868
87.116364284 -0.000708338800717 -0.0457542031724
87.1791961371 -0.000707330263394 -0.0457214578385
87.2420279902 -0.000706323869876 -0.0456887591742
87.3048598433 -0.000705319614142 -0.0456561070821
87.3676916963 -0.000704317489877 -0.0456235014659
87.4305235494 -0.000703317491256 -0.0455909422276
87.4933554025 -0.00070231961224 -0.0455584292675
87.5561872555 -0.000701323846901 -0.0455259624861
87.6190191086 -0.000700330189346 -0.0454935417832
87.6818509617 -0.000699338633587 -0.045461167067
87.7446828148 -0.000698349173638 -0.0454288382375
87.8075146678 -0.000697361803781 -0.0453965551979
87.8703465209 -0.000696376518157 -0.0453643178476
87.933178374 -0.000695393310721 -0.0453321260959
87.9960102271 -0.000694412175868 -0.045299979844
88.0588420801 -0.000693433107779 -0.0452678789932
88.1216739332 -0.000692456100519 -0.0452358234525
88.1845057863 -0.000691481148572 -0.0452038131212
88.2473376393 -0.000690508246024 -0.0451718479081
88.3101694924 -0.000689537387162 -0.0451399277189
88.3730013455 -0.00068856856641 -0.0451080524528
88.4358331986 -0.000687601777918 -0.0450762220214
88.4986650516 -0.000686637016118 -0.0450444363298
88.5614969047 -0.000685674275388 -0.0450126952828
88.6243287578 -0.000684713550227 -0.0449809987828
88.6871606108 -0.000683754834885 -0.04494934674
88.7499924639 -0.00068279812371 -0.0449177390652
88.812824317 -0.000681843411243 -0.0448861756609
88.8756561701 -0.000680890691944 -0.0448546564343
88.9384880231 -0.000679939960334 -0.044823181294
89.0013198762 -0.000678991210755 -0.0447917501509
89.0641517293 -0.000678044437947 -0.0447603629063
89.1269835823 -0.000677099636284 -0.044729019473
89.1898154354 -0.00067615680037 -0.04469771976
89.2526472885 -0.000675215924789 -0.0446664636726
89.3154791416 -0.000674277003959 -0.044635251129
89.3783109946 -0.000673340032702 -0.0446040820297
89.4411428477 -0.000672405005655 -0.0445729562847
89.5039747008 -0.000671471917402 -0.0445418738064
89.5668065538 -0.000670540762542 -0.0445108345053
89.6296384069 -0.000669611535797 -0.0444798382918
89.69247026 -0.000668684231946 -0.0444488850749
89.7553021131 -0.000667758845577 -0.0444179747676
89.8181339661 -0.000666835371508 -0.04438710728
89.8809658192 -0.000665913804674 -0.044356282519
89.9437976723 -0.000664994139484 -0.0443255004048
90.0066295253 -0.000664076370926 -0.0442947608443
90.0694613784 -0.000663160493665 -0.0442640637523
90.1322932315 -0.000662246502801 -0.044233409037
90.1951250846 -0.00066133439303 -0.044202796612
90.2579569376 -0.000660424159073 -0.0441722263957
90.3207887907 -0.000659515796058 -0.0441416982918
90.3836206438 -0.000658609298847 -0.0441112122182
90.4464524969 -0.00065770466212 -0.0440807680941
90.5092843499 -0.000656801880963 -0.0440503658267
90.572116203 -0.000655900950391 -0.0440200053296
90.6349480561 -0.000655001865197 -0.0439896865214
90.6977799091 -0.000654104620639 -0.0439594093081
90.7606117622 -0.000653209211473 -0.0439291736135
90.8234436153 -0.000652315632666 -0.0438989793531
90.8862754684 -0.000651423879629 -0.0438688264317
90.9491073214 -0.000650533946934 -0.0438387147754
91.0119391745 -0.000649645829931 -0.0438086442959
91.0747710276 -0.00064875952373 -0.0437786149055
91.1376028806 -0.000647875023226 -0.0437486265264
91.2004347337 -0.000646992323704 -0.0437186790719
91.2632665868 -0.000646111420193 -0.043688772459
91.3260984399 -0.000645232307851 -0.0436589066056
91.3889302929 -0.000644354981961 -0.0436290814267
91.451762146 -0.00064347943774 -0.0435992968369
91.5145939991 -0.000642605670091 -0.0435695527612
91.5774258521 -0.000641733674489 -0.0435398491119
91.6402577052 -0.000640863446058 -0.0435101858084
91.7030895583 -0.000639994980231 -0.0434805627631
91.7659214114 -0.000639128271858 -0.0434509799078
91.8287532644 -0.000638263316556 -0.0434214371499
91.8915851175 -0.000637400109646 -0.0433919344083
91.9544169706 -0.000636538646275 -0.0433624716067
92.0172488236 -0.000635678921757 -0.0433330486649
92.0800806767 -0.000634820931327 -0.0433036655019
92.1429125298 -0.000633964670841 -0.0432743220287
92.2057443829 -0.000633110135074 -0.0432450181779
92.2685762359 -0.000632257319764 -0.0432157538617
92.331408089 -0.000631406220307 -0.0431865289984
92.3942399421 -0.000630556831912 -0.0431573435174
92.4570717951 -0.000629709150135 -0.0431281973345
92.5199036482 -0.000628863170477 -0.0430990903657
92.5827355013 -0.000628018888382 -0.0430700225397
92.6455673544 -0.000627176299177 -0.0430409937784
92.7083992074 -0.000626335398507 -0.0430120039983
92.7712310605 -0.000625496181854 -0.0429830531194
92.8340629136 -0.000624658644735 -0.0429541410726
92.8968947667 -0.000623822782744 -0.0429252677693
92.9597266197 -0.000622988591427 -0.0428964331365
93.0225584728 -0.000622156066291 -0.0428676370985
93.0853903259 -0.000621325202682 -0.0428388795833
93.1482221789 -0.000620495996561 -0.0428101605053
93.211054032 -0.000619668443384 -0.0427814797898
93.2738858851 -0.000618842538961 -0.0427528373581
93.3367177382 -0.000618018278696 -0.0427242331372
93.3995495912 -0.000617195658346 -0.0426956670506
93.4623814443 -0.000616374673386 -0.0426671390262
93.5252132974 -0.000615555319892 -0.0426386489762
93.5880451504 -0.000614737593242 -0.0426101968372
93.6508770035 -0.000613921489303 -0.0425817825281
93.7137088566 -0.000613107003693 -0.0425534059749
93.7765407097 -0.000612294132231 -0.0425250671034
93.8393725627 -0.000611482870608 -0.0424967658374
93.9022044158 -0.000610673214644 -0.0424685021026
93.9650362689 -0.000609865160083 -0.0424402758253
94.0278681219 -0.000609058702755 -0.0424120869312
94.090699975 -0.000608253838451 -0.0423839353457
94.1535318281 -0.000607450562924 -0.0423558209971
94.2163636812 -0.000606648872105 -0.042327743808
94.2791955342 -0.00060584876183 -0.0422997037088
94.3420273873 -0.000605050227819 -0.042271700628
94.4048592404 -0.000604253266229 -0.0422437344842
94.4676910934 -0.000603457872752 -0.0422158052117
94.5305229465 -0.000602664043361 -0.0421879127327
94.5933547996 -0.000601871774046 -0.042160056978
94.6561866527 -0.000601081060406 -0.0421322378782
94.7190185057 -0.000600291898741 -0.0421044553549
94.7818503588 -0.000599504284923 -0.04207670934
94.8446822119 -0.000598718214746 -0.0420489997634
94.9075140649 -0.000597933684494 -0.0420213265465
94.970345918 -0.000597150689842 -0.0419936896284
95.0331777711 -0.000596369227017 -0.0419660889306
95.0960096242 -0.000595589291868 -0.0419385243867
95.1588414772 -0.000594810880626 -0.0419109959205
95.2216733303 -0.000594033989317 -0.0418835034601
95.2845051834 -0.000593258613779 -0.0418560469446
95.3473370365 -0.000592484750252 -0.041828626298
95.4101688895 -0.000591712394826 -0.0418012414513
95.4730007426 -0.000590941543683 -0.041773892328
95.5358325957 -0.000590172192678 -0.0417465788694
95.5986644487 -0.000589404338059 -0.0417193010022
95.6614963018 -0.000588637976083 -0.0416920586521
95.7243281549 -0.000587873102755 -0.0416648517545
95.787160008 -0.000587109714264 -0.0416376802417
95.849991861 -0.000586347806902 -0.0416105440382
95.9128237141 -0.000585587376669 -0.0415834430823
95.9756555672 -0.000584828419849 -0.0415563773036
96.0384874202 -0.000584070932533 -0.0415293466377
96.1013192733 -0.000583314911056 -0.0415023510105
96.1641511264 -0.000582560351816 -0.0414753903521
96.2269829795 -0.000581807250835 -0.0414484645979
96.2898148325 -0.000581055604303 -0.0414215736866
96.3526466856 -0.000580305408675 -0.041394717542
96.4154785387 -0.000579556660145 -0.0413678961024
96.4783103917 -0.000578809355181 -0.041341109294
96.5411422448 -0.000578063489784 -0.0413143570565
96.6039740979 -0.000577319060338 -0.041287639327
96.666805951 -0.00057657606335 -0.0412609560288
96.729637804 -0.000575834495058 -0.0412343071009
96.7924696571 -0.000575094351883 -0.0412076924726
96.8553015102 -0.00057435563003 -0.0411811120868
96.9181333632 -0.00057361832599 -0.0411545658707
96.9809652163 -0.000572882436157 -0.0411280537604
97.0437970694 -0.00057214795682 -0.041101575689
97.1066289225 -0.000571414884601 -0.0410751315923
97.1694607755 -0.00057068321568 -0.0410487214071
97.2322926286 -0.000569952946624 -0.0410223450655
97.2951244817 -0.000569224073859 -0.0409960025035
97.3579563347 -0.000568496593691 -0.0409696936601
97.4207881878 -0.000567770502989 -0.0409434184632
97.4836200409 -0.000567045797785 -0.0409171768539
97.546451894 -0.000566322474772 -0.0408909687656
97.609283747 -0.000565600530381 -0.0408647941395
97.6721156001 -0.000564879961298 -0.040838652904
97.7349474532 -0.000564160763794 -0.0408125449997
97.7977793063 -0.000563442934482 -0.0407864703652
97.8606111593 -0.000562726469982 -0.0407604289342
97.9234430124 -0.00056201136681 -0.0407344206421
97.9862748655 -0.00056129762151 -0.0407084454272
98.0491067185 -0.000560585230752 -0.040682503227
98.1119385716 -0.000559874191013 -0.0406565939771
98.1747704247 -0.000559164498828 -0.0406307176222
98.2376022778 -0.000558456150968 -0.040604874089
98.3004341308 -0.000557749143999 -0.0405790633209
98.3632659839 -0.000557043474462 -0.040553285258
98.426097837 -0.000556339139087 -0.0405275398362
98.48892969 -0.00055563613452 -0.0405018269913
98.5517615431 -0.000554934457369 -0.0404761466638
98.6145933962 -0.000554234104434 -0.0404504987912
98.6774252493 -0.000553535072214 -0.0404248833122
98.7402571023 -0.000552837357436 -0.040399300171
98.8030889554 -0.000552140956968 -0.0403737492984
98.8659208085 -0.000551445867268 -0.0403482306392
98.9287526615 -0.000550752085323 -0.0403227441295
98.9915845146 -0.000550059607743 -0.0402972897091
99.0544163677 -0.000549368431249 -0.0402718673188
99.1172482208 -0.000548678552604 -0.0402464768973
99.1800800738 -0.000547989968474 -0.0402211183898
99.2429119269 -0.000547302675858 -0.0401957917258
99.30574378 -0.000546616671383 -0.0401704968546
99.368575633 -0.000545931951981 -0.04014523371
99.4314074861 -0.000545248514193 -0.040120002241
99.4942393392 -0.000544566354963 -0.0400948023806
99.5570711923 -0.000543885471258 -0.040069634073
99.6199030453 -0.000543205859782 -0.0400444972562
99.6827348984 -0.000542527517371 -0.0400193918726
99.7455667515 -0.000541850440911 -0.0399943178671
99.8083986045 -0.000541174627125 -0.0399692751794
99.8712304576 -0.000540500073305 -0.039944263741
99.9340623107 -0.000539826775737 -0.0399192835104
99.9968941638 -0.000539154731687 -0.0398943344201
100.059726017 -0.000538483938013 -0.0398694164124
100.12255787 -0.000537814391505 -0.0398445294322
100.185389723 -0.00053714608944 -0.0398196734129
100.248221576 -0.000536479028108 -0.0397948483137
100.311053429 -0.000535813204973 -0.0397700540624
100.373885282 -0.00053514861678 -0.0397452906091
100.436717135 -0.000534485260577 -0.0397205578904
100.499548988 -0.000533823133258 -0.0396958558552
100.562380841 -0.000533162231863 -0.0396711844418
100.625212694 -0.000532502553346 -0.0396465435963
100.688044548 -0.000531844094806 -0.0396219332588
100.750876401 -0.000531186852865 -0.0395973533841
100.813708254 -0.000530530824886 -0.0395728039048
100.876540107 -0.000529876007946 -0.0395482847616
100.93937196 -0.000529222398887 -0.039523795906
101.002203813 -0.000528569994636 -0.039499337286
101.065035666 -0.000527918792433 -0.039474908838
101.127867519 -0.000527268789412 -0.039450510506
101.190699372 -0.000526619982643 -0.0394261422349
101.253531225 -0.000525972368989 -0.0394018039734
101.316363078 -0.000525325945494 -0.0393774956672
101.379194931 -0.000524680709601 -0.0393532172539
101.442026784 -0.000524036658083 -0.0393289686859
101.504858637 -0.000523393788274 -0.0393047499028
101.567690491 -0.000522752097127 -0.0392805608532
101.630522344 -0.000522111581899 -0.039256401482
101.693354197 -0.000521472239744 -0.0392322717299
101.75618605 -0.000520834067451 -0.0392081715559
101.819017903 -0.00052019706279 -0.0391841008893
101.881849756 -0.000519561222249 -0.0391600596923
101.944681609 -0.000518926543665 -0.0391360478927
102.007513462 -0.000518293023763 -0.0391120654508
102.070345315 -0.000517660659873 -0.0390881123067
102.133177168 -0.000517029449164 -0.0390641884129
102.196009021 -0.000516399388872 -0.0390402937093
102.258840874 -0.00051577047621 -0.0390164281458
102.321672727 -0.000515142708379 -0.0389925916689
102.38450458 -0.00051451608272 -0.0389687842217
102.447336434 -0.000513890596342 -0.0389450057569
102.510168287 -0.000513266246466 -0.0389212562211
102.57300014 -0.00051264303043 -0.03889753556
102.635831993 -0.000512020945391 -0.0388738437254
102.698663846 -0.000511399988889 -0.0388501806552
102.761495699 -0.000510780157961 -0.0388265463011
102.824327552 -0.000510161449839 -0.0388029406213
102.887159405 -0.000509543862138 -0.0387793635478
102.949991258 -0.000508927391894 -0.0387558150383
103.012823111 -0.000508312036426 -0.0387322950427
103.075654964 -0.000507697793092 -0.0387088035053
103.138486817 -0.000507084659452 -0.0386853403695
103.20131867 -0.00050647263243 -0.0386619055948
103.264150523 -0.000505861709845 -0.0386384991179
103.326982377 -0.000505251888554 -0.0386151209018
103.38981423 -0.000504643166199 -0.0385917708874
103.452646083 -0.000504035540176 -0.0385684490206
103.515477936 -0.000503429007653 -0.038545155259
103.578309789 -0.000502823566222 -0.0385218895469
103.641141642 -0.000502219213241 -0.0384986518316
103.703973495 -0.000501615946065 -0.0384754420681
103.766805348 -0.000501013762184 -0.0384522602001
103.829637201 -0.000500412658914 -0.0384291061832
103.892469054 -0.000499812633588 -0.0384059799653
103.955300907 -0.000499213683751 -0.0383828814999
104.01813276 -0.000498615807035 -0.0383598107249
104.080964613 -0.000498019000491 -0.038336767609
104.143796467 -0.000497423261885 -0.0383137520892
104.20662832 -0.000496828588616 -0.0382907641153
104.269460173 -0.000496234977957 -0.0382678036518
104.332292026 -0.00049564242772 -0.038244870629
104.395123879 -0.000495050935047 -0.0382219650177
104.457955732 -0.000494460497672 -0.0381990867579
104.520787585 -0.000493871112978 -0.0381762358021
104.583619438 -0.000493282778519 -0.0381534121028
104.646451291 -0.000492695491788 -0.0381306156134
104.709283144 -0.000492109250275 -0.0381078462811
104.772114997 -0.000491524051569 -0.0380851040607
104.83494685 -0.000490939893187 -0.0380623889028
104.897778703 -0.000490356772738 -0.038039700756
104.960610556 -0.000489774687565 -0.0380170395802
105.02344241 -0.0004891936353 -0.037994405325
105.086274263 -0.000488613613765 -0.0379717979327
105.149106116 -0.000488034620249 -0.0379492173663
105.211937969 -0.00048745665254 -0.0379266635695
105.274769822 -0.000486879707778 -0.0379041365136
105.337601675 -0.000486303784023 -0.0378816361322
105.400433528 -0.000485728878795 -0.0378591623808
105.463265381 -0.000485154989614 -0.0378367152179
105.526097234 -0.000484582114107 -0.0378142945933
105.588929087 -0.000484010249909 -0.0377919004596
105.65176094 -0.000483439394582 -0.037769532775
105.714592793 -0.000482869545792 -0.0377471914876
105.777424646 -0.000482300701344 -0.0377248765481
105.840256499 -0.000481732858603 -0.0377025879171
105.903088353 -0.000481166015379 -0.0376803255484
105.965920206 -0.000480600169406 -0.0376580893865
106.028752059 -0.000480035318243 -0.0376358793959
106.091583912 -0.000479471459566 -0.0376136955234
106.154415765 -0.000478908591043 -0.0375915377291
106.217247618 -0.000478346710511 -0.0375694059588
106.280079471 -0.000477785815457 -0.0375473001727
106.342911324 -0.000477225903746 -0.0375252203272
106.405743177 -0.000476666972943 -0.037503166372
106.46857503 -0.000476109020953 -0.037481138263
106.531406883 -0.000475552045375 -0.0374591359547
106.594238736 -0.000474996043981 -0.0374371594005
106.657070589 -0.000474441014341 -0.0374152085642
106.719902442 -0.000473886954409 -0.0373932833887
106.782734296 -0.000473333861986 -0.0373713838336
106.845566149 -0.000472781734526 -0.0373495098578
106.908398002 -0.000472230570085 -0.0373276614102
106.971229855 -0.000471680366294 -0.0373058384526
107.034061708 -0.000471131120996 -0.0372840409362
107.096893561 -0.000470582831783 -0.0372622688202
107.159725414 -0.000470035496765 -0.0372405220536
107.222557267 -0.000469489113482 -0.0372188005971
107.28538912 -0.000468943679683 -0.0371971044133
107.348220973 -0.000468399193527 -0.0371754334432
107.411052826 -0.000467855652502 -0.0371537876569
107.473884679 -0.00046731305444 -0.0371321670024
107.536716532 -0.000466771397241 -0.0371105714409
107.599548385 -0.000466230678904 -0.0370890009226
107.662380239 -0.00046569089716 -0.0370674554051
107.725212092 -0.000465152049493 -0.0370459348594
107.788043945 -0.000464614134311 -0.0370244392208
107.850875798 -0.000464077149159 -0.0370029684594
107.913707651 -0.000463541091957 -0.0369815225278
107.976539504 -0.000463005960641 -0.0369601013838
108.039371357 -0.000462471752949 -0.0369387049827
108.10220321 -0.000461938466976 -0.0369173332851
108.165035063 -0.000461406100495 -0.0368959862436
108.227866916 -0.000460874650998 -0.0368746638337
108.290698769 -0.000460344117009 -0.0368533659862
108.353530622 -0.000459814496329 -0.0368320926684
108.416362475 -0.000459285786528 -0.036810843847
108.479194328 -0.00045875798585 -0.0367896194699
108.542026182 -0.000458231092032 -0.0367684195002
108.604858035 -0.000457705103032 -0.0367472438947
108.667689888 -0.000457180016868 -0.0367260926092
108.730521741 -0.000456655831407 -0.0367049656018
108.793353594 -0.000456132544682 -0.0366838628342
108.856185447 -0.000455610154347 -0.0366627842693
108.9190173 -0.000455088658823 -0.0366417298525
108.981849153 -0.000454568055702 -0.0366206995552
109.044681006 -0.000454048343238 -0.0365996933273
109.107512859 -0.00045352951909 -0.0365787111302
109.170344712 -0.00045301158162 -0.03655775292
109.233176565 -0.000452494528483 -0.0365368186634
109.296008418 -0.000451978357752 -0.036515908316
109.358840271 -0.000451463067519 -0.0364950218335
109.421672125 -0.000450948655701 -0.0364741591793
109.484503978 -0.000450435120409 -0.0364533203104
109.547335831 -0.000449922459494 -0.0364325051869
109.610167684 -0.000449410671126 -0.0364117137701
109.672999537 -0.000448899753445 -0.036390946009
109.73583139 -0.000448389704086 -0.0363702018813
109.798663243 -0.000447880521453 -0.036349481334
109.861495096 -0.000447372203478 -0.0363287843289
109.924326949 -0.000446864748064 -0.0363081108314
109.987158802 -0.000446358153422 -0.0362874607973
110.049990655 -0.00044585241754 -0.0362668341895
110.112822508 -0.000445347538624 -0.0362462309641
110.175654361 -0.000444843514717 -0.0362256510795
110.238486214 -0.000444340343661 -0.036205094504
110.301318068 -0.000443838023697 -0.0361845611947
110.364149921 -0.00044333655298 -0.0361640511105
110.426981774 -0.000442835929426 -0.0361435642154
110.489813627 -0.00044233615135 -0.0361231004647
110.55264548 -0.000441837216678 -0.0361026598247
110.615477333 -0.000441339123658 -0.0360822422534
110.678309186 -0.000440841870147 -0.0360618477163
110.741141039 -0.000440345454754 -0.0360414761625
110.803972892 -0.000439849874899 -0.0360211275753
110.866804745 -0.000439355129322 -0.0360008018929
110.929636598 -0.000438861216018 -0.0359804990846
110.992468451 -0.000438368133021 -0.0359602191161
111.055300304 -0.000437875878406 -0.0359399619478
111.118132157 -0.000437384450444 -0.0359197275404
111.180964011 -0.000436893847265 -0.0358995158524
111.243795864 -0.00043640406699 -0.0358793268534
111.306627717 -0.000435915107868 -0.0358591604975
111.36945957 -0.000435426967891 -0.0358390167546
111.432291423 -0.000434939645653 -0.0358188955706
111.495123276 -0.000434453138847 -0.0357987969245
111.557955129 -0.000433967446025 -0.0357787207727
111.620786982 -0.000433482565011 -0.0357586670805
111.683618835 -0.00043299849438 -0.0357386358004
111.746450688 -0.000432515232013 -0.0357186269119
111.809282541 -0.000432032776232 -0.0356986403637
111.872114394 -0.000431551125366 -0.0356786761208
111.934946247 -0.000431070277473 -0.0356587341502
111.9977781 -0.000430590230875 -0.0356388144129
112.060609954 -0.000430110983798 -0.0356189168648
112.123441807 -0.000429632534339 -0.0355990414819
112.18627366 -0.000429154880927 -0.0355791882149
112.249105513 -0.000428678021597 -0.035559357039
112.311937366 -0.000428201954764 -0.0355395479107
112.374769219 -0.000427726678654 -0.0355197607861
112.437601072 -0.000427252191425 -0.0354999956426
112.500432925 -0.000426778491357 -0.0354802524377
112.563264778 -0.000426305576884 -0.0354605311321
112.626096631 -0.000425833446004 -0.0354408316911
112.688928484 -0.000425362097267 -0.035421154079
112.751760337 -0.000424891528486 -0.0354014982675
112.81459219 -0.00042442173855 -0.0353818642061
112.877424043 -0.000423952725362 -0.0353622518685
112.940255897 -0.000423484487385 -0.0353426612114
113.00308775 -0.000423017022749 -0.0353230922086
113.065919603 -0.00042255032999 -0.035303544814
113.128751456 -0.000422084407131 -0.0352840190039
113.191583309 -0.00042161925268 -0.0352645147309
113.254415162 -0.000421154864832 -0.0352450319664
113.317247015 -0.000420691242154 -0.0352255706674
113.380078868 -0.000420228382647 -0.0352061308101
113.442910721 -0.000419766284813 -0.0351867123518
113.505742574 -0.000419304946988 -0.0351673152589
113.568574427 -0.000418844367458 -0.0351479394948
113.63140628 -0.000418384544639 -0.0351285850238
113.694238133 -0.000417925476772 -0.0351092518138
113.757069986 -0.000417467162369 -0.0350899398273
113.81990184 -0.00041700959974 -0.0350706490271
113.882733693 -0.000416552786767 -0.0350513793954
113.945565546 -0.000416096722672 -0.0350321308707
114.008397399 -0.000415641405207 -0.0350129034376
114.071229252 -0.000415186832929 -0.0349936970553
114.134061105 -0.000414733004312 -0.0349745116862
114.196892958 -0.00041427991761 -0.0349553473038
114.259724811 -0.000413827571203 -0.034936203867
114.322556664 -0.000413375963592 -0.0349170813451
114.385388517 -0.000412925092979 -0.0348979797037
114.44822037 -0.000412474957959 -0.0348788989065
114.511052223 -0.000412025556895 -0.0348598389183
114.573884076 -0.000411576888114 -0.0348407997126
114.636715929 -0.0004111289502 -0.0348217812446
114.699547783 -0.000410681741429 -0.0348027834885
114.762379636 -0.00041023526009 -0.0347838064113
114.825211489 -0.000409789504916 -0.0347648499739
114.888043342 -0.000409344474015 -0.0347459141495
114.950875195 -0.0004089001662 -0.0347269988955
115.013707048 -0.000408456579645 -0.034708104182
115.076538901 -0.0004080137129 -0.034689229979
115.139370754 -0.000407571564396 -0.0346703762482
115.202202607 -0.000407130132521 -0.0346515429627
115.26503446 -0.000406689415592 -0.0346327300882
115.327866313 -0.000406249412501 -0.0346139375823
115.390698166 -0.000405810121211 -0.0345951654282
115.453530019 -0.000405371540576 -0.0345764135786
115.516361872 -0.000404933668825 -0.0345576820056
115.579193726 -0.000404496504701 -0.0345389706747
115.642025579 -0.000404060046431 -0.0345202795562
115.704857432 -0.000403624292535 -0.0345016086223
115.767689285 -0.000403189241608 -0.0344829578257
115.830521138 -0.000402754892087 -0.0344643271448
115.893352991 -0.000402321242492 -0.0344457165472
115.956184844 -0.000401888291219 -0.0344271259983
116.019016697 -0.000401456036937 -0.0344085554627
116.08184855 -0.000401024478091 -0.0343900049087
116.144680403 -0.000400593613037 -0.0343714743153
116.207512256 -0.000400163440442 -0.0343529636383
116.270344109 -0.00039973395886 -0.034334472848
116.333175962 -0.000399305166851 -0.0343160019142
116.396007816 -0.000398877062792 -0.0342975508009
116.458839669 -0.000398449645272 -0.0342791194833
116.521671522 -0.000398022912792 -0.0342607079253
116.584503375 -0.000397596864101 -0.034242316093
116.647335228 -0.000397171497411 -0.0342239439584
116.710167081 -0.000396746811465 -0.0342055914926
116.772998934 -0.000396322804929 -0.034187258657
116.835830787 -0.00039589947593 -0.0341689454299
116.89866264 -0.000395476823628 -0.034150651763
116.961494493 -0.000395054846063 -0.0341323776462
117.024326346 -0.00039463354201 -0.0341141230356
117.087158199 -0.000394212910229 -0.0340958878998
117.149990052 -0.000393792949035 -0.0340776722064
117.212821905 -0.000393373656963 -0.0340594759379
117.275653759 -0.000392955032814 -0.0340412990483
117.338485612 -0.000392537074935 -0.0340231415146
117.401317465 -0.000392119782277 -0.0340050032982
117.464149318 -0.00039170315303 -0.0339868843779
117.526981171 -0.000391287186016 -0.0339687847206
117.589813024 -0.000390871879809 -0.0339507042883
117.652644877 -0.000390457232919 -0.0339326430601
117.71547673 -0.000390043244086 -0.0339146009998
117.778308583 -0.000389629911921 -0.0338965780749
117.841140436 -0.000389217234871 -0.0338785742631
117.903972289 -0.000388805211746 -0.0338605895286
117.966804142 -0.000388393841045 -0.0338426238429
118.029635995 -0.000387983121505 -0.0338246771704
118.092467848 -0.000387573051553 -0.0338067494924
118.155299702 -0.000387163630047 -0.033788840769
118.218131555 -0.000386754855469 -0.0337709509728
118.280963408 -0.000386346726578 -0.0337530800725
118.343795261 -0.000385939241913 -0.0337352280432
118.406627114 -0.000385532400271 -0.03371739485
118.469458967 -0.000385126200189 -0.0336995804631
118.53229082 -0.000384720640216 -0.0336817848595
118.595122673 -0.000384315719211 -0.0336640080035
118.657954526 -0.000383911435728 -0.033646249866
118.720786379 -0.000383507788576 -0.0336285104145
118.783618232 -0.00038310477614 -0.0336107896282
118.846450085 -0.000382702397387 -0.0335930874727
118.909281938 -0.000382300650827 -0.0335754039191
118.972113791 -0.00038189953503 -0.03355773894
119.034945645 -0.000381499048938 -0.0335400925016
119.097777498 -0.000381099191238 -0.0335224645754
119.160609351 -0.000380699960412 -0.0335048551355
119.223441204 -0.000380301355211 -0.0334872641545
119.286273057 -0.000379903374517 -0.0334696915967
119.34910491 -0.000379506016654 -0.033452137441
119.411936763 -0.000379109280686 -0.0334346016548
119.474768616 -0.000378713165214 -0.0334170842051
119.537600469 -0.00037831766875 -0.0333995850734
119.600432322 -0.000377922790344 -0.0333821042203
119.663264175 -0.000377528528547 -0.0333646416192
119.726096028 -0.000377134881888 -0.0333471972515
119.788927881 -0.000376741849423 -0.033329771078
119.851759734 -0.000376349429781 -0.0333123630729
119.914591588 -0.000375957621621 -0.0332949732103
119.977423441 -0.000375566423602 -0.0332776014612
120.040255294 -0.000375175834595 -0.0332602477966
120.103087147 -0.000374785853328 -0.0332429121865
120.165919 -0.000374396478495 -0.0332255946059
120.228750853 -0.000374007708862 -0.0332082950257
120.291582706 -0.000373619543154 -0.0331910134174
120.354414559 -0.000373231980154 -0.0331737497529
120.417246412 -0.000372845018735 -0.0331565040034
120.480078265 -0.000372458657323 -0.0331392761454
120.542910118 -0.000372072895039 -0.0331220661497
120.605741971 -0.00037168773036 -0.0331048739856
120.668573824 -0.000371303162326 -0.0330876996244
120.731405677 -0.000370919189634 -0.0330705430393
120.794237531 -0.000370535810785 -0.0330534042098
120.857069384 -0.000370153024933 -0.0330362830985
120.919901237 -0.000369770830607 -0.0330191796877
120.98273309 -0.00036938922685 -0.0330020939379
121.045564943 -0.000369008212196 -0.0329850258305
121.108396796 -0.000368627785248 -0.0329679753455
121.171228649 -0.000368247945509 -0.0329509424336
121.234060502 -0.000367868691125 -0.032933927085
121.296892355 -0.000367490021009 -0.0329169292762
121.359724208 -0.000367111934083 -0.0328999489708
121.422556061 -0.00036673442938 -0.0328829861326
121.485387914 -0.00036635750519 -0.0328660407536
121.548219767 -0.000365981160716 -0.0328491127973
121.61105162 -0.000365605394764 -0.032832202235
121.673883474 -0.000365230205887 -0.0328153090473
121.736715327 -0.000364855593062 -0.0327984332038
121.79954718 -0.000364481555045 -0.0327815746804
121.862379033 -0.000364108090907 -0.0327647334399
121.925210886 -0.000363735199141 -0.0327479094696
121.988042739 -0.000363362878864 -0.0327311027325
122.050874592 -0.000362991128775 -0.0327143132062
122.113706445 -0.000362619947706 -0.0326975408661
122.176538298 -0.000362249334414 -0.0326807856906
122.239370151 -0.000361879287916 -0.0326640476408
122.302202004 -0.000361509807031 -0.0326473266953
122.365033857 -0.000361140890464 -0.0326306228356
122.42786571 -0.000360772537253 -0.0326139360278
122.490697563 -0.000360404746072 -0.032597266248
122.553529417 -0.000360037516054 -0.0325806134665
122.61636127 -0.000359670845838 -0.0325639776613
122.679193123 -0.000359304734279 -0.0325473588089
122.742024976 -0.000358939180296 -0.0325307568811
122.804856829 -0.000358574182931 -0.0325141718447
122.867688682 -0.000358209740574 -0.0324976036917
122.930520535 -0.000357845852663 -0.0324810523767
122.993352388 -0.000357482517821 -0.0324645178838
123.056184241 -0.000357119734787 -0.0324480001925
123.119016094 -0.000356757502771 -0.0324314992659
123.181847947 -0.000356395820425 -0.0324150150833
123.2446798 -0.000356034686742 -0.0323985476208
123.307511653 -0.00035567410057 -0.0323820968508
123.370343506 -0.000355314060899 -0.0323656627496
123.43317536 -0.000354954566324 -0.0323492452966
123.496007213 -0.000354595616093 -0.0323328444609
123.558839066 -0.000354237209115 -0.0323164602066
123.621670919 -0.000353879343836 -0.0323000925381
123.684502772 -0.000353522019831 -0.0322837413952
123.747334625 -0.000353165235484 -0.0322674067789
123.810166478 -0.000352808990078 -0.0322510886491
123.872998331 -0.000352453282108 -0.032234786995
123.935830184 -0.000352098110806 -0.0322185017816
123.998662037 -0.000351743475091 -0.0322022329849
124.06149389 -0.000351389373986 -0.0321859805748
124.124325743 -0.000351035806151 -0.0321697445401
124.187157596 -0.00035068277057 -0.03215352485
124.249989449 -0.000350330266187 -0.0321373214782
124.312821303 -0.000349978292176 -0.032121134393
124.375653156 -0.000349626847152 -0.0321049635882
124.438485009 -0.00034927593027 -0.0320888090258
124.501316862 -0.000348925540273 -0.0320726706851
124.564148715 -0.000348575676338 -0.0320565485406
124.626980568 -0.000348226337345 -0.0320404425657
124.689812421 -0.000347877522238 -0.0320243527387
124.752644274 -0.000347529229871 -0.0320082790373
124.815476127 -0.000347181459253 -0.0319922214391
124.87830798 -0.000346834209425 -0.0319761799124
124.941139833 -0.000346487479301 -0.0319601544365
125.003971686 -0.000346141267731 -0.031944144993
125.066803539 -0.000345795573881 -0.0319281515521
125.129635392 -0.000345450396689 -0.0319121740837
125.192467246 -0.000345105735025 -0.0318962125762
125.255299099 -0.000344761587868 -0.0318802670023
125.318130952 -0.000344417954321 -0.031864337334
125.380962805 -0.00034407483318 -0.0318484235506
125.443794658 -0.000343732223596 -0.0318325256268
125.506626511 -0.000343390124553 -0.0318166435386
125.569458364 -0.000343048534871 -0.0318007772663
125.632290217 -0.000342707453616 -0.0317849267886
