# Status file for ctqmc. Used to save all times t_s, t_e.
2
41
3.792425247232123 1.225449409094637 0 0
7.552358346375843 4.115110810548115 0 0
8.47209615752465 8.147498175381537 0 0
8.635857588968793 8.516643825845554 0 0
9.948364723371505 9.721591875496756 0 0
11.4475777245555 11.327377531981 0 0
12.06232009415932 11.6182901857861 0 0
13.82661623192829 13.6390404660588 0 0
14.62810912854894 14.04945589024384 0 0
15.37666365846006 15.03211018036008 0 0
18.96156432925457 18.77354215468478 0 0
19.76025139144686 19.66388464200027 0 0
20.20897505439169 20.15955961860978 0 0
20.89862672920994 20.89126562007115 0 0
24.76872053401623 24.60790172787932 0 0
26.10020689655718 25.34854608504248 0 0
26.57343328776394 26.55790678624176 0 0
27.1767719090495 26.94958224331134 0 0
30.62437421868984 30.24689813313687 0 0
31.02207733719496 30.91748697008963 0 0
32.99389832899023 32.93041555175235 0 0
34.58563009690164 34.12896363448276 0 0
38.46234854422387 37.86511658780629 0 0
41.42466463830789 38.48144175448676 0 0
42.14171579214428 42.04773756425583 0 0
45.86487330302932 43.85368551824225 0 0
49.23974985167974 48.53426300339802 0 0
53.06413285678846 52.98015378387284 0 0
57.42795336448211 57.19028437269209 0 0
58.87109483811162 58.3859906319498 0 0
64.45574101376644 64.40432038177734 0 0
67.48485961733287 65.28150933629304 0 0
68.32520820801902 68.02074288957239 0 0
68.98443904859889 68.70834857764632 0 0
70.18713917099068 69.36853325031652 0 0
82.74494104926342 80.16598186798166 0 0
87.25956845443349 86.87194096401545 0 0
92.25837721530799 87.27834123077088 0 0
96.18075591492378 92.57111101661364 0 0
97.33738338042693 96.38280719669091 0 0
97.5800922546656 97.37594267060109 0 0
35
1.594914390004192 1.618627005356728 0 0
4.172190026551577 4.314930485568684 0 0
4.561127740758999 7.360264378634644 0 0
7.899241910873475 8.10995655786596 0 0
14.35061905307963 15.15007795813935 0 0
15.16413101273553 15.23825475568879 0 0
18.84136951335707 19.02304874762388 0 0
24.09948145680241 24.12548401425667 0 0
25.31706830425843 26.21990667768192 0 0
27.7454226681546 27.75359238896492 0 0
30.10338945763864 30.52952356205097 0 0
36.72695282788968 36.87361359234956 0 0
38.01267299562682 38.10709415811512 0 0
38.17795988417177 41.21732633362102 0 0
41.22097552459056 41.51924467858439 0 0
44.52798605666106 44.70945820262229 0 0
44.77202097688869 45.38230508860085 0 0
46.64393465721528 46.75474998553762 0 0
48.77074294830794 49.24472877440171 0 0
49.32196206111304 49.6163409687049 0 0
50.27173349628688 50.44748090540197 0 0
64.0304461612469 64.06908713071732 0 0
65.63563184916048 65.64746295485746 0 0
67.14970605499815 67.31202956459828 0 0
78.67182423105349 78.84260651330629 0 0
79.69170204290168 79.77835043941002 0 0
80.35776979410674 81.94126730006973 0 0
81.96709935049255 82.31433896742136 0 0
82.78391575935483 83.39231251538685 0 0
87.25299824909465 87.76223135553813 0 0
87.78381659727778 87.82602891541518 0 0
88.06962875307579 88.87314063291383 0 0
89.24427474500757 92.14887967603725 0 0
92.31754452136968 96.46180202088546 0 0
97.17722820602786 97.46866812704373 0 0
