# Status file for ctqmc. Used to save all times t_s, t_e.
2
51
2.885221432276758 3.006220940115004 0 0
4.540494435519314 10.56204139678178 0 0
10.58899128007199 11.4429175621394 0 0
12.04075173253213 12.9328217849822 0 0
13.93927161445762 14.26569708327623 0 0
14.90745662493222 15.12011285852484 0 0
17.09151246679406 17.81849153413881 0 0
18.59535702862443 19.05014662452178 0 0
22.86445458876564 22.94401770406831 0 0
26.97633805775773 27.03469222968679 0 0
27.34000654021658 27.35998557458326 0 0
27.75455189483541 31.8237688452788 0 0
32.36758149581716 32.87956860491355 0 0
35.71428640616487 35.79817436294749 0 0
36.78871263785453 36.93596616632049 0 0
38.23367559310323 38.34182243783687 0 0
40.17819971974217 40.36787906399609 0 0
40.51500433270046 40.7724780314499 0 0
42.44062509574224 42.4640921140653 0 0
42.86175572171882 43.27440080758547 0 0
43.85099195406005 44.00372750684284 0 0
44.03652186276797 44.13176108308913 0 0
46.41062440865058 48.48219415513701 0 0
50.52178687142053 50.64591725357311 0 0
50.7066121376705 50.84247773797185 0 0
51.45016447118128 51.65792445435663 0 0
53.14327641946311 53.68241066575813 0 0
55.51964917084827 55.77900471875763 0 0
58.16873349201742 58.18372585205045 0 0
63.59422235336419 63.62687175030872 0 0
64.50860276258749 65.32624887248325 0 0
65.42017637189035 67.17273669113848 0 0
67.25315173333463 68.08416655539601 0 0
68.12677816392269 69.68651641307393 0 0
70.28522889240071 70.95333318757721 0 0
71.45262254660953 75.86720673773297 0 0
75.87767312540765 76.31268116971992 0 0
77.17466758739228 78.03515817488066 0 0
78.09673243294972 78.76278714633641 0 0
79.39749534243742 80.93732950471143 0 0
81.02835973500825 81.21909736444503 0 0
81.83403998292737 82.2271230266898 0 0
82.33873498538027 82.34965000270792 0 0
82.45310271503354 85.24769126673353 0 0
85.62214777124147 85.84694528104367 0 0
86.58930202765913 89.12386597402214 0 0
89.50873849631195 89.53481386338522 0 0
89.7104536548037 89.76040031434313 0 0
90.01825859915964 90.6634889780574 0 0
91.68325677118737 94.50340587476553 0 0
94.68925466386244 96.60558857567223 0 0
56
1.326679104911531 1.228426024848062 0 0
2.645681018118691 2.529731594649781 0 0
3.47140318032168 2.736378654085531 0 0
3.560045301958584 3.531224900967499 0 0
5.478516058577807 3.787510554444272 0 0
10.5780787345441 5.538710662890914 0 0
12.09727213723377 10.77936777433275 0 0
12.79891023441568 12.54255644126487 0 0
14.3851847875225 14.03102356481181 0 0
14.75131784513526 14.66761473391203 0 0
15.80458626166425 15.80066743029403 0 0
17.90661860715147 17.08100780339097 0 0
18.48501113986588 18.36607004103498 0 0
20.82028753808844 20.78019582686671 0 0
21.04662015164692 20.89686494567918 0 0
21.93531287788579 21.91979617485617 0 0
24.82031293348513 24.68334565161478 0 0
29.30838806614473 27.83812739032289 0 0
32.94759256316649 29.40771957154767 0 0
38.70409559113688 38.64863872826209 0 0
39.27991940790654 39.13324232547744 0 0
42.02713525639934 41.95034732098517 0 0
42.75145637596224 42.53728973871428 0 0
44.32324018901502 42.83688601549097 0 0
45.24825693747661 45.08367003002378 0 0
46.36251148033618 45.39538955353851 0 0
47.12278019052777 46.8282726182066 0 0
47.61911143411496 47.60406697346969 0 0
51.04501722177358 50.91306211397794 0 0
56.16265503574347 55.37911597718821 0 0
57.09628478211803 57.02072366138357 0 0
58.40427767071309 58.33057901343729 0 0
58.49880984998923 58.43460621060746 0 0
58.93225027323683 58.76597203717293 0 0
59.6339590652158 59.15008490123169 0 0
61.39242392108673 61.16393364274318 0 0
69.74317433413965 64.37106683319402 0 0
70.61331347256197 69.83028055387737 0 0
72.12143735780639 71.91366199926385 0 0
72.82140738774207 72.12793920266479 0 0
74.9613191458571 72.94194286316922 0 0
75.66133413492754 75.08996391175522 0 0
76.30944602910445 75.70271214085655 0 0
78.48914601702172 76.59410672101669 0 0
79.51746129903071 78.51922845291251 0 0
81.3238213821443 79.56839316267839 0 0
82.75777493380579 81.59735305379407 0 0
85.95542582636831 82.93943178125069 0 0
86.51323950377149 86.33574570263495 0 0
89.5509565851593 86.63073278577859 0 0
90.77563843807384 90.00745269808108 0 0
91.18148727593012 90.78873755188597 0 0
92.31914912609051 91.62934653995489 0 0
92.39694826786665 92.33082592888012 0 0
97.54377035762155 92.40456146473092 0 0
98.73669072014123 98.62529357313257 0 0
