# Status file for ctqmc. Used to save all times t_s, t_e.
2
35
0.01791225710971389 0.07561846680692952 0 0
0.7220847085596546 3.922580983103784 0 0
12.67873295458378 12.7076241215108 0 0
13.02464354644564 13.0747276508572 0 0
13.65426165606597 13.74378247353481 0 0
14.34490097069136 14.36544053107922 0 0
16.4242094560313 16.66002400523472 0 0
17.04789120073782 17.58019926350144 0 0
17.82081229750875 17.87776949973205 0 0
17.97441553039983 18.21246326995752 0 0
18.79426621915517 18.79878529444832 0 0
19.42159972399354 19.98288867392785 0 0
20.38600574290434 23.78083278937852 0 0
23.92138768244099 28.93701978692843 0 0
28.97831060720881 29.05993852546747 0 0
29.07514232192161 29.82161887177827 0 0
29.83589345767928 31.94949809573633 0 0
33.09306485324889 33.85779260969601 0 0
38.51405752988282 40.2836174905479 0 0
41.18635929968863 41.77208952645226 0 0
43.43473280703734 44.17614106450453 0 0
46.99068015736049 47.09113663009497 0 0
60.2853941930997 60.70346789430541 0 0
61.79986539242855 61.86727081034984 0 0
62.06785012744879 62.49775215816928 0 0
66.81858381344389 66.94418587309794 0 0
67.70584539102339 68.7466478859449 0 0
73.02712353739318 73.0388120491935 0 0
73.59997414716392 73.93408670977131 0 0
74.96795758796512 75.00674974964251 0 0
76.95553609533317 77.45749816773176 0 0
81.05944265648778 82.37146514989652 0 0
86.49016002385332 86.62006880013445 0 0
87.43979107869669 95.64971465299574 0 0
96.62602928869501 98.91206355509004 0 0
47
2.163406745221652 2.220420199676468 0 0
3.988870084265567 5.955700982156705 0 0
6.490322284802574 6.55741343894682 0 0
6.672030847404355 10.81160800626391 0 0
10.92995007479669 12.61182274483087 0 0
12.62617657101424 12.88511157763676 0 0
13.18004771194737 13.34272951750693 0 0
13.93749938139193 18.49102594322247 0 0
19.07545134265858 20.43122433855916 0 0
20.43331138633937 20.5476411986175 0 0
21.388981531783 21.54867855385631 0 0
24.75756706103203 24.75989463686517 0 0
31.46652587111776 33.23163921792515 0 0
33.75114319513404 35.09690360695753 0 0
35.26015010844857 38.39221817642673 0 0
41.76503634934375 43.4685625211507 0 0
43.81037323585171 48.00268831043009 0 0
48.29511274648318 48.40798845610025 0 0
48.90119815450385 50.08667475202022 0 0
50.26501623905477 50.30286397376499 0 0
50.33292087898495 50.38339739691413 0 0
50.47777100645829 55.58501299681227 0 0
55.58791924166989 55.71936681789924 0 0
55.85352949773866 56.58905521523217 0 0
56.59302528271868 56.8226217524089 0 0
56.88638759793066 57.75379029694337 0 0
57.8073868705555 58.131957627649 0 0
58.26697902885913 59.51354668845313 0 0
59.9509515539305 60.2505281015449 0 0
62.33381155232115 62.33814345699411 0 0
62.70219792982822 67.48581421954603 0 0
68.88723575921401 71.93885100154611 0 0
71.96883946434112 73.22606631283644 0 0
73.33821327486038 73.60355531399127 0 0
74.16816417803503 75.16677604653432 0 0
75.17175586275867 75.92434151094679 0 0
75.92469530507786 76.10233828375058 0 0
76.38986633509623 76.47460514795256 0 0
76.60770330654766 76.86842489687993 0 0
78.13329266001618 80.44413250962515 0 0
82.39646791654137 83.87184405504455 0 0
83.97756965066849 84.14338117378054 0 0
84.18201777978064 84.8456871885632 0 0
85.50190534324739 86.23520393997721 0 0
90.34916349374177 90.59368275348346 0 0
93.37867424877473 93.54897404400168 0 0
99.02231278092499 99.89598550959305 0 0
