# Status file for ctqmc. Used to save all times t_s, t_e.
2
42
1.58200796846059 1.615759355067825 0 0
9.225264614854417 9.234739815843056 0 0
9.291715719389423 10.05327394124386 0 0
10.18273246097077 10.21880710792571 0 0
10.57195821929319 11.20782998332607 0 0
12.29726914712097 13.08345800917612 0 0
13.41571434076943 14.52075044807179 0 0
14.62389183248383 22.31585707551298 0 0
22.90188431327633 23.20494971100815 0 0
25.80666363633215 28.7046099874789 0 0
28.72642965325242 29.74536322438816 0 0
29.96980536283519 30.22617630774301 0 0
30.83868763701421 32.05961806962428 0 0
32.16932745358137 34.32950131764242 0 0
34.90040597523806 35.83776335370448 0 0
35.84534286927116 35.93909127237156 0 0
36.067995152136 37.29005770026651 0 0
37.50443589615272 38.45936473945739 0 0
39.16925887125535 39.57613360591943 0 0
41.18389020993251 41.39121414860696 0 0
43.96550581295072 44.24976728418181 0 0
45.07125901316709 45.14618624262962 0 0
46.47997166907281 46.51022216886186 0 0
47.14147113287319 47.75982431900852 0 0
49.91942710901598 50.01487219749452 0 0
50.93480013404253 50.97822003718007 0 0
54.78911515165539 54.82847058288143 0 0
56.32082506846776 56.50029254563857 0 0
56.5204122902256 56.56360682694034 0 0
56.60923820237918 58.73428971639791 0 0
73.74796757641866 73.87935834113229 0 0
76.85678978641516 76.9468766203766 0 0
78.81087599561744 78.87145916827232 0 0
79.72486530404011 79.81227982811424 0 0
80.45976462264629 80.4998759863096 0 0
83.80859143096153 83.9090564907743 0 0
87.9066744692666 88.1529914185616 0 0
88.49038902866255 88.92065315854212 0 0
93.79791886782354 93.95797210405244 0 0
96.7509927772749 97.01702999331823 0 0
97.99939406952112 98.18246689534037 0 0
99.00812879844111 99.01473741508937 0 0
43
0.474971980874173 0.4399187460432313 0 0
2.24597320494968 2.052513039711151 0 0
11.85375834981767 9.253492354827483 0 0
22.11198159666453 12.1323562784279 0 0
23.16742640208081 22.60975227638611 0 0
24.58419493491293 24.55678953394423 0 0
25.43104037375294 24.91483952904201 0 0
26.70278829169741 25.97577906645317 0 0
28.11669308902429 26.75584706256978 0 0
32.12602272672954 28.21240872144239 0 0
37.26717842402391 32.13985281229388 0 0
39.72163208672237 37.40350596797362 0 0
40.99138499677635 40.67434512807937 0 0
41.24893939710964 40.99199645842837 0 0
43.37292088984567 43.23028159470618 0 0
44.16634872952292 43.64097064341965 0 0
45.55679327872225 45.40639169625232 0 0
47.63638208688536 46.69421873136616 0 0
50.89624978226808 50.25995439492912 0 0
56.88167809180844 55.88884096611778 0 0
57.57806625185837 57.00918264946493 0 0
60.05787559697986 57.62777593126808 0 0
61.35161482952737 61.20617313882774 0 0
61.44601278495924 61.43687050072739 0 0
61.87297804846209 61.79001317139775 0 0
63.18997747555969 62.88871254858122 0 0
65.96169413424501 65.95341389388099 0 0
66.50379555001935 66.30785815422578 0 0
68.3917060173757 68.26048616070682 0 0
74.12204658498811 73.79001797150156 0 0
74.64516150105041 74.61697048991176 0 0
74.84555404751282 74.77249716463341 0 0
75.75442600065844 74.85276593733043 0 0
76.0563112449482 75.94850976838673 0 0
81.06958023510926 81.04373203705346 0 0
83.66881795803226 83.64710588467133 0 0
87.32277165517783 87.2493881135827 0 0
87.4503761198434 87.33195216163526 0 0
92.01143091919467 92.01023324391173 0 0
93.95404247686841 93.51980126316505 0 0
94.17788811012785 94.01134831355914 0 0
97.24757527472754 96.0755902238121 0 0
97.71591215221639 97.40152262301621 0 0
