# Status file for ctqmc. Used to save all times t_s, t_e.
2
45
2.441593535361619 0.1953568574068356 0 0
13.15353943978762 3.10331633339029 0 0
13.97605987586507 13.19889330360803 0 0
14.77604705653927 14.00144246869056 0 0
15.79797314677734 15.51396748783583 0 0
16.58259610597806 16.36279748006047 0 0
16.64320419859696 16.58788536374035 0 0
21.31446943473311 16.66495969032569 0 0
21.94281489554089 21.42293265253091 0 0
23.48587560932236 22.22112715007017 0 0
25.04400336325054 23.94534591345392 0 0
30.76614578122554 27.04980294553422 0 0
31.920838711053 30.81023708766558 0 0
32.91705694735433 32.07561721487509 0 0
33.61339283984606 33.2606956590639 0 0
37.29937932926358 33.64217631909717 0 0
39.22800618828855 38.79043158012634 0 0
39.55156954131476 39.278013946283 0 0
43.0367551544843 39.56335559829362 0 0
46.09731854774581 43.36314131589945 0 0
46.26520573816539 46.13501148938735 0 0
48.50341048810056 46.62170709614897 0 0
48.71083510512909 48.51966006120172 0 0
49.72669141139858 49.68023396212809 0 0
50.16948330714045 49.9875393441532 0 0
53.24559575516447 50.78642460538981 0 0
54.65625762957249 53.29788820666033 0 0
58.88606152399508 55.97008372601558 0 0
65.3143838917117 58.90833673693879 0 0
66.09797341685255 65.71230822811582 0 0
68.46411425888004 66.20371329022196 0 0
69.11026777837347 68.51767665667673 0 0
75.79428726461792 69.23680554039925 0 0
77.91303818355792 75.88189143734269 0 0
79.53849376687856 78.66293841931906 0 0
80.48691923905598 79.74559405372374 0 0
83.43883409661919 82.88091720811958 0 0
85.8616056264823 84.90255770856285 0 0
86.12848975100736 85.92263549866915 0 0
87.32096345164042 87.08451394153882 0 0
87.80443300070441 87.56607923244353 0 0
90.73382189513799 90.72871135754272 0 0
94.19895594541302 94.13887170445845 0 0
94.69160835356386 94.63813305092756 0 0
99.96606163804367 98.82824594320441 0 0
39
1.570225528941009 1.556701354411487 0 0
2.506264855161627 1.904720278487529 0 0
3.666472080879203 2.768784652291494 0 0
9.302271456689304 9.297194444477071 0 0
14.34037638271247 13.51047881166024 0 0
16.38460647144582 14.35169431102498 0 0
17.08504348796724 16.59314160678168 0 0
19.3770212472784 19.20429227324267 0 0
22.57282613650699 22.09651920929898 0 0
24.49085404086746 24.42602145653587 0 0
26.84535967840312 25.76170290979378 0 0
33.54453515156165 33.51565140966829 0 0
33.8714290960563 33.66646279585977 0 0
34.52220892535924 34.41081477728756 0 0
35.35913202567426 35.32912632975202 0 0
39.09947661784813 36.30105634785127 0 0
40.74387007232 40.14990476274135 0 0
43.41975549486975 42.61373495269549 0 0
45.03379558131822 44.84949470754649 0 0
46.81798541342926 46.09143057082638 0 0
50.6596116017571 48.63914838109599 0 0
51.18078478125898 50.74317020931111 0 0
56.05368508883085 54.26110937157407 0 0
56.94976972118863 56.60351563411743 0 0
59.17142074708941 59.08899593568235 0 0
59.46919401798666 59.33540867816123 0 0
60.31639290059863 60.24878674932653 0 0
61.91599236116987 61.39447874547199 0 0
65.85796814745056 65.82333929950121 0 0
66.15650460681029 65.97320901419462 0 0
68.07134353482809 68.05270479249434 0 0
70.12605819354037 69.76209936341243 0 0
78.90955775963697 77.69374293411026 0 0
80.06393025263021 78.95616886426119 0 0
82.70288586601168 80.41779222037513 0 0
84.84389341315263 83.18496604695626 0 0
87.71564626733611 86.13626393648225 0 0
95.76291897408557 87.72703759593632 0 0
99.09740891783156 96.00020382480753 0 0
