# Status file for ctqmc. Used to save all times t_s, t_e.
2
56
2.084749617123528 2.227670431036434 0 0
2.447779594064471 4.477063933796409 0 0
4.646864432713841 6.203158541885802 0 0
7.916798569649748 8.04319682662585 0 0
8.697014908103771 10.77363189452952 0 0
10.9416828970872 10.94657293674054 0 0
15.30011076826479 15.94980466756483 0 0
16.12787393813379 16.70691935311438 0 0
16.82361674395807 16.88586579196196 0 0
16.91637597102352 17.04919775221521 0 0
17.1555776113337 19.67925358847814 0 0
19.88304421117527 19.96819767296147 0 0
20.69027924239575 20.78499070675555 0 0
25.95902878545142 25.99393095788128 0 0
27.27236196041199 27.75817935104856 0 0
29.56755642215737 29.65909908268571 0 0
39.06526795974825 39.07714141085854 0 0
40.48398135242949 40.94983870895872 0 0
42.03482997854108 42.67083729037924 0 0
43.14269082815839 43.15153091181647 0 0
44.59446939578599 45.02855593894321 0 0
45.34828532198009 46.70667200524557 0 0
47.74959315057788 48.84275018216049 0 0
48.87073192660539 49.21906459613123 0 0
50.05219498586217 50.17029431534565 0 0
50.48458467305687 50.68618404108965 0 0
50.77948562576972 50.7848665387958 0 0
51.70477107248514 51.99229361759983 0 0
52.01109940468051 52.10678442940191 0 0
52.633421711445 53.64454075639132 0 0
54.9670385527606 58.02601970059715 0 0
58.18740925745306 58.41033506308246 0 0
58.96508676114868 59.37093553011201 0 0
59.45132444517612 59.45329202685395 0 0
59.56788148270015 63.91990495383192 0 0
63.92237117709291 64.13365113315544 0 0
64.34274265442532 64.43045989739305 0 0
64.80030518997242 67.17259609440453 0 0
67.30365164804277 67.7873718851052 0 0
68.62881695927257 69.85371854992881 0 0
69.85455089096854 71.8303471244363 0 0
73.17857842289288 73.37787248636734 0 0
73.42284338806331 73.50954050903306 0 0
73.70956837065667 73.9319467567725 0 0
75.01065334555109 75.04377588134979 0 0
80.14379516961179 80.52232153774777 0 0
80.85052681102403 81.02964879747732 0 0
81.17672392914993 81.70119275710304 0 0
81.84740395610991 83.3092778371086 0 0
83.36324262900919 85.36501145033408 0 0
85.89289382234443 86.46872536232631 0 0
87.31766894239826 87.36100516311812 0 0
89.20922633208413 89.36770839950435 0 0
92.24710819958135 92.36837474969106 0 0
92.57771347714736 93.27807398857746 0 0
93.61474490963828 93.62463286032586 0 0
52
2.284849645457809 2.189905793484038 0 0
5.464132153194848 2.733591609961076 0 0
5.776942751710179 5.774430847369855 0 0
6.331885560560186 5.77875011741217 0 0
6.775677371830518 6.591700698929468 0 0
9.491865871643437 7.854782004254194 0 0
10.3334626721385 9.605719583171838 0 0
10.79759282401109 10.70467060387731 0 0
11.62733579088188 11.59113555532079 0 0
12.37040092595091 12.17541609507857 0 0
16.16246645707212 14.95737445322177 0 0
19.8055175218848 16.26625004961167 0 0
22.42946174190433 22.33465052319441 0 0
23.08895821973673 22.93452000458262 0 0
24.47711496869997 24.30335082073075 0 0
24.72497512148857 24.66610248067504 0 0
27.35316560689792 27.28090592729512 0 0
27.78537684239096 27.38760717324145 0 0
31.38340557439946 30.87327585709685 0 0
32.70198244507619 32.60615067403911 0 0
37.46419064922227 37.4344009221646 0 0
41.18867251766243 40.5360294429676 0 0
42.56997187698505 41.83380960853612 0 0
44.268146898556 44.16725903174221 0 0
44.997631639917 44.67373157252758 0 0
47.17619307429701 45.29945804789082 0 0
47.6240278063127 47.59870409587586 0 0
49.51881895352165 47.645614305583 0 0
49.98492560853536 49.92420739871944 0 0
51.43898484849846 50.31053913951689 0 0
52.27937956584728 51.51399828579474 0 0
54.19995266923035 52.91540706845029 0 0
54.37811702745896 54.27771104533938 0 0
67.71338861659629 54.93218670009308 0 0
71.47400434020454 68.56062275557755 0 0
73.04691546995123 72.94616428941342 0 0
74.17639472641652 73.07035212937764 0 0
80.72231930942526 80.5856059823038 0 0
82.11843794995333 81.28967002388043 0 0
84.07496649990145 82.19983740402368 0 0
85.88134582862521 84.28820420872715 0 0
86.60409773236006 85.97275590875753 0 0
86.84501684098903 86.81221218662211 0 0
88.89750833084672 88.87831680103781 0 0
89.0736320206545 89.0006582377883 0 0
93.34433622168498 92.13426711880183 0 0
93.37968934485551 93.37172930877914 0 0
93.85399128436421 93.85261222047906 0 0
94.38489795754795 94.32615351400803 0 0
95.04391908933073 94.65960615666633 0 0
96.59860105392592 96.59158865464666 0 0
97.30589826994895 97.28426659625019 0 0
