# Status file for ctqmc. Used to save all times t_s, t_e.
2
42
1.261109827319729 0.1905720843616479 0 0
3.013223400894709 2.948887675586113 0 0
10.54000454108405 3.730067242435819 0 0
11.02292866342126 11.00710410461702 0 0
12.12441802283243 11.92617190506391 0 0
26.39784570401187 13.17569868904089 0 0
29.16565768669799 28.65455921149638 0 0
33.40627510419878 29.28371317017089 0 0
34.32710393294597 33.56701409481865 0 0
34.59519067479166 34.38606793731032 0 0
40.19961803262384 35.78424221608896 0 0
45.19764221910716 40.33577151187178 0 0
52.50785955297144 51.75797264173233 0 0
53.55949309207892 52.96635941247901 0 0
54.86567888214821 54.29781106483104 0 0
54.89644521874973 54.88354954749939 0 0
55.29257550474267 55.29177379785769 0 0
56.55491368061382 56.16307798744184 0 0
58.17400702662869 57.25865758524764 0 0
59.35584776208945 59.29738132999783 0 0
60.76429015372192 60.12594257809258 0 0
61.54564396628565 61.28591122865324 0 0
64.86020287023912 64.80136283482186 0 0
65.09802825442155 64.98903055283964 0 0
66.60579055403235 65.18418814175679 0 0
67.10885542849292 67.08889212081797 0 0
68.58690098617372 68.240840047988 0 0
73.99965847333299 73.92422082393678 0 0
75.39315022093085 74.73258156387729 0 0
81.76359044621981 80.51112427928659 0 0
83.56756120095092 82.97351125330037 0 0
83.85193107067785 83.64414282811552 0 0
84.79167526924229 84.54570752725594 0 0
86.41698070289181 86.17861282728188 0 0
89.66977296205386 89.11184982386213 0 0
91.49393822804993 91.4710674577727 0 0
92.30088138030554 91.98064040771243 0 0
94.54258477919367 94.48690362562671 0 0
95.49342412926021 95.17827145775732 0 0
96.04477070018378 96.00868963424554 0 0
96.6701558914656 96.23322838160949 0 0
99.80458072292961 99.15800875439085 0 0
39
0.2981888371925407 1.223792798869894 0 0
1.277144997180089 1.665716001145497 0 0
2.144785428687958 2.258983736628886 0 0
3.725128880512501 5.182160522501564 0 0
5.184864382610591 5.278199432392127 0 0
5.467376054085707 7.276415808217921 0 0
8.459861347973691 10.36544051408254 0 0
13.50992267786875 13.54482668473469 0 0
14.15382843889951 15.69013234463382 0 0
16.06739888724155 16.56509471543456 0 0
16.88493139694289 17.76043697431471 0 0
17.81089658230767 18.41149142198474 0 0
18.4707860598139 19.36525293544357 0 0
19.38311358389843 20.3105064569729 0 0
20.41171945750745 26.49330046863402 0 0
28.66308198257544 33.67870681860674 0 0
34.44094580963025 34.55286516213491 0 0
35.75561613965341 36.13600949607928 0 0
36.21040601489074 41.89164197884154 0 0
41.98017127417672 44.21027287953974 0 0
44.50207937763515 45.10840157293623 0 0
50.58344970633457 50.597691778972 0 0
53.12539143660353 53.84715126585931 0 0
56.0082126897885 56.45518161078759 0 0
57.60753287893546 57.86227975737928 0 0
60.1604342051402 60.62584611421584 0 0
66.22638547296683 66.65080239069296 0 0
66.97805852048614 66.99250819061434 0 0
72.42746409576904 72.69597216415399 0 0
73.43619583150216 73.48072077865886 0 0
74.98351007775038 75.70614763864285 0 0
78.0091123958376 78.17633503241403 0 0
79.25347367783679 79.42427194602251 0 0
80.40680247215192 81.65514615660707 0 0
89.0622127123235 89.77545286635049 0 0
95.53843133925528 95.7002628599956 0 0
97.44608717626552 97.45097321575683 0 0
99.24734730488692 99.5274182194137 0 0
99.59991032509437 99.62041629148165 0 0
