# Status file for ctqmc. Used to save all times t_s, t_e.
2
50
0.9655379772406663 0.6170447199489359 0 0
2.974108867421473 2.429796176291512 0 0
3.261793949243142 3.252617859621426 0 0
4.843150927666248 3.855606978554874 0 0
6.641261415008112 6.201880165646181 0 0
12.61801850961809 6.957748103811982 0 0
13.70730023008082 12.74903137157526 0 0
14.65552605106704 14.62871839370708 0 0
15.30134660991123 15.12763173252465 0 0
16.21144212921377 16.08236970208651 0 0
16.34142893863484 16.26619901872071 0 0
17.10679124151341 16.61120417957716 0 0
18.72717523166546 17.30859119969574 0 0
21.45476428642348 19.51915838140558 0 0
21.58875216413871 21.51566097311305 0 0
23.70045631328727 23.67131484664902 0 0
24.24487580239299 23.71424750404368 0 0
26.28097646723818 25.62670159843484 0 0
29.95688688665811 27.12871976020485 0 0
32.02938429723928 30.54050219060228 0 0
35.06213883358747 34.64247724114858 0 0
35.26339639626777 35.24461228849302 0 0
36.7010197511968 36.1529416967339 0 0
39.97171672100506 37.21418496250557 0 0
42.36010277457043 40.02553770550679 0 0
43.69578118361414 43.21105582830988 0 0
46.42879607287544 43.74133357815751 0 0
50.63509659540794 50.31523433056201 0 0
51.14852336007758 50.87516548134667 0 0
51.45980209230054 51.15138721679188 0 0
55.61783979653995 53.84630284791813 0 0
57.6882538985848 57.60365173943089 0 0
58.92752948793224 58.92021870880377 0 0
62.15551526208791 61.31221317865863 0 0
62.93118130428941 62.25539129180802 0 0
63.35360167901118 63.29862488595758 0 0
66.43713749168921 65.2634536825305 0 0
68.73314725847526 66.57232617661423 0 0
71.02787214394627 68.86089382640549 0 0
72.42816663674949 71.13545294089262 0 0
74.65712031144275 73.99102267754154 0 0
78.13015352904092 77.35390797299993 0 0
78.35222087304905 78.2588522979993 0 0
82.57790795193735 79.2415105930508 0 0
85.55962219196316 85.54885181739974 0 0
91.12771560385777 90.54085500855057 0 0
91.59398308210478 91.58127015700072 0 0
93.16070668755039 93.13847631232026 0 0
95.86325909074111 94.29606679456417 0 0
97.81466282598288 97.00969353400549 0 0
48
7.030507411421043 10.6921841339418 0 0
11.21101319555243 11.33018048511327 0 0
11.33082911649989 13.3557173495888 0 0
13.71866599739365 13.84983110243514 0 0
20.00286443881966 20.5625457915439 0 0
23.7383087704508 23.99911020395274 0 0
24.1147893644966 24.1804480309337 0 0
25.45465235150504 26.24726003749242 0 0
26.9825558313707 27.00143658895898 0 0
27.51548284990682 28.80433279896086 0 0
29.21143429889243 29.72960797085788 0 0
29.81824302217096 29.85809007639476 0 0
31.0883694453869 31.99549045668613 0 0
32.76478311915831 33.11243655386321 0 0
36.70501653836577 36.71631980680254 0 0
37.48689480007564 37.60144061192008 0 0
37.75434805593964 38.05693774138796 0 0
38.33577074298965 39.21195521335669 0 0
39.31823573828113 42.0538589206563 0 0
42.79047587157087 43.37666227965337 0 0
43.75759638134878 44.22780342095172 0 0
44.23174525740608 45.1665391748538 0 0
45.94600372516574 46.7971876530387 0 0
46.87763900918718 46.93683339272025 0 0
47.12685957718472 47.48331298670433 0 0
50.30236692858731 50.32266178436448 0 0
51.11605105846921 51.36840735170329 0 0
52.01565274682552 52.09071736077119 0 0
53.75806913481613 55.58409076749482 0 0
61.164399107339 61.19199939716975 0 0
62.18272236310064 62.87722751507542 0 0
64.63617360886927 64.88185030021955 0 0
65.11343241986943 66.39047569985473 0 0
66.52940534019601 68.30073034977927 0 0
68.35113199985709 69.97484715734623 0 0
70.16948588009137 71.69761739070817 0 0
71.97177766452783 72.05574943454937 0 0
73.88884583480089 74.51390114393709 0 0
77.97785938880048 78.18707683399957 0 0
78.42234633459414 78.5589087520959 0 0
79.08756886227644 79.42457131970674 0 0
79.42760688016472 82.68929189991384 0 0
85.27377685860748 85.34600467871751 0 0
90.60336545832902 90.98479404184275 0 0
92.65932021211192 92.77823460993869 0 0
94.06770006135456 94.29452368974576 0 0
98.12432268889367 98.25735342883496 0 0
98.47964515900951 98.58053396206743 0 0
