-1.800000000000201084e+01 2.302229682478295114e-08
-1.768637079511795918e+01 5.840063752400943002e-08
-1.738314684757837725e+01 6.198732544490128829e-08
-1.708981328123576660e+01 4.535082688235351743e-08
-1.680588863433072433e+01 6.798568744452150131e-08
-1.653092219204418001e+01 7.480938131585086752e-08
-1.626449157056260830e+01 8.721584626045543361e-08
-1.600620052541652782e+01 1.247449272700814013e-07
-1.575567696017295916e+01 1.620647312054004266e-07
-1.551257111443442049e+01 1.439395386525446754e-07
-1.527655391258613626e+01 2.095187368296789960e-07
-1.504731545689701200e+01 2.554398740673059089e-07
-1.482456365046278535e+01 3.244338021448608733e-07
-1.460802293712368716e+01 3.840656370457356230e-07
-1.439743314692604947e+01 4.050266299579341987e-07
-1.419254843695589230e+01 4.152337046541754394e-07
-1.399313631847824624e+01 5.057433027020580055e-07
-1.379897676228727654e+01 6.839005845243444471e-07
-1.360986137502872673e+01 8.296705880959081702e-07
-1.342559264001182306e+01 8.504770964219362049e-07
-1.324598321669588152e+01 1.003260236651187873e-06
-1.307085529362816168e+01 1.167248206195865123e-06
-1.290003999013476133e+01 1.188587627952474625e-06
-1.273337680253193582e+01 1.347916772043536758e-06
-1.257071309104041035e+01 1.486323682149593642e-06
-1.241190360395464154e+01 1.671215780285714004e-06
-1.225681003594876195e+01 1.650274003298053459e-06
-1.210530061769597765e+01 2.028123006242804460e-06
-1.195724973424155202e+01 2.151704426604362076e-06
-1.181253756980619762e+01 2.509581426102985906e-06
-1.167104977690866718e+01 2.538306899922975430e-06
-1.153267716788677255e+01 2.631321365281657945e-06
-1.139731542706779699e+01 2.859132586695782208e-06
-1.126486484199332239e+01 3.109702674693626617e-06
-1.113523005224293527e+01 3.257723248842529068e-06
-1.100831981452695096e+01 3.519970142134301811e-06
-1.088404678283180083e+01 3.836062268564970475e-06
-1.076232730250476877e+01 3.922188545953332790e-06
-1.064308121725769141e+01 4.173084593205520926e-06
-1.052623168815380517e+01 4.346510952655693009e-06
-1.041170502371859463e+01 4.663445370529798931e-06
-1.029943052038521678e+01 5.138825288913075337e-06
-1.018934031254830330e+01 5.153529269264668209e-06
-1.008136923155793951e+01 5.486600750234291519e-06
-9.975454673037956965e+00 5.663891856823157834e-06
-9.871536471960840942e+00 5.977930349697595851e-06
-9.769556784955334194e+00 5.917235509753459338e-06
-9.669459979362780899e+00 6.333416669669580826e-06
-9.571192528595137361e+00 6.820135929864380532e-06
-9.474702913380864899e+00 7.108809974142646693e-06
-9.379941528515811200e+00 7.351820446740349479e-06
-9.286860594764403842e+00 7.532219248959012407e-06
-9.195414075582201363e+00 7.808377282446876826e-06
-9.105557598354884874e+00 8.259771894623221431e-06
-9.017248379870389741e+00 8.297252700233854892e-06
-8.930445155761116638e+00 8.724024188251326429e-06
-8.845108113671695804e+00 8.902594047009505625e-06
-8.761198829924738973e+00 9.134854222325488238e-06
-8.678680209472876328e+00 9.232193776163681248e-06
-8.597516428939853128e+00 9.677561773625042158e-06
-8.517672882566811765e+00 9.953017854727918946e-06
-8.439116130892410084e+00 1.014008506733881133e-05
-8.361813852006719117e+00 1.046187264507653062e-05
-8.285734795229661387e+00 1.037839206435979803e-05
-8.210848737074378789e+00 1.068653181550542370e-05
-8.137126439365120589e+00 1.123147723964520371e-05
-8.064539609387715302e+00 1.142215716105834238e-05
-7.993060861958362295e+00 1.173893637827348491e-05
-7.922663683303976967e+00 1.188240718251975630e-05
-7.853322396653874549e+00 1.197548576036722601e-05
-7.785012129448951157e+00 1.166430901553511354e-05
-7.717708782080378249e+00 1.236069354653691573e-05
-7.651388998075133507e+00 1.272566847364347173e-05
-7.586030135650944750e+00 1.353648825884616927e-05
-7.521610240567749628e+00 1.299586994564998183e-05
-7.458108020207273370e+00 1.267778326711618958e-05
-7.395502818816379609e+00 1.332245519069984256e-05
-7.333774593853726209e+00 1.369205733556804283e-05
-7.272903893382695273e+00 1.393848666517613950e-05
-7.212871834457117437e+00 1.412425411803989973e-05
-7.153660082449187385e+00 1.425392810472529939e-05
-7.095250831272068126e+00 1.420431370330294297e-05
-7.037626784452278628e+00 1.458940018564524742e-05
-6.980771137009643468e+00 1.517824596710870841e-05
-6.924667558104775189e+00 1.489344715877483415e-05
-6.869300174416541616e+00 1.496754848939606020e-05
-6.814653554213885300e+00 1.520647060906750643e-05
-6.760712692088343800e+00 1.543750214322951188e-05
-6.707462994315648963e+00 1.554017950599941711e-05
-6.654890264816202716e+00 1.510968120130281792e-05
-6.602980691686176407e+00 1.546675201847544647e-05
-6.551720834272277472e+00 1.610784921873733010e-05
-6.501097610764786872e+00 1.618874269036212285e-05
-6.451098286284775440e+00 1.638180217408775945e-05
-6.401710461442654321e+00 1.621713696398185736e-05
-6.352922061346510496e+00 1.614163781568420973e-05
-6.304721325039668756e+00 1.624201908999001019e-05
-6.257096795348075169e+00 1.639538865666924085e-05
-6.210037309119101678e+00 1.662397256930066823e-05
-6.163531987834188541e+00 1.691184742586620892e-05
-6.117570228578837366e+00 1.683619723983722483e-05
-6.072141695354100754e+00 1.664004438651222348e-05
-6.027236310714632950e+00 1.654388093614771958e-05
-5.982844247719062203e+00 1.683743277682037367e-05
-5.938955922179146363e+00 1.724899452895476960e-05
-5.895561985194874843e+00 1.731065087074211097e-05
-5.852653315963272540e+00 1.717440114074472127e-05
-5.810221014849253685e+00 1.699243784902074183e-05
-5.768256396707496236e+00 1.707102053738176534e-05
-5.726750984444712422e+00 1.721227268266526661e-05
-5.685696502812374042e+00 1.741129957206068673e-05
-5.645084872420248701e+00 1.745324364345493637e-05
-5.604908203961667112e+00 1.755563019120056473e-05
-5.565158792641851981e+00 1.785108964553183472e-05
-5.525829112800970222e+00 1.769959826236136094e-05
-5.486911812724083681e+00 1.764964612432597850e-05
-5.448399709630409760e+00 1.784720403526105843e-05
-5.410285784834729661e+00 1.801243180950128531e-05
-5.372563179074079542e+00 1.808118117457712282e-05
-5.335225187993163587e+00 1.794398276483372628e-05
-5.298265257782246884e+00 1.773030921692545959e-05
-5.261676980961550676e+00 1.752824506155135919e-05
-5.225454092306433651e+00 1.750773258705236849e-05
-5.189590464907923639e+00 1.767835506130971542e-05
-5.154080106363324809e+00 1.774592311288638333e-05
-5.118917155092023386e+00 1.791164485648921302e-05
-5.084095876771596245e+00 1.804972285512184544e-05
-5.049610660889740643e+00 1.818143532824987592e-05
-5.015456017407655231e+00 1.820499741025453076e-05
-4.981626573530626878e+00 1.816339069261635637e-05
-4.948117070581910859e+00 1.820016633750843915e-05
-4.914922360976011539e+00 1.823975459446529519e-05
-4.882037405287712239e+00 1.823723119829117557e-05
-4.849457269413337102e+00 1.797924892183794054e-05
-4.817177121820895636e+00 1.765913693287197444e-05
-4.785192230885824571e+00 1.785737877114363951e-05
-4.753497962309302771e+00 1.829666533443617148e-05
-4.722089776616123835e+00 1.857566082954508093e-05
-4.690963226729293112e+00 1.879642385694531108e-05
-4.660113955618596648e+00 1.897807473596790960e-05
-4.629537694020590344e+00 1.898978801393194323e-05
-4.599230258227382961e+00 1.888035007446496990e-05
-4.569187547941903738e+00 1.900557737624840329e-05
-4.539405544197283149e+00 1.918351244419114828e-05
-4.509880307338105077e+00 1.902541190320270988e-05
-4.480607975061465353e+00 1.870972202885885801e-05
-4.451584760515686412e+00 1.842266245655827518e-05
-4.422806950454783781e+00 1.793721519159233662e-05
-4.394270903446768628e+00 1.747634632625780929e-05
-4.365973048133954926e+00 1.760328446631401021e-05
-4.337909881543509094e+00 1.810581878441186373e-05
-4.310077967446587444e+00 1.859636585004967673e-05
-4.282473934764412071e+00 1.890903149694013843e-05
-4.255094476019731786e+00 1.896527758247455245e-05
-4.227936345832168819e+00 1.893723425329143882e-05
-4.200996359456015128e+00 1.899379790110257660e-05
-4.174271391359062555e+00 1.908058128156864210e-05
-4.147758373841154089e+00 1.892482994825455485e-05
-4.121454295691163061e+00 1.855584141238360613e-05
-4.095356200881122177e+00 1.845776612014281954e-05
-4.069461187296388616e+00 1.860167141430499961e-05
-4.043766405500584860e+00 1.863787510642702489e-05
-4.018269057534298305e+00 1.857842773542089172e-05
-3.992966395746416985e+00 1.852190158655293728e-05
-3.967855721657088441e+00 1.847889824291871691e-05
-3.942934384851309204e+00 1.848867045786837182e-05
-3.918199781902168777e+00 1.853013705581195826e-05
-3.893649355322847061e+00 1.858915701059654196e-05
-3.869280592546462394e+00 1.870486700288247428e-05
-3.845091024932894896e+00 1.878182816315610997e-05
-3.821078226801797317e+00 1.871460472050550641e-05
-3.797239814490932730e+00 1.854064553323504644e-05
-3.773573445439120100e+00 1.835609028053505356e-05
-3.750076817293014120e+00 1.832387389878388409e-05
-3.726747667036997225e+00 1.850155282386291110e-05
-3.703583770145510101e+00 1.865042573035822647e-05
-3.680582939757102157e+00 1.859276020833905603e-05
-3.657743025869630404e+00 1.848119042709550411e-05
-3.635061914555887341e+00 1.847351530934140571e-05
-3.612537527199123133e+00 1.851925242897564780e-05
-3.590167819747855482e+00 1.853054059298545650e-05
-3.567950781989368547e+00 1.851336262212777047e-05
-3.545884436841426179e+00 1.854570164383509008e-05
-3.523966839661581307e+00 1.863981552484328633e-05
-3.502196077573649369e+00 1.869238839462570239e-05
-3.480570268810808887e+00 1.869832926584548790e-05
-3.459087562074850908e+00 1.877622039332992661e-05
-3.437746135911134981e+00 1.896355596289001153e-05
-3.416544198098792506e+00 1.915644423262645416e-05
-3.395479985055740890e+00 1.919391329092983537e-05
-3.374551761258098193e+00 1.905035037129304654e-05
-3.353757818673582580e+00 1.892573938515397614e-05
-3.333096476208523118e+00 1.903750758247965615e-05
-3.312566079168071553e+00 1.939938753059179948e-05
-3.292164998729279812e+00 1.977941167504194422e-05
-3.271891631426664837e+00 1.981306722503868833e-05
-3.251744398649922374e+00 1.936681147984614573e-05
-3.231721746153456643e+00 1.876875753111989495e-05
-3.211822143577407918e+00 1.847216318233074815e-05
-3.192044083979844071e+00 1.863316492769614345e-05
-3.172386083379843402e+00 1.904653951497471857e-05
-3.152846680311138350e+00 1.931668977188702764e-05
-3.133424435386072737e+00 1.919160212235536934e-05
-3.114117930869558570e+00 1.882587813201331569e-05
-3.094925770262795250e+00 1.859533714078670061e-05
-3.075846577896469647e+00 1.867567207513200691e-05
-3.056878998533198555e+00 1.891402637448392501e-05
-3.038021696978961295e+00 1.905858669463541210e-05
-3.019273357703287086e+00 1.903235167968415681e-05
-3.000632684467968048e+00 1.896776062401500540e-05
-2.982098399964077995e+00 1.898966100825531063e-05
-2.963669245457069223e+00 1.905123955031672121e-05
-2.945343980439752762e+00 1.903962244925372894e-05
-2.927121382292947160e+00 1.896373596845557269e-05
-2.909000245953597297e+00 1.895010170738262807e-05
-2.890979383590179363e+00 1.908024961620190837e-05
-2.873057624285205058e+00 1.929984252299589829e-05
-2.855233813724623815e+00 1.948967540874249689e-05
-2.837506813893987179e+00 1.958327037357599783e-05
-2.819875502781155951e+00 1.959153684593564879e-05
-2.802338774085429751e+00 1.951836067674506060e-05
-2.784895536932901372e+00 1.932226504784210534e-05
-2.767544715597910265e+00 1.903312244277962842e-05
-2.750285249230413953e+00 1.883193394068295159e-05
-2.733116091589155250e+00 1.889508567276389101e-05
-2.716036210780464089e+00 1.921536634995757719e-05
-2.699044589002566052e+00 1.966386732841338592e-05
-2.682140222295249732e+00 2.013692876265102042e-05
-2.665322120294779662e+00 2.056617822860254020e-05
-2.648589305993904297e+00 2.087253983832524577e-05
-2.631940815506855547e+00 2.099322370795456266e-05
-2.615375697839200431e+00 2.092924252799499359e-05
-2.598893014662444045e+00 2.073843949610492838e-05
-2.582491840093254609e+00 2.052306707696721047e-05
-2.566171260477212002e+00 2.043160880162734418e-05
-2.549930374176959447e+00 2.059098155597523645e-05
-2.533768291364664638e+00 2.099167852042253574e-05
-2.517684133818677505e+00 2.147979045426876699e-05
-2.501677034724291371e+00 2.188244219779669165e-05
-2.485746138478510670e+00 2.212013996890082411e-05
-2.469890600498723998e+00 2.220847037599099028e-05
-2.454109587035200768e+00 2.219931310525188198e-05
-2.438402274987315543e+00 2.214767972791780465e-05
-2.422767851723407695e+00 2.211297476773910182e-05
-2.407205514904207533e+00 2.214282971949562684e-05
-2.391714472309731221e+00 2.223676346237566428e-05
-2.376293941669569421e+00 2.235143372591271213e-05
-2.360943150496495058e+00 2.246417024892826729e-05
-2.345661335923311608e+00 2.261484348676908249e-05
-2.330447744542858413e+00 2.285980111363839114e-05
-2.315301632251118846e+00 2.319646258830802436e-05
-2.300222264093345625e+00 2.357425516352459869e-05
-2.285208914113144640e+00 2.399736611758762297e-05
-2.270260865204440481e+00 2.457863744482408208e-05
-2.255377408966269037e+00 2.543379744203607529e-05
-2.240557845560325223e+00 2.650360218002637713e-05
-2.225801483571210770e+00 2.750665985467417709e-05
-2.211107639869315467e+00 2.809925900698874177e-05
-2.196475639476279440e+00 2.811178848673214636e-05
-2.181904815432973432e+00 2.766625539917185221e-05
-2.167394508669943320e+00 2.707868225865282634e-05
-2.152944067880271817e+00 2.663048080049135370e-05
-2.138552849394784516e+00 2.641289997059654464e-05
-2.124220217059574090e+00 2.635454245056881003e-05
-2.109945542115772454e+00 2.634232232408607492e-05
-2.095728203081529628e+00 2.630474385442921188e-05
-2.081567585636154849e+00 2.623112836651679097e-05
-2.067463082506362237e+00 2.616547010403137030e-05
-2.053414093354584136e+00 2.619370880631649513e-05
-2.039420024669305942e+00 2.641229242311003602e-05
-2.025480289657382471e+00 2.686818948787000636e-05
-2.011594308138276332e+00 2.751057380583557538e-05
-1.997761506440205226e+00 2.821767556355216598e-05
-1.983981317298131319e+00 2.888552906884045386e-05
-1.970253179753569617e+00 2.948124404634264495e-05
-1.956576539056167352e+00 3.001299970208747947e-05
-1.942950846567025547e+00 3.047848148304585194e-05
-1.929375559663717654e+00 3.086123323438368505e-05
-1.915850141646975535e+00 3.116531454492617445e-05
-1.902374061649005244e+00 3.143300006520857606e-05
-1.888946794543396868e+00 3.171462940959853872e-05
-1.875567820856598900e+00 3.202175621350999437e-05
-1.862236626680921825e+00 3.232590418088879112e-05
-1.848952703589041180e+00 3.261461321876948764e-05
-1.835715548549967879e+00 3.294107412137597002e-05
-1.822524663846452730e+00 3.340254475085095118e-05
-1.809379556993800708e+00 3.405953090468255529e-05
-1.796279740660062796e+00 3.486482044991735899e-05
-1.783224732587581407e+00 3.566519128473707838e-05
-1.770214055515849871e+00 3.628992644386060996e-05
-1.757247237105675541e+00 3.667575768385245092e-05
-1.744323809864610553e+00 3.693246644479151488e-05
-1.731443311073621372e+00 3.728296704417469101e-05
-1.718605282714980698e+00 3.791803666541768939e-05
-1.705809271401351745e+00 3.888152210798818693e-05
-1.693054828306041149e+00 4.006610809988462663e-05
-1.680341509094399610e+00 4.129687149112445639e-05
-1.667668873856344547e+00 4.242348672135893282e-05
-1.655036487039980519e+00 4.336827977908854365e-05
-1.642443917386301022e+00 4.413086223040676894e-05
-1.629890737864948980e+00 4.477177644204536494e-05
-1.617376525611005755e+00 4.538660772504159787e-05
-1.604900861862805783e+00 4.607131862221585755e-05
-1.592463331900736856e+00 4.688550275929140879e-05
-1.580063524987020074e+00 4.783254161150102182e-05
-1.567701034306447028e+00 4.887210098740347346e-05
-1.555375456908052678e+00 4.995742667391434933e-05
-1.543086393647707277e+00 5.107014688313715403e-05
-1.530833449131608237e+00 5.222927426678773840e-05
-1.518616231660659732e+00 5.346995859464129291e-05
-1.506434353175712282e+00 5.480823458866164151e-05
-1.494287429203655870e+00 5.621624212239079968e-05
-1.482175078804342627e+00 5.762805145988833674e-05
-1.470096924518329295e+00 5.897357825584035939e-05
-1.458052592315416618e+00 6.021499227767290768e-05
-1.446041711543979202e+00 6.136320461574295724e-05
-1.434063914881057000e+00 6.247971658645680806e-05
-1.422118838283209508e+00 6.368030021544481640e-05
-1.410206120938107599e+00 6.512912087916666772e-05
-1.398325405216850115e+00 6.698921077352513055e-05
-1.386476336626996986e+00 6.933050695704912308e-05
-1.374658563766294916e+00 7.206384073582197550e-05
-1.362871738277095179e+00 7.497469704977749450e-05
-1.351115514801437101e+00 7.784990578638984208e-05
-1.339389550936797013e+00 8.060207893008443131e-05
-1.327693507192477362e+00 8.329607592595277747e-05
-1.316027046946637080e+00 8.606869130089423131e-05
-1.304389836403941239e+00 8.901759238784219476e-05
-1.292781544553817996e+00 9.214840263784698587e-05
-1.281201843129320173e+00 9.540874085081394265e-05
-1.269650406566570577e+00 9.876530304263430161e-05
-1.258126911964788874e+00 1.022546345817576118e-04
-1.246631039046874889e+00 1.059718776002445157e-04
-1.235162470120555911e+00 1.100169439488848759e-04
-1.223720890040073339e+00 1.144490806091830941e-04
-1.212305986168408234e+00 1.192837662826958011e-04
-1.200917448340022453e+00 1.245167314551192100e-04
-1.189554968824123149e+00 1.301393837813333548e-04
-1.178218242288426865e+00 1.361233122576336338e-04
-1.166906965763418569e+00 1.424010828214385170e-04
-1.155620838607101852e+00 1.488893065141471024e-04
-1.144359562470215863e+00 1.555698752055682159e-04
-1.133122841261928526e+00 1.625798644297407765e-04
-1.121910381115985400e+00 1.702299023556658956e-04
-1.110721890357309283e+00 1.788977361442707224e-04
-1.099557079469039467e+00 1.888389982741781482e-04
-1.088415661060010642e+00 2.000215492889480273e-04
-1.077297349832647466e+00 2.120949488525826520e-04
-1.066201862551285018e+00 2.245184391970919376e-04
-1.055128918010896033e+00 2.367840441718969361e-04
-1.044078237006218046e+00 2.486217699514808584e-04
-1.033049542301277102e+00 2.601093018046443314e-04
-1.022042558599299822e+00 2.716612730524980111e-04
-1.011057012512998066e+00 2.839145632250565112e-04
-1.000092632535235726e+00 2.975413972577434273e-04
-9.891491490100537964e-01 3.130636672067234989e-04
-9.782262941040561488e-01 3.307696246010097653e-04
-9.673238017781481402e-01 3.507782422641453172e-04
-9.564414077596213870e-01 3.731744057226712681e-04
-9.455788495145712735e-01 3.980667181868134934e-04
-9.347358662206534108e-01 4.254969618668349128e-04
-9.239121987401626157e-01 4.553031741634877777e-04
-9.131075895934324116e-01 4.871042802136342823e-04
-9.023217829325496098e-01 5.204990023706256193e-04
-8.915545245153719822e-01 5.553769694849556432e-04
-8.808055616798529108e-01 5.921316110113970495e-04
-8.700746433186589135e-01 6.316150711254510993e-04
-8.593615198540814903e-01 6.748607062171927979e-04
-8.486659432132259706e-01 7.227447595115799213e-04
-8.379876668034880183e-01 7.757874839120642869e-04
-8.273264454882990337e-01 8.341833651994432289e-04
-8.166820355631438932e-01 8.980156251029338798e-04
-8.060541947318363709e-01 9.675269442871230153e-04
-7.954426820830584610e-01 1.043321290903445912e-03
-7.848472580671504994e-01 1.126427569763155433e-03
-7.742676844731486430e-01 1.218217228596502576e-03
-7.637037244060699281e-01 1.320225756924568554e-03
-7.531551422644284788e-01 1.433951823965747344e-03
-7.426217037179922986e-01 1.560736980128514225e-03
-7.321031756857663275e-01 1.701784368754093255e-03
-7.215993263142009839e-01 1.858337440507881310e-03
-7.111099249556180890e-01 2.031909674028144208e-03
-7.006347421468592795e-01 2.224425295530762115e-03
-6.901735495881351490e-01 2.438200120747818604e-03
-6.797261201220911042e-01 2.675835634457379101e-03
-6.692922277130706199e-01 2.940146831851745725e-03
-6.588716474265783329e-01 3.234240845873211524e-03
-6.484641554089376481e-01 3.561694314487322266e-03
-6.380695288671385246e-01 3.926736731865675817e-03
-6.276875460488731129e-01 4.334352608018707947e-03
-6.173179862227488046e-01 4.790309656716416897e-03
-6.069606296586862459e-01 5.301182585200075667e-03
-5.966152576084875481e-01 5.874439219037484727e-03
-5.862816522865772484e-01 6.518594980399859337e-03
-5.759595968509094721e-01 7.243400764026488442e-03
-5.656488753840412942e-01 8.060008512761070165e-03
-5.553492728743597562e-01 8.981069004175314119e-03
-5.450605751974718638e-01 1.002071986585029335e-02
-5.347825690977430213e-01 1.119451765528384560e-02
-5.245150421699888987e-01 1.251942402218278114e-02
-5.142577828413065211e-01 1.401407796973768230e-02
-5.040105803530536832e-01 1.569936105354957645e-02
-4.937732247429644228e-01 1.759899183876995413e-02
-4.835455068274036594e-01 1.973979975144627211e-02
-4.733272181837471781e-01 2.215153847710915613e-02
-4.631181511328986700e-01 2.486653468284637236e-02
-4.529180987219272314e-01 2.791960309455534389e-02
-4.427268547068332061e-01 3.134831119697931157e-02
-4.325442135354257145e-01 3.519302769616856896e-02
-4.223699703303245845e-01 3.949660169071881471e-02
-4.122039208720716941e-01 4.430389617675895703e-02
-4.020458615823537807e-01 4.966194317995700769e-02
-3.918955895073323314e-01 5.562160618791928829e-02
-3.817529023010813316e-01 6.224065366333694088e-02
-3.716175982091194929e-01 6.958740248231866377e-02
-3.614894760520483419e-01 7.774336507173727762e-02
-3.513683352092828449e-01 8.680210350812363196e-02
-3.412539756028758475e-01 9.686220248556109969e-02
-3.311461976814312758e-01 1.080128139205760729e-01
-3.210448024041094306e-01 1.203130692193485896e-01
-3.109495912247085547e-01 1.337714487016725129e-01
-3.008603660758366605e-01 1.483314641662155930e-01
-2.907769293531580201e-01 1.638685670000318839e-01
-2.806990838997174276e-01 1.801946546664779103e-01
-2.706266329903371237e-01 1.970609164313875117e-01
-2.605593803160889399e-01 2.141541863351671959e-01
-2.504971299688272257e-01 2.310947933799946119e-01
-2.404396864257955790e-01 2.474581798440296243e-01
-2.303868545342923901e-01 2.628430474166216779e-01
-2.203384394963986970e-01 2.769953848899748827e-01
-2.102942468537628840e-01 2.899825031412902043e-01
-2.002540824724450275e-01 3.023921267341268537e-01
-1.902177525278067050e-01 3.155232256788990663e-01
-1.801850634894590075e-01 3.315360735159944006e-01
-1.701558221062540455e-01 3.535594333033652004e-01
-1.601298353913264694e-01 3.858102045232059130e-01
-1.501069106071708514e-01 4.337912550109283560e-01
-1.400868552507662790e-01 5.046253826588529279e-01
-1.300694770387391397e-01 6.074724338347373687e-01
-1.200545838925550501e-01 7.538411988471676040e-01
-1.100419839237516545e-01 9.575277249172454708e-01
-1.000314854191983877e-01 1.233806939756931786e+00
-9.002289682638489610e-02 1.597647074381186583e+00
-8.001602673873924043e-02 2.060832462708839241e+00
-7.001068388096250150e-02 2.628199347047001311e+00
-6.000667709439190534e-02 3.293433837137222930e+00
-5.000381532237931775e-02 4.034830164969644528e+00
-4.000190759568706539e-02 4.811681121728696553e+00
-3.000076301789707939e-02 5.562663344969937640e+00
-2.000019075083557876e-02 6.208763076997810160e+00
-9.999999999999974187e-03 6.663647369600139037e+00
0.000000000000000000e+00 6.851944654726141337e+00
9.999999999999974187e-03 6.731072889904238465e+00
2.000019075083557876e-02 6.307774284350274208e+00
3.000076301789707939e-02 5.640489097805406971e+00
4.000190759568635068e-02 4.824748594286072390e+00
5.000381532237860305e-02 3.967242173104021496e+00
6.000667709439118369e-02 3.159683878145043145e+00
7.001068388096322315e-02 2.462364931706643389e+00
8.001602673873996208e-02 1.900906960150290592e+00
9.002289682638561774e-02 1.473234110245090989e+00
1.000314854191983877e-01 1.160693854155784299e+00
1.100419839237516545e-01 9.382461419486791687e-01
1.200545838925550501e-01 7.814120841058542766e-01
1.300694770387391397e-01 6.698607650057828433e-01
1.400868552507662790e-01 5.885269852618638664e-01
1.501069106071708514e-01 5.272033031178020579e-01
1.601298353913264694e-01 4.793376400736366616e-01
1.701558221062540455e-01 4.406699085030144070e-01
1.801850634894582859e-01 4.081656838415475552e-01
1.902177525278067050e-01 3.794560510217151461e-01
2.002540824724450275e-01 3.527098754143609960e-01
2.102942468537628840e-01 3.266816552122291384e-01
2.203384394963986970e-01 3.007263122795512666e-01
2.303868545342923901e-01 2.747101116955196209e-01
2.404396864257955790e-01 2.488664806186585698e-01
2.504971299688272257e-01 2.236499109164322985e-01
2.605593803160889399e-01 1.996035282041351000e-01
2.706266329903371237e-01 1.772369090429822269e-01
2.806990838997167059e-01 1.569234856359543462e-01
2.907769293531572985e-01 1.388442547511666014e-01
3.008603660758359388e-01 1.229896853767617482e-01
3.109495912247092764e-01 1.092067453659114201e-01
3.210448024041101522e-01 9.726153548777176361e-02
3.311461976814320529e-01 8.689337657992153574e-02
3.412539756028758475e-01 7.785140045398589170e-02
3.513683352092828449e-01 6.991457079341262260e-02
3.614894760520483419e-01 6.290042549408147998e-02
3.716175982091194929e-01 5.666558023545195666e-02
3.817529023010813316e-01 5.110036578778123090e-02
3.918955895073323314e-01 4.612087636125467710e-02
4.020458615823530590e-01 4.166079506799724719e-02
4.122039208720709169e-01 3.766503954458836484e-02
4.223699703303238628e-01 3.408553046598915975e-02
4.325442135354264361e-01 3.087872882413769324e-02
4.427268547068339277e-01 2.800434691519460700e-02
4.529180987219279531e-01 2.542496062037317983e-02
4.631181511328986700e-01 2.310626428391426845e-02
4.733272181837471781e-01 2.101770191549470063e-02
4.835455068274036594e-01 1.913306167297501581e-02
4.937732247429644228e-01 1.743047595817054374e-02
5.040105803530536832e-01 1.589176213551486694e-02
5.142577828413065211e-01 1.450130214954786084e-02
5.245150421699888987e-01 1.324494127153626709e-02
5.347825690977430213e-01 1.210934583285935319e-02
5.450605751974710866e-01 1.108197596904547666e-02
5.553492728743597562e-01 1.015142972501143978e-02
5.656488753840412942e-01 9.307777198134817298e-03
5.759595968509094721e-01 8.542600249934761275e-03
5.862816522865772484e-01 7.848631404687188284e-03
5.966152576084875481e-01 7.219224578479354476e-03
6.069606296586862459e-01 6.647948562894035948e-03
6.173179862227488046e-01 6.128517263751605618e-03
6.276875460488731129e-01 5.655033640444378368e-03
6.380695288671385246e-01 5.222343493461286540e-03
6.484641554089369819e-01 4.826258163944425680e-03
6.588716474265774448e-01 4.463536051875192229e-03
6.692922277130698427e-01 4.131650406876828836e-03
6.797261201220904381e-01 3.828430038885379146e-03
6.901735495881360372e-01 3.551678521200960382e-03
7.006347421468600567e-01 3.298896943312547379e-03
7.111099249556188662e-01 3.067233242603616822e-03
7.215993263142009839e-01 2.853746566612643844e-03
7.321031756857663275e-01 2.655850271248145003e-03
7.426217037179922986e-01 2.471731295703256601e-03
7.531551422644284788e-01 2.300508933650072772e-03
7.637037244060699281e-01 2.142033647085035512e-03
7.742676844731486430e-01 1.996403109676073238e-03
7.848472580671498333e-01 1.863423670627561198e-03
7.954426820830577949e-01 1.742260907597412188e-03
8.060541947318363709e-01 1.631471051329012011e-03
8.166820355631446704e-01 1.529363517075825896e-03
8.273264454882999219e-01 1.434458307714561948e-03
8.379876668034880183e-01 1.345788147716510137e-03
8.486659432132259706e-01 1.262931541610400749e-03
8.593615198540814903e-01 1.185839289170922180e-03
8.700746433186589135e-01 1.114581286027428210e-03
8.808055616798529108e-01 1.049120920900210429e-03
8.915545245153719822e-01 9.891784428587631784e-04
9.023217829325496098e-01 9.342135445385498123e-04
9.131075895934324116e-01 8.835230497295390537e-04
9.239121987401619496e-01 8.364121192777833162e-04
9.347358662206525226e-01 7.923424509612188044e-04
9.455788495145712735e-01 7.509725486520980701e-04
9.564414077596213870e-01 7.120842314233349034e-04
9.673238017781488063e-01 6.754777951388354820e-04
9.782262941040561488e-01 6.409344736453858379e-04
9.891491490100537964e-01 6.082742094180990837e-04
1.000092632535235726e+00 5.774404947087360268e-04
1.011057012512998066e+00 5.485081558462825621e-04
1.022042558599299822e+00 5.215882228553974601e-04
1.033049542301277102e+00 4.966849329761824795e-04
1.044078237006217380e+00 4.736071852299467990e-04
1.055128918010895367e+00 4.519955275805979814e-04
1.066201862551284352e+00 4.314593177975794614e-04
1.077297349832648132e+00 4.117427318886973686e-04
1.088415661060011308e+00 3.928023064203628087e-04
1.099557079469040355e+00 3.747367100720678471e-04
1.110721890357309283e+00 3.576268536885450337e-04
1.121910381115985400e+00 3.414173889497221486e-04
1.133122841261928526e+00 3.259272598418753910e-04
1.144359562470215863e+00 3.109529595646139382e-04
1.155620838607101852e+00 2.963645307973470180e-04
1.166906965763418569e+00 2.821292762011927174e-04
1.178218242288425976e+00 2.682915166089434324e-04
1.189554968824123149e+00 2.549652822161644012e-04
1.200917448340022453e+00 2.423501097401802224e-04
1.212305986168408900e+00 2.307217506178080649e-04
1.223720890040074227e+00 2.203489767860722045e-04
1.235162470120555911e+00 2.113625405495679296e-04
1.246631039046874889e+00 2.036688808459166623e-04
1.258126911964788874e+00 1.969816522838134867e-04
1.269650406566570577e+00 1.909406158688373850e-04
1.281201843129320173e+00 1.852296318938239663e-04
1.292781544553817996e+00 1.796321859224833456e-04
1.304389836403941239e+00 1.740341667317391950e-04
1.316027046946637080e+00 1.684141034744658975e-04
1.327693507192476696e+00 1.628303828610164206e-04
1.339389550936796125e+00 1.573897105318709366e-04
1.351115514801436435e+00 1.521907274030448259e-04
1.362871738277095179e+00 1.472682735666316824e-04
1.374658563766295805e+00 1.425749323480211828e-04
1.386476336626997652e+00 1.380165587459064775e-04
1.398325405216850559e+00 1.335165620962742842e-04
1.410206120938107599e+00 1.290658358969420624e-04
1.422118838283209508e+00 1.247240235965755878e-04
1.434063914881057000e+00 1.205760241002628745e-04
1.446041711543979202e+00 1.166771306574978227e-04
1.458052592315416618e+00 1.130254244292182211e-04
1.470096924518328407e+00 1.095814144767535438e-04
1.482175078804341739e+00 1.063231630385654821e-04
1.494287429203654982e+00 1.032899283694778435e-04
1.506434353175713392e+00 1.005636492068702346e-04
1.518616231660660620e+00 9.818903895438968606e-05
1.530833449131608681e+00 9.610175576340253723e-05
1.543086393647707277e+00 9.413741095239076600e-05
1.555375456908052678e+00 9.212074573106449776e-05
1.567701034306447028e+00 8.995939099399246968e-05
1.580063524987019630e+00 8.767111720643710950e-05
1.592463331900736190e+00 8.533772641898771944e-05
1.604900861862805117e+00 8.303931844746097581e-05
1.617376525611005755e+00 8.082270074704069550e-05
1.629890737864948091e+00 7.870994932157905090e-05
1.642443917386300800e+00 7.671424906323712732e-05
1.655036487039980742e+00 7.484320879921053482e-05
1.667668873856345213e+00 7.310319256121695268e-05
1.680341509094400276e+00 7.151474150857180918e-05
1.693054828306040926e+00 7.011424810838603604e-05
1.705809271401351079e+00 6.891411651259588802e-05
1.718605282714980920e+00 6.783948570205194082e-05
1.731443311073621594e+00 6.670875928825558668e-05
1.744323809864610997e+00 6.531653811490282580e-05
1.757247237105675541e+00 6.359064071936859890e-05
1.770214055515848983e+00 6.169103661187550782e-05
1.783224732587580741e+00 5.992969721660466962e-05
1.796279740660062352e+00 5.855384724768516325e-05
1.809379556993800708e+00 5.758403940240043313e-05
1.822524663846453397e+00 5.684551522259902949e-05
1.835715548549968767e+00 5.613242328776329028e-05
1.848952703589041624e+00 5.533583887119099466e-05
1.862236626680921825e+00 5.444673350041100406e-05
1.875567820856598900e+00 5.348407874983853718e-05
1.888946794543396868e+00 5.244568076856377127e-05
1.902374061649005244e+00 5.131404944112918649e-05
1.915850141646975535e+00 5.008196317156488162e-05
1.929375559663716988e+00 4.877340600696655396e-05
1.942950846567024437e+00 4.746528148107471620e-05
1.956576539056166242e+00 4.628586352342271100e-05
1.970253179753570727e+00 4.535226483710493267e-05
1.983981317298132430e+00 4.468624319548770643e-05
1.997761506440205892e+00 4.420697182231249340e-05
2.011594308138276332e+00 4.381952214933880989e-05
2.025480289657382471e+00 4.349507525612208341e-05
2.039420024669305942e+00 4.324971424166251674e-05
2.053414093354583247e+00 4.305734204498333820e-05
2.067463082506361793e+00 4.280571359438626645e-05
2.081567585636154405e+00 4.235123195015397745e-05
2.095728203081529628e+00 4.161856036263108014e-05
2.109945542115771566e+00 4.064156668624658599e-05
2.124220217059573645e+00 3.951376810320795613e-05
2.138552849394784072e+00 3.832729821771240679e-05
2.152944067880272261e+00 3.718372673465265333e-05
2.167394508669943765e+00 3.623417619943033682e-05
2.181904815432972988e+00 3.563956416129153773e-05
2.196475639476278996e+00 3.545244526944775623e-05
2.211107639869315911e+00 3.555353399455409046e-05
2.225801483571211214e+00 3.572446401006110624e-05
2.240557845560325667e+00 3.578748461822111698e-05
2.255377408966268149e+00 3.569371906371770662e-05
2.270260865204440481e+00 3.551246988857261302e-05
2.285208914113143308e+00 3.535196564865800779e-05
2.300222264093344737e+00 3.525929967051089509e-05
2.315301632251118846e+00 3.514741598201254257e-05
2.330447744542859301e+00 3.482075325811147297e-05
2.345661335923311608e+00 3.412999641845132763e-05
2.360943150496495946e+00 3.312026823447934113e-05
2.376293941669568088e+00 3.199466553928033581e-05
2.391714472309731221e+00 3.095656984291359181e-05
2.407205514904206645e+00 3.014194644167650022e-05
2.422767851723407695e+00 2.964738980630049825e-05
2.438402274987316432e+00 2.950903808901113708e-05
2.454109587035200768e+00 2.964608131722774566e-05
2.469890600498723998e+00 2.988383979787782971e-05
2.485746138478509337e+00 3.004613269584914450e-05
2.501677034724291371e+00 3.003271716245622448e-05
2.517684133818678394e+00 2.984179715869095310e-05
2.533768291364664638e+00 2.953036299424957107e-05
2.549930374176959891e+00 2.915185539138550333e-05
2.566171260477213334e+00 2.873586617726353910e-05
2.582491840093254609e+00 2.831481153981649484e-05
2.598893014662444489e+00 2.793559066046593105e-05
2.615375697839199987e+00 2.762381036217991637e-05
2.631940815506855991e+00 2.734843916608338844e-05
2.648589305993903409e+00 2.704615711239747168e-05
2.665322120294779218e+00 2.669242819409148635e-05
2.682140222295247955e+00 2.634748481673542675e-05
2.699044589002565164e+00 2.611802920982583514e-05
2.716036210780464977e+00 2.606085343453785414e-05
2.733116091589157026e+00 2.613290839097832672e-05
2.750285249230413953e+00 2.623455007784251529e-05
2.767544715597911598e+00 2.627552588083899895e-05
2.784895536932901372e+00 2.620774737815270431e-05
2.802338774085429751e+00 2.603396547584705954e-05
2.819875502781155063e+00 2.580612237265855920e-05
2.837506813893987179e+00 2.560513908761004402e-05
2.855233813724622927e+00 2.549082308785315907e-05
2.873057624285204170e+00 2.547969555325635329e-05
2.890979383590180252e+00 2.558069341300559917e-05
2.909000245953595520e+00 2.576844116865309702e-05
2.927121382292947160e+00 2.590190510283082350e-05
2.945343980439754095e+00 2.579246733417693105e-05
2.963669245457068335e+00 2.538744252990267521e-05
2.982098399964077995e+00 2.483005662533420381e-05
3.000632684467967159e+00 2.433619716102973615e-05
3.019273357703287086e+00 2.401623034299371097e-05
3.038021696978962627e+00 2.382836088693465447e-05
3.056878998533198555e+00 2.368407474303505311e-05
3.075846577896470535e+00 2.354038185868592221e-05
3.094925770262794362e+00 2.340715506114569099e-05
3.114117930869559014e+00 2.329279995088670715e-05
3.133424435386071849e+00 2.315822968352162643e-05
3.152846680311138350e+00 2.299516160956801230e-05
3.172386083379844290e+00 2.290266112967652271e-05
3.192044083979846292e+00 2.298631826693793359e-05
3.211822143577407918e+00 2.323618213561382071e-05
3.231721746153457975e+00 2.350875922522012006e-05
3.251744398649921930e+00 2.359587145586471900e-05
3.271891631426665281e+00 2.337673401914371608e-05
3.292164998729279368e+00 2.294455121396290413e-05
3.312566079168071553e+00 2.254512384599858952e-05
3.333096476208521786e+00 2.231971564898457919e-05
3.353757818673582580e+00 2.217812975268845549e-05
3.374551761258096416e+00 2.198562835818955051e-05
3.395479985055740446e+00 2.176099922769777849e-05
3.416544198098793395e+00 2.160980591105042485e-05
3.437746135911136314e+00 2.152787576632973779e-05
3.459087562074850908e+00 2.140927623625595380e-05
3.480570268810810663e+00 2.122328582648134234e-05
3.502196077573649369e+00 2.103822717316233536e-05
3.523966839661581307e+00 2.091492800684035538e-05
3.545884436841424847e+00 2.086363607656969787e-05
3.567950781989368547e+00 2.086013246436158947e-05
3.590167819747851929e+00 2.086225579045112135e-05
3.612537527199123133e+00 2.079207915939702112e-05
3.635061914555887341e+00 2.062553070633324598e-05
3.657743025869628628e+00 2.051268383450793658e-05
3.680582939757102157e+00 2.056720507797983404e-05
3.703583770145510101e+00 2.064746024929629657e-05
3.726747667036997225e+00 2.062174882486956184e-05
3.750076817293014120e+00 2.056741336212267640e-05
3.773573445439117879e+00 2.056570553113348576e-05
3.797239814490932730e+00 2.063590877211830607e-05
3.821078226801799538e+00 2.079448382541043808e-05
3.845091024932894896e+00 2.088204051121029311e-05
3.869280592546462394e+00 2.075336443746189370e-05
3.893649355322847061e+00 2.063668393788047867e-05
3.918199781902168777e+00 2.067296881221060547e-05
3.942934384851307872e+00 2.063246305585659653e-05
3.967855721657088441e+00 2.037616308741661768e-05
3.992966395746416985e+00 2.001635828079192559e-05
4.018269057534300082e+00 1.958169403973665962e-05
4.043766405500584860e+00 1.893461569135607847e-05
4.069461187296391280e+00 1.834037796450754202e-05
4.095356200881122177e+00 1.840400176306941524e-05
4.121454295691163061e+00 1.897433804639377282e-05
4.147758373841154089e+00 1.938079950195749430e-05
4.174271391359062555e+00 1.935639938666953801e-05
4.200996359456013352e+00 1.904698127401566372e-05
4.227936345832168819e+00 1.872970181122795045e-05
4.255094476019727345e+00 1.867093911712229266e-05
4.282473934764413848e+00 1.899685800820675937e-05
4.310077967446587444e+00 1.942523019940553558e-05
4.337909881543510870e+00 1.955250590446861147e-05
4.365973048133954926e+00 1.958090166895659975e-05
4.394270903446770404e+00 1.973546830204103597e-05
4.422806950454781116e+00 1.960210798011742466e-05
4.451584760515686412e+00 1.919375399784919355e-05
4.480607975061463577e+00 1.898064241679907959e-05
4.509880307338105077e+00 1.887159459217125116e-05
4.539405544197283149e+00 1.855756615935047233e-05
4.569187547941903738e+00 1.837870414149502934e-05
4.599230258227382961e+00 1.866736480664598439e-05
4.629537694020593008e+00 1.885836975795958332e-05
4.660113955618596648e+00 1.844317718757513137e-05
4.690963226729293112e+00 1.789990919137156913e-05
4.722089776616123835e+00 1.773995821094311804e-05
4.753497962309302771e+00 1.793342711064702008e-05
4.785192230885826348e+00 1.826143305287188936e-05
4.817177121820895636e+00 1.864056317826101567e-05
4.849457269413340654e+00 1.891259787672733820e-05
4.882037405287709575e+00 1.898743940016729608e-05
4.914922360976011539e+00 1.887821932909558012e-05
4.948117070581908195e+00 1.851458356793603233e-05
4.981626573530626878e+00 1.794590508403380065e-05
5.015456017407652567e+00 1.762634970034885517e-05
5.049610660889745972e+00 1.769288343154127880e-05
5.084095876771596245e+00 1.761278602844830986e-05
5.118917155092026050e+00 1.747353543640762431e-05
5.154080106363324809e+00 1.778963776157313465e-05
5.189590464907923639e+00 1.808117878712594450e-05
5.225454092306433651e+00 1.800339854391682569e-05
5.261676980961550676e+00 1.798682063650928131e-05
5.298265257782244220e+00 1.801137390210242283e-05
5.335225187993163587e+00 1.757052828126269133e-05
5.372563179074077766e+00 1.714549473509605318e-05
5.410285784834729661e+00 1.697112582628063250e-05
5.448399709630405319e+00 1.689453212400001932e-05
5.486911812724086346e+00 1.690146689493203467e-05
5.525829112800970222e+00 1.663520990441308433e-05
5.565158792641854646e+00 1.654847078816560802e-05
5.604908203961667112e+00 1.688193124654713346e-05
5.645084872420248701e+00 1.716486765003190005e-05
5.685696502812371378e+00 1.696396044535611309e-05
5.726750984444712422e+00 1.673910537685955165e-05
5.768256396707492684e+00 1.669153086235685722e-05
5.810221014849253685e+00 1.684465389488395563e-05
5.852653315963272540e+00 1.638525293819028322e-05
5.895561985194872179e+00 1.605745881643833245e-05
5.938955922179146363e+00 1.605590314255150955e-05
5.982844247719065756e+00 1.607210616973392151e-05
6.027236310714632950e+00 1.614079724656167016e-05
6.072141695354100754e+00 1.601561401573115136e-05
6.117570228578833813e+00 1.593068605168142542e-05
6.163531987834188541e+00 1.592560630713374539e-05
6.210037309119105231e+00 1.598063445131656297e-05
6.257096795348075169e+00 1.584192324399681339e-05
6.304721325039668756e+00 1.560996672974425604e-05
6.352922061346506943e+00 1.563767133426629085e-05
6.401710461442654321e+00 1.560772235032154435e-05
6.451098286284771888e+00 1.544488008572875729e-05
6.501097610764786872e+00 1.505836392420525356e-05
6.551720834272277472e+00 1.482178540943932806e-05
6.602980691686179959e+00 1.465053799802674225e-05
6.654890264816202716e+00 1.443136333768837595e-05
6.707462994315653404e+00 1.432111704345030905e-05
6.760712692088343800e+00 1.410879219422325817e-05
6.814653554213885300e+00 1.406069370257998731e-05
6.869300174416541616e+00 1.408463271592134229e-05
6.924667558104775189e+00 1.371682960214748890e-05
6.980771137009639027e+00 1.326440442296124238e-05
7.037626784452278628e+00 1.297687343676831817e-05
7.095250831272059244e+00 1.284399179857877960e-05
7.153660082449184721e+00 1.285988650554777617e-05
7.212871834457117437e+00 1.297652490037604227e-05
7.272903893382699714e+00 1.262859172077416368e-05
7.333774593853726209e+00 1.245251137706501896e-05
7.395502818816384050e+00 1.220572475201051410e-05
7.458108020207268929e+00 1.189775325629607411e-05
7.521610240567749628e+00 1.149973957932286258e-05
7.586030135650939421e+00 1.168860806422903328e-05
7.651388998075133507e+00 1.166049799818382324e-05
7.717708782080382690e+00 1.146991904121935783e-05
7.785012129448951157e+00 1.122636559965447698e-05
7.853322396653874549e+00 1.091354413717585263e-05
7.922663683303971638e+00 1.062843555055311861e-05
7.993060861958362295e+00 1.111999411950382345e-05
8.064539609387720631e+00 1.064385693595500934e-05
8.137126439365120589e+00 1.030821398882380409e-05
8.210848737074378789e+00 9.820326327743274079e-06
8.285734795229668492e+00 9.421049542661805924e-06
8.361813852006719117e+00 9.272649280731293513e-06
8.439116130892415413e+00 9.067241703176736348e-06
8.517672882566811765e+00 8.683475845305370095e-06
8.597516428939853128e+00 8.712898438892414105e-06
8.678680209472870999e+00 8.276859415940566729e-06
8.761198829924738973e+00 8.251281110281946321e-06
8.845108113671690475e+00 7.848000090642708463e-06
8.930445155761116638e+00 7.751193701746859785e-06
9.017248379870389741e+00 7.393496117329867472e-06
9.105557598354891979e+00 7.182293773605896222e-06
9.195414075582201363e+00 6.979071632407657716e-06
9.286860594764410948e+00 6.834834462645124060e-06
9.379941528515811200e+00 6.662810974994530364e-06
9.474702913380864899e+00 6.440389528444526613e-06
9.571192528595130256e+00 5.877130355779633817e-06
9.669459979362780899e+00 5.962219792936732964e-06
9.769556784955327089e+00 5.782623957405913325e-06
9.871536471960840942e+00 5.224128054514665692e-06
9.975454673037942754e+00 4.979189528119998133e-06
1.008136923155793063e+01 4.855803053478094315e-06
1.018934031254830330e+01 4.613339031093042514e-06
1.029943052038522566e+01 4.349966307212179773e-06
1.041170502371859463e+01 4.093626051287401480e-06
1.052623168815380517e+01 3.983438958415116367e-06
1.064308121725768252e+01 3.808962012738468868e-06
1.076232730250476877e+01 3.500518984634030447e-06
1.088404678283179194e+01 3.149567954561164722e-06
1.100831981452695096e+01 3.208443324306481180e-06
1.113523005224294415e+01 2.854805021481266832e-06
1.126486484199331350e+01 2.746741609824129974e-06
1.139731542706779699e+01 2.500349546376982138e-06
1.153267716788676189e+01 2.323237096795019133e-06
1.167104977690866718e+01 2.247200131568027075e-06
1.181253756980620828e+01 2.060309493468026379e-06
1.195724973424156268e+01 1.836325364651435885e-06
1.210530061769597765e+01 1.687599010279284927e-06
1.225681003594877438e+01 1.549946187272959244e-06
1.241190360395464154e+01 1.483316712546727059e-06
1.257071309104042101e+01 1.328070430281665485e-06
1.273337680253192516e+01 1.220226583710402252e-06
1.290003999013476133e+01 1.120301212009422655e-06
1.307085529362815102e+01 8.793537243690145145e-07
1.324598321669588152e+01 8.851584223677502196e-07
1.342559264001181063e+01 6.732235828438568511e-07
1.360986137502873916e+01 6.308001094974623793e-07
1.379897676228727654e+01 5.750326283142477266e-07
1.399313631847826045e+01 4.648479671572724394e-07
1.419254843695589230e+01 4.291933212205018108e-07
1.439743314692606369e+01 3.478702434230744669e-07
1.460802293712368716e+01 3.501673724543293759e-07
1.482456365046278535e+01 2.820050847989207644e-07
1.504731545689699779e+01 2.198468286262238801e-07
1.527655391258613626e+01 2.092800007020889657e-07
1.551257111443440273e+01 1.744120301405911009e-07
1.575567696017295916e+01 1.011896630743127845e-07
1.600620052541652782e+01 8.165065942770568835e-08
1.626449157056262607e+01 9.766691345516775135e-08
1.653092219204418001e+01 4.461844264065737802e-08
1.680588863433074565e+01 4.118140265237719807e-08
1.708981328123576660e+01 4.397206367497296937e-08
1.738314684757837725e+01 3.000532377378893966e-08
1.768637079511793431e+01 2.146805615716075162e-08
1.800000000000201084e+01 2.217364944476960678e-08
