-1.800000000000201084e+01 1.561125870624350404e-05
-1.768637079511795918e+01 5.265714466038467698e-03
-1.738314684757837725e+01 7.414158879153714791e-03
-1.708981328123576660e+01 1.550489063333139786e-04
-1.680588863433072433e+01 2.095802517558568122e-05
-1.653092219204418001e+01 4.176227427036114688e-05
-1.626449157056260830e+01 9.271717379895012595e-05
-1.600620052541652782e+01 1.159039732667176305e-04
-1.575567696017295916e+01 7.506529915924372383e-05
-1.551257111443442049e+01 2.509779946699729325e-05
-1.527655391258613626e+01 2.227339926899867678e-05
-1.504731545689701200e+01 2.885129121942803013e-05
-1.482456365046278535e+01 1.823256752774859266e-05
-1.460802293712368716e+01 3.780759232948439691e-05
-1.439743314692604947e+01 7.645159232515180779e-05
-1.419254843695589230e+01 7.474683816304663708e-06
-1.399313631847824624e+01 1.732289532567792332e-05
-1.379897676228727654e+01 1.509977309511056508e-05
-1.360986137502872673e+01 1.105714814588917456e-06
-1.342559264001182306e+01 2.230409435751449311e-05
-1.324598321669588152e+01 2.994331893987232311e-05
-1.307085529362816168e+01 1.694454723962713057e-05
-1.290003999013476133e+01 6.888397960022925998e-06
-1.273337680253193582e+01 7.383611294790153429e-06
-1.257071309104041035e+01 4.977579805216362610e-06
-1.241190360395464154e+01 3.486230505780769754e-06
-1.225681003594876195e+01 1.537606215498659834e-06
-1.210530061769597765e+01 1.997806942117578912e-05
-1.195724973424155202e+01 3.440569073778318074e-05
-1.181253756980619762e+01 1.119454705093407271e-05
-1.167104977690866718e+01 8.595575364613693492e-06
-1.153267716788677255e+01 1.439389240805845876e-05
-1.139731542706779699e+01 3.735207160306329434e-06
-1.126486484199332239e+01 2.915258905959480475e-05
-1.113523005224293527e+01 3.158308817247618236e-06
-1.100831981452695096e+01 1.003956944840549469e-05
-1.088404678283180083e+01 7.687204459918240508e-06
-1.076232730250476877e+01 8.169354114299085925e-06
-1.064308121725769141e+01 7.637106136278254908e-06
-1.052623168815380517e+01 3.171055588890850654e-06
-1.041170502371859463e+01 1.870260377033131630e-05
-1.029943052038521678e+01 2.659070300432017220e-06
-1.018934031254830330e+01 1.812248399013877901e-06
-1.008136923155793951e+01 2.104104115807527012e-06
-9.975454673037956965e+00 1.317023818794606238e-05
-9.871536471960840942e+00 6.997621466174854996e-06
-9.769556784955334194e+00 1.541062159942779017e-06
-9.669459979362780899e+00 7.014546448196169087e-07
-9.571192528595137361e+00 4.723265454089143860e-06
-9.474702913380864899e+00 1.524896235000932333e-05
-9.379941528515811200e+00 3.829750940352716027e-06
-9.286860594764403842e+00 8.640680861407423746e-06
-9.195414075582201363e+00 2.962099945714332630e-07
-9.105557598354884874e+00 1.001284879929162049e-05
-9.017248379870389741e+00 3.511778957906228473e-06
-8.930445155761116638e+00 9.642730797621900730e-06
-8.845108113671695804e+00 5.413546157652210673e-06
-8.761198829924738973e+00 9.193403834166303986e-07
-8.678680209472876328e+00 8.940652569740289014e-06
-8.597516428939853128e+00 1.633176795106065980e-06
-8.517672882566811765e+00 6.373332783299113220e-07
-8.439116130892410084e+00 6.093769439044186104e-06
-8.361813852006719117e+00 1.390074493576341704e-06
-8.285734795229661387e+00 3.409388167871232976e-06
-8.210848737074378789e+00 1.782019182806580734e-06
-8.137126439365120589e+00 5.071833593405648814e-06
-8.064539609387715302e+00 8.119889167593447537e-06
-7.993060861958362295e+00 1.170319051586350311e-06
-7.922663683303976967e+00 1.145105005243329167e-06
-7.853322396653874549e+00 2.796316948228116860e-06
-7.785012129448951157e+00 8.646239134502471153e-06
-7.717708782080378249e+00 2.715447177882405688e-07
-7.651388998075133507e+00 2.826848124354296368e-06
-7.586030135650944750e+00 8.605509776415417903e-06
-7.521610240567749628e+00 7.521684861884237548e-07
-7.458108020207273370e+00 3.785128195366868475e-06
-7.395502818816379609e+00 2.070494667995978340e-06
-7.333774593853726209e+00 1.240237357295627086e-06
-7.272903893382695273e+00 3.948772977379007342e-08
-7.212871834457117437e+00 7.003904010626839868e-06
-7.153660082449187385e+00 2.022632000666371781e-06
-7.095250831272068126e+00 4.785181978123431335e-06
-7.037626784452278628e+00 1.185680883154208000e-06
-6.980771137009643468e+00 5.705580224892666318e-06
-6.924667558104775189e+00 9.884242934897073378e-06
-6.869300174416541616e+00 1.527459579012982688e-06
-6.814653554213885300e+00 3.231463677599989598e-06
-6.760712692088343800e+00 6.233985170076836200e-06
-6.707462994315648963e+00 8.683201795123961139e-07
-6.654890264816202716e+00 1.846295396273412108e-06
-6.602980691686176407e+00 1.244504381490299660e-05
-6.551720834272277472e+00 2.041369901186733528e-06
-6.501097610764786872e+00 6.623612793543805022e-06
-6.451098286284775440e+00 2.779287989067075015e-06
-6.401710461442654321e+00 1.858279161548540404e-06
-6.352922061346510496e+00 2.144979226471212084e-06
-6.304721325039668756e+00 2.628406864290779233e-07
-6.257096795348075169e+00 4.044773426328313955e-06
-6.210037309119101678e+00 1.930509932514468765e-06
-6.163531987834188541e+00 2.854000577993140190e-06
-6.117570228578837366e+00 1.455533261290839491e-06
-6.072141695354100754e+00 1.040473743078894102e-06
-6.027236310714632950e+00 7.219896514489012408e-06
-5.982844247719062203e+00 5.151997509264394704e-06
-5.938955922179146363e+00 9.499347951875577775e-07
-5.895561985194874843e+00 8.772303285006106063e-07
-5.852653315963272540e+00 1.709215851396352007e-06
-5.810221014849253685e+00 1.505976035266976374e-06
-5.768256396707496236e+00 9.796914174839812968e-07
-5.726750984444712422e+00 7.316978953031200232e-06
-5.685696502812374042e+00 1.116939298279995942e-06
-5.645084872420248701e+00 6.938072204057744859e-06
-5.604908203961667112e+00 3.097573640971533117e-06
-5.565158792641851981e+00 2.082603424570458591e-08
-5.525829112800970222e+00 2.670028808056482014e-07
-5.486911812724083681e+00 1.416086416767943303e-06
-5.448399709630409760e+00 6.804886626445088959e-07
-5.410285784834729661e+00 1.539147221511269397e-06
-5.372563179074079542e+00 9.246951400710739665e-07
-5.335225187993163587e+00 3.339807496605082925e-07
-5.298265257782246884e+00 4.800254718226339779e-06
-5.261676980961550676e+00 6.834223763169266458e-07
-5.225454092306433651e+00 1.247302989175891945e-06
-5.189590464907923639e+00 3.143453879724488604e-06
-5.154080106363324809e+00 1.290464995305584861e-06
-5.118917155092023386e+00 3.075204669726801389e-06
-5.084095876771596245e+00 1.451726861498127303e-07
-5.049610660889740643e+00 6.917569616052549454e-09
-5.015456017407655231e+00 1.015138073298145401e-06
-4.981626573530626878e+00 3.662432865580472919e-06
-4.948117070581910859e+00 1.197316882418601561e-07
-4.914922360976011539e+00 1.598299433119074588e-06
-4.882037405287712239e+00 4.476734481145114943e-07
-4.849457269413337102e+00 1.373614704770182753e-06
-4.817177121820895636e+00 8.751044693698005090e-07
-4.785192230885824571e+00 3.736881866216549301e-06
-4.753497962309302771e+00 1.872640349455775949e-06
-4.722089776616123835e+00 2.422700426002233803e-07
-4.690963226729293112e+00 1.710499977450844079e-06
-4.660113955618596648e+00 6.108970811379099309e-06
-4.629537694020590344e+00 1.430948060184321558e-06
-4.599230258227382961e+00 1.595037428269647653e-06
-4.569187547941903738e+00 7.940432299612345304e-07
-4.539405544197283149e+00 3.124183479547780000e-06
-4.509880307338105077e+00 2.319604166060085834e-06
-4.480607975061465353e+00 1.863534522295660136e-06
-4.451584760515686412e+00 1.496833366815126829e-07
-4.422806950454783781e+00 1.650045995432185815e-06
-4.394270903446768628e+00 9.544763951993595340e-07
-4.365973048133954926e+00 6.583464091029384442e-06
-4.337909881543509094e+00 2.578472692780807257e-06
-4.310077967446587444e+00 9.300351666274145321e-07
-4.282473934764412071e+00 3.680511111763469680e-06
-4.255094476019731786e+00 1.432790015317472987e-06
-4.227936345832168819e+00 2.080487548058150045e-06
-4.200996359456015128e+00 7.431417796198230996e-07
-4.174271391359062555e+00 3.838661958735651978e-06
-4.147758373841154089e+00 2.939968983632495223e-06
-4.121454295691163061e+00 3.835782084991860754e-06
-4.095356200881122177e+00 6.068063367577021045e-06
-4.069461187296388616e+00 1.551737344586747608e-06
-4.043766405500584860e+00 1.336099270965482781e-06
-4.018269057534298305e+00 1.497172990111595213e-06
-3.992966395746416985e+00 2.861493831943519115e-07
-3.967855721657088441e+00 3.437784200245635537e-06
-3.942934384851309204e+00 2.397634438804562201e-06
-3.918199781902168777e+00 3.129483664641108536e-07
-3.893649355322847061e+00 1.370733019881162537e-06
-3.869280592546462394e+00 2.065767501057486368e-06
-3.845091024932894896e+00 3.464791388855528209e-06
-3.821078226801797317e+00 1.751912013103034959e-06
-3.797239814490932730e+00 1.895721768770369575e-06
-3.773573445439120100e+00 1.805922065880866501e-07
-3.750076817293014120e+00 1.302426426036214419e-07
-3.726747667036997225e+00 3.874104774603281907e-07
-3.703583770145510101e+00 4.581072579121492070e-07
-3.680582939757102157e+00 3.021523760787612316e-07
-3.657743025869630404e+00 9.745456724582728013e-07
-3.635061914555887341e+00 2.638957202054624125e-07
-3.612537527199123133e+00 7.856721601044785169e-07
-3.590167819747855482e+00 1.443590981293065601e-06
-3.567950781989368547e+00 3.414524537760521713e-06
-3.545884436841426179e+00 2.144414749094710345e-07
-3.523966839661581307e+00 6.410883281741261528e-07
-3.502196077573649369e+00 3.612691844206077191e-07
-3.480570268810808887e+00 5.403217967088628289e-08
-3.459087562074850908e+00 2.110491669797084381e-06
-3.437746135911134981e+00 2.420992768068588292e-06
-3.416544198098792506e+00 2.791001382267882827e-06
-3.395479985055740890e+00 2.684262617911854784e-06
-3.374551761258098193e+00 2.710248786317859334e-06
-3.353757818673582580e+00 1.431193056414372926e-07
-3.333096476208523118e+00 4.596662641683660488e-06
-3.312566079168071553e+00 8.047523235419141690e-07
-3.292164998729279812e+00 2.347057824213431387e-06
-3.271891631426664837e+00 2.044076351575362292e-06
-3.251744398649922374e+00 1.951359095987733614e-06
-3.231721746153456643e+00 5.391232630819940109e-07
-3.211822143577407918e+00 2.380455434154614670e-06
-3.192044083979844071e+00 1.913689598260568249e-06
-3.172386083379843402e+00 3.673077804398446827e-06
-3.152846680311138350e+00 9.835593805959150233e-07
-3.133424435386072737e+00 2.794669086446325790e-07
-3.114117930869558570e+00 2.422064509070327844e-06
-3.094925770262795250e+00 2.993541989875843045e-06
-3.075846577896469647e+00 3.551211127575181328e-06
-3.056878998533198555e+00 1.882477486726103369e-06
-3.038021696978961295e+00 8.175235089941413389e-07
-3.019273357703287086e+00 2.876520274811377486e-07
-3.000632684467968048e+00 6.368973508514624146e-08
-2.982098399964077995e+00 8.309906073572510579e-07
-2.963669245457069223e+00 1.401889504377107237e-07
-2.945343980439752762e+00 6.640358258166014194e-06
-2.927121382292947160e+00 5.913221699336810398e-06
-2.909000245953597297e+00 9.169184231475388237e-07
-2.890979383590179363e+00 4.125788158377731785e-07
-2.873057624285205058e+00 8.410005789881573769e-08
-2.855233813724623815e+00 1.197805723249047486e-06
-2.837506813893987179e+00 1.280902413564269269e-06
-2.819875502781155951e+00 1.868947389635611057e-06
-2.802338774085429751e+00 7.549392103667219636e-07
-2.784895536932901372e+00 3.902805417036236272e-07
-2.767544715597910265e+00 6.749189378267004175e-07
-2.750285249230413953e+00 1.265441203633124362e-06
-2.733116091589155250e+00 7.674502367764367371e-07
-2.716036210780464089e+00 9.336281895943191038e-07
-2.699044589002566052e+00 3.112435191884613167e-07
-2.682140222295249732e+00 2.515116945366546752e-07
-2.665322120294779662e+00 1.985325650249474020e-08
-2.648589305993904297e+00 4.041728476429645762e-06
-2.631940815506855547e+00 6.843386112666973656e-07
-2.615375697839200431e+00 1.376406298654687057e-06
-2.598893014662444045e+00 1.275241140593773308e-06
-2.582491840093254609e+00 2.564126355444007615e-07
-2.566171260477212002e+00 1.724171319482471906e-07
-2.549930374176959447e+00 2.748400591661995999e-06
-2.533768291364664638e+00 3.530109223812735297e-07
-2.517684133818677505e+00 2.563669625041261883e-06
-2.501677034724291371e+00 2.771007234858222260e-06
-2.485746138478510670e+00 8.374915818316123764e-07
-2.469890600498723998e+00 1.790188110456220089e-06
-2.454109587035200768e+00 7.514356813723976784e-09
-2.438402274987315543e+00 2.083389577531531833e-06
-2.422767851723407695e+00 1.467196470138799704e-06
-2.407205514904207533e+00 2.155613049478073402e-07
-2.391714472309731221e+00 1.525466357736391685e-06
-2.376293941669569421e+00 5.277158955245907993e-07
-2.360943150496495058e+00 1.658600539455398197e-06
-2.345661335923311608e+00 2.302263873402163293e-06
-2.330447744542858413e+00 1.949477455027364448e-06
-2.315301632251118846e+00 2.971015186254943198e-07
-2.300222264093345625e+00 4.447566190843846361e-07
-2.285208914113144640e+00 9.674678969750146075e-07
-2.270260865204440481e+00 2.746179035538587525e-06
-2.255377408966269037e+00 7.401902210986176310e-07
-2.240557845560325223e+00 2.234030801581588433e-08
-2.225801483571210770e+00 2.064329225450044385e-07
-2.211107639869315467e+00 7.172887286339159414e-08
-2.196475639476279440e+00 1.517670756913808895e-06
-2.181904815432973432e+00 1.345947313445664373e-06
-2.167394508669943320e+00 3.927442666241103963e-06
-2.152944067880271817e+00 1.432848467480959727e-06
-2.138552849394784516e+00 2.509003610551464400e-07
-2.124220217059574090e+00 2.876904205592844547e-06
-2.109945542115772454e+00 5.162727493529604199e-06
-2.095728203081529628e+00 4.488067000452053017e-06
-2.081567585636154849e+00 2.473521861836811494e-07
-2.067463082506362237e+00 7.724911613810488160e-07
-2.053414093354584136e+00 2.837456044958319677e-06
-2.039420024669305942e+00 8.317001340820650775e-07
-2.025480289657382471e+00 3.658916822189133202e-06
-2.011594308138276332e+00 2.134086828886162165e-07
-1.997761506440205226e+00 8.818619095792523481e-07
-1.983981317298131319e+00 2.857120243199601499e-07
-1.970253179753569617e+00 3.121695372701081390e-06
-1.956576539056167352e+00 1.506618667701457798e-06
-1.942950846567025547e+00 9.451768785704501685e-07
-1.929375559663717654e+00 3.005593215367600148e-06
-1.915850141646975535e+00 5.782729184721584521e-07
-1.902374061649005244e+00 1.860134609908499863e-06
-1.888946794543396868e+00 2.847462997894884672e-07
-1.875567820856598900e+00 1.672237052691367982e-06
-1.862236626680921825e+00 9.343897229339530218e-07
-1.848952703589041180e+00 9.562941652700798066e-07
-1.835715548549967879e+00 8.561618517940102226e-07
-1.822524663846452730e+00 4.957892571357038625e-07
-1.809379556993800708e+00 7.875281300706919449e-07
-1.796279740660062796e+00 4.257920859423375965e-07
-1.783224732587581407e+00 2.805460485481369024e-07
-1.770214055515849871e+00 6.208094066987800272e-07
-1.757247237105675541e+00 1.887098992107431994e-06
-1.744323809864610553e+00 1.703738710100242869e-06
-1.731443311073621372e+00 6.996255673265785673e-07
-1.718605282714980698e+00 1.440461602906569897e-07
-1.705809271401351745e+00 4.491468806402403152e-06
-1.693054828306041149e+00 9.512299793611052911e-07
-1.680341509094399610e+00 2.010273988800702073e-06
-1.667668873856344547e+00 1.624252211678554947e-07
-1.655036487039980519e+00 2.764184689843313608e-07
-1.642443917386301022e+00 1.509273085791696055e-06
-1.629890737864948980e+00 3.065032007010395257e-06
-1.617376525611005755e+00 5.535570307212060586e-07
-1.604900861862805783e+00 1.478376685942888409e-06
-1.592463331900736856e+00 1.116556572170254515e-06
-1.580063524987020074e+00 1.018132335951293517e-06
-1.567701034306447028e+00 1.375480659762911604e-08
-1.555375456908052678e+00 1.115110391239714797e-06
-1.543086393647707277e+00 1.714205397771329828e-06
-1.530833449131608237e+00 5.044865241853595320e-07
-1.518616231660659732e+00 3.875289123120715340e-06
-1.506434353175712282e+00 3.310704937921386275e-06
-1.494287429203655870e+00 6.053365381125546192e-07
-1.482175078804342627e+00 7.326134949074048126e-07
-1.470096924518329295e+00 4.528601107796850512e-06
-1.458052592315416618e+00 2.296949995909196873e-07
-1.446041711543979202e+00 8.044894248064628759e-08
-1.434063914881057000e+00 1.107218385976257196e-06
-1.422118838283209508e+00 8.173011942281575190e-07
-1.410206120938107599e+00 1.169492510603318405e-06
-1.398325405216850115e+00 5.199131210682578368e-06
-1.386476336626996986e+00 4.788623189475273928e-06
-1.374658563766294916e+00 2.927229030551999688e-06
-1.362871738277095179e+00 6.437148148717826454e-08
-1.351115514801437101e+00 2.313902752547931867e-06
-1.339389550936797013e+00 2.756162446277068617e-06
-1.327693507192477362e+00 1.811171548202819751e-06
-1.316027046946637080e+00 1.443071017374223815e-06
-1.304389836403941239e+00 1.676940942302035070e-07
-1.292781544553817996e+00 1.203284478934839563e-06
-1.281201843129320173e+00 5.197353097381396067e-06
-1.269650406566570577e+00 4.334654745819625324e-07
-1.258126911964788874e+00 3.777442591372147794e-06
-1.246631039046874889e+00 2.411533694375915923e-06
-1.235162470120555911e+00 1.661772536060253078e-06
-1.223720890040073339e+00 4.776261811562943999e-08
-1.212305986168408234e+00 5.907118842874952959e-07
-1.200917448340022453e+00 1.927747119380616920e-06
-1.189554968824123149e+00 1.627063346719128723e-06
-1.178218242288426865e+00 2.802776101334875851e-06
-1.166906965763418569e+00 9.162020174198947952e-07
-1.155620838607101852e+00 4.338772328815094155e-06
-1.144359562470215863e+00 2.211958122914137524e-06
-1.133122841261928526e+00 7.352931283857894471e-07
-1.121910381115985400e+00 3.983638898140868072e-08
-1.110721890357309283e+00 7.124484527766918478e-06
-1.099557079469039467e+00 8.270310314047448429e-07
-1.088415661060010642e+00 3.036188414124100857e-06
-1.077297349832647466e+00 1.024234187293669098e-05
-1.066201862551285018e+00 1.144751131635552223e-06
-1.055128918010896033e+00 2.119206465922325729e-06
-1.044078237006218046e+00 6.567417290587296902e-06
-1.033049542301277102e+00 8.360032464298990165e-07
-1.022042558599299822e+00 1.171703457019574809e-06
-1.011057012512998066e+00 3.815247687461210493e-06
-1.000092632535235726e+00 2.991515188254202744e-06
-9.891491490100537964e-01 1.424414404574798697e-06
-9.782262941040561488e-01 1.483628752920618700e-06
-9.673238017781481402e-01 4.304185536049322156e-06
-9.564414077596213870e-01 5.929970820340649974e-06
-9.455788495145712735e-01 2.367056482211200960e-06
-9.347358662206534108e-01 5.373479563587352096e-07
-9.239121987401626157e-01 8.439027251475760272e-07
-9.131075895934324116e-01 1.552712894045655236e-06
-9.023217829325496098e-01 4.152919166275375432e-06
-8.915545245153719822e-01 1.910946385289870144e-06
-8.808055616798529108e-01 1.217488178381512838e-06
-8.700746433186589135e-01 2.856130572472214095e-06
-8.593615198540814903e-01 6.174234224101894419e-06
-8.486659432132259706e-01 8.420664472697659945e-06
-8.379876668034880183e-01 9.191716325242272015e-06
-8.273264454882990337e-01 4.642268767221166548e-06
-8.166820355631438932e-01 2.447432247872229468e-07
-8.060541947318363709e-01 7.147618388083597253e-06
-7.954426820830584610e-01 1.161378139743484030e-06
-7.848472580671504994e-01 4.517605331385827447e-06
-7.742676844731486430e-01 2.471787378010627244e-06
-7.637037244060699281e-01 9.780308499268998819e-06
-7.531551422644284788e-01 6.929191091577003560e-06
-7.426217037179922986e-01 2.875848072718590943e-07
-7.321031756857663275e-01 5.748972138428677314e-06
-7.215993263142009839e-01 7.406983418669375589e-07
-7.111099249556180890e-01 6.293339514865010727e-07
-7.006347421468592795e-01 9.531873629783294680e-06
-6.901735495881351490e-01 3.086776752014940159e-06
-6.797261201220911042e-01 2.289903516561038129e-06
-6.692922277130706199e-01 6.214713568857467613e-07
-6.588716474265783329e-01 2.567607791015010887e-06
-6.484641554089376481e-01 4.315702938651590573e-06
-6.380695288671385246e-01 1.088719058163358843e-05
-6.276875460488731129e-01 3.674183771502391662e-07
-6.173179862227488046e-01 7.983957071109707649e-06
-6.069606296586862459e-01 5.070267280035610402e-06
-5.966152576084875481e-01 2.493221142505218248e-06
-5.862816522865772484e-01 4.263757387563947180e-06
-5.759595968509094721e-01 3.639576641976275486e-06
-5.656488753840412942e-01 9.035814794367986731e-06
-5.553492728743597562e-01 3.422476911368588978e-06
-5.450605751974718638e-01 6.501681251972737515e-06
-5.347825690977430213e-01 2.240147500569731354e-05
-5.245150421699888987e-01 7.012413650088816642e-06
-5.142577828413065211e-01 2.595387390139091238e-06
-5.040105803530536832e-01 6.154487192484029805e-07
-4.937732247429644228e-01 2.016947516199728957e-05
-4.835455068274036594e-01 6.252520455641104034e-06
-4.733272181837471781e-01 1.749252828013685417e-06
-4.631181511328986700e-01 1.082879802045690609e-05
-4.529180987219272314e-01 4.920233868636731986e-06
-4.427268547068332061e-01 4.885550213108410048e-06
-4.325442135354257145e-01 9.921653232262422651e-06
-4.223699703303245845e-01 1.175853065500810619e-05
-4.122039208720716941e-01 3.635556903433854107e-06
-4.020458615823537807e-01 1.829490264257605526e-05
-3.918955895073323314e-01 1.495149356944972006e-05
-3.817529023010813316e-01 2.347518868907684969e-06
-3.716175982091194929e-01 5.681476800235361931e-06
-3.614894760520483419e-01 2.190003673304814590e-05
-3.513683352092828449e-01 6.702511678971010619e-06
-3.412539756028758475e-01 1.757874872463777692e-05
-3.311461976814312758e-01 1.601670090629763891e-06
-3.210448024041094306e-01 1.316245016745904860e-06
-3.109495912247085547e-01 4.103773914112644478e-05
-3.008603660758366605e-01 7.252891492128603844e-06
-2.907769293531580201e-01 5.369303110653081933e-06
-2.806990838997174276e-01 4.132609369606705599e-05
-2.706266329903371237e-01 3.243614568718825774e-05
-2.605593803160889399e-01 1.404058503389207488e-05
-2.504971299688272257e-01 3.870110830218467877e-05
-2.404396864257955790e-01 1.880349404999315244e-05
-2.303868545342923901e-01 1.812290178533174122e-04
-2.203384394963986970e-01 5.675018365926663851e-05
-2.102942468537628840e-01 6.842600207136639227e-05
-2.002540824724450275e-01 1.046308274595928215e-04
-1.902177525278067050e-01 1.033128660370432835e-04
-1.801850634894590075e-01 1.273365663064060793e-01
-1.701558221062540455e-01 6.035256016127042537e-03
-1.601298353913264694e-01 3.806060213471529341e-02
-1.501069106071708514e-01 5.406411586851996853e-01
-1.400868552507662790e-01 2.891249476799352403e-01
-1.300694770387391397e-01 6.291703302944290366e-01
-1.200545838925550501e-01 1.073533836429520605e+00
-1.100419839237516545e-01 8.810133472399143129e-01
-1.000314854191983877e-01 9.657228597620589605e-01
-9.002289682638489610e-02 1.850920083245824355e+00
-8.001602673873924043e-02 1.564231829693398579e+00
-7.001068388096250150e-02 2.039592652096381631e+00
-6.000667709439190534e-02 2.525678636458015713e+00
-5.000381532237931775e-02 3.272134351357709026e+00
-4.000190759568706539e-02 3.963646580341715797e+00
-3.000076301789707939e-02 3.340264891786165702e+00
-2.000019075083557876e-02 5.172588546340377569e+00
-9.999999999999974187e-03 5.678458801757487073e+00
0.000000000000000000e+00 6.301301212895919157e+00
9.999999999999974187e-03 7.737808800914411478e+00
2.000019075083557876e-02 6.599521829852125876e+00
3.000076301789707939e-02 4.958025399768240860e+00
4.000190759568635068e-02 3.809398345873798775e+00
5.000381532237860305e-02 2.698032877267362295e+00
6.000667709439118369e-02 2.426066192955671497e+00
7.001068388096322315e-02 2.235148252452116235e+00
8.001602673873996208e-02 1.199954232365857854e+00
9.002289682638561774e-02 1.299003268364792074e+00
1.000314854191983877e-01 1.147470173002705041e+00
1.100419839237516545e-01 9.545709200336772726e-01
1.200545838925550501e-01 6.102077636193450338e-01
1.300694770387391397e-01 6.102002889257370777e-01
1.400868552507662790e-01 4.641718720071538740e-01
1.501069106071708514e-01 1.242489695874532257e-01
1.601298353913264694e-01 1.178267966796585908e-01
1.701558221062540455e-01 2.952510906477909432e-03
1.801850634894582859e-01 1.575420437750274950e-03
1.902177525278067050e-01 1.026334151888189447e-04
2.002540824724450275e-01 1.226979648635212819e-03
2.102942468537628840e-01 2.162181611875703803e-04
2.203384394963986970e-01 8.875479230382692770e-05
2.303868545342923901e-01 2.839296296249882532e-04
2.404396864257955790e-01 8.044482611213984091e-05
2.504971299688272257e-01 2.494345695246193772e-05
2.605593803160889399e-01 4.923926186906509548e-05
2.706266329903371237e-01 1.470638765531199456e-05
2.806990838997167059e-01 6.102141506916293975e-06
2.907769293531572985e-01 5.123247341768991590e-06
3.008603660758359388e-01 1.606913631345521830e-05
3.109495912247092764e-01 5.344086591073211136e-06
3.210448024041101522e-01 2.396749157225387948e-05
3.311461976814320529e-01 2.444949417478382281e-06
3.412539756028758475e-01 2.209985798057595909e-05
3.513683352092828449e-01 1.735116619076893096e-05
3.614894760520483419e-01 4.689321842926413712e-05
3.716175982091194929e-01 2.670436894762633828e-06
3.817529023010813316e-01 6.603974209766552683e-07
3.918955895073323314e-01 4.849364466593529706e-06
4.020458615823530590e-01 1.801430473053618843e-05
4.122039208720709169e-01 1.020919075919437337e-05
4.223699703303238628e-01 3.141467672609002665e-06
4.325442135354264361e-01 4.634597876509209083e-07
4.427268547068339277e-01 1.301706149583283078e-05
4.529180987219279531e-01 9.022475025822294446e-07
4.631181511328986700e-01 8.858340530007208059e-06
4.733272181837471781e-01 4.398657925352093457e-06
4.835455068274036594e-01 1.103348314673523981e-07
4.937732247429644228e-01 2.900176616252668737e-06
5.040105803530536832e-01 2.267085977553962727e-05
5.142577828413065211e-01 8.603269121421173128e-06
5.245150421699888987e-01 4.401264516980477200e-06
5.347825690977430213e-01 7.373222687281822906e-06
5.450605751974710866e-01 1.822803001781525878e-05
5.553492728743597562e-01 1.435904445150421041e-05
5.656488753840412942e-01 6.823976699219201625e-06
5.759595968509094721e-01 4.854641824794199438e-07
5.862816522865772484e-01 2.424874066654438844e-06
5.966152576084875481e-01 3.796805668750314945e-06
6.069606296586862459e-01 5.178391721758327613e-06
6.173179862227488046e-01 5.092306537559991938e-07
6.276875460488731129e-01 5.430681416326376064e-06
6.380695288671385246e-01 8.758682704024709260e-07
6.484641554089369819e-01 3.565144819812065334e-06
6.588716474265774448e-01 3.914526965801908798e-06
6.692922277130698427e-01 4.973810611862162842e-06
6.797261201220904381e-01 4.307262965762888323e-06
6.901735495881360372e-01 9.665877585043988507e-06
7.006347421468600567e-01 7.063477131141565840e-06
7.111099249556188662e-01 2.172522955711353410e-07
7.215993263142009839e-01 4.579615286912681311e-07
7.321031756857663275e-01 6.278913818765684829e-06
7.426217037179922986e-01 2.225950727064494823e-06
7.531551422644284788e-01 8.064625734933705391e-07
7.637037244060699281e-01 5.778911722273494885e-06
7.742676844731486430e-01 1.573965445873962241e-06
7.848472580671498333e-01 2.080168089392031598e-06
7.954426820830577949e-01 9.677286935240163712e-07
8.060541947318363709e-01 1.508333700404051110e-06
8.166820355631446704e-01 2.838434482356252044e-06
8.273264454882999219e-01 3.454592081542533388e-06
8.379876668034880183e-01 1.401689893928788497e-06
8.486659432132259706e-01 1.275550153402087423e-06
8.593615198540814903e-01 5.307749198261156326e-06
8.700746433186589135e-01 1.037963185571275254e-06
8.808055616798529108e-01 1.840116865224527734e-06
8.915545245153719822e-01 1.558660169069320581e-06
9.023217829325496098e-01 1.377602371949251797e-06
9.131075895934324116e-01 3.582514479841588760e-06
9.239121987401619496e-01 2.625574035415541497e-06
9.347358662206525226e-01 8.199325850292585470e-07
9.455788495145712735e-01 3.110611223159100391e-06
9.564414077596213870e-01 6.851541682567528771e-06
9.673238017781488063e-01 7.149151902713662846e-06
9.782262941040561488e-01 6.856105849211389173e-07
9.891491490100537964e-01 1.249917843725091883e-06
1.000092632535235726e+00 6.374029705308397870e-07
1.011057012512998066e+00 4.193414604155707935e-06
1.022042558599299822e+00 5.670893064855760381e-06
1.033049542301277102e+00 1.548419908942976874e-06
1.044078237006217380e+00 6.226857125223692773e-07
1.055128918010895367e+00 4.423977939339522180e-07
1.066201862551284352e+00 4.269209331652514160e-06
1.077297349832648132e+00 1.153226674401912702e-06
1.088415661060011308e+00 3.145018325502037956e-06
1.099557079469040355e+00 2.659294554352860414e-06
1.110721890357309283e+00 5.030606097937372554e-07
1.121910381115985400e+00 1.545919108032041306e-07
1.133122841261928526e+00 7.353384191571598706e-07
1.144359562470215863e+00 6.047587641173985944e-07
1.155620838607101852e+00 3.330517681924681092e-06
1.166906965763418569e+00 1.557866722087546077e-06
1.178218242288425976e+00 2.524786750090468579e-06
1.189554968824123149e+00 2.944162270842025973e-06
1.200917448340022453e+00 1.436414296052024448e-06
1.212305986168408900e+00 1.455975904985856310e-06
1.223720890040074227e+00 5.070710277860739118e-07
1.235162470120555911e+00 1.869979705478316390e-06
1.246631039046874889e+00 1.692580905148417940e-06
1.258126911964788874e+00 1.894813253108631505e-06
1.269650406566570577e+00 2.922201180487186875e-06
1.281201843129320173e+00 4.489421327193725883e-07
1.292781544553817996e+00 1.613249737604131396e-07
1.304389836403941239e+00 3.294369575131771670e-06
1.316027046946637080e+00 2.518331647224482171e-06
1.327693507192476696e+00 1.008846704697295726e-09
1.339389550936796125e+00 5.348357429777486414e-06
1.351115514801436435e+00 1.602444743748568008e-06
1.362871738277095179e+00 3.588293909016189180e-06
1.374658563766295805e+00 4.249868324460702530e-07
1.386476336626997652e+00 2.712001963297107036e-06
1.398325405216850559e+00 4.353317222272006740e-07
1.410206120938107599e+00 1.636844639041107334e-06
1.422118838283209508e+00 8.465196952152694444e-07
1.434063914881057000e+00 7.340212888335458712e-07
1.446041711543979202e+00 1.826091278071867032e-06
1.458052592315416618e+00 3.182022912091149940e-06
1.470096924518328407e+00 3.413630447313682382e-06
1.482175078804341739e+00 3.017998062305923429e-06
1.494287429203654982e+00 1.850959301432692598e-07
1.506434353175713392e+00 1.706917368535595048e-06
1.518616231660660620e+00 3.777206391565094659e-09
1.530833449131608681e+00 5.568398114036737150e-06
1.543086393647707277e+00 2.812593033182981568e-06
1.555375456908052678e+00 3.434808686688043257e-07
1.567701034306447028e+00 9.727360448676555625e-07
1.580063524987019630e+00 3.214886151500475106e-06
1.592463331900736190e+00 8.447229187964981742e-07
1.604900861862805117e+00 1.732271803201496660e-06
1.617376525611005755e+00 7.747553001072833215e-07
1.629890737864948091e+00 1.876087703416180843e-06
1.642443917386300800e+00 1.249552797547942699e-06
1.655036487039980742e+00 4.491032683580739281e-07
1.667668873856345213e+00 4.953024275645535582e-07
1.680341509094400276e+00 1.128723848312200245e-06
1.693054828306040926e+00 2.287249711081955845e-06
1.705809271401351079e+00 1.959448876516818091e-06
1.718605282714980920e+00 3.114175525075160857e-06
1.731443311073621594e+00 1.034530549903609421e-06
1.744323809864610997e+00 1.630637003962528195e-06
1.757247237105675541e+00 1.961598265513345954e-06
1.770214055515848983e+00 1.790383519641692760e-06
1.783224732587580741e+00 5.663762649688895094e-07
1.796279740660062352e+00 4.503536640204588195e-07
1.809379556993800708e+00 2.391978312736207395e-06
1.822524663846453397e+00 5.038159427972690911e-07
1.835715548549968767e+00 3.183871345185226038e-06
1.848952703589041624e+00 3.425132254041297028e-07
1.862236626680921825e+00 3.009130057623931875e-06
1.875567820856598900e+00 2.244056277484106791e-06
1.888946794543396868e+00 1.620897458671472987e-07
1.902374061649005244e+00 2.080230491729368816e-06
1.915850141646975535e+00 2.296080198257223029e-08
1.929375559663716988e+00 1.977783188422982780e-06
1.942950846567024437e+00 6.577456288632076696e-07
1.956576539056166242e+00 2.918854033644723925e-06
1.970253179753570727e+00 3.991788956400900069e-07
1.983981317298132430e+00 7.384855188659938492e-06
1.997761506440205892e+00 7.230236891324321850e-07
2.011594308138276332e+00 8.842545273065903026e-07
2.025480289657382471e+00 5.809403871354861892e-06
2.039420024669305942e+00 2.354634353329517704e-06
2.053414093354583247e+00 3.050153496544787777e-07
2.067463082506361793e+00 2.136816108824426071e-06
2.081567585636154405e+00 8.653728657268745898e-07
2.095728203081529628e+00 1.453982675125378362e-06
2.109945542115771566e+00 2.002898418256541610e-06
2.124220217059573645e+00 1.422097055152464574e-06
2.138552849394784072e+00 4.985120057774273818e-07
2.152944067880272261e+00 2.779141817911190362e-07
2.167394508669943765e+00 1.974288463209017306e-06
2.181904815432972988e+00 1.078813163966742574e-06
2.196475639476278996e+00 9.385687444641950353e-07
2.211107639869315911e+00 2.059656924419431201e-07
2.225801483571211214e+00 1.498839201336062393e-06
2.240557845560325667e+00 5.851200621564396277e-06
2.255377408966268149e+00 1.193994546186424156e-06
2.270260865204440481e+00 2.621944702859454680e-07
2.285208914113143308e+00 9.857599302714394022e-07
2.300222264093344737e+00 2.038455899325977086e-06
2.315301632251118846e+00 1.687710119761992028e-06
2.330447744542859301e+00 5.151482783743353626e-07
2.345661335923311608e+00 1.019025985731045583e-06
2.360943150496495946e+00 5.235866245925903126e-08
2.376293941669568088e+00 9.818423456004055857e-08
2.391714472309731221e+00 2.626168329120147538e-06
2.407205514904206645e+00 6.531019647904331797e-06
2.422767851723407695e+00 1.807661825654720024e-06
2.438402274987316432e+00 3.407528588449972205e-06
2.454109587035200768e+00 1.600412352227506357e-06
2.469890600498723998e+00 1.470665913264664309e-07
2.485746138478509337e+00 2.928482759105147948e-06
2.501677034724291371e+00 4.025099053799898810e-07
2.517684133818678394e+00 3.231107627988636634e-07
2.533768291364664638e+00 1.185449689889703133e-06
2.549930374176959891e+00 7.019259490193966395e-07
2.566171260477213334e+00 1.809617183177448928e-06
2.582491840093254609e+00 1.624630162535118162e-06
2.598893014662444489e+00 6.475439188525126268e-07
2.615375697839199987e+00 6.991978601011953243e-07
2.631940815506855991e+00 1.895180124888809016e-07
2.648589305993903409e+00 1.710908553792495888e-06
2.665322120294779218e+00 6.718044719053997505e-07
2.682140222295247955e+00 2.779499504424842214e-06
2.699044589002565164e+00 6.576157213679885752e-06
2.716036210780464977e+00 3.528117104530756291e-06
2.733116091589157026e+00 1.122958790058188936e-06
2.750285249230413953e+00 3.423775489422461142e-06
2.767544715597911598e+00 8.281854854048221784e-07
2.784895536932901372e+00 9.539433605186318791e-06
2.802338774085429751e+00 1.854549680273210686e-06
2.819875502781155063e+00 1.743213048636116234e-06
2.837506813893987179e+00 3.539287158113473977e-06
2.855233813724622927e+00 1.550787017307216584e-06
2.873057624285204170e+00 1.121953035464070514e-07
2.890979383590180252e+00 7.510381731372429404e-06
2.909000245953595520e+00 7.572023921422159043e-07
2.927121382292947160e+00 7.183411308924520004e-07
2.945343980439754095e+00 5.657154295061792463e-06
2.963669245457068335e+00 3.826873485250000296e-07
2.982098399964077995e+00 1.547865296209616870e-06
3.000632684467967159e+00 5.154502628237165364e-07
3.019273357703287086e+00 1.242628504394752747e-06
3.038021696978962627e+00 1.409030950304746589e-06
3.056878998533198555e+00 1.475620937281305292e-06
3.075846577896470535e+00 1.187315740458431991e-06
3.094925770262794362e+00 1.058007666430242272e-06
3.114117930869559014e+00 1.404106627945140788e-06
3.133424435386071849e+00 1.299124308549782258e-06
3.152846680311138350e+00 2.612264637377738478e-07
3.172386083379844290e+00 2.525452470634320487e-06
3.192044083979846292e+00 7.472165623597464990e-07
3.211822143577407918e+00 1.775373837157310367e-06
3.231721746153457975e+00 1.056135271596958835e-06
3.251744398649921930e+00 1.166561302217523140e-06
3.271891631426665281e+00 1.900589793580622653e-06
3.292164998729279368e+00 3.109560304922305639e-07
3.312566079168071553e+00 2.214291777848570998e-06
3.333096476208521786e+00 7.916423396529248931e-08
3.353757818673582580e+00 2.476447969492827871e-07
3.374551761258096416e+00 2.650110902137756563e-06
3.395479985055740446e+00 2.218193068410974507e-06
3.416544198098793395e+00 1.876039117516239300e-06
3.437746135911136314e+00 1.537401653306915668e-06
3.459087562074850908e+00 1.383671751797934789e-06
3.480570268810810663e+00 2.689332942103147847e-07
3.502196077573649369e+00 2.634599589858574868e-06
3.523966839661581307e+00 1.344440930180724457e-06
3.545884436841424847e+00 2.625718259949910572e-06
3.567950781989368547e+00 5.353266340321027958e-07
3.590167819747851929e+00 2.186119840869364646e-06
3.612537527199123133e+00 1.254730547271657851e-06
3.635061914555887341e+00 7.904197775310416333e-07
3.657743025869628628e+00 5.195705378452047823e-06
3.680582939757102157e+00 1.754670809840254564e-07
3.703583770145510101e+00 6.392084245407676627e-07
3.726747667036997225e+00 9.794547091858600271e-07
3.750076817293014120e+00 9.265711971618647858e-07
3.773573445439117879e+00 8.576078452028800932e-07
3.797239814490932730e+00 6.097707126032806105e-07
3.821078226801799538e+00 1.010503524699768620e-06
3.845091024932894896e+00 4.136503302669448707e-06
3.869280592546462394e+00 4.515697840942275684e-07
3.893649355322847061e+00 1.041922505323090060e-07
3.918199781902168777e+00 5.782770522834343904e-06
3.942934384851307872e+00 3.974193117695268695e-06
3.967855721657088441e+00 1.230921508356629277e-06
3.992966395746416985e+00 2.927815081055395232e-06
4.018269057534300082e+00 1.108115009411648853e-06
4.043766405500584860e+00 4.108284481843179842e-07
4.069461187296391280e+00 3.917186296769375064e-06
4.095356200881122177e+00 5.336348736824561822e-07
4.121454295691163061e+00 7.672054224881806783e-08
4.147758373841154089e+00 1.235670178319060698e-07
4.174271391359062555e+00 2.705815692361177981e-07
4.200996359456013352e+00 2.107191591226074376e-06
4.227936345832168819e+00 9.793514942672921632e-07
4.255094476019727345e+00 5.411113722480880265e-06
4.282473934764413848e+00 2.037165779062518454e-06
4.310077967446587444e+00 1.653618693354214439e-06
4.337909881543510870e+00 4.422983979683695619e-07
4.365973048133954926e+00 3.180389155791242928e-06
4.394270903446770404e+00 1.493269407378356750e-06
4.422806950454781116e+00 4.859433212222298923e-07
4.451584760515686412e+00 5.165485601526459456e-06
4.480607975061463577e+00 8.133989944787697775e-07
4.509880307338105077e+00 4.908708342931349241e-08
4.539405544197283149e+00 4.635533378301130671e-07
4.569187547941903738e+00 3.645570540480058199e-06
4.599230258227382961e+00 2.126420155499274291e-06
4.629537694020593008e+00 7.310542909497609243e-06
4.660113955618596648e+00 1.143002142873922477e-06
4.690963226729293112e+00 1.443407398077833821e-06
4.722089776616123835e+00 4.108577648227724972e-07
4.753497962309302771e+00 1.028320167345969929e-06
4.785192230885826348e+00 1.489070506448069009e-06
4.817177121820895636e+00 5.859645808453073606e-07
4.849457269413340654e+00 1.300554146007426137e-06
4.882037405287709575e+00 3.078958502820539983e-06
4.914922360976011539e+00 8.577997515999323815e-07
4.948117070581908195e+00 2.625647466920175012e-07
4.981626573530626878e+00 1.216233460284862617e-06
5.015456017407652567e+00 2.669760190757115794e-06
5.049610660889745972e+00 2.122179456304323480e-06
5.084095876771596245e+00 2.880503932851640027e-06
5.118917155092026050e+00 1.747655290827915871e-06
5.154080106363324809e+00 2.227681082473255156e-06
5.189590464907923639e+00 2.595311307967408181e-06
5.225454092306433651e+00 1.680679629881822883e-06
5.261676980961550676e+00 2.105339157326678628e-07
5.298265257782244220e+00 2.906178500794463706e-07
5.335225187993163587e+00 7.593857952205664452e-07
5.372563179074077766e+00 6.278240608640987323e-07
5.410285784834729661e+00 3.116628062037063925e-06
5.448399709630405319e+00 4.448822623713142007e-07
5.486911812724086346e+00 5.712778677373018286e-06
5.525829112800970222e+00 2.963694569896344017e-06
5.565158792641854646e+00 1.302658241206886386e-06
5.604908203961667112e+00 3.778130992383362098e-06
5.645084872420248701e+00 4.134506129571148145e-07
5.685696502812371378e+00 2.712611986838184146e-06
5.726750984444712422e+00 3.255325066057654213e-06
5.768256396707492684e+00 1.182813971008037383e-06
5.810221014849253685e+00 6.139451905615555535e-06
5.852653315963272540e+00 1.531524870552098910e-06
5.895561985194872179e+00 1.623144454372913532e-06
5.938955922179146363e+00 2.504766847179541603e-06
5.982844247719065756e+00 8.332307870704157548e-07
6.027236310714632950e+00 1.326898648560223908e-06
6.072141695354100754e+00 2.323988125670758742e-06
6.117570228578833813e+00 2.939340053055688911e-07
6.163531987834188541e+00 4.761410148161898303e-07
6.210037309119105231e+00 7.540103607925242551e-07
6.257096795348075169e+00 7.378436460953450848e-08
6.304721325039668756e+00 2.213253970410341880e-06
6.352922061346506943e+00 4.595100858938923523e-07
6.401710461442654321e+00 3.948662541226098030e-06
6.451098286284771888e+00 3.008130468308486045e-06
6.501097610764786872e+00 3.059498797827317273e-06
6.551720834272277472e+00 7.453472685109610083e-06
6.602980691686179959e+00 6.586096693111325224e-07
6.654890264816202716e+00 2.719567155269363832e-06
6.707462994315653404e+00 4.257989058442392230e-06
6.760712692088343800e+00 4.512699104324917751e-06
6.814653554213885300e+00 3.337697765591220185e-06
6.869300174416541616e+00 3.546054860313484320e-07
6.924667558104775189e+00 6.231598651717564867e-08
6.980771137009639027e+00 4.866835155237665881e-07
7.037626784452278628e+00 6.950576837390149027e-07
7.095250831272059244e+00 1.339959658493548171e-06
7.153660082449184721e+00 1.177805623591692471e-06
7.212871834457117437e+00 1.073599310643475615e-05
7.272903893382699714e+00 1.294877920517759514e-06
7.333774593853726209e+00 3.466064831567294973e-06
7.395502818816384050e+00 4.401432872517806205e-06
7.458108020207268929e+00 1.325135737529920501e-06
7.521610240567749628e+00 3.883899731409584655e-06
7.586030135650939421e+00 1.674703761943577146e-06
7.651388998075133507e+00 8.822745887671916876e-06
7.717708782080382690e+00 4.755657231346007476e-06
7.785012129448951157e+00 1.202367164197162822e-06
7.853322396653874549e+00 5.350607538087340203e-06
7.922663683303971638e+00 2.095341381492843739e-06
7.993060861958362295e+00 3.846244923553243937e-06
8.064539609387720631e+00 3.629903325248518894e-06
8.137126439365120589e+00 3.014045832410012321e-06
8.210848737074378789e+00 5.166683162546933120e-06
8.285734795229668492e+00 1.105968979420681347e-06
8.361813852006719117e+00 3.674301506032667390e-06
8.439116130892415413e+00 1.586271050694885009e-05
8.517672882566811765e+00 1.015304797518847086e-05
8.597516428939853128e+00 7.934697647629321830e-06
8.678680209472870999e+00 3.375727677774349107e-06
8.761198829924738973e+00 1.486227896255103274e-06
8.845108113671690475e+00 1.012433343035735995e-05
8.930445155761116638e+00 6.999149349815155508e-06
9.017248379870389741e+00 2.483296578857513375e-06
9.105557598354891979e+00 3.026259175544996212e-06
9.195414075582201363e+00 1.136275991386546315e-06
9.286860594764410948e+00 5.142648027309952595e-06
9.379941528515811200e+00 1.466375038418532204e-05
9.474702913380864899e+00 4.666335045844616865e-06
9.571192528595130256e+00 9.958334401813941672e-06
9.669459979362780899e+00 1.410089341697374717e-05
9.769556784955327089e+00 9.045501560052099079e-06
9.871536471960840942e+00 7.378048286560936933e-06
9.975454673037942754e+00 3.438706651419472196e-06
1.008136923155793063e+01 9.829555731441118996e-07
1.018934031254830330e+01 1.468219718449687266e-05
1.029943052038522566e+01 1.170945658149169608e-06
1.041170502371859463e+01 1.832118482984529986e-05
1.052623168815380517e+01 1.348612285574532583e-06
1.064308121725768252e+01 1.336095141149971099e-05
1.076232730250476877e+01 1.227606326805954581e-05
1.088404678283179194e+01 6.432514201025878536e-06
1.100831981452695096e+01 1.716416292092092396e-06
1.113523005224294415e+01 3.745804084621476738e-06
1.126486484199331350e+01 2.487828183898945124e-05
1.139731542706779699e+01 1.006052148161782156e-05
1.153267716788676189e+01 8.558930905869177881e-06
1.167104977690866718e+01 5.630569393986142195e-06
1.181253756980620828e+01 1.189421589269002864e-05
1.195724973424156268e+01 8.357225117013080472e-06
1.210530061769597765e+01 6.743632398253727984e-06
1.225681003594877438e+01 2.425627539772843877e-05
1.241190360395464154e+01 9.112889804347848791e-08
1.257071309104042101e+01 2.340319361554156582e-06
1.273337680253192516e+01 1.466376058293528156e-05
1.290003999013476133e+01 1.125298492929182863e-05
1.307085529362815102e+01 1.370304411314639796e-05
1.324598321669588152e+01 3.724208616721911208e-05
1.342559264001181063e+01 1.422959327857107857e-05
1.360986137502873916e+01 2.247946229192302725e-06
1.379897676228727654e+01 5.008420345249351026e-05
1.399313631847826045e+01 2.699943932344124977e-05
1.419254843695589230e+01 3.122289054724246933e-05
1.439743314692606369e+01 1.937626580735168008e-05
1.460802293712368716e+01 2.175173702252561982e-06
1.482456365046278535e+01 1.797128046272041831e-05
1.504731545689699779e+01 5.459291543134357788e-05
1.527655391258613626e+01 7.940937342626214635e-05
1.551257111443440273e+01 3.055072863690592853e-05
1.575567696017295916e+01 3.706993359886876600e-05
1.600620052541652782e+01 2.619089703088598446e-05
1.626449157056262607e+01 4.621086976977683078e-05
1.653092219204418001e+01 1.912388167582199094e-04
1.680588863433074565e+01 1.889827853314176003e-04
1.708981328123576660e+01 1.415101553501750715e-04
1.738314684757837725e+01 4.219369621154053372e-04
1.768637079511793431e+01 1.712933101546346832e-04
1.800000000000201084e+01 1.139177859347413399e-05
