-1.800000000000201084e+01 1.044706774672918609e-05
-1.768637079511795918e+01 4.500733325609823318e-04
-1.738314684757837725e+01 4.144432674567397957e-06
-1.708981328123576660e+01 1.670157121966628496e-04
-1.680588863433072433e+01 2.549471460735506048e-04
-1.653092219204418001e+01 6.000239047305893535e-05
-1.626449157056260830e+01 3.052140426622269908e-05
-1.600620052541652782e+01 4.204307543462043416e-05
-1.575567696017295916e+01 1.037810798061467455e-04
-1.551257111443442049e+01 7.251531666990939013e-05
-1.527655391258613626e+01 3.661150209650852728e-05
-1.504731545689701200e+01 1.969460342421880386e-05
-1.482456365046278535e+01 2.125304909284234827e-05
-1.460802293712368716e+01 1.037470754762261614e-05
-1.439743314692604947e+01 3.993526093915888747e-05
-1.419254843695589230e+01 2.648133155673236221e-05
-1.399313631847824624e+01 1.749412815373062086e-05
-1.379897676228727654e+01 5.144519297001350988e-05
-1.360986137502872673e+01 1.670181188370049193e-05
-1.342559264001182306e+01 1.146625822600641257e-05
-1.324598321669588152e+01 1.503589392976387189e-05
-1.307085529362816168e+01 3.425998391414309064e-05
-1.290003999013476133e+01 1.095374814663493145e-05
-1.273337680253193582e+01 5.862350460130759284e-06
-1.257071309104041035e+01 5.580709748541160868e-06
-1.241190360395464154e+01 2.145242509435993096e-05
-1.225681003594876195e+01 2.584251997578438856e-05
-1.210530061769597765e+01 2.264250822861658857e-06
-1.195724973424155202e+01 4.397928827776777839e-06
-1.181253756980619762e+01 3.089109019009243410e-05
-1.167104977690866718e+01 6.577574478291687959e-06
-1.153267716788677255e+01 1.101339432635692977e-05
-1.139731542706779699e+01 2.106213811883537174e-05
-1.126486484199332239e+01 2.370032646762495053e-05
-1.113523005224293527e+01 1.380353248371664180e-05
-1.100831981452695096e+01 1.389520212545799786e-05
-1.088404678283180083e+01 7.945998699884595755e-06
-1.076232730250476877e+01 6.880603489454008053e-06
-1.064308121725769141e+01 1.236074977373863656e-05
-1.052623168815380517e+01 9.818591781019822310e-06
-1.041170502371859463e+01 2.367088883412202840e-06
-1.029943052038521678e+01 4.614109921883313374e-06
-1.018934031254830330e+01 1.304628254268520849e-08
-1.008136923155793951e+01 9.911464970181688226e-06
-9.975454673037956965e+00 4.768987448279812878e-06
-9.871536471960840942e+00 1.038674147257867734e-05
-9.769556784955334194e+00 5.022491066596008989e-06
-9.669459979362780899e+00 4.745741954701215886e-06
-9.571192528595137361e+00 4.521203295929649789e-06
-9.474702913380864899e+00 5.648206755184295336e-06
-9.379941528515811200e+00 5.172670666892656408e-06
-9.286860594764403842e+00 8.616821909507333757e-06
-9.195414075582201363e+00 2.447525263128278609e-06
-9.105557598354884874e+00 7.044655804913536737e-06
-9.017248379870389741e+00 2.768186517207037013e-06
-8.930445155761116638e+00 2.033125358992270660e-06
-8.845108113671695804e+00 1.237729621090628086e-05
-8.761198829924738973e+00 3.960721962425065574e-06
-8.678680209472876328e+00 1.715235970468186812e-06
-8.597516428939853128e+00 2.627116730865303586e-06
-8.517672882566811765e+00 8.421528515243830251e-06
-8.439116130892410084e+00 2.377138787258373699e-06
-8.361813852006719117e+00 1.679175814461134910e-05
-8.285734795229661387e+00 5.425142645558502561e-06
-8.210848737074378789e+00 5.109633855368665852e-06
-8.137126439365120589e+00 1.841517217159754813e-06
-8.064539609387715302e+00 9.093997409549072917e-07
-7.993060861958362295e+00 1.607984771946868511e-06
-7.922663683303976967e+00 1.429098597625508948e-06
-7.853322396653874549e+00 5.977651096778272520e-06
-7.785012129448951157e+00 1.942388844356409024e-07
-7.717708782080378249e+00 5.233643000842734555e-06
-7.651388998075133507e+00 1.439528653583193206e-06
-7.586030135650944750e+00 6.645629006607310691e-07
-7.521610240567749628e+00 7.689271430734031265e-06
-7.458108020207273370e+00 7.296944986941576958e-06
-7.395502818816379609e+00 4.426819642214615711e-06
-7.333774593853726209e+00 1.746796035641929916e-06
-7.272903893382695273e+00 1.184820922304175196e-06
-7.212871834457117437e+00 7.995830537942782274e-06
-7.153660082449187385e+00 2.853464864759353918e-06
-7.095250831272068126e+00 6.326284120477735784e-06
-7.037626784452278628e+00 3.803654675883676136e-06
-6.980771137009643468e+00 2.323175653754036494e-06
-6.924667558104775189e+00 2.970395866267629809e-07
-6.869300174416541616e+00 9.982021666495810656e-06
-6.814653554213885300e+00 1.359675300422472565e-07
-6.760712692088343800e+00 7.394117472288120931e-07
-6.707462994315648963e+00 9.405171783749651680e-07
-6.654890264816202716e+00 1.629540801103451852e-06
-6.602980691686176407e+00 2.869453817826981015e-06
-6.551720834272277472e+00 1.319340294878010492e-06
-6.501097610764786872e+00 2.968042173567256047e-07
-6.451098286284775440e+00 5.161662722956687866e-07
-6.401710461442654321e+00 5.678949600636615026e-06
-6.352922061346510496e+00 1.959763669220406961e-06
-6.304721325039668756e+00 3.908776574143105897e-06
-6.257096795348075169e+00 7.619299207712720021e-06
-6.210037309119101678e+00 3.411460095971758605e-06
-6.163531987834188541e+00 3.537199276348104823e-06
-6.117570228578837366e+00 8.628842583568575173e-07
-6.072141695354100754e+00 6.137205779341970259e-06
-6.027236310714632950e+00 6.066954242800301216e-07
-5.982844247719062203e+00 5.406701702241548254e-06
-5.938955922179146363e+00 1.076220239054411707e-06
-5.895561985194874843e+00 4.395254116786177946e-06
-5.852653315963272540e+00 4.332073839772106175e-08
-5.810221014849253685e+00 7.754097047780653508e-06
-5.768256396707496236e+00 2.631305645988046728e-06
-5.726750984444712422e+00 1.403965462986540009e-07
-5.685696502812374042e+00 9.848993496647573390e-07
-5.645084872420248701e+00 6.137642729610719860e-06
-5.604908203961667112e+00 1.642756617493361366e-07
-5.565158792641851981e+00 2.386085399249127623e-06
-5.525829112800970222e+00 3.758059174560831517e-06
-5.486911812724083681e+00 1.152040386120058353e-06
-5.448399709630409760e+00 8.370448363864588272e-06
-5.410285784834729661e+00 1.450845157224240915e-06
-5.372563179074079542e+00 6.367135074285624124e-07
-5.335225187993163587e+00 7.022235247026241859e-06
-5.298265257782246884e+00 2.318496235797783821e-06
-5.261676980961550676e+00 3.564128418826471075e-06
-5.225454092306433651e+00 1.392116468384416798e-06
-5.189590464907923639e+00 1.430132401234615955e-05
-5.154080106363324809e+00 3.256813544726860885e-06
-5.118917155092023386e+00 3.062303608603832269e-06
-5.084095876771596245e+00 3.000555459253706711e-06
-5.049610660889740643e+00 4.857712802512382035e-07
-5.015456017407655231e+00 9.498339845003345553e-07
-4.981626573530626878e+00 3.220957015074459049e-06
-4.948117070581910859e+00 2.462176377497231503e-07
-4.914922360976011539e+00 3.342294846149600738e-06
-4.882037405287712239e+00 4.165600796011972288e-06
-4.849457269413337102e+00 1.055803841855197261e-06
-4.817177121820895636e+00 1.760093058497166315e-07
-4.785192230885824571e+00 5.732181539311185074e-07
-4.753497962309302771e+00 1.883337926166430932e-07
-4.722089776616123835e+00 1.575512439552884567e-07
-4.690963226729293112e+00 3.225450642768099396e-06
-4.660113955618596648e+00 8.748766031923740156e-07
-4.629537694020590344e+00 4.690291712937403121e-06
-4.599230258227382961e+00 7.253547330360436707e-07
-4.569187547941903738e+00 2.228073603720922830e-06
-4.539405544197283149e+00 2.494158293880497515e-06
-4.509880307338105077e+00 4.904764912059577563e-06
-4.480607975061465353e+00 2.246614028038536054e-06
-4.451584760515686412e+00 1.647134439765637702e-06
-4.422806950454783781e+00 1.000571528508503623e-05
-4.394270903446768628e+00 5.773662382423987005e-07
-4.365973048133954926e+00 3.710484056203453991e-07
-4.337909881543509094e+00 1.998735595861485948e-07
-4.310077967446587444e+00 6.521012721896263980e-06
-4.282473934764412071e+00 3.680881801517258600e-06
-4.255094476019731786e+00 2.101886583224873989e-06
-4.227936345832168819e+00 1.575834879312708060e-07
-4.200996359456015128e+00 5.742547434346960349e-07
-4.174271391359062555e+00 5.020100629721116489e-08
-4.147758373841154089e+00 1.856803689829455205e-06
-4.121454295691163061e+00 1.084957398864443742e-06
-4.095356200881122177e+00 1.094698614918059337e-06
-4.069461187296388616e+00 2.651746686324308700e-06
-4.043766405500584860e+00 2.119615623140860760e-06
-4.018269057534298305e+00 1.436000218019273643e-06
-3.992966395746416985e+00 1.306967165712521094e-06
-3.967855721657088441e+00 2.949529734329947242e-06
-3.942934384851309204e+00 5.774768140792189056e-07
-3.918199781902168777e+00 5.275496981425142450e-07
-3.893649355322847061e+00 5.632164532145017684e-06
-3.869280592546462394e+00 4.199247446179405726e-07
-3.845091024932894896e+00 3.359859502690575861e-06
-3.821078226801797317e+00 1.131507459721028478e-06
-3.797239814490932730e+00 2.812644476290511392e-07
-3.773573445439120100e+00 2.693852540549765623e-07
-3.750076817293014120e+00 2.884383392060558376e-06
-3.726747667036997225e+00 4.567035950812909409e-07
-3.703583770145510101e+00 2.242723877805920128e-07
-3.680582939757102157e+00 4.973720404610928681e-07
-3.657743025869630404e+00 1.534823585055639275e-06
-3.635061914555887341e+00 7.039256560130426621e-07
-3.612537527199123133e+00 7.224801643762489722e-08
-3.590167819747855482e+00 9.380728716554325267e-07
-3.567950781989368547e+00 2.836263374692787583e-06
-3.545884436841426179e+00 7.205893818443267303e-07
-3.523966839661581307e+00 9.661849203150463807e-07
-3.502196077573649369e+00 1.675302880985550513e-06
-3.480570268810808887e+00 3.902849155439691246e-09
-3.459087562074850908e+00 1.010244568878584897e-06
-3.437746135911134981e+00 1.199055045075488811e-07
-3.416544198098792506e+00 1.264163226665982105e-06
-3.395479985055740890e+00 4.441214789146074330e-08
-3.374551761258098193e+00 8.701366105772853191e-07
-3.353757818673582580e+00 3.502406940243251660e-06
-3.333096476208523118e+00 1.057689766952942547e-06
-3.312566079168071553e+00 3.050168173265408554e-06
-3.292164998729279812e+00 1.912608095250056352e-06
-3.271891631426664837e+00 9.562058086121559498e-07
-3.251744398649922374e+00 5.801232661329040998e-07
-3.231721746153456643e+00 7.695980818852590508e-07
-3.211822143577407918e+00 2.239777526768133663e-06
-3.192044083979844071e+00 1.420910899410231888e-06
-3.172386083379843402e+00 1.396415340643317670e-05
-3.152846680311138350e+00 1.599566833688639661e-06
-3.133424435386072737e+00 2.039792572132978339e-06
-3.114117930869558570e+00 1.791852191464918651e-06
-3.094925770262795250e+00 1.906898408229424437e-06
-3.075846577896469647e+00 1.894610267582002808e-06
-3.056878998533198555e+00 1.926964987466468326e-06
-3.038021696978961295e+00 1.325233674530830045e-06
-3.019273357703287086e+00 1.024785366279370715e-06
-3.000632684467968048e+00 3.763631054231956635e-06
-2.982098399964077995e+00 5.894747436756796612e-08
-2.963669245457069223e+00 2.020407865371943822e-06
-2.945343980439752762e+00 1.214684063335895881e-06
-2.927121382292947160e+00 2.312867894057331975e-06
-2.909000245953597297e+00 4.980443725062599018e-07
-2.890979383590179363e+00 1.908876015414043655e-07
-2.873057624285205058e+00 1.996340638316988613e-06
-2.855233813724623815e+00 1.397016165273705366e-06
-2.837506813893987179e+00 4.774841975550960962e-07
-2.819875502781155951e+00 7.856590998306571761e-07
-2.802338774085429751e+00 8.993463618656476058e-07
-2.784895536932901372e+00 1.525398395336913749e-06
-2.767544715597910265e+00 2.222881482647411726e-06
-2.750285249230413953e+00 5.525804642354428442e-07
-2.733116091589155250e+00 1.304640342065604804e-06
-2.716036210780464089e+00 2.237074844288026092e-07
-2.699044589002566052e+00 4.352283834652249506e-06
-2.682140222295249732e+00 9.591530908570107256e-07
-2.665322120294779662e+00 4.564150709351123732e-07
-2.648589305993904297e+00 5.485959340550514207e-07
-2.631940815506855547e+00 8.348664132908934236e-07
-2.615375697839200431e+00 1.146286518630426239e-06
-2.598893014662444045e+00 1.219484338831383244e-06
-2.582491840093254609e+00 5.919365821122321748e-06
-2.566171260477212002e+00 6.659914174103839812e-06
-2.549930374176959447e+00 1.462676689045621220e-06
-2.533768291364664638e+00 4.252241836095186447e-06
-2.517684133818677505e+00 9.008427486659451128e-07
-2.501677034724291371e+00 1.434028910543750472e-07
-2.485746138478510670e+00 1.669710102465065226e-06
-2.469890600498723998e+00 7.633296636962042141e-07
-2.454109587035200768e+00 2.285644901110456817e-06
-2.438402274987315543e+00 1.327379886167196550e-06
-2.422767851723407695e+00 3.517677701576772801e-06
-2.407205514904207533e+00 5.046260445598604805e-06
-2.391714472309731221e+00 2.216947138889712823e-06
-2.376293941669569421e+00 7.345499774544524916e-07
-2.360943150496495058e+00 6.515023201125691722e-07
-2.345661335923311608e+00 1.936619991188585540e-06
-2.330447744542858413e+00 1.350345081727519525e-07
-2.315301632251118846e+00 4.532647277861764433e-06
-2.300222264093345625e+00 8.287490181633589240e-07
-2.285208914113144640e+00 2.932766431813091907e-06
-2.270260865204440481e+00 4.282106386653511886e-07
-2.255377408966269037e+00 5.449244708032588145e-06
-2.240557845560325223e+00 4.361782450116019875e-07
-2.225801483571210770e+00 3.300381628646242986e-06
-2.211107639869315467e+00 3.178378745772569656e-06
-2.196475639476279440e+00 9.829367062641704135e-07
-2.181904815432973432e+00 3.610561356828953242e-06
-2.167394508669943320e+00 4.303269499580281045e-07
-2.152944067880271817e+00 1.937621280824859312e-06
-2.138552849394784516e+00 2.163803737267899835e-06
-2.124220217059574090e+00 1.759455364971908604e-06
-2.109945542115772454e+00 4.765453305109339954e-07
-2.095728203081529628e+00 1.669430768129962456e-06
-2.081567585636154849e+00 6.393535065307051879e-07
-2.067463082506362237e+00 1.038820992801329623e-06
-2.053414093354584136e+00 1.181848770668557543e-06
-2.039420024669305942e+00 2.413052697206620202e-06
-2.025480289657382471e+00 8.970409781248025144e-08
-2.011594308138276332e+00 6.150173458543739318e-07
-1.997761506440205226e+00 2.369665235882334888e-07
-1.983981317298131319e+00 9.929622794344242735e-07
-1.970253179753569617e+00 1.026975242954631596e-06
-1.956576539056167352e+00 1.932868170478321307e-06
-1.942950846567025547e+00 2.361043041665699807e-08
-1.929375559663717654e+00 3.928270317830938416e-06
-1.915850141646975535e+00 6.278004678434869994e-07
-1.902374061649005244e+00 6.093765257143841089e-07
-1.888946794543396868e+00 6.271750570097897399e-07
-1.875567820856598900e+00 4.734686494794932892e-06
-1.862236626680921825e+00 3.279585636193223779e-06
-1.848952703589041180e+00 5.950738652853423461e-06
-1.835715548549967879e+00 1.454948214114006209e-06
-1.822524663846452730e+00 2.050553115672166567e-06
-1.809379556993800708e+00 3.731305087668713127e-06
-1.796279740660062796e+00 1.151469866450014275e-06
-1.783224732587581407e+00 1.563833199140443150e-07
-1.770214055515849871e+00 2.553255203194671038e-07
-1.757247237105675541e+00 6.927861460360210231e-07
-1.744323809864610553e+00 2.056205971229968661e-07
-1.731443311073621372e+00 1.643573645469507643e-07
-1.718605282714980698e+00 2.619649747684581363e-07
-1.705809271401351745e+00 2.279109611862866689e-06
-1.693054828306041149e+00 9.127254692418216821e-07
-1.680341509094399610e+00 1.506434385864937737e-07
-1.667668873856344547e+00 6.099590157695031813e-06
-1.655036487039980519e+00 4.664883629046667090e-06
-1.642443917386301022e+00 1.678888612435457430e-06
-1.629890737864948980e+00 1.014529281321770881e-07
-1.617376525611005755e+00 6.038949961551845537e-06
-1.604900861862805783e+00 3.623704232428939419e-06
-1.592463331900736856e+00 7.635034590824784850e-07
-1.580063524987020074e+00 9.910452728025150383e-07
-1.567701034306447028e+00 5.413767357199888141e-07
-1.555375456908052678e+00 4.412911857377595271e-06
-1.543086393647707277e+00 9.932702079266160431e-07
-1.530833449131608237e+00 1.205604397062091655e-06
-1.518616231660659732e+00 1.096949470067100807e-06
-1.506434353175712282e+00 2.362468437790258446e-06
-1.494287429203655870e+00 5.911805309920935274e-07
-1.482175078804342627e+00 1.274595207388047097e-06
-1.470096924518329295e+00 3.366789827215769092e-06
-1.458052592315416618e+00 3.785969966293464248e-06
-1.446041711543979202e+00 6.780016072951534106e-08
-1.434063914881057000e+00 2.304463370856144083e-06
-1.422118838283209508e+00 2.440211622252227743e-06
-1.410206120938107599e+00 5.224634307605250316e-07
-1.398325405216850115e+00 1.482226045429895378e-06
-1.386476336626996986e+00 8.439224499386594580e-07
-1.374658563766294916e+00 1.568750830140272529e-06
-1.362871738277095179e+00 1.492045614690759122e-06
-1.351115514801437101e+00 1.232619870685337892e-06
-1.339389550936797013e+00 2.314198641923785412e-06
-1.327693507192477362e+00 1.826964337861860000e-06
-1.316027046946637080e+00 1.648614565338506321e-06
-1.304389836403941239e+00 5.883503223338234676e-07
-1.292781544553817996e+00 4.098438906756979269e-07
-1.281201843129320173e+00 5.113907960016300662e-06
-1.269650406566570577e+00 2.108710056717847590e-06
-1.258126911964788874e+00 2.542134740482300562e-06
-1.246631039046874889e+00 8.879221914469978478e-07
-1.235162470120555911e+00 1.334213184944858308e-06
-1.223720890040073339e+00 3.652349305039933770e-07
-1.212305986168408234e+00 3.575182086410552329e-07
-1.200917448340022453e+00 2.097994353059421290e-06
-1.189554968824123149e+00 9.714730010446673661e-07
-1.178218242288426865e+00 5.882889244828409640e-07
-1.166906965763418569e+00 1.788207684419062787e-06
-1.155620838607101852e+00 4.312332079926220992e-07
-1.144359562470215863e+00 8.914737719093814501e-07
-1.133122841261928526e+00 1.268490966256328960e-06
-1.121910381115985400e+00 1.824907836773605500e-06
-1.110721890357309283e+00 2.648308388335724954e-06
-1.099557079469039467e+00 3.950957997520001093e-06
-1.088415661060010642e+00 4.378258694767383427e-06
-1.077297349832647466e+00 7.349328126278508507e-08
-1.066201862551285018e+00 9.948005078251985822e-07
-1.055128918010896033e+00 1.910447302292321888e-06
-1.044078237006218046e+00 2.476447995746038089e-08
-1.033049542301277102e+00 1.286057876940920555e-06
-1.022042558599299822e+00 1.505875150226439347e-06
-1.011057012512998066e+00 2.672035008931494772e-06
-1.000092632535235726e+00 3.143923495227773807e-06
-9.891491490100537964e-01 2.999573077656059314e-06
-9.782262941040561488e-01 1.300425515146765599e-06
-9.673238017781481402e-01 1.817371342860217199e-06
-9.564414077596213870e-01 4.761172720623564034e-08
-9.455788495145712735e-01 5.752239801837600835e-06
-9.347358662206534108e-01 5.920167729572199363e-07
-9.239121987401626157e-01 5.273197033645038784e-06
-9.131075895934324116e-01 8.626733684396907496e-07
-9.023217829325496098e-01 1.598148147930546004e-07
-8.915545245153719822e-01 3.577343492848593438e-06
-8.808055616798529108e-01 3.270836935812035588e-07
-8.700746433186589135e-01 2.074058960632718753e-06
-8.593615198540814903e-01 8.988759484537119061e-07
-8.486659432132259706e-01 6.377939746331148728e-06
-8.379876668034880183e-01 3.098256866817166213e-06
-8.273264454882990337e-01 1.481863785432100492e-06
-8.166820355631438932e-01 1.545904295314551517e-06
-8.060541947318363709e-01 4.163909489357367509e-06
-7.954426820830584610e-01 2.883548818011224732e-07
-7.848472580671504994e-01 1.666529392645323432e-06
-7.742676844731486430e-01 1.139360197097276631e-06
-7.637037244060699281e-01 2.058274574344820061e-06
-7.531551422644284788e-01 1.210929432957909304e-06
-7.426217037179922986e-01 2.930513235674845532e-06
-7.321031756857663275e-01 2.455731120204041628e-06
-7.215993263142009839e-01 3.250392915825248177e-06
-7.111099249556180890e-01 1.444685906035715382e-06
-7.006347421468592795e-01 6.828008806331921365e-06
-6.901735495881351490e-01 9.685052776440527050e-06
-6.797261201220911042e-01 1.188405334559569871e-08
-6.692922277130706199e-01 2.219629360757170043e-06
-6.588716474265783329e-01 8.641445031632712806e-06
-6.484641554089376481e-01 2.390383350938333752e-06
-6.380695288671385246e-01 7.222388967637277077e-06
-6.276875460488731129e-01 1.002330055962933303e-05
-6.173179862227488046e-01 3.753434745820426869e-07
-6.069606296586862459e-01 4.394824444527518556e-07
-5.966152576084875481e-01 6.421017616623121874e-06
-5.862816522865772484e-01 7.426810544195248622e-06
-5.759595968509094721e-01 3.569302681532517494e-06
-5.656488753840412942e-01 7.567611432841474868e-06
-5.553492728743597562e-01 5.625705744176899298e-06
-5.450605751974718638e-01 4.797752561246112421e-06
-5.347825690977430213e-01 1.874775899463056818e-05
-5.245150421699888987e-01 1.312611631940548399e-05
-5.142577828413065211e-01 6.397764757778452846e-07
-5.040105803530536832e-01 7.002937146637181563e-06
-4.937732247429644228e-01 1.756197362166013140e-06
-4.835455068274036594e-01 8.728023072675321540e-06
-4.733272181837471781e-01 1.671338101744234263e-05
-4.631181511328986700e-01 1.012419173940252973e-05
-4.529180987219272314e-01 3.457844210097087152e-06
-4.427268547068332061e-01 1.573882498057227363e-06
-4.325442135354257145e-01 8.476531237948530141e-06
-4.223699703303245845e-01 4.234600595757704656e-06
-4.122039208720716941e-01 6.336683705662325033e-06
-4.020458615823537807e-01 1.921138764050965003e-05
-3.918955895073323314e-01 2.218830138550310207e-06
-3.817529023010813316e-01 9.339312022332303815e-07
-3.716175982091194929e-01 8.267845854641619368e-06
-3.614894760520483419e-01 1.768420114521256233e-06
-3.513683352092828449e-01 5.353386860495997553e-06
-3.412539756028758475e-01 7.348557321395012031e-06
-3.311461976814312758e-01 1.540782608502107054e-05
-3.210448024041094306e-01 1.241291118914365088e-05
-3.109495912247085547e-01 4.753541595333749301e-07
-3.008603660758366605e-01 4.633383272687252911e-05
-2.907769293531580201e-01 3.591761456774944863e-05
-2.806990838997174276e-01 4.268090700059620182e-05
-2.706266329903371237e-01 1.338146265419700966e-05
-2.605593803160889399e-01 8.310483472702765093e-06
-2.504971299688272257e-01 1.417537475948387463e-05
-2.404396864257955790e-01 8.970963531600747564e-05
-2.303868545342923901e-01 5.304010161078716751e-05
-2.203384394963986970e-01 7.730599988485712770e-05
-2.102942468537628840e-01 9.978568524704403838e-05
-2.002540824724450275e-01 2.250980184767026359e-04
-1.902177525278067050e-01 7.628135837298524215e-05
-1.801850634894590075e-01 1.455408554364407414e-01
-1.701558221062540455e-01 1.022183168760810827e-02
-1.601298353913264694e-01 4.958603212618354489e-02
-1.501069106071708514e-01 5.510282946891460476e-01
-1.400868552507662790e-01 3.109796285424731854e-01
-1.300694770387391397e-01 6.098043561119675937e-01
-1.200545838925550501e-01 1.052490480672789719e+00
-1.100419839237516545e-01 8.574006411145347339e-01
-1.000314854191983877e-01 9.324981208625012785e-01
-9.002289682638489610e-02 1.831338355845295141e+00
-8.001602673873924043e-02 1.533616331832909241e+00
-7.001068388096250150e-02 1.954328685936330467e+00
-6.000667709439190534e-02 2.393005836480562643e+00
-5.000381532237931775e-02 3.129314109626049500e+00
-4.000190759568706539e-02 3.791403805947249683e+00
-3.000076301789707939e-02 3.133812672203546867e+00
-2.000019075083557876e-02 4.859536858725523878e+00
-9.999999999999974187e-03 5.319482271579435206e+00
0.000000000000000000e+00 5.854654150940985957e+00
9.999999999999974187e-03 7.323056181631935502e+00
2.000019075083557876e-02 6.314161203165714831e+00
3.000076301789707939e-02 4.712552857323275113e+00
4.000190759568635068e-02 3.678089389182083835e+00
5.000381532237860305e-02 2.596771861366277356e+00
6.000667709439118369e-02 2.330099243515149965e+00
7.001068388096322315e-02 2.141490995227521399e+00
8.001602673873996208e-02 1.133518335762415452e+00
9.002289682638561774e-02 1.254045525670397287e+00
1.000314854191983877e-01 1.129428017044491028e+00
1.100419839237516545e-01 9.825077264804547017e-01
1.200545838925550501e-01 6.145134487035298632e-01
1.300694770387391397e-01 6.156995747349905956e-01
1.400868552507662790e-01 4.669972031957633773e-01
1.501069106071708514e-01 9.974191312803125375e-02
1.601298353913264694e-01 1.479188646641447502e-01
1.701558221062540455e-01 6.656131667271287730e-03
1.801850634894582859e-01 2.196054809514879681e-04
1.902177525278067050e-01 9.610413342931001354e-05
2.002540824724450275e-01 1.593322843500264200e-04
2.102942468537628840e-01 6.428395305319122412e-05
2.203384394963986970e-01 2.252878012967484767e-04
2.303868545342923901e-01 1.807842663470927058e-04
2.404396864257955790e-01 5.883061398890955751e-05
2.504971299688272257e-01 4.566060038228801350e-05
2.605593803160889399e-01 5.059922517635898848e-06
2.706266329903371237e-01 1.645149441221258199e-05
2.806990838997167059e-01 3.712681162913150754e-07
2.907769293531572985e-01 3.678586758910875785e-06
3.008603660758359388e-01 6.322555045451865518e-06
3.109495912247092764e-01 1.769581966718775367e-05
3.210448024041101522e-01 2.142722473530947033e-05
3.311461976814320529e-01 1.265564960986777961e-05
3.412539756028758475e-01 3.703385075889327578e-06
3.513683352092828449e-01 2.027390029652662685e-05
3.614894760520483419e-01 5.879027928951520010e-06
3.716175982091194929e-01 7.883116781002071584e-06
3.817529023010813316e-01 1.469073449075583564e-05
3.918955895073323314e-01 2.354516707092211192e-06
4.020458615823530590e-01 5.698854783226932580e-06
4.122039208720709169e-01 3.664133632287766633e-05
4.223699703303238628e-01 4.837824756802940745e-08
4.325442135354264361e-01 1.049172949266662478e-05
4.427268547068339277e-01 1.304203816496436456e-05
4.529180987219279531e-01 6.242789981941823289e-06
4.631181511328986700e-01 1.567206584891583663e-06
4.733272181837471781e-01 8.509959729910990473e-06
4.835455068274036594e-01 1.961413166179922168e-06
4.937732247429644228e-01 2.059934408521792465e-06
5.040105803530536832e-01 2.901550502420025539e-06
5.142577828413065211e-01 1.867505816310221623e-06
5.245150421699888987e-01 3.806530683618042165e-07
5.347825690977430213e-01 4.670676366835763225e-06
5.450605751974710866e-01 1.615642194451576132e-06
5.553492728743597562e-01 5.496001277133452430e-06
5.656488753840412942e-01 4.431192802590118500e-06
5.759595968509094721e-01 6.832899173017608661e-06
5.862816522865772484e-01 1.004940854139564003e-07
5.966152576084875481e-01 2.015432976352633099e-05
6.069606296586862459e-01 1.691466141569125377e-07
6.173179862227488046e-01 3.092029374131708369e-06
6.276875460488731129e-01 8.356062870304700320e-07
6.380695288671385246e-01 3.435644884298258466e-06
6.484641554089369819e-01 4.378487294755390287e-07
6.588716474265774448e-01 4.164285306879022782e-06
6.692922277130698427e-01 3.295506925140906964e-06
6.797261201220904381e-01 3.685389810808129141e-06
6.901735495881360372e-01 5.656605555723115530e-06
7.006347421468600567e-01 3.100518148088128251e-07
7.111099249556188662e-01 1.071980731393172947e-06
7.215993263142009839e-01 2.697013820973946774e-06
7.321031756857663275e-01 6.441263873979500624e-06
7.426217037179922986e-01 3.694999431331606557e-06
7.531551422644284788e-01 1.243624810627339116e-06
7.637037244060699281e-01 8.978408162147045816e-07
7.742676844731486430e-01 2.375233384572142501e-06
7.848472580671498333e-01 3.915297974688250774e-06
7.954426820830577949e-01 9.682899004022435637e-07
8.060541947318363709e-01 1.417776917180138941e-06
8.166820355631446704e-01 9.784004410324388583e-07
8.273264454882999219e-01 5.175670976450375057e-06
8.379876668034880183e-01 4.365470207047923103e-07
8.486659432132259706e-01 6.968839805022964293e-07
8.593615198540814903e-01 3.067311240443207826e-06
8.700746433186589135e-01 8.207019150696154098e-07
8.808055616798529108e-01 1.190029400251522162e-06
8.915545245153719822e-01 2.774475987837383655e-06
9.023217829325496098e-01 1.728021034984486360e-06
9.131075895934324116e-01 2.563227412662111460e-06
9.239121987401619496e-01 5.398206631829865559e-06
9.347358662206525226e-01 3.753626678088271364e-07
9.455788495145712735e-01 3.558616289801057921e-06
9.564414077596213870e-01 3.566840918396327858e-06
9.673238017781488063e-01 3.629742971209075975e-06
9.782262941040561488e-01 2.119673311347044295e-06
9.891491490100537964e-01 1.316997954228805877e-06
1.000092632535235726e+00 5.312382069193809842e-07
1.011057012512998066e+00 1.015325931387357044e-07
1.022042558599299822e+00 2.769116040680915008e-06
1.033049542301277102e+00 2.118945262229058273e-06
1.044078237006217380e+00 6.475990540018936595e-07
1.055128918010895367e+00 1.054814347853902278e-06
1.066201862551284352e+00 7.504147111209788225e-06
1.077297349832648132e+00 3.474293962005925673e-06
1.088415661060011308e+00 2.712387284657409903e-07
1.099557079469040355e+00 5.128238512565142318e-06
1.110721890357309283e+00 4.144354500690374404e-06
1.121910381115985400e+00 2.566404192827765560e-06
1.133122841261928526e+00 5.580501200113647563e-07
1.144359562470215863e+00 1.808019422435479365e-06
1.155620838607101852e+00 4.222798411308710363e-07
1.166906965763418569e+00 1.454176793667195335e-06
1.178218242288425976e+00 2.666116205022307458e-07
1.189554968824123149e+00 1.402398369956643905e-06
1.200917448340022453e+00 9.508165990338125341e-07
1.212305986168408900e+00 2.854217363895537562e-07
1.223720890040074227e+00 1.333885097893652467e-07
1.235162470120555911e+00 2.607563946178536445e-06
1.246631039046874889e+00 8.909827650407856471e-06
1.258126911964788874e+00 1.491282643643141373e-06
1.269650406566570577e+00 5.350610758091414677e-07
1.281201843129320173e+00 3.732128559344844651e-06
1.292781544553817996e+00 8.049483276818417075e-07
1.304389836403941239e+00 6.911500749117706120e-08
1.316027046946637080e+00 2.128262540674737634e-06
1.327693507192476696e+00 1.169596031202276861e-06
1.339389550936796125e+00 1.981104988917718125e-06
1.351115514801436435e+00 1.787363970445332641e-06
1.362871738277095179e+00 5.620061358069418158e-07
1.374658563766295805e+00 1.945626222512829844e-06
1.386476336626997652e+00 2.014927887130892440e-06
1.398325405216850559e+00 1.855479248483493567e-06
1.410206120938107599e+00 1.648310812505162616e-06
1.422118838283209508e+00 1.279720280523048440e-06
1.434063914881057000e+00 3.293122002480794377e-06
1.446041711543979202e+00 3.471914766203307967e-06
1.458052592315416618e+00 2.620421203155537568e-07
1.470096924518328407e+00 2.959045839962595251e-06
1.482175078804341739e+00 2.962911466089451256e-06
1.494287429203654982e+00 1.032295614747473354e-06
1.506434353175713392e+00 2.340531225178772185e-07
1.518616231660660620e+00 4.637432185107576599e-06
1.530833449131608681e+00 1.299368198193060668e-06
1.543086393647707277e+00 4.123223782160989888e-07
1.555375456908052678e+00 4.527942425414396616e-07
1.567701034306447028e+00 1.513800316420050942e-06
1.580063524987019630e+00 7.036352904977578861e-07
1.592463331900736190e+00 8.926886387193440185e-07
1.604900861862805117e+00 5.801048011520158499e-07
1.617376525611005755e+00 6.241085794269986014e-07
1.629890737864948091e+00 1.337210967459135858e-07
1.642443917386300800e+00 6.332460883109194849e-06
1.655036487039980742e+00 3.693186847837107305e-06
1.667668873856345213e+00 1.699335131589185148e-06
1.680341509094400276e+00 2.687473507721066263e-06
1.693054828306040926e+00 1.286657142214930445e-06
1.705809271401351079e+00 6.356297239062818786e-07
1.718605282714980920e+00 4.859000537002444242e-07
1.731443311073621594e+00 1.387589071264426022e-06
1.744323809864610997e+00 5.692482384935701807e-07
1.757247237105675541e+00 5.180359666863367554e-06
1.770214055515848983e+00 5.635096738881357767e-07
1.783224732587580741e+00 4.541209309616724291e-07
1.796279740660062352e+00 2.256739378423830978e-06
1.809379556993800708e+00 3.297410276728351753e-07
1.822524663846453397e+00 2.005437404064345331e-06
1.835715548549968767e+00 1.619934652122925089e-06
1.848952703589041624e+00 2.979542370558918269e-06
1.862236626680921825e+00 1.334263515094046680e-06
1.875567820856598900e+00 8.191555634040690036e-07
1.888946794543396868e+00 1.340875642300378947e-06
1.902374061649005244e+00 3.978046595973564006e-06
1.915850141646975535e+00 2.806928526917088186e-06
1.929375559663716988e+00 2.003615351808620070e-06
1.942950846567024437e+00 1.313334237471256295e-06
1.956576539056166242e+00 2.255283771767131830e-06
1.970253179753570727e+00 3.649052759807868451e-06
1.983981317298132430e+00 3.529972099793498017e-07
1.997761506440205892e+00 1.452360451498106259e-06
2.011594308138276332e+00 2.556514475399646338e-06
2.025480289657382471e+00 2.150397715545313097e-07
2.039420024669305942e+00 1.194007982146600513e-06
2.053414093354583247e+00 6.064144892948171111e-06
2.067463082506361793e+00 1.072310777959897028e-06
2.081567585636154405e+00 2.328696159224540365e-06
2.095728203081529628e+00 6.207279093288727829e-07
2.109945542115771566e+00 2.465865685386718300e-06
2.124220217059573645e+00 6.828881159159871867e-07
2.138552849394784072e+00 2.610827621065115008e-07
2.152944067880272261e+00 4.880305061418243833e-06
2.167394508669943765e+00 8.821649597767951177e-07
2.181904815432972988e+00 1.081412426123279193e-07
2.196475639476278996e+00 5.247656822052291612e-07
2.211107639869315911e+00 4.525056818641178894e-08
2.225801483571211214e+00 6.909117557194642774e-07
2.240557845560325667e+00 4.708749592309883427e-07
2.255377408966268149e+00 1.384189896266635386e-07
2.270260865204440481e+00 1.238633788609939582e-06
2.285208914113143308e+00 1.217035820409363905e-06
2.300222264093344737e+00 1.464927229572159463e-06
2.315301632251118846e+00 1.204416262385337497e-07
2.330447744542859301e+00 1.325524926967327139e-07
2.345661335923311608e+00 2.637704292056028761e-06
2.360943150496495946e+00 1.724295093524531759e-06
2.376293941669568088e+00 1.239810725682601636e-07
2.391714472309731221e+00 1.172329277138405171e-06
2.407205514904206645e+00 6.572115284028960165e-07
2.422767851723407695e+00 1.588892694755799360e-06
2.438402274987316432e+00 7.537098451872782542e-07
2.454109587035200768e+00 2.987676928467903915e-07
2.469890600498723998e+00 2.066985153228882492e-07
2.485746138478509337e+00 2.838658822198928279e-07
2.501677034724291371e+00 4.056611724177485603e-08
2.517684133818678394e+00 1.030119400867008270e-07
2.533768291364664638e+00 2.019838341130170095e-07
2.549930374176959891e+00 1.134519545446669869e-06
2.566171260477213334e+00 2.984061461469847277e-06
2.582491840093254609e+00 1.562490615447877795e-06
2.598893014662444489e+00 5.831172401428913249e-07
2.615375697839199987e+00 1.661940141200080987e-06
2.631940815506855991e+00 3.020413143049799447e-06
2.648589305993903409e+00 1.587315669093690752e-06
2.665322120294779218e+00 5.500461421412157578e-07
2.682140222295247955e+00 1.120461678847752305e-06
2.699044589002565164e+00 3.993780646442452828e-06
2.716036210780464977e+00 5.424255524320691031e-07
2.733116091589157026e+00 2.123132964145447189e-06
2.750285249230413953e+00 1.149105339555611610e-06
2.767544715597911598e+00 3.479219431075708172e-07
2.784895536932901372e+00 1.962647852195134374e-08
2.802338774085429751e+00 2.112503681320821996e-06
2.819875502781155063e+00 7.563635856594452315e-07
2.837506813893987179e+00 9.823074952703230262e-07
2.855233813724622927e+00 7.370555194725891236e-08
2.873057624285204170e+00 7.314664389543928057e-08
2.890979383590180252e+00 6.663943122823023154e-07
2.909000245953595520e+00 2.503592128621315902e-06
2.927121382292947160e+00 2.490775675236582127e-06
2.945343980439754095e+00 6.581779705135790175e-06
2.963669245457068335e+00 2.966138166643351197e-07
2.982098399964077995e+00 7.894756892398247048e-08
3.000632684467967159e+00 4.104801797965787096e-07
3.019273357703287086e+00 1.275850908703974315e-06
3.038021696978962627e+00 4.659443716481254466e-08
3.056878998533198555e+00 1.592959079121302463e-06
3.075846577896470535e+00 6.050102592240261085e-07
3.094925770262794362e+00 1.748943775446729807e-06
3.114117930869559014e+00 9.273865354646695415e-07
3.133424435386071849e+00 2.073821690298171757e-06
3.152846680311138350e+00 3.333941956713763016e-06
3.172386083379844290e+00 2.181658505676562847e-06
3.192044083979846292e+00 1.877735764917138441e-07
3.211822143577407918e+00 1.985350590726536366e-06
3.231721746153457975e+00 2.953059179332358352e-07
3.251744398649921930e+00 1.136662573946620442e-07
3.271891631426665281e+00 3.090384933643475224e-07
3.292164998729279368e+00 2.629790820858781243e-07
3.312566079168071553e+00 1.586949057566963594e-08
3.333096476208521786e+00 1.469024558150190984e-06
3.353757818673582580e+00 1.064686578793214976e-06
3.374551761258096416e+00 1.470031176696468519e-06
3.395479985055740446e+00 9.918097191912320592e-07
3.416544198098793395e+00 1.206588882998211945e-07
3.437746135911136314e+00 1.541403362126783777e-06
3.459087562074850908e+00 3.471674515630842853e-07
3.480570268810810663e+00 2.397978704929623947e-07
3.502196077573649369e+00 2.851830342477104553e-06
3.523966839661581307e+00 1.086797755584083348e-06
3.545884436841424847e+00 5.004392519843039365e-07
3.567950781989368547e+00 1.211993236581478617e-06
3.590167819747851929e+00 4.381187718298320980e-06
3.612537527199123133e+00 2.810400063353442003e-06
3.635061914555887341e+00 1.178933715466380006e-06
3.657743025869628628e+00 3.022913686696809310e-06
3.680582939757102157e+00 1.363148067820752588e-07
3.703583770145510101e+00 8.642308936460608946e-07
3.726747667036997225e+00 2.109434870843482338e-06
3.750076817293014120e+00 1.080333925264626417e-06
3.773573445439117879e+00 1.214557595270081751e-06
3.797239814490932730e+00 2.081640638448176497e-06
3.821078226801799538e+00 2.978758527569245293e-07
3.845091024932894896e+00 9.760387903604686631e-08
3.869280592546462394e+00 1.227507866317680183e-06
3.893649355322847061e+00 1.888831345873726888e-06
3.918199781902168777e+00 1.692991612240893833e-07
3.942934384851307872e+00 5.034344324854494966e-07
3.967855721657088441e+00 6.844741620133835943e-08
3.992966395746416985e+00 5.973445278769192718e-07
4.018269057534300082e+00 1.684882028539289977e-07
4.043766405500584860e+00 5.528392484337135238e-08
4.069461187296391280e+00 1.770981862338747876e-06
4.095356200881122177e+00 1.090988010985990117e-06
4.121454295691163061e+00 8.961750218537489784e-07
4.147758373841154089e+00 3.548403734001205728e-07
4.174271391359062555e+00 2.093439825487145679e-06
4.200996359456013352e+00 2.265269027879822994e-06
4.227936345832168819e+00 1.647458780100938459e-06
4.255094476019727345e+00 1.854455172795736850e-06
4.282473934764413848e+00 2.326600906981126726e-07
4.310077967446587444e+00 2.231337156758051952e-06
4.337909881543510870e+00 2.072969636459682944e-07
4.365973048133954926e+00 1.351965967969359576e-06
4.394270903446770404e+00 1.070155011878557293e-06
4.422806950454781116e+00 7.216376478427653666e-07
4.451584760515686412e+00 3.803227853870846846e-07
4.480607975061463577e+00 1.469325561677098584e-06
4.509880307338105077e+00 3.224278927803206711e-07
4.539405544197283149e+00 2.750192969737641350e-06
4.569187547941903738e+00 2.234169995243543819e-06
4.599230258227382961e+00 1.163814902767023735e-06
4.629537694020593008e+00 7.386488502759362001e-07
4.660113955618596648e+00 5.161326311859571867e-06
4.690963226729293112e+00 1.091901381676327549e-06
4.722089776616123835e+00 1.333867242819102267e-07
4.753497962309302771e+00 5.326592553735513804e-07
4.785192230885826348e+00 1.791466397335618058e-06
4.817177121820895636e+00 3.492254216985729875e-06
4.849457269413340654e+00 8.199874777886100994e-08
4.882037405287709575e+00 1.712208490580038401e-10
4.914922360976011539e+00 2.215074773527624073e-06
4.948117070581908195e+00 3.672852663492424233e-06
4.981626573530626878e+00 7.661571136123854805e-08
5.015456017407652567e+00 2.623753738528221478e-07
5.049610660889745972e+00 2.004644830738892708e-07
5.084095876771596245e+00 1.844845809040984268e-06
5.118917155092026050e+00 3.029893191158359125e-06
5.154080106363324809e+00 4.814542350292748052e-07
5.189590464907923639e+00 3.972907372247295253e-06
5.225454092306433651e+00 5.549762473593268153e-06
5.261676980961550676e+00 1.267692387041944193e-06
5.298265257782244220e+00 1.782434699524611397e-06
5.335225187993163587e+00 3.843948329355021187e-07
5.372563179074077766e+00 1.264776029550766361e-06
5.410285784834729661e+00 2.722890113807206978e-06
5.448399709630405319e+00 2.732982067281297298e-06
5.486911812724086346e+00 4.418531712938955474e-06
5.525829112800970222e+00 7.874970955348159953e-07
5.565158792641854646e+00 2.197905274107861150e-07
5.604908203961667112e+00 5.057521978733953376e-06
5.645084872420248701e+00 2.205374219779388750e-07
5.685696502812371378e+00 9.377729014616820848e-07
5.726750984444712422e+00 3.688838919819702144e-06
5.768256396707492684e+00 7.153902166742230240e-07
5.810221014849253685e+00 1.675686398500746293e-06
5.852653315963272540e+00 1.737778957391881820e-06
5.895561985194872179e+00 1.210493850343101096e-07
5.938955922179146363e+00 3.197872051477800972e-06
5.982844247719065756e+00 4.062697598185738283e-06
6.027236310714632950e+00 3.403189258279462087e-06
6.072141695354100754e+00 7.637328825667502174e-07
6.117570228578833813e+00 1.634301269695598717e-08
6.163531987834188541e+00 5.632544836800043242e-07
6.210037309119105231e+00 4.402798905967651454e-07
6.257096795348075169e+00 2.238587272986246240e-06
6.304721325039668756e+00 1.104326934806185033e-07
6.352922061346506943e+00 2.648392879875537434e-07
6.401710461442654321e+00 1.094142498490423008e-07
6.451098286284771888e+00 1.721591184609767960e-06
6.501097610764786872e+00 1.171313804901961558e-06
6.551720834272277472e+00 8.261612669382974010e-06
6.602980691686179959e+00 2.446167852361554144e-06
6.654890264816202716e+00 3.380609821523009626e-06
6.707462994315653404e+00 8.011015126295371465e-07
6.760712692088343800e+00 8.300826379723956814e-06
6.814653554213885300e+00 8.790718667146280280e-07
6.869300174416541616e+00 2.124582529598551596e-06
6.924667558104775189e+00 3.977400598576382282e-06
6.980771137009639027e+00 7.691114868549767664e-08
7.037626784452278628e+00 2.250860197506133791e-06
7.095250831272059244e+00 1.783102056921988341e-06
7.153660082449184721e+00 1.816426624032975948e-06
7.212871834457117437e+00 7.410684444470053255e-06
7.272903893382699714e+00 3.168519891710792437e-06
7.333774593853726209e+00 2.223844078848255861e-06
7.395502818816384050e+00 2.338541527487768272e-06
7.458108020207268929e+00 5.033809854522172461e-06
7.521610240567749628e+00 6.325181380935118260e-07
7.586030135650939421e+00 5.357149861945217039e-06
7.651388998075133507e+00 1.003470048833461773e-06
7.717708782080382690e+00 8.192305678199199233e-06
7.785012129448951157e+00 6.487449174424507504e-07
7.853322396653874549e+00 1.506112295939272392e-06
7.922663683303971638e+00 2.449774379962590001e-06
7.993060861958362295e+00 5.172116394889350253e-07
8.064539609387720631e+00 4.760882369548852273e-06
8.137126439365120589e+00 7.648082569302303802e-07
8.210848737074378789e+00 8.663168021458368761e-07
8.285734795229668492e+00 4.417898786773299706e-07
8.361813852006719117e+00 2.292617347374215142e-06
8.439116130892415413e+00 4.806690508581866689e-06
8.517672882566811765e+00 7.175950738023853522e-06
8.597516428939853128e+00 1.302673848651100502e-06
8.678680209472870999e+00 6.065413967687741558e-06
8.761198829924738973e+00 6.120800047821768259e-06
8.845108113671690475e+00 1.051372354570304327e-05
8.930445155761116638e+00 1.209260267357485576e-05
9.017248379870389741e+00 1.006838067413126471e-05
9.105557598354891979e+00 1.603395684778602962e-05
9.195414075582201363e+00 3.324062816861863514e-06
9.286860594764410948e+00 7.056375487660312602e-06
9.379941528515811200e+00 7.097269846885969247e-07
9.474702913380864899e+00 5.344610350085372555e-06
9.571192528595130256e+00 3.900097850708004956e-06
9.669459979362780899e+00 1.161278433384627722e-05
9.769556784955327089e+00 1.192336667972223619e-05
9.871536471960840942e+00 1.030242881456684710e-06
9.975454673037942754e+00 2.851855971115274637e-06
1.008136923155793063e+01 1.456708621772379656e-05
1.018934031254830330e+01 1.097375532096640826e-05
1.029943052038522566e+01 5.799408424401464787e-06
1.041170502371859463e+01 6.137387528163903801e-06
1.052623168815380517e+01 5.206906064507954693e-06
1.064308121725768252e+01 6.540647598589886214e-06
1.076232730250476877e+01 2.846048997406016891e-06
1.088404678283179194e+01 1.022402278334433586e-05
1.100831981452695096e+01 2.008656568880935029e-05
1.113523005224294415e+01 3.091426136487157131e-06
1.126486484199331350e+01 1.103954841024336357e-05
1.139731542706779699e+01 4.889826320639818133e-06
1.153267716788676189e+01 4.733506471931959802e-06
1.167104977690866718e+01 3.602907392569018499e-08
1.181253756980620828e+01 7.444644323393423725e-06
1.195724973424156268e+01 5.277973086172627965e-06
1.210530061769597765e+01 2.153344485312099984e-05
1.225681003594877438e+01 2.341783884688372573e-05
1.241190360395464154e+01 6.637546801259377818e-06
1.257071309104042101e+01 1.687091798135654117e-05
1.273337680253192516e+01 1.260785917905619499e-05
1.290003999013476133e+01 1.122753897240268284e-05
1.307085529362815102e+01 1.477031781693330759e-06
1.324598321669588152e+01 4.915566110878543513e-06
1.342559264001181063e+01 2.837676957684185049e-06
1.360986137502873916e+01 1.343868160511727494e-05
1.379897676228727654e+01 3.610359585667703387e-06
1.399313631847826045e+01 1.397185579303429642e-05
1.419254843695589230e+01 2.709661473498116673e-05
1.439743314692606369e+01 2.807357243171813875e-06
1.460802293712368716e+01 6.586586274552309253e-06
1.482456365046278535e+01 1.236875188917112387e-06
1.504731545689699779e+01 4.934904611000794035e-05
1.527655391258613626e+01 2.651123259740941585e-05
1.551257111443440273e+01 1.065695676738064561e-04
1.575567696017295916e+01 1.344639881869790461e-05
1.600620052541652782e+01 4.952905574652615572e-05
1.626449157056262607e+01 5.369896222359924723e-05
1.653092219204418001e+01 6.590248520474430963e-05
1.680588863433074565e+01 2.002293717411259835e-04
1.708981328123576660e+01 2.819127022806794045e-04
1.738314684757837725e+01 1.057915291967033081e-04
1.768637079511793431e+01 6.355821538924221218e-05
1.800000000000201084e+01 4.745811557497516495e-06
