0.000000000000000000e+00 -5.001807662898499762e-01
1.249999999999917566e-01 -4.967807551946646916e-01
2.499999999999835132e-01 -4.934955118142592689e-01
3.749999999999752420e-01 -4.903025853201579132e-01
4.999999999999670264e-01 -4.871912132938152618e-01
6.249999999999588107e-01 -4.841550751713178391e-01
7.499999999999504841e-01 -4.811897745948176541e-01
8.749999999999422684e-01 -4.782918664165600742e-01
9.999999999999340528e-01 -4.754584409741763884e-01
1.124999999999925837e+00 -4.726869286221960786e-01
1.249999999999917621e+00 -4.699749989516651683e-01
1.374999999999909406e+00 -4.673205040198693538e-01
1.499999999999900968e+00 -4.647214435860567705e-01
1.624999999999892752e+00 -4.621759421350135622e-01
1.749999999999884537e+00 -4.596822326391154512e-01
1.874999999999876321e+00 -4.572386444151413931e-01
1.999999999999868106e+00 -4.548435936148299552e-01
2.124999999999859668e+00 -4.524955754998532531e-01
2.249999999999851674e+00 -4.501931579835344310e-01
2.374999999999843237e+00 -4.479349761095253735e-01
2.499999999999835243e+00 -4.457197272485531325e-01
2.624999999999826805e+00 -4.435461668623800202e-01
2.749999999999818812e+00 -4.414131047273578412e-01
2.874999999999810374e+00 -4.393194015383763418e-01
2.999999999999801936e+00 -4.372639658333057344e-01
3.124999999999793943e+00 -4.352457511914623600e-01
3.249999999999785505e+00 -4.332637536692793834e-01
3.374999999999777511e+00 -4.313170094434532476e-01
3.499999999999769074e+00 -4.294045926371448108e-01
3.624999999999761080e+00 -4.275256133088952692e-01
3.749999999999752642e+00 -4.256792155870997574e-01
3.874999999999744649e+00 -4.238645759354002784e-01
3.999999999999736211e+00 -4.220809015364060945e-01
4.124999999999728217e+00 -4.203274287827923339e-01
4.249999999999719336e+00 -4.186034218662147977e-01
4.374999999999711342e+00 -4.169081714556150953e-01
4.499999999999703348e+00 -4.152409934574595729e-01
4.624999999999695355e+00 -4.136012278512759544e-01
4.749999999999686473e+00 -4.119882375945532749e-01
4.874999999999678479e+00 -4.104014075916827542e-01
4.999999999999670486e+00 -4.088401437221427237e-01
5.124999999999661604e+00 -4.073038719235833049e-01
5.249999999999653610e+00 -4.057920373258907532e-01
5.374999999999645617e+00 -4.043041034326446126e-01
5.499999999999637623e+00 -4.028395513467145639e-01
5.624999999999628741e+00 -4.013978790370169580e-01
5.749999999999620748e+00 -3.999786006437037189e-01
5.874999999999612754e+00 -3.985812458192811158e-01
5.999999999999603872e+00 -3.972053591033555264e-01
6.124999999999595879e+00 -3.958504993288906593e-01
6.249999999999587885e+00 -3.945162390580176925e-01
6.374999999999579892e+00 -3.932021640455947153e-01
6.499999999999571010e+00 -3.919078727288424213e-01
6.624999999999563016e+00 -3.906329757415054615e-01
6.749999999999555023e+00 -3.893770954511104332e-01
6.874999999999547029e+00 -3.881398655179730817e-01
6.999999999999538147e+00 -3.869209304747249778e-01
7.124999999999530154e+00 -3.857199453251946020e-01
7.249999999999522160e+00 -3.845365751615724692e-01
7.374999999999513278e+00 -3.833704947988478828e-01
7.499999999999505285e+00 -3.822213884255850624e-01
7.624999999999497291e+00 -3.810889492701515224e-01
7.749999999999489297e+00 -3.799728792815881828e-01
7.874999999999480416e+00 -3.788728888243416693e-01
7.999999999999472422e+00 -3.777886963861445402e-01
8.124999999999463540e+00 -3.767200282983593218e-01
8.249999999999456435e+00 -3.756666184681602405e-01
8.374999999999447553e+00 -3.746282081219491356e-01
8.499999999999438671e+00 -3.736045455594440012e-01
8.624999999999431566e+00 -3.725953859179169658e-01
8.749999999999422684e+00 -3.716004909460811634e-01
8.874999999999415579e+00 -3.706196287871568185e-01
8.999999999999406697e+00 -3.696525737706782833e-01
9.124999999999397815e+00 -3.686991062126246943e-01
9.249999999999390710e+00 -3.677590122234778436e-01
9.374999999999381828e+00 -3.668320835238400024e-01
9.499999999999372946e+00 -3.659181172672585358e-01
9.624999999999365841e+00 -3.650169158699266836e-01
9.749999999999356959e+00 -3.641282868469456480e-01
9.874999999999348077e+00 -3.632520426548498382e-01
9.999999999999340972e+00 -3.623880005401176052e-01
1.012499999999933209e+01 -3.615359823933986250e-01
1.024999999999932321e+01 -3.606958146092023587e-01
1.037499999999931610e+01 -3.598673279508145528e-01
1.049999999999930722e+01 -3.590503574202089654e-01
1.062499999999930012e+01 -3.582447421327411008e-01
1.074999999999929123e+01 -3.574503251964171180e-01
1.087499999999928235e+01 -3.566669535955466208e-01
1.099999999999927525e+01 -3.558944780785902040e-01
1.112499999999926636e+01 -3.551327530500293372e-01
1.124999999999925748e+01 -3.543816364660888341e-01
1.137499999999925038e+01 -3.536409897341539765e-01
1.149999999999924150e+01 -3.529106776157295844e-01
1.162499999999923261e+01 -3.521905681327995863e-01
1.174999999999922551e+01 -3.514805324774444295e-01
1.187499999999921663e+01 -3.507804449245925937e-01
1.199999999999920774e+01 -3.500901827477717054e-01
1.212499999999920064e+01 -3.494096261377507839e-01
1.224999999999919176e+01 -3.487386581239511618e-01
1.237499999999918465e+01 -3.480771644985232172e-01
1.249999999999917577e+01 -3.474250337429832802e-01
1.262499999999916689e+01 -3.467821569573112384e-01
1.274999999999915978e+01 -3.461484277914154695e-01
1.287499999999915090e+01 -3.455237423788765083e-01
1.299999999999914202e+01 -3.449079992728784072e-01
1.312499999999913491e+01 -3.443010993842522405e-01
1.324999999999912603e+01 -3.437029459215464322e-01
1.337499999999911715e+01 -3.431134443330522976e-01
1.349999999999911005e+01 -3.425325022507124118e-01
1.362499999999910116e+01 -3.419600294358409176e-01
1.374999999999909406e+01 -3.413959377265926021e-01
1.387499999999908518e+01 -3.408401409871135712e-01
1.399999999999907629e+01 -3.402925550583184577e-01
1.412499999999906919e+01 -3.397530977102299343e-01
1.424999999999906031e+01 -3.392216885958284633e-01
1.437499999999905143e+01 -3.386982492063600469e-01
1.449999999999904432e+01 -3.381827028280476322e-01
1.462499999999903544e+01 -3.376749745001584868e-01
1.474999999999902656e+01 -3.371749909743831930e-01
1.487499999999901945e+01 -3.366826806754756873e-01
1.499999999999901057e+01 -3.361979736631158788e-01
1.512499999999900169e+01 -3.357208015949518232e-01
1.524999999999899458e+01 -3.352510976907805418e-01
1.537499999999898570e+01 -3.347887966978313479e-01
1.549999999999897859e+01 -3.343338348571113783e-01
1.562499999999896971e+01 -3.338861498707838549e-01
1.574999999999896083e+01 -3.334456808705367203e-01
1.587499999999895373e+01 -3.330123683869199436e-01
1.599999999999894484e+01 -3.325861543196099168e-01
1.612499999999893774e+01 -3.321669819085751318e-01
1.624999999999892708e+01 -3.317547957061183772e-01
1.637499999999891998e+01 -3.313495415497579311e-01
1.649999999999891287e+01 -3.309511665359328170e-01
1.662499999999890221e+01 -3.305596189944929320e-01
1.674999999999889511e+01 -3.301748484639644987e-01
1.687499999999888800e+01 -3.297968056675525395e-01
1.699999999999887734e+01 -3.294254424898680478e-01
1.712499999999887024e+01 -3.290607119543531578e-01
1.724999999999886313e+01 -3.287025682013821060e-01
1.737499999999885247e+01 -3.283509664670216655e-01
1.749999999999884537e+01 -3.280058630624286820e-01
1.762499999999883826e+01 -3.276672153538635612e-01
1.774999999999883116e+01 -3.273349817433083286e-01
1.787499999999882050e+01 -3.270091216496660569e-01
1.799999999999881339e+01 -3.266895954905233435e-01
1.812499999999880629e+01 -3.263763646644673444e-01
1.824999999999879563e+01 -3.260693915339352156e-01
1.837499999999878852e+01 -3.257686394085811399e-01
1.849999999999878142e+01 -3.254740725291497272e-01
1.862499999999877076e+01 -3.251856560518400774e-01
1.874999999999876366e+01 -3.249033560331469062e-01
1.887499999999875655e+01 -3.246271394151651890e-01
1.899999999999874589e+01 -3.243569740113484423e-01
1.912499999999873879e+01 -3.240928284927051539e-01
1.924999999999873168e+01 -3.238346723744234823e-01
1.937499999999872102e+01 -3.235824760029162306e-01
1.949999999999871392e+01 -3.233362105432672773e-01
1.962499999999870681e+01 -3.230958479670795747e-01
1.974999999999869615e+01 -3.228613610407045087e-01
1.987499999999868905e+01 -3.226327233138513995e-01
1.999999999999868194e+01 -3.224099091085632640e-01
2.012499999999867129e+01 -3.221928935085509593e-01
2.024999999999866418e+01 -3.219816523488792104e-01
2.037499999999865707e+01 -3.217761622059907012e-01
2.049999999999864642e+01 -3.215764003880700050e-01
2.062499999999863931e+01 -3.213823449257293130e-01
2.074999999999863221e+01 -3.211939745630150167e-01
2.087499999999862510e+01 -3.210112687487279848e-01
2.099999999999861444e+01 -3.208342076280475408e-01
2.112499999999860734e+01 -3.206627720344554788e-01
2.124999999999860023e+01 -3.204969434819537333e-01
2.137499999999858957e+01 -3.203367041575669871e-01
2.149999999999858247e+01 -3.201820369141306077e-01
2.162499999999857536e+01 -3.200329252633506427e-01
2.174999999999856470e+01 -3.198893533691365421e-01
2.187499999999855760e+01 -3.197513060412003894e-01
2.199999999999855049e+01 -3.196187687289153700e-01
2.212499999999853983e+01 -3.194917275154325886e-01
2.224999999999853273e+01 -3.193701691120498509e-01
2.237499999999852562e+01 -3.192540808528273044e-01
2.249999999999851497e+01 -3.191434506894491041e-01
2.262499999999850786e+01 -3.190382671863236652e-01
2.274999999999850075e+01 -3.189385195159240016e-01
2.287499999999849010e+01 -3.188441974543582691e-01
2.299999999999848299e+01 -3.187552913771727336e-01
2.312499999999847589e+01 -3.186717922553816695e-01
2.324999999999846523e+01 -3.185936916517230211e-01
2.337499999999845812e+01 -3.185209817171344993e-01
2.349999999999845102e+01 -3.184536551874503907e-01
2.362499999999844036e+01 -3.183917053803165809e-01
2.374999999999843325e+01 -3.183351261923176301e-01
2.387499999999842615e+01 -3.182839120963221191e-01
2.399999999999841549e+01 -3.182380581390341079e-01
2.412499999999840838e+01 -3.181975599387585341e-01
2.424999999999840128e+01 -3.181624136833733907e-01
2.437499999999839417e+01 -3.181326161285082943e-01
2.449999999999838352e+01 -3.181081645959304982e-01
2.462499999999837641e+01 -3.180890569721346317e-01
2.474999999999836930e+01 -3.180752917071369423e-01
2.487499999999835865e+01 -3.180668678134724869e-01
2.499999999999835154e+01 -3.180637848653954380e-01
2.512499999999834444e+01 -3.180660429982820059e-01
2.524999999999833378e+01 -3.180736429082335892e-01
2.537499999999832667e+01 -3.180865858518850953e-01
2.549999999999831957e+01 -3.181048736464122118e-01
2.562499999999830891e+01 -3.181285086697423492e-01
2.574999999999830180e+01 -3.181574938609687542e-01
2.587499999999829470e+01 -3.181918327209654063e-01
2.599999999999828404e+01 -3.182315293132080836e-01
2.612499999999827693e+01 -3.182765882647988209e-01
2.624999999999826983e+01 -3.183270147676952599e-01
2.637499999999825917e+01 -3.183828145801475551e-01
2.649999999999825206e+01 -3.184439940283428916e-01
2.662499999999824496e+01 -3.185105600082585031e-01
2.674999999999823430e+01 -3.185825199877274638e-01
2.687499999999822720e+01 -3.186598820087136463e-01
2.699999999999822009e+01 -3.187426546898055602e-01
2.712499999999820943e+01 -3.188308472289235751e-01
2.724999999999820233e+01 -3.189244694062466356e-01
2.737499999999819522e+01 -3.190235315873619637e-01
2.749999999999818812e+01 -3.191280447266359177e-01
2.762499999999817746e+01 -3.192380203708147235e-01
2.774999999999817035e+01 -3.193534706628518016e-01
2.787499999999816325e+01 -3.194744083459706285e-01
2.799999999999815259e+01 -3.196008467679616327e-01
2.812499999999814548e+01 -3.197327998857207865e-01
2.824999999999813838e+01 -3.198702822700293935e-01
2.837499999999812772e+01 -3.200133091105842875e-01
2.849999999999812061e+01 -3.201618962212765540e-01
2.862499999999811351e+01 -3.203160600457291007e-01
2.874999999999810285e+01 -3.204758176630922439e-01
2.887499999999809575e+01 -3.206411867941073579e-01
2.899999999999808864e+01 -3.208121858074384769e-01
2.912499999999807798e+01 -3.209888337262811753e-01
2.924999999999807088e+01 -3.211711502352539438e-01
2.937499999999806377e+01 -3.213591556875725619e-01
2.949999999999805311e+01 -3.215528711125240080e-01
2.962499999999804601e+01 -3.217523182232335799e-01
2.974999999999803890e+01 -3.219575194247428218e-01
2.987499999999802824e+01 -3.221684978223974816e-01
2.999999999999802114e+01 -3.223852772305593195e-01
3.012499999999801403e+01 -3.226078821816412145e-01
3.024999999999800337e+01 -3.228363379354819984e-01
3.037499999999799627e+01 -3.230706704890626835e-01
3.049999999999798916e+01 -3.233109065865762966e-01
3.062499999999798206e+01 -3.235570737298572030e-01
3.074999999999797140e+01 -3.238092001891832439e-01
3.087499999999796430e+01 -3.240673150144557368e-01
3.099999999999795719e+01 -3.243314480467700545e-01
3.112499999999794653e+01 -3.246016299303868813e-01
3.124999999999793943e+01 -3.248778921251134211e-01
3.137499999999793232e+01 -3.251602669191088202e-01
3.149999999999792166e+01 -3.254487874421214122e-01
3.162499999999791456e+01 -3.257434876791727163e-01
3.174999999999790745e+01 -3.260444024847015676e-01
3.187499999999789679e+01 -3.263515675971779828e-01
3.199999999999788969e+01 -3.266650196542035811e-01
3.212499999999788258e+01 -3.269847962081108284e-01
3.224999999999787548e+01 -3.273109357420785903e-01
3.237499999999786837e+01 -3.276434776867745979e-01
3.249999999999785416e+01 -3.279824624375456410e-01
3.262499999999784706e+01 -3.283279313721686465e-01
3.274999999999783995e+01 -3.286799268691821818e-01
3.287499999999783284e+01 -3.290384923268144801e-01
3.299999999999782574e+01 -3.294036721825266412e-01
3.312499999999781863e+01 -3.297755119331929885e-01
3.324999999999780442e+01 -3.301540581559350152e-01
3.337499999999779732e+01 -3.305393585296317882e-01
3.349999999999779021e+01 -3.309314618571286282e-01
3.362499999999778311e+01 -3.313304180881667116e-01
3.374999999999777600e+01 -3.317362783430549134e-01
3.387499999999776890e+01 -3.321490949371126433e-01
3.399999999999775468e+01 -3.325689214059038834e-01
3.412499999999774758e+01 -3.329958125312938444e-01
3.424999999999774047e+01 -3.334298243683516683e-01
3.437499999999773337e+01 -3.338710142731314834e-01
3.449999999999772626e+01 -3.343194409313573479e-01
3.462499999999771916e+01 -3.347751643880472194e-01
3.474999999999770495e+01 -3.352382460781054285e-01
3.487499999999769784e+01 -3.357087488579195700e-01
3.499999999999769074e+01 -3.361867370379936215e-01
3.512499999999768363e+01 -3.366722764166564241e-01
3.524999999999767653e+01 -3.371654343148834387e-01
3.537499999999766942e+01 -3.376662796122672505e-01
3.549999999999766231e+01 -3.381748827841851712e-01
3.562499999999764810e+01 -3.386913159401996332e-01
3.574999999999764100e+01 -3.392156528637393365e-01
3.587499999999763389e+01 -3.397479690531083896e-01
3.599999999999762679e+01 -3.402883417638703500e-01
3.612499999999761968e+01 -3.408368500526575140e-01
3.624999999999761258e+01 -3.413935748224588562e-01
3.637499999999759837e+01 -3.419585988694437417e-01
3.649999999999759126e+01 -3.425320069313729787e-01
3.662499999999758415e+01 -3.431138857376619944e-01
3.674999999999757705e+01 -3.437043240611586947e-01
3.687499999999756994e+01 -3.443034127716961823e-01
3.699999999999756284e+01 -3.449112448914937734e-01
3.712499999999754863e+01 -3.455279156524734829e-01
3.724999999999754152e+01 -3.461535225555688600e-01
3.737499999999753442e+01 -3.467881654320998930e-01
3.749999999999752731e+01 -3.474319465072990276e-01
3.762499999999752021e+01 -3.480849704660690103e-01
3.774999999999751310e+01 -3.487473445210623191e-01
3.787499999999749889e+01 -3.494191784831756076e-01
3.799999999999749178e+01 -3.501005848345518645e-01
3.812499999999748468e+01 -3.507916788041951506e-01
3.824999999999747757e+01 -3.514925784463008296e-01
3.837499999999747047e+01 -3.522034047214110952e-01
3.849999999999746336e+01 -3.529242815805142541e-01
3.862499999999745626e+01 -3.536553360522032285e-01
3.874999999999744205e+01 -3.543966983330268383e-01
3.887499999999743494e+01 -3.551485018811582073e-01
3.899999999999742784e+01 -3.559108835135247895e-01
3.912499999999742073e+01 -3.566839835065436226e-01
3.924999999999741362e+01 -3.574679457006132433e-01
3.937499999999740652e+01 -3.582629176085210809e-01
3.949999999999739231e+01 -3.590690505279373612e-01
3.962499999999738520e+01 -3.598864996581662701e-01
3.974999999999737810e+01 -3.607154242213409523e-01
3.987499999999737099e+01 -3.615559875882563001e-01
3.999999999999736389e+01 -3.624083574090409821e-01
4.012499999999735678e+01 -3.632727057488801536e-01
4.024999999999734257e+01 -3.641492092290181115e-01
4.037499999999733546e+01 -3.650380491732678201e-01
4.049999999999732836e+01 -3.659394117602824403e-01
4.062499999999732125e+01 -3.668534881818430460e-01
4.074999999999731415e+01 -3.677804748074379182e-01
4.087499999999730704e+01 -3.687205733554224096e-01
4.099999999999729283e+01 -3.696739910710574173e-01
4.112499999999728573e+01 -3.706409409117511489e-01
4.124999999999727862e+01 -3.716216417398338079e-01
4.137499999999727152e+01 -3.726163185232245767e-01
4.149999999999726441e+01 -3.736252025443591585e-01
4.162499999999725731e+01 -3.746485316177726732e-01
4.174999999999725020e+01 -3.756865503167543530e-01
4.187499999999723599e+01 -3.767395102095094095e-01
4.199999999999722888e+01 -3.778076701052922592e-01
4.212499999999722178e+01 -3.788912963109982712e-01
4.224999999999721467e+01 -3.799906628987316237e-01
4.237499999999720757e+01 -3.811060519848947781e-01
4.249999999999720046e+01 -3.822377540213766078e-01
4.262499999999718625e+01 -3.833860680994518599e-01
4.274999999999717915e+01 -3.845513022670402625e-01
4.287499999999717204e+01 -3.857337738600085109e-01
4.299999999999716493e+01 -3.869338098482482668e-01
4.312499999999715783e+01 -3.881517471972977251e-01
4.324999999999715072e+01 -3.893879332463299203e-01
4.337499999999713651e+01 -3.906427261033788012e-01
4.349999999999712941e+01 -3.919164950587280538e-01
4.362499999999712230e+01 -3.932096210174497175e-01
4.374999999999711520e+01 -3.945224969521432534e-01
4.387499999999710809e+01 -3.958555283769917832e-01
4.399999999999710099e+01 -3.972091338443291542e-01
4.412499999999708677e+01 -3.985837454649930889e-01
4.424999999999707967e+01 -3.999798094538249971e-01
4.437499999999707256e+01 -4.013977867017720635e-01
4.449999999999706546e+01 -4.028381533761516975e-01
4.462499999999705835e+01 -4.043014015507508940e-01
4.474999999999705125e+01 -4.057880398675558498e-01
4.487499999999704414e+01 -4.072985942320390129e-01
4.499999999999702993e+01 -4.088336085440847922e-01
4.512499999999702283e+01 -4.103936454667907463e-01
4.524999999999701572e+01 -4.119792872355656499e-01
4.537499999999700862e+01 -4.135911365101430093e-01
4.549999999999700151e+01 -4.152298172723487557e-01
4.562499999999699440e+01 -4.168959757727122017e-01
4.574999999999698019e+01 -4.185902815292829593e-01
4.587499999999697309e+01 -4.203134283823320438e-01
4.599999999999696598e+01 -4.220661356089702165e-01
4.612499999999695888e+01 -4.238491491021207924e-01
4.624999999999695177e+01 -4.256632426187528795e-01
4.637499999999694467e+01 -4.275092191028203592e-01
4.649999999999693046e+01 -4.293879120889895762e-01
4.662499999999692335e+01 -4.313001871939903253e-01
4.674999999999691624e+01 -4.332469437033176773e-01
4.687499999999690914e+01 -4.352291162621230169e-01
4.699999999999690203e+01 -4.372476766804599402e-01
4.712499999999689493e+01 -4.393036358647613437e-01
4.724999999999688072e+01 -4.413980458895671588e-01
4.737499999999687361e+01 -4.435320022263425921e-01
4.749999999999686651e+01 -4.457066461499624710e-01
4.762499999999685940e+01 -4.479231673485457588e-01
4.774999999999685230e+01 -4.501828067694459978e-01
4.787499999999684519e+01 -4.524868597444530183e-01
4.799999999999683098e+01 -4.548366794523860390e-01
4.812499999999682387e+01 -4.572336808003026887e-01
4.824999999999681677e+01 -4.596793448407495708e-01
4.837499999999680966e+01 -4.621752239013028341e-01
4.849999999999680256e+01 -4.647229477015952237e-01
4.862499999999679545e+01 -4.673242309057664690e-01
4.874999999999678835e+01 -4.699808828718892162e-01
4.887499999999677414e+01 -4.726948209536239176e-01
4.899999999999676703e+01 -4.754680898849230619e-01
4.912499999999675993e+01 -4.783028922217726908e-01
4.924999999999675282e+01 -4.812016401666511789e-01
4.937499999999674571e+01 -4.841670515158007504e-01
4.949999999999673861e+01 -4.872023431362876300e-01
4.962499999999672440e+01 -4.903116565678627414e-01
4.974999999999671729e+01 -4.935010823850888850e-01
4.987499999999671019e+01 -4.967813718013036617e-01
4.999999999999670308e+01 -5.001758900412438535e-01
