-1.800000000000201084e+01 1.097017127088433594e-07
-1.768637079511795918e+01 1.568938922664499438e-07
-1.738314684757837725e+01 1.836678728518577920e-07
-1.708981328123576660e+01 2.289711023512481177e-07
-1.680588863433072433e+01 3.229252931268402909e-07
-1.653092219204418001e+01 4.261016274118097997e-07
-1.626449157056260830e+01 5.274350601139574208e-07
-1.600620052541652782e+01 6.809879347284118941e-07
-1.575567696017295916e+01 8.322888598185363108e-07
-1.551257111443442049e+01 1.065465532875986561e-06
-1.527655391258613626e+01 1.300134769274863115e-06
-1.504731545689701200e+01 1.573511765837302930e-06
-1.482456365046278535e+01 1.864911060511458421e-06
-1.460802293712368716e+01 2.275777619445655909e-06
-1.439743314692604947e+01 2.674045930972133042e-06
-1.419254843695589230e+01 3.180655930118358356e-06
-1.399313631847824624e+01 3.701817349977987638e-06
-1.379897676228727654e+01 4.300508574175441410e-06
-1.360986137502872673e+01 4.986945145406184726e-06
-1.342559264001182306e+01 5.767670999434815259e-06
-1.324598321669588152e+01 6.578105587344211961e-06
-1.307085529362816168e+01 7.490483440345961046e-06
-1.290003999013476133e+01 8.490909844684253562e-06
-1.273337680253193582e+01 9.647118717166054412e-06
-1.257071309104041035e+01 1.079546233278340337e-05
-1.241190360395464154e+01 1.205858779961991328e-05
-1.225681003594876195e+01 1.350743024551238375e-05
-1.210530061769597765e+01 1.493242561707115376e-05
-1.195724973424155202e+01 1.662313707738635106e-05
-1.181253756980619762e+01 1.825752623849583169e-05
-1.167104977690866718e+01 2.011945634059898088e-05
-1.153267716788677255e+01 2.193089466130708625e-05
-1.139731542706779699e+01 2.398222552784809732e-05
-1.126486484199332239e+01 2.618413813380969055e-05
-1.113523005224293527e+01 2.848517698200879662e-05
-1.100831981452695096e+01 3.092629446047577975e-05
-1.088404678283180083e+01 3.347004167240888748e-05
-1.076232730250476877e+01 3.605232479567283281e-05
-1.064308121725769141e+01 3.891044358217935509e-05
-1.052623168815380517e+01 4.180097410733084204e-05
-1.041170502371859463e+01 4.471058696167061692e-05
-1.029943052038521678e+01 4.791869275388702164e-05
-1.018934031254830330e+01 5.119059025786122039e-05
-1.008136923155793951e+01 5.447793413821371548e-05
-9.975454673037956965e+00 5.788885109385305300e-05
-9.871536471960840942e+00 6.187780410345377507e-05
-9.769556784955334194e+00 6.562219839985539887e-05
-9.669459979362780899e+00 6.913768029638464032e-05
-9.571192528595137361e+00 7.344836074625256427e-05
-9.474702913380864899e+00 7.731056360721352892e-05
-9.379941528515811200e+00 8.161705614462061095e-05
-9.286860594764403842e+00 8.619179204168141574e-05
-9.195414075582201363e+00 9.051068514964083803e-05
-9.105557598354884874e+00 9.502090967665862082e-05
-9.017248379870389741e+00 9.983455700959322778e-05
-8.930445155761116638e+00 1.047260713787718438e-04
-8.845108113671695804e+00 1.095338939686265386e-04
-8.761198829924738973e+00 1.147133489581975000e-04
-8.678680209472876328e+00 1.198583118668145216e-04
-8.597516428939853128e+00 1.250477543590557280e-04
-8.517672882566811765e+00 1.304595964398467091e-04
-8.439116130892410084e+00 1.359260537401710853e-04
-8.361813852006719117e+00 1.413271310981837248e-04
-8.285734795229661387e+00 1.469224097340622039e-04
-8.210848737074378789e+00 1.527866420896984920e-04
-8.137126439365120589e+00 1.590866484203954355e-04
-8.064539609387715302e+00 1.650528044800024757e-04
-7.993060861958362295e+00 1.706501915407455320e-04
-7.922663683303976967e+00 1.770733989289397447e-04
-7.853322396653874549e+00 1.832825519784379712e-04
-7.785012129448951157e+00 1.894705744994205161e-04
-7.717708782080378249e+00 1.959049831698358546e-04
-7.651388998075133507e+00 2.025725692119139157e-04
-7.586030135650944750e+00 2.089296008399002178e-04
-7.521610240567749628e+00 2.160513535614260491e-04
-7.458108020207273370e+00 2.225854489243622811e-04
-7.395502818816379609e+00 2.298277041109755457e-04
-7.333774593853726209e+00 2.369618957496600438e-04
-7.272903893382695273e+00 2.434376010128054080e-04
-7.212871834457117437e+00 2.508652242179928776e-04
-7.153660082449187385e+00 2.575671548744452410e-04
-7.095250831272068126e+00 2.651513636985440288e-04
-7.037626784452278628e+00 2.731446438446336533e-04
-6.980771137009643468e+00 2.802050041775487198e-04
-6.924667558104775189e+00 2.873914561377749716e-04
-6.869300174416541616e+00 2.952371614804908230e-04
-6.814653554213885300e+00 3.033174881366347336e-04
-6.760712692088343800e+00 3.113145429310477572e-04
-6.707462994315648963e+00 3.186254234956526691e-04
-6.654890264816202716e+00 3.268223819093146070e-04
-6.602980691686176407e+00 3.348211259386864118e-04
-6.551720834272277472e+00 3.428302202801041302e-04
-6.501097610764786872e+00 3.507183249353835303e-04
-6.451098286284775440e+00 3.594405327013707949e-04
-6.401710461442654321e+00 3.672361080517383522e-04
-6.352922061346510496e+00 3.751690579557205845e-04
-6.304721325039668756e+00 3.843000491780523267e-04
-6.257096795348075169e+00 3.923317481653322536e-04
-6.210037309119101678e+00 4.006909699844681135e-04
-6.163531987834188541e+00 4.096875797062404724e-04
-6.117570228578837366e+00 4.184415620310524223e-04
-6.072141695354100754e+00 4.275834741378155865e-04
-6.027236310714632950e+00 4.359209044456984709e-04
-5.982844247719062203e+00 4.453275038907306008e-04
-5.938955922179146363e+00 4.536269215582971180e-04
-5.895561985194874843e+00 4.641915646026699839e-04
-5.852653315963272540e+00 4.724649590540185148e-04
-5.810221014849253685e+00 4.825869467295672093e-04
-5.768256396707496236e+00 4.907078864151316741e-04
-5.726750984444712422e+00 5.011704634609523423e-04
-5.685696502812374042e+00 5.100775488708977901e-04
-5.645084872420248701e+00 5.197423256457902934e-04
-5.604908203961667112e+00 5.295986350523352020e-04
-5.565158792641851981e+00 5.389468202284100401e-04
-5.525829112800970222e+00 5.492255043473557360e-04
-5.486911812724083681e+00 5.583142506569222690e-04
-5.448399709630409760e+00 5.691284999646104188e-04
-5.410285784834729661e+00 5.781104858411152290e-04
-5.372563179074079542e+00 5.875917545503163723e-04
-5.335225187993163587e+00 5.982635195546487893e-04
-5.298265257782246884e+00 6.088143635497935162e-04
-5.261676980961550676e+00 6.205341580031272430e-04
-5.225454092306433651e+00 6.306314896742005885e-04
-5.189590464907923639e+00 6.397182794824222887e-04
-5.154080106363324809e+00 6.510188346611253240e-04
-5.118917155092023386e+00 6.619235171902694776e-04
-5.084095876771596245e+00 6.725091359338644876e-04
-5.049610660889740643e+00 6.830072367858854021e-04
-5.015456017407655231e+00 6.947199823449704513e-04
-4.981626573530626878e+00 7.057806128619652057e-04
-4.948117070581910859e+00 7.163563786106894819e-04
-4.914922360976011539e+00 7.267355813395375442e-04
-4.882037405287712239e+00 7.395719954704252320e-04
-4.849457269413337102e+00 7.499362380720948993e-04
-4.817177121820895636e+00 7.617381089262095003e-04
-4.785192230885824571e+00 7.732793852247777299e-04
-4.753497962309302771e+00 7.838237866893284873e-04
-4.722089776616123835e+00 7.968002963213153189e-04
-4.690963226729293112e+00 8.077227358158734849e-04
-4.660113955618596648e+00 8.199810886465127733e-04
-4.629537694020590344e+00 8.333070102694319341e-04
-4.599230258227382961e+00 8.443796675211865744e-04
-4.569187547941903738e+00 8.577645460246140956e-04
-4.539405544197283149e+00 8.684332424508154442e-04
-4.509880307338105077e+00 8.812548452060848516e-04
-4.480607975061465353e+00 8.944419492041878490e-04
-4.451584760515686412e+00 8.987811953363097081e-04
-4.422806950454783781e+00 9.197564001923169827e-04
-4.394270903446768628e+00 9.328591060942450098e-04
-4.365973048133954926e+00 9.451367592936097154e-04
-4.337909881543509094e+00 9.600365580138414548e-04
-4.310077967446587444e+00 9.710886358320131766e-04
-4.282473934764412071e+00 9.852178900530597205e-04
-4.255094476019731786e+00 9.986719575535095948e-04
-4.227936345832168819e+00 1.012015796334427226e-03
-4.200996359456015128e+00 1.025610254884985880e-03
-4.174271391359062555e+00 1.039764737756700662e-03
-4.147758373841154089e+00 1.053665805279527376e-03
-4.121454295691163061e+00 1.068458178522914762e-03
-4.095356200881122177e+00 1.081685565930396277e-03
-4.069461187296388616e+00 1.096480098447726688e-03
-4.043766405500584860e+00 1.111597287828687726e-03
-4.018269057534298305e+00 1.127081156493346756e-03
-3.992966395746416985e+00 1.141559449683738270e-03
-3.967855721657088441e+00 1.154640392969096679e-03
-3.942934384851309204e+00 1.171890236693747369e-03
-3.918199781902168777e+00 1.185623406111975661e-03
-3.893649355322847061e+00 1.202731040507164098e-03
-3.869280592546462394e+00 1.217088269344992341e-03
-3.845091024932894896e+00 1.231642045844102626e-03
-3.821078226801797317e+00 1.248288082132288776e-03
-3.797239814490932730e+00 1.264952144699872053e-03
-3.773573445439120100e+00 1.280756448808112718e-03
-3.750076817293014120e+00 1.298725491322220028e-03
-3.726747667036997225e+00 1.312214126163045204e-03
-3.703583770145510101e+00 1.330469849595054387e-03
-3.680582939757102157e+00 1.348796758187676900e-03
-3.657743025869630404e+00 1.363237874737098726e-03
-3.635061914555887341e+00 1.380326481942169411e-03
-3.612537527199123133e+00 1.395851370028496812e-03
-3.590167819747855482e+00 1.415324700239514732e-03
-3.567950781989368547e+00 1.433815336371675048e-03
-3.545884436841426179e+00 1.451222322204531344e-03
-3.523966839661581307e+00 1.471226534069431432e-03
-3.502196077573649369e+00 1.488931655414431256e-03
-3.480570268810808887e+00 1.506298558547882957e-03
-3.459087562074850908e+00 1.525018593178836725e-03
-3.437746135911134981e+00 1.546511776725315339e-03
-3.416544198098792506e+00 1.562545173513039043e-03
-3.395479985055740890e+00 1.581419622130590241e-03
-3.374551761258098193e+00 1.602866692032584332e-03
-3.353757818673582580e+00 1.612310687580487383e-03
-3.333096476208523118e+00 1.644824525765786185e-03
-3.312566079168071553e+00 1.660727069961062631e-03
-3.292164998729279812e+00 1.684734886074785824e-03
-3.271891631426664837e+00 1.704478681441131760e-03
-3.251744398649922374e+00 1.724931864433325778e-03
-3.231721746153456643e+00 1.747874288618382838e-03
-3.211822143577407918e+00 1.768711927321119049e-03
-3.192044083979844071e+00 1.786717712587845884e-03
-3.172386083379843402e+00 1.812451641296414489e-03
-3.152846680311138350e+00 1.834227726331318347e-03
-3.133424435386072737e+00 1.854353835832078671e-03
-3.114117930869558570e+00 1.879977883398077036e-03
-3.094925770262795250e+00 1.900426083003222983e-03
-3.075846577896469647e+00 1.926068980410966785e-03
-3.056878998533198555e+00 1.948532689384768020e-03
-3.038021696978961295e+00 1.975072739297252349e-03
-3.019273357703287086e+00 1.999953571622203625e-03
-3.000632684467968048e+00 2.021462096117489313e-03
-2.982098399964077995e+00 2.046356236544365301e-03
-2.963669245457069223e+00 2.075004821079823140e-03
-2.945343980439752762e+00 2.097937140878139688e-03
-2.927121382292947160e+00 2.123579847153816286e-03
-2.909000245953597297e+00 2.151606071579844400e-03
-2.890979383590179363e+00 2.175039992985097065e-03
-2.873057624285205058e+00 2.204401690732307652e-03
-2.855233813724623815e+00 2.230760316229796290e-03
-2.837506813893987179e+00 2.256352042190050162e-03
-2.819875502781155951e+00 2.285596190573649725e-03
-2.802338774085429751e+00 2.314214748174856038e-03
-2.784895536932901372e+00 2.343245568134546663e-03
-2.767544715597910265e+00 2.371993157820027204e-03
-2.750285249230413953e+00 2.403021480540117657e-03
-2.733116091589155250e+00 2.438041955725330206e-03
-2.716036210780464089e+00 2.460546149224266278e-03
-2.699044589002566052e+00 2.491694359370171669e-03
-2.682140222295249732e+00 2.524979534860368781e-03
-2.665322120294779662e+00 2.553616479982359719e-03
-2.648589305993904297e+00 2.591212308025538525e-03
-2.631940815506855547e+00 2.623824276128101148e-03
-2.615375697839200431e+00 2.655206149719002186e-03
-2.598893014662444045e+00 2.686729872787338609e-03
-2.582491840093254609e+00 2.722648616742202703e-03
-2.566171260477212002e+00 2.755199727529643143e-03
-2.549930374176959447e+00 2.792856523377489596e-03
-2.533768291364664638e+00 2.826182493832099778e-03
-2.517684133818677505e+00 2.860784534600830081e-03
-2.501677034724291371e+00 2.899194599088617159e-03
-2.485746138478510670e+00 2.937356139251770179e-03
-2.469890600498723998e+00 2.972855278617816260e-03
-2.454109587035200768e+00 3.015204918465529821e-03
-2.438402274987315543e+00 3.042987458239151521e-03
-2.422767851723407695e+00 3.086616174632303769e-03
-2.407205514904207533e+00 3.130912819105579822e-03
-2.391714472309731221e+00 3.171314449530875362e-03
-2.376293941669569421e+00 3.212155973012365082e-03
-2.360943150496495058e+00 3.251890206837681433e-03
-2.345661335923311608e+00 3.297000389457472366e-03
-2.330447744542858413e+00 3.337096098369749745e-03
-2.315301632251118846e+00 3.386598659730781068e-03
-2.300222264093345625e+00 3.425849915872190496e-03
-2.285208914113144640e+00 3.469736669813548550e-03
-2.270260865204440481e+00 3.516416391093779396e-03
-2.255377408966269037e+00 3.568385725817608579e-03
-2.240557845560325223e+00 3.610489062596434259e-03
-2.225801483571210770e+00 3.660224587535216775e-03
-2.211107639869315467e+00 3.712389320115738571e-03
-2.196475639476279440e+00 3.757739390998745925e-03
-2.181904815432973432e+00 3.810544567642248220e-03
-2.167394508669943320e+00 3.861001073160753253e-03
-2.152944067880271817e+00 3.917234801222147997e-03
-2.138552849394784516e+00 3.963598755398876732e-03
-2.124220217059574090e+00 4.021969975169701304e-03
-2.109945542115772454e+00 4.075377900253693460e-03
-2.095728203081529628e+00 4.131378433129087938e-03
-2.081567585636154849e+00 4.191973988628087261e-03
-2.067463082506362237e+00 4.247735091484051984e-03
-2.053414093354584136e+00 4.303598004905842718e-03
-2.039420024669305942e+00 4.366731248192547675e-03
-2.025480289657382471e+00 4.428047551510084189e-03
-2.011594308138276332e+00 4.486919593341370631e-03
-1.997761506440205226e+00 4.554161440738502264e-03
-1.983981317298131319e+00 4.617554062012082378e-03
-1.970253179753569617e+00 4.683385255287534146e-03
-1.956576539056167352e+00 4.749766514697903973e-03
-1.942950846567025547e+00 4.818577415438145793e-03
-1.929375559663717654e+00 4.887555860542932944e-03
-1.915850141646975535e+00 4.958735587511063810e-03
-1.902374061649005244e+00 5.019840375536759915e-03
-1.888946794543396868e+00 5.109443273364700638e-03
-1.875567820856598900e+00 5.175356670939372516e-03
-1.862236626680921825e+00 5.250977116025994790e-03
-1.848952703589041180e+00 5.328341462340347758e-03
-1.835715548549967879e+00 5.403613694424936643e-03
-1.822524663846452730e+00 5.490005914176422121e-03
-1.809379556993800708e+00 5.567928258696378321e-03
-1.796279740660062796e+00 5.648547307329018427e-03
-1.783224732587581407e+00 5.735029769081028891e-03
-1.770214055515849871e+00 5.822962001905594709e-03
-1.757247237105675541e+00 5.912097072458131347e-03
-1.744323809864610553e+00 6.003754072669040959e-03
-1.731443311073621372e+00 6.096941062057664382e-03
-1.718605282714980698e+00 6.187975840914958399e-03
-1.705809271401351745e+00 6.279865429231359583e-03
-1.693054828306041149e+00 6.378371655332210240e-03
-1.680341509094399610e+00 6.478505579821510103e-03
-1.667668873856344547e+00 6.576874408027882229e-03
-1.655036487039980519e+00 6.686148504773186188e-03
-1.642443917386301022e+00 6.787141568312654756e-03
-1.629890737864948980e+00 6.897025497220441240e-03
-1.617376525611005755e+00 7.006119273059978163e-03
-1.604900861862805783e+00 7.116927954039000033e-03
-1.592463331900736856e+00 7.238132808724723026e-03
-1.580063524987020074e+00 7.354430620256645866e-03
-1.567701034306447028e+00 7.471360756684544691e-03
-1.555375456908052678e+00 7.593612285844589770e-03
-1.543086393647707277e+00 7.726171506321203274e-03
-1.530833449131608237e+00 7.849749268785633990e-03
-1.518616231660659732e+00 7.979733612436605908e-03
-1.506434353175712282e+00 8.116177069677300848e-03
-1.494287429203655870e+00 8.254172190256339053e-03
-1.482175078804342627e+00 8.389809833743672868e-03
-1.470096924518329295e+00 8.544617364871481130e-03
-1.458052592315416618e+00 8.683480724001492804e-03
-1.446041711543979202e+00 8.830128686509553654e-03
-1.434063914881057000e+00 8.981488852678845211e-03
-1.422118838283209508e+00 9.145550407931272649e-03
-1.410206120938107599e+00 9.300560599706051562e-03
-1.398325405216850115e+00 9.472079273862864246e-03
-1.386476336626996986e+00 9.632370693589452706e-03
-1.374658563766294916e+00 9.809029431595679693e-03
-1.362871738277095179e+00 9.991287826782473819e-03
-1.351115514801437101e+00 1.016630367272491030e-02
-1.339389550936797013e+00 1.034835319427491671e-02
-1.327693507192477362e+00 1.054856906755417649e-02
-1.316027046946637080e+00 1.073924692118650472e-02
-1.304389836403941239e+00 1.093589650737912880e-02
-1.292781544553817996e+00 1.114880115476666635e-02
-1.281201843129320173e+00 1.136125787681123260e-02
-1.269650406566570577e+00 1.157182390843136156e-02
-1.258126911964788874e+00 1.180430682503885373e-02
-1.246631039046874889e+00 1.203727676077721159e-02
-1.235162470120555911e+00 1.226231287597854928e-02
-1.223720890040073339e+00 1.248982449799246157e-02
-1.212305986168408234e+00 1.274429453976656627e-02
-1.200917448340022453e+00 1.300148859776794480e-02
-1.189554968824123149e+00 1.324884306052568315e-02
-1.178218242288426865e+00 1.352950184026141187e-02
-1.166906965763418569e+00 1.380732889097602278e-02
-1.155620838607101852e+00 1.408738241886306301e-02
-1.144359562470215863e+00 1.439286639475676616e-02
-1.133122841261928526e+00 1.468794270384790428e-02
-1.121910381115985400e+00 1.499695550093636635e-02
-1.110721890357309283e+00 1.531386079629947980e-02
-1.099557079469039467e+00 1.564057396302362402e-02
-1.088415661060010642e+00 1.597835434917147315e-02
-1.077297349832647466e+00 1.633834136009069612e-02
-1.066201862551285018e+00 1.670692171308255439e-02
-1.055128918010896033e+00 1.706909303595400065e-02
-1.044078237006218046e+00 1.746013336749507872e-02
-1.033049542301277102e+00 1.784608072085811306e-02
-1.022042558599299822e+00 1.825586343932823763e-02
-1.011057012512998066e+00 1.868974461510889903e-02
-1.000092632535235726e+00 1.912432319884610141e-02
-9.891491490100537964e-01 1.958081110214269366e-02
-9.782262941040561488e-01 2.004154656672346019e-02
-9.673238017781481402e-01 2.053627091218969414e-02
-9.564414077596213870e-01 2.102608535181803989e-02
-9.455788495145712735e-01 2.154156283300121336e-02
-9.347358662206534108e-01 2.209102420555334942e-02
-9.239121987401626157e-01 2.263594048579370063e-02
-9.131075895934324116e-01 2.322166933995260460e-02
-9.023217829325496098e-01 2.382532770840166750e-02
-8.915545245153719822e-01 2.444933166359699456e-02
-8.808055616798529108e-01 2.509254229084990559e-02
-8.700746433186589135e-01 2.576345545522520930e-02
-8.593615198540814903e-01 2.646397688917645138e-02
-8.486659432132259706e-01 2.718996411716833109e-02
-8.379876668034880183e-01 2.793971231633608082e-02
-8.273264454882990337e-01 2.876289528250387459e-02
-8.166820355631438932e-01 2.955854246283321288e-02
-8.060541947318363709e-01 3.043032246385858619e-02
-7.954426820830584610e-01 3.131397817878099621e-02
-7.848472580671504994e-01 3.225607538373662098e-02
-7.742676844731486430e-01 3.323572100567395021e-02
-7.637037244060699281e-01 3.423494302230609132e-02
-7.531551422644284788e-01 3.531676756714704352e-02
-7.426217037179922986e-01 3.642818828647495510e-02
-7.321031756857663275e-01 3.758890035548579506e-02
-7.215993263142009839e-01 3.883097772409929010e-02
-7.111099249556180890e-01 4.011526256406382218e-02
-7.006347421468592795e-01 4.147998753998297788e-02
-6.901735495881351490e-01 4.287819947488984151e-02
-6.797261201220911042e-01 4.437150213740501115e-02
-6.692922277130706199e-01 4.595234111179777314e-02
-6.588716474265783329e-01 4.763075654489285632e-02
-6.484641554089376481e-01 4.936314924382734920e-02
-6.380695288671385246e-01 5.122316036933507316e-02
-6.276875460488731129e-01 5.316924353102447237e-02
-6.173179862227488046e-01 5.525006265053369892e-02
-6.069606296586862459e-01 5.740703565520561408e-02
-5.966152576084875481e-01 5.973352564888854965e-02
-5.862816522865772484e-01 6.217927972702723405e-02
-5.759595968509094721e-01 6.477261879655528409e-02
-5.656488753840412942e-01 6.754176365056922815e-02
-5.553492728743597562e-01 7.047353835784056497e-02
-5.450605751974718638e-01 7.365822940039416789e-02
-5.347825690977430213e-01 7.693042011979606132e-02
-5.245150421699888987e-01 8.050560412067969684e-02
-5.142577828413065211e-01 8.428440116482688316e-02
-5.040105803530536832e-01 8.836271666786081613e-02
-4.937732247429644228e-01 9.270458530780845141e-02
-4.835455068274036594e-01 9.736047135219898230e-02
-4.733272181837471781e-01 1.023546653483586727e-01
-4.631181511328986700e-01 1.077189217521807435e-01
-4.529180987219272314e-01 1.134978812913726431e-01
-4.427268547068332061e-01 1.196082856529128019e-01
-4.325442135354257145e-01 1.262302843633277827e-01
-4.223699703303245845e-01 1.333913904516162152e-01
-4.122039208720716941e-01 1.410947888017358987e-01
-4.020458615823537807e-01 1.493605847055556046e-01
-3.918955895073323314e-01 1.583537596111132817e-01
-3.817529023010813316e-01 1.679501135308262283e-01
-3.716175982091194929e-01 1.783597971370948221e-01
-3.614894760520483419e-01 1.895065808512649830e-01
-3.513683352092828449e-01 2.015966592424870141e-01
-3.412539756028758475e-01 2.144829882201318982e-01
-3.311461976814312758e-01 2.284262666190158830e-01
-3.210448024041094306e-01 2.433231378802921119e-01
-3.109495912247085547e-01 2.593321922593423978e-01
-3.008603660758366605e-01 2.762847745355695439e-01
-2.907769293531580201e-01 2.944467369555784919e-01
-2.806990838997174276e-01 3.135716230782441549e-01
-2.706266329903371237e-01 3.335059984307910952e-01
-2.605593803160889399e-01 3.547172538247967966e-01
-2.504971299688272257e-01 3.762855110866478725e-01
-2.404396864257955790e-01 3.983082867109693503e-01
-2.303868545342923901e-01 4.205730546484326426e-01
-2.203384394963986970e-01 4.425191043493666432e-01
-2.102942468537628840e-01 4.635121650297900908e-01
-2.002540824724450275e-01 4.829449551945854124e-01
-1.902177525278067050e-01 5.000731705684127171e-01
-1.801850634894590075e-01 5.141106536409866257e-01
-1.701558221062540455e-01 5.240634653665475762e-01
-1.601298353913264694e-01 5.290766939380222578e-01
-1.501069106071708514e-01 5.277466797543615140e-01
-1.400868552507662790e-01 5.206263230292292876e-01
-1.300694770387391397e-01 5.066115275110301130e-01
-1.200545838925550501e-01 4.856958923603265643e-01
-1.100419839237516545e-01 4.592553667409230989e-01
-1.000314854191983877e-01 4.289262567019372363e-01
-9.002289682638489610e-02 3.951996098113521039e-01
-8.001602673873924043e-02 3.609276978711618566e-01
-7.001068388096250150e-02 3.285793403421919390e-01
-6.000667709439190534e-02 2.995856831817793053e-01
-5.000381532237931775e-02 2.794451640287689553e-01
-4.000190759568706539e-02 2.679265793721180566e-01
-3.000076301789707939e-02 2.644913501277200707e-01
-2.000019075083557876e-02 2.784290424642732464e-01
-9.999999999999974187e-03 3.089448875759561175e-01
0.000000000000000000e+00 3.046836782885621320e-01
9.999999999999974187e-03 3.056270213941459923e-01
2.000019075083557876e-02 2.810341093653770939e-01
3.000076301789707939e-02 2.544122600540949519e-01
4.000190759568635068e-02 2.471809438957482952e-01
5.000381532237860305e-02 2.458291797717007676e-01
6.000667709439118369e-02 2.458090036616459584e-01
7.001068388096322315e-02 2.466011431013111488e-01
8.001602673873996208e-02 2.478391526588706595e-01
9.002289682638561774e-02 2.481622387409563313e-01
1.000314854191983877e-01 2.482964144549078545e-01
1.100419839237516545e-01 2.481644166089609083e-01
1.200545838925550501e-01 2.475681655933215097e-01
1.300694770387391397e-01 2.467789751267741027e-01
1.400868552507662790e-01 2.458178286364640364e-01
1.501069106071708514e-01 2.445684190608521935e-01
1.601298353913264694e-01 2.432614231087370793e-01
1.701558221062540455e-01 2.417317485505384167e-01
1.801850634894582859e-01 2.400200715034035981e-01
1.902177525278067050e-01 2.383152661397799077e-01
2.002540824724450275e-01 2.363553095868859977e-01
2.102942468537628840e-01 2.341811583796493124e-01
2.203384394963986970e-01 2.319949692122154072e-01
2.303868545342923901e-01 2.297399603006155533e-01
2.404396864257955790e-01 2.272239495978151669e-01
2.504971299688272257e-01 2.247797217711766937e-01
2.605593803160889399e-01 2.222624146309404025e-01
2.706266329903371237e-01 2.196668499774659389e-01
2.806990838997167059e-01 2.170937201395864991e-01
2.907769293531572985e-01 2.144477151591966668e-01
3.008603660758359388e-01 2.118348556283617123e-01
3.109495912247092764e-01 2.091482824842348098e-01
3.210448024041101522e-01 2.066173438567302234e-01
3.311461976814320529e-01 2.040265003463271054e-01
3.412539756028758475e-01 2.014573805946828777e-01
3.513683352092828449e-01 1.990286497330445437e-01
3.614894760520483419e-01 1.966110874186099977e-01
3.716175982091194929e-01 1.943018796634808087e-01
3.817529023010813316e-01 1.919955368559607967e-01
3.918955895073323314e-01 1.897622111300138747e-01
4.020458615823530590e-01 1.876019204040845489e-01
4.122039208720709169e-01 1.856091029649053759e-01
4.223699703303238628e-01 1.836186616448593767e-01
4.325442135354264361e-01 1.817102735499113719e-01
4.427268547068339277e-01 1.798981340111124594e-01
4.529180987219279531e-01 1.782135380679774894e-01
4.631181511328986700e-01 1.765845861401922068e-01
4.733272181837471781e-01 1.750037293245007564e-01
4.835455068274036594e-01 1.735761741035238559e-01
4.937732247429644228e-01 1.721731767954384762e-01
5.040105803530536832e-01 1.708406358418528004e-01
5.142577828413065211e-01 1.696111167142320408e-01
5.245150421699888987e-01 1.684109872441289235e-01
5.347825690977430213e-01 1.673692779179124235e-01
5.450605751974710866e-01 1.663228427333185155e-01
5.553492728743597562e-01 1.653452533770334298e-01
5.656488753840412942e-01 1.645049315371870102e-01
5.759595968509094721e-01 1.636802777037752454e-01
5.862816522865772484e-01 1.629711644009979310e-01
5.966152576084875481e-01 1.622476067955750390e-01
6.069606296586862459e-01 1.616695548268403115e-01
6.173179862227488046e-01 1.611201069130434316e-01
6.276875460488731129e-01 1.606198872985536985e-01
6.380695288671385246e-01 1.601976661046664308e-01
6.484641554089369819e-01 1.598115599760116523e-01
6.588716474265774448e-01 1.594685315656410030e-01
6.692922277130698427e-01 1.591687268530126431e-01
6.797261201220904381e-01 1.589556223164821092e-01
6.901735495881360372e-01 1.587894707353081081e-01
7.006347421468600567e-01 1.586665203308966487e-01
7.111099249556188662e-01 1.585349233156998217e-01
7.215993263142009839e-01 1.585185962653688774e-01
7.321031756857663275e-01 1.584688026821109985e-01
7.426217037179922986e-01 1.584935414517390506e-01
7.531551422644284788e-01 1.585611066043828565e-01
7.637037244060699281e-01 1.586747587252269887e-01
7.742676844731486430e-01 1.587932315923633320e-01
7.848472580671498333e-01 1.589851528869704045e-01
7.954426820830577949e-01 1.592087742662625649e-01
8.060541947318363709e-01 1.594066734105061833e-01
8.166820355631446704e-01 1.596616105898023830e-01
8.273264454882999219e-01 1.599852672418493049e-01
8.379876668034880183e-01 1.602945523603300226e-01
8.486659432132259706e-01 1.606473153831453060e-01
8.593615198540814903e-01 1.610187917079423936e-01
8.700746433186589135e-01 1.613997694492334545e-01
8.808055616798529108e-01 1.618133115510377862e-01
8.915545245153719822e-01 1.622195559178220281e-01
9.023217829325496098e-01 1.627624035909273903e-01
9.131075895934324116e-01 1.631952228824797568e-01
9.239121987401619496e-01 1.636766605256568807e-01
9.347358662206525226e-01 1.641864620096355476e-01
9.455788495145712735e-01 1.647173373201252233e-01
9.564414077596213870e-01 1.652765166755874315e-01
9.673238017781488063e-01 1.658784119570946569e-01
9.782262941040561488e-01 1.663697572342907882e-01
9.891491490100537964e-01 1.669850086602259753e-01
1.000092632535235726e+00 1.675923496667275359e-01
1.011057012512998066e+00 1.681698561616909726e-01
1.022042558599299822e+00 1.688147911120887745e-01
1.033049542301277102e+00 1.694034937708761568e-01
1.044078237006217380e+00 1.700670148475184607e-01
1.055128918010895367e+00 1.707003727499147028e-01
1.066201862551284352e+00 1.713361655431774877e-01
1.077297349832648132e+00 1.720319922214412489e-01
1.088415661060011308e+00 1.726310740052076076e-01
1.099557079469040355e+00 1.733021582197141475e-01
1.110721890357309283e+00 1.739635399654863579e-01
1.121910381115985400e+00 1.746534014598912776e-01
1.133122841261928526e+00 1.753088347926515245e-01
1.144359562470215863e+00 1.759326813427328495e-01
1.155620838607101852e+00 1.766428345639392550e-01
1.166906965763418569e+00 1.772911770748561988e-01
1.178218242288425976e+00 1.779566297627464821e-01
1.189554968824123149e+00 1.786264468835198627e-01
1.200917448340022453e+00 1.793112526955867037e-01
1.212305986168408900e+00 1.799553030117414520e-01
1.223720890040074227e+00 1.806270120982340910e-01
1.235162470120555911e+00 1.812091954306161712e-01
1.246631039046874889e+00 1.818833925542850949e-01
1.258126911964788874e+00 1.825422695977099719e-01
1.269650406566570577e+00 1.831591977200158761e-01
1.281201843129320173e+00 1.838027169103889635e-01
1.292781544553817996e+00 1.844033588280508118e-01
1.304389836403941239e+00 1.850187186764305769e-01
1.316027046946637080e+00 1.855965435358568616e-01
1.327693507192476696e+00 1.862005906165749292e-01
1.339389550936796125e+00 1.868082299085521703e-01
1.351115514801436435e+00 1.873424716183207106e-01
1.362871738277095179e+00 1.879101975306634864e-01
1.374658563766295805e+00 1.884610273509369494e-01
1.386476336626997652e+00 1.890005785557324347e-01
1.398325405216850559e+00 1.895245891417383644e-01
1.410206120938107599e+00 1.900615164465164209e-01
1.422118838283209508e+00 1.905228557601215678e-01
1.434063914881057000e+00 1.910046031157758284e-01
1.446041711543979202e+00 1.914676539887817108e-01
1.458052592315416618e+00 1.919906708004199825e-01
1.470096924518328407e+00 1.923743180355317328e-01
1.482175078804341739e+00 1.928414396540961695e-01
1.494287429203654982e+00 1.931978638543034588e-01
1.506434353175713392e+00 1.935989315454379744e-01
1.518616231660660620e+00 1.939905905868354041e-01
1.530833449131608681e+00 1.943764188031043005e-01
1.543086393647707277e+00 1.947032814311331073e-01
1.555375456908052678e+00 1.950419587293164281e-01
1.567701034306447028e+00 1.953482560993187456e-01
1.580063524987019630e+00 1.956356180171473502e-01
1.592463331900736190e+00 1.959216234190190031e-01
1.604900861862805117e+00 1.961846476063156819e-01
1.617376525611005755e+00 1.963802892948872114e-01
1.629890737864948091e+00 1.966355030723543618e-01
1.642443917386300800e+00 1.968353645135502983e-01
1.655036487039980742e+00 1.970408466109824785e-01
1.667668873856345213e+00 1.971815353768120449e-01
1.680341509094400276e+00 1.973582008205268801e-01
1.693054828306040926e+00 1.974743064335030551e-01
1.705809271401351079e+00 1.975788933816491899e-01
1.718605282714980920e+00 1.976525883501353831e-01
1.731443311073621594e+00 1.977398831441548044e-01
1.744323809864610997e+00 1.977714854444876103e-01
1.757247237105675541e+00 1.977867998504470315e-01
1.770214055515848983e+00 1.977979217096740572e-01
1.783224732587580741e+00 1.978136158107382525e-01
1.796279740660062352e+00 1.978049808089470951e-01
1.809379556993800708e+00 1.976868410695937217e-01
1.822524663846453397e+00 1.976646281215349854e-01
1.835715548549968767e+00 1.975279860938986554e-01
1.848952703589041624e+00 1.974135691108381552e-01
1.862236626680921825e+00 1.972352508304876517e-01
1.875567820856598900e+00 1.971047404273700010e-01
1.888946794543396868e+00 1.969476535933079864e-01
1.902374061649005244e+00 1.967065227741852385e-01
1.915850141646975535e+00 1.964898505040275356e-01
1.929375559663716988e+00 1.962801423826934788e-01
1.942950846567024437e+00 1.960223704726562211e-01
1.956576539056166242e+00 1.957186025615905156e-01
1.970253179753570727e+00 1.954352519037389491e-01
1.983981317298132430e+00 1.950797065350079185e-01
1.997761506440205892e+00 1.947745281287150410e-01
2.011594308138276332e+00 1.944065823919146896e-01
2.025480289657382471e+00 1.940390382660908686e-01
2.039420024669305942e+00 1.936147750598321837e-01
2.053414093354583247e+00 1.931902519476403068e-01
2.067463082506361793e+00 1.927570968302851351e-01
2.081567585636154405e+00 1.923166154977723752e-01
2.095728203081529628e+00 1.918058590855077628e-01
2.109945542115771566e+00 1.913047650528655330e-01
2.124220217059573645e+00 1.907759913972278953e-01
2.138552849394784072e+00 1.902398831221254749e-01
2.152944067880272261e+00 1.897014897318166637e-01
2.167394508669943765e+00 1.891113272128242817e-01
2.181904815432972988e+00 1.884998754882921401e-01
2.196475639476278996e+00 1.879176963669188516e-01
2.211107639869315911e+00 1.872851465951466399e-01
2.225801483571211214e+00 1.866185526808208928e-01
2.240557845560325667e+00 1.859338581243261124e-01
2.255377408966268149e+00 1.852661511370970737e-01
2.270260865204440481e+00 1.845716135529342772e-01
2.285208914113143308e+00 1.838322158378052351e-01
2.300222264093344737e+00 1.831266603736098897e-01
2.315301632251118846e+00 1.823787490348374729e-01
2.330447744542859301e+00 1.815929211631840956e-01
2.345661335923311608e+00 1.808065311427032029e-01
2.360943150496495946e+00 1.800124878173321730e-01
2.376293941669568088e+00 1.792155916839906493e-01
2.391714472309731221e+00 1.783795820894859829e-01
2.407205514904206645e+00 1.775121317275651922e-01
2.422767851723407695e+00 1.766788449739046529e-01
2.438402274987316432e+00 1.758104418207676878e-01
2.454109587035200768e+00 1.749416753882440390e-01
2.469890600498723998e+00 1.740229035708188710e-01
2.485746138478509337e+00 1.730879314897040000e-01
2.501677034724291371e+00 1.721506361216325609e-01
2.517684133818678394e+00 1.711989673617554664e-01
2.533768291364664638e+00 1.702645344288487017e-01
2.549930374176959891e+00 1.693079300331370163e-01
2.566171260477213334e+00 1.682967288298266306e-01
2.582491840093254609e+00 1.673636195678889493e-01
2.598893014662444489e+00 1.663215794421686877e-01
2.615375697839199987e+00 1.653016907704514815e-01
2.631940815506855991e+00 1.642735930721158921e-01
2.648589305993903409e+00 1.632372431713163818e-01
2.665322120294779218e+00 1.621629470213651891e-01
2.682140222295247955e+00 1.611328717248033671e-01
2.699044589002565164e+00 1.600929607313445191e-01
2.716036210780464977e+00 1.589523584924885657e-01
2.733116091589157026e+00 1.579009201733900802e-01
2.750285249230413953e+00 1.567919752441164494e-01
2.767544715597911598e+00 1.556832644756049044e-01
2.784895536932901372e+00 1.545738798718016838e-01
2.802338774085429751e+00 1.534490218534324824e-01
2.819875502781155063e+00 1.523270063301089272e-01
2.837506813893987179e+00 1.511925270964171730e-01
2.855233813724622927e+00 1.500488972044930203e-01
2.873057624285204170e+00 1.488842282192920363e-01
2.890979383590180252e+00 1.477244608914436708e-01
2.909000245953595520e+00 1.465909092137310521e-01
2.927121382292947160e+00 1.453941324017105630e-01
2.945343980439754095e+00 1.442046623564674779e-01
2.963669245457068335e+00 1.430371291106322384e-01
2.982098399964077995e+00 1.418760831135498501e-01
3.000632684467967159e+00 1.406336691381135373e-01
3.019273357703287086e+00 1.394630680758978669e-01
3.038021696978962627e+00 1.382573311220034185e-01
3.056878998533198555e+00 1.370439278246189385e-01
3.075846577896470535e+00 1.358269540732195413e-01
3.094925770262794362e+00 1.346438286506515258e-01
3.114117930869559014e+00 1.334376035307571484e-01
3.133424435386071849e+00 1.321827301251887188e-01
3.152846680311138350e+00 1.309689143557006830e-01
3.172386083379844290e+00 1.297212144103693232e-01
3.192044083979846292e+00 1.285053653976858112e-01
3.211822143577407918e+00 1.272642331290605167e-01
3.231721746153457975e+00 1.260430440210363878e-01
3.251744398649921930e+00 1.248178562024474386e-01
3.271891631426665281e+00 1.235765782982679167e-01
3.292164998729279368e+00 1.223314593445940790e-01
3.312566079168071553e+00 1.211050374978112215e-01
3.333096476208521786e+00 1.198540874942979895e-01
3.353757818673582580e+00 1.185998288361095054e-01
3.374551761258096416e+00 1.173788941232984800e-01
3.395479985055740446e+00 1.161493136749924271e-01
3.416544198098793395e+00 1.148947360979129251e-01
3.437746135911136314e+00 1.136771101096227393e-01
3.459087562074850908e+00 1.124406184327270269e-01
3.480570268810810663e+00 1.112112740296524738e-01
3.502196077573649369e+00 1.099595698540438149e-01
3.523966839661581307e+00 1.087322826931920033e-01
3.545884436841424847e+00 1.074996077345071466e-01
3.567950781989368547e+00 1.062826311487303638e-01
3.590167819747851929e+00 1.050492304437225521e-01
3.612537527199123133e+00 1.038072203930660020e-01
3.635061914555887341e+00 1.025976910092097349e-01
3.657743025869628628e+00 1.013632461322085815e-01
3.680582939757102157e+00 1.001680075546235310e-01
3.703583770145510101e+00 9.894978120241008923e-02
3.726747667036997225e+00 9.772330828236958089e-02
3.750076817293014120e+00 9.651270241646486836e-02
3.773573445439117879e+00 9.534063473543320788e-02
3.797239814490932730e+00 9.411541038596757391e-02
3.821078226801799538e+00 9.291346903472680330e-02
3.845091024932894896e+00 9.173879013298032181e-02
3.869280592546462394e+00 9.052971124147678184e-02
3.893649355322847061e+00 8.938198970136455868e-02
3.918199781902168777e+00 8.819473894880580644e-02
3.942934384851307872e+00 8.701968920647072669e-02
3.967855721657088441e+00 8.583478336194960701e-02
3.992966395746416985e+00 8.467977717673058624e-02
4.018269057534300082e+00 8.351225880830637216e-02
4.043766405500584860e+00 8.236914644862761148e-02
4.069461187296391280e+00 8.122296963076226783e-02
4.095356200881122177e+00 8.009069358251612314e-02
4.121454295691163061e+00 7.894288563038349971e-02
4.147758373841154089e+00 7.782563944722596661e-02
4.174271391359062555e+00 7.668871265277468763e-02
4.200996359456013352e+00 7.557233684145012176e-02
4.227936345832168819e+00 7.445811950793379541e-02
4.255094476019727345e+00 7.335501389873488876e-02
4.282473934764413848e+00 7.227132402961394808e-02
4.310077967446587444e+00 7.117828637506931622e-02
4.337909881543510870e+00 7.007074712686758855e-02
4.365973048133954926e+00 6.898709734852416509e-02
4.394270903446770404e+00 6.795335157551057881e-02
4.422806950454781116e+00 6.686605204519698031e-02
4.451584760515686412e+00 6.581409571498363087e-02
4.480607975061463577e+00 6.475293511414417780e-02
4.509880307338105077e+00 6.372745281591848943e-02
4.539405544197283149e+00 6.267891109643339287e-02
4.569187547941903738e+00 6.165379289478311459e-02
4.599230258227382961e+00 6.064876746553191089e-02
4.629537694020593008e+00 5.961725581533896395e-02
4.660113955618596648e+00 5.861115984872723728e-02
4.690963226729293112e+00 5.761435215640063612e-02
4.722089776616123835e+00 5.662275134213545086e-02
4.753497962309302771e+00 5.564664423111895936e-02
4.785192230885826348e+00 5.465739642834287204e-02
4.817177121820895636e+00 5.371044184716492614e-02
4.849457269413340654e+00 5.274238460509394349e-02
4.882037405287709575e+00 5.179795282186494543e-02
4.914922360976011539e+00 5.085875236949612826e-02
4.948117070581908195e+00 4.993422956481884806e-02
4.981626573530626878e+00 4.900098554886690022e-02
5.015456017407652567e+00 4.809692249038580170e-02
5.049610660889745972e+00 4.718241107869804857e-02
5.084095876771596245e+00 4.628069859427094007e-02
5.118917155092026050e+00 4.539882419132267033e-02
5.154080106363324809e+00 4.450874802535113861e-02
5.189590464907923639e+00 4.364250806991575027e-02
5.225454092306433651e+00 4.277261715166550543e-02
5.261676980961550676e+00 4.191819927095892517e-02
5.298265257782244220e+00 4.105291997542129256e-02
5.335225187993163587e+00 4.022781106006355356e-02
5.372563179074077766e+00 3.939429273441602541e-02
5.410285784834729661e+00 3.858584572388620848e-02
5.448399709630405319e+00 3.777114833079192602e-02
5.486911812724086346e+00 3.696421737353521725e-02
5.525829112800970222e+00 3.617142432763523208e-02
5.565158792641854646e+00 3.538614344050275418e-02
5.604908203961667112e+00 3.459541814691256822e-02
5.645084872420248701e+00 3.384175302040953737e-02
5.685696502812371378e+00 3.307450496976382937e-02
5.726750984444712422e+00 3.232145857095525959e-02
5.768256396707492684e+00 3.158899481378585339e-02
5.810221014849253685e+00 3.085147497966767710e-02
5.852653315963272540e+00 3.014676466688900186e-02
5.895561985194872179e+00 2.942403560068973523e-02
5.938955922179146363e+00 2.871890261396467178e-02
5.982844247719065756e+00 2.801496294099930714e-02
6.027236310714632950e+00 2.732301094658607168e-02
6.072141695354100754e+00 2.665745897126139616e-02
6.117570228578833813e+00 2.598566948463460272e-02
6.163531987834188541e+00 2.532832542175050827e-02
6.210037309119105231e+00 2.467409174382035816e-02
6.257096795348075169e+00 2.403392140409660316e-02
6.304721325039668756e+00 2.340215509567746335e-02
6.352922061346506943e+00 2.277202436742349623e-02
6.401710461442654321e+00 2.216259861234317133e-02
6.451098286284771888e+00 2.155774162134652464e-02
6.501097610764786872e+00 2.095474419521808560e-02
6.551720834272277472e+00 2.038075513065674277e-02
6.602980691686179959e+00 1.980653103236000925e-02
6.654890264816202716e+00 1.923083959324053613e-02
6.707462994315653404e+00 1.866466700804713524e-02
6.760712692088343800e+00 1.811572624809096310e-02
6.814653554213885300e+00 1.756951846671831255e-02
6.869300174416541616e+00 1.703989480413716298e-02
6.924667558104775189e+00 1.652734908793042357e-02
6.980771137009639027e+00 1.599823562114801451e-02
7.037626784452278628e+00 1.549588954025689878e-02
7.095250831272059244e+00 1.499461654394349149e-02
7.153660082449184721e+00 1.450846299086195820e-02
7.212871834457117437e+00 1.402899102919262161e-02
7.272903893382699714e+00 1.355641924425262171e-02
7.333774593853726209e+00 1.309718591964349407e-02
7.395502818816384050e+00 1.263676612318385614e-02
7.458108020207268929e+00 1.219992366495609160e-02
7.521610240567749628e+00 1.176622052322651331e-02
7.586030135650939421e+00 1.133426078990658510e-02
7.651388998075133507e+00 1.092146686589384567e-02
7.717708782080382690e+00 1.050804456231423101e-02
7.785012129448951157e+00 1.011384887897961472e-02
7.853322396653874549e+00 9.721059038238112973e-03
7.922663683303971638e+00 9.336754681540980830e-03
7.993060861958362295e+00 8.964785593917227319e-03
8.064539609387720631e+00 8.598459810235794393e-03
8.137126439365120589e+00 8.240241343443026334e-03
8.210848737074378789e+00 7.893693324981482934e-03
8.285734795229668492e+00 7.555065631123437930e-03
8.361813852006719117e+00 7.226520498909651605e-03
8.439116130892415413e+00 6.901116106294238710e-03
8.517672882566811765e+00 6.588892582908780111e-03
8.597516428939853128e+00 6.281940046895851532e-03
8.678680209472870999e+00 5.987051537401495878e-03
8.761198829924738973e+00 5.696893011248975458e-03
8.845108113671690475e+00 5.418610069003849429e-03
8.930445155761116638e+00 5.147586655603116068e-03
9.017248379870389741e+00 4.881982316016214053e-03
9.105557598354891979e+00 4.631546881680774670e-03
9.195414075582201363e+00 4.383957068895636550e-03
9.286860594764410948e+00 4.143303488389367233e-03
9.379941528515811200e+00 3.913921272686467917e-03
9.474702913380864899e+00 3.689893725463164881e-03
9.571192528595130256e+00 3.476120403755513909e-03
9.669459979362780899e+00 3.269581436514655288e-03
9.769556784955327089e+00 3.070229282411224021e-03
9.871536471960840942e+00 2.879384707952774985e-03
9.975454673037942754e+00 2.695125587841131713e-03
1.008136923155793063e+01 2.518063361011589618e-03
1.018934031254830330e+01 2.351428055073535601e-03
1.029943052038522566e+01 2.188248283273870349e-03
1.041170502371859463e+01 2.035851140292062236e-03
1.052623168815380517e+01 1.888228091453092753e-03
1.064308121725768252e+01 1.749522653543571791e-03
1.076232730250476877e+01 1.616025705684837272e-03
1.088404678283179194e+01 1.490593405772217168e-03
1.100831981452695096e+01 1.371414547932503026e-03
1.113523005224294415e+01 1.257512670009096507e-03
1.126486484199331350e+01 1.151218082759437400e-03
1.139731542706779699e+01 1.051424752996957994e-03
1.153267716788676189e+01 9.584804394966046351e-04
1.167104977690866718e+01 8.690439083769533083e-04
1.181253756980620828e+01 7.871774285340388906e-04
1.195724973424156268e+01 7.100675955882812659e-04
1.210530061769597765e+01 6.380733396778182770e-04
1.225681003594877438e+01 5.715220454422898855e-04
1.241190360395464154e+01 5.110503365550235228e-04
1.257071309104042101e+01 4.549503010630869221e-04
1.273337680253192516e+01 4.029219616780251772e-04
1.290003999013476133e+01 3.553938332693591293e-04
1.307085529362815102e+01 3.119062804164044844e-04
1.324598321669588152e+01 2.730506993844205449e-04
1.342559264001181063e+01 2.372447590299395757e-04
1.360986137502873916e+01 2.055819396076339494e-04
1.379897676228727654e+01 1.767935233444426380e-04
1.399313631847826045e+01 1.514511265011575416e-04
1.419254843695589230e+01 1.287531431669055823e-04
1.439743314692606369e+01 1.087474643050341793e-04
1.460802293712368716e+01 9.137291548864061698e-05
1.482456365046278535e+01 7.622607469888975867e-05
1.504731545689699779e+01 6.302968410485233850e-05
1.527655391258613626e+01 5.168681677669536347e-05
1.551257111443440273e+01 4.182199035367893208e-05
1.575567696017295916e+01 3.364375930007474963e-05
1.600620052541652782e+01 2.703696929123023982e-05
1.626449157056262607e+01 2.130735476707314833e-05
1.653092219204418001e+01 1.658603670584292796e-05
1.680588863433074565e+01 1.290322094253935958e-05
1.708981328123576660e+01 9.798513639661934546e-06
1.738314684757837725e+01 7.374069171104444587e-06
1.768637079511793431e+01 5.478060569239439822e-06
1.800000000000201084e+01 3.999170114113637496e-06
