-1.800000000000201084e+01 8.444210899681545492e-08
-1.768637079511795918e+01 2.199933964618748210e-07
-1.738314684757837725e+01 2.905032917044023274e-07
-1.708981328123576660e+01 3.874336358622188978e-07
-1.680588863433072433e+01 5.194394684223312367e-07
-1.653092219204418001e+01 6.625812640961139142e-07
-1.626449157056260830e+01 8.401716098895022779e-07
-1.600620052541652782e+01 1.058109017895620528e-06
-1.575567696017295916e+01 1.340695807791097080e-06
-1.551257111443442049e+01 1.688722637325505954e-06
-1.527655391258613626e+01 2.062939544300031414e-06
-1.504731545689701200e+01 2.471751166614406236e-06
-1.482456365046278535e+01 3.015649452817930806e-06
-1.460802293712368716e+01 3.573099158902423664e-06
-1.439743314692604947e+01 4.277037989250470541e-06
-1.419254843695589230e+01 5.063235583074959113e-06
-1.399313631847824624e+01 5.935909674393428528e-06
-1.379897676228727654e+01 6.907992667598906027e-06
-1.360986137502872673e+01 7.990915484285191612e-06
-1.342559264001182306e+01 9.210429099167613992e-06
-1.324598321669588152e+01 1.057618938642502832e-05
-1.307085529362816168e+01 1.207354153986020062e-05
-1.290003999013476133e+01 1.365882925782714729e-05
-1.273337680253193582e+01 1.546030876559977593e-05
-1.257071309104041035e+01 1.739453318693001503e-05
-1.241190360395464154e+01 1.948649263984199542e-05
-1.225681003594876195e+01 2.179391109812149762e-05
-1.210530061769597765e+01 2.428373040547000098e-05
-1.195724973424155202e+01 2.693010461939730060e-05
-1.181253756980619762e+01 2.969912672031583859e-05
-1.167104977690866718e+01 3.277295569601610347e-05
-1.153267716788677255e+01 3.596744327537844258e-05
-1.139731542706779699e+01 3.935266435171131045e-05
-1.126486484199332239e+01 4.291444725518812886e-05
-1.113523005224293527e+01 4.678084694270770075e-05
-1.100831981452695096e+01 5.079262748285359752e-05
-1.088404678283180083e+01 5.501595967995269411e-05
-1.076232730250476877e+01 5.956688279235895387e-05
-1.064308121725769141e+01 6.407503588781916391e-05
-1.052623168815380517e+01 6.899657438110725336e-05
-1.041170502371859463e+01 7.433020968267855686e-05
-1.029943052038521678e+01 7.961782097463516409e-05
-1.018934031254830330e+01 8.511653456334740712e-05
-1.008136923155793951e+01 9.109293652894678828e-05
-9.975454673037956965e+00 9.722324908901170597e-05
-9.871536471960840942e+00 1.034085547515063252e-04
-9.769556784955334194e+00 1.099475725044488192e-04
-9.669459979362780899e+00 1.166979836369356810e-04
-9.571192528595137361e+00 1.237251784605931308e-04
-9.474702913380864899e+00 1.307841023205166429e-04
-9.379941528515811200e+00 1.380949003492066575e-04
-9.286860594764403842e+00 1.459929039222203394e-04
-9.195414075582201363e+00 1.539993881824880395e-04
-9.105557598354884874e+00 1.619253724598231211e-04
-9.017248379870389741e+00 1.702783174777421191e-04
-8.930445155761116638e+00 1.789840998888487448e-04
-8.845108113671695804e+00 1.876624714906933100e-04
-8.761198829924738973e+00 1.968539901381132710e-04
-8.678680209472876328e+00 2.059316649246827687e-04
-8.597516428939853128e+00 2.156650168661380462e-04
-8.517672882566811765e+00 2.252918886540008852e-04
-8.439116130892410084e+00 2.349237272417434698e-04
-8.361813852006719117e+00 2.454141697312488637e-04
-8.285734795229661387e+00 2.557395494060786274e-04
-8.210848737074378789e+00 2.663474564077794116e-04
-8.137126439365120589e+00 2.773101010692271108e-04
-8.064539609387715302e+00 2.881965316523005293e-04
-7.993060861958362295e+00 2.994011820424794814e-04
-7.922663683303976967e+00 3.111193385120535667e-04
-7.853322396653874549e+00 3.228342952509039997e-04
-7.785012129448951157e+00 3.347496403170938518e-04
-7.717708782080378249e+00 3.467412988307523721e-04
-7.651388998075133507e+00 3.591092009116171840e-04
-7.586030135650944750e+00 3.715221617985020575e-04
-7.521610240567749628e+00 3.842140705262652930e-04
-7.458108020207273370e+00 3.976897078390782651e-04
-7.395502818816379609e+00 4.109112830395405050e-04
-7.333774593853726209e+00 4.243124118348040380e-04
-7.272903893382695273e+00 4.376128234226800678e-04
-7.212871834457117437e+00 4.512439861028997375e-04
-7.153660082449187385e+00 4.655399938429983521e-04
-7.095250831272068126e+00 4.801300682822908991e-04
-7.037626784452278628e+00 4.947585031026658460e-04
-6.980771137009643468e+00 5.092725581311100804e-04
-6.924667558104775189e+00 5.240618796027984036e-04
-6.869300174416541616e+00 5.389367454017278142e-04
-6.814653554213885300e+00 5.543246119121030468e-04
-6.760712692088343800e+00 5.697253472441808761e-04
-6.707462994315648963e+00 5.853357495388320213e-04
-6.654890264816202716e+00 6.010675676268758920e-04
-6.602980691686176407e+00 6.176167340558908099e-04
-6.551720834272277472e+00 6.339863762869822703e-04
-6.501097610764786872e+00 6.504085521726588309e-04
-6.451098286284775440e+00 6.673115591748154680e-04
-6.401710461442654321e+00 6.843782205261264660e-04
-6.352922061346510496e+00 7.016107727929939576e-04
-6.304721325039668756e+00 7.190797529676398086e-04
-6.257096795348075169e+00 7.364583964603352122e-04
-6.210037309119101678e+00 7.540299430692997632e-04
-6.163531987834188541e+00 7.721081385679224099e-04
-6.117570228578837366e+00 7.906322160244594853e-04
-6.072141695354100754e+00 8.088663211328227980e-04
-6.027236310714632950e+00 8.276613004441278447e-04
-5.982844247719062203e+00 8.464131790638759929e-04
-5.938955922179146363e+00 8.652746582868869928e-04
-5.895561985194874843e+00 8.847626813866162759e-04
-5.852653315963272540e+00 9.042735874634718913e-04
-5.810221014849253685e+00 9.238856540951881097e-04
-5.768256396707496236e+00 9.437129115002074317e-04
-5.726750984444712422e+00 9.641883849584639149e-04
-5.685696502812374042e+00 9.849866429860448108e-04
-5.645084872420248701e+00 1.005687600613874508e-03
-5.604908203961667112e+00 1.026116838350504346e-03
-5.565158792641851981e+00 1.047139392906849950e-03
-5.525829112800970222e+00 1.068532367618650440e-03
-5.486911812724083681e+00 1.089863557262739802e-03
-5.448399709630409760e+00 1.111927949741930034e-03
-5.410285784834729661e+00 1.134354283167485732e-03
-5.372563179074079542e+00 1.156801641840319445e-03
-5.335225187993163587e+00 1.179363921122938887e-03
-5.298265257782246884e+00 1.202056190995248438e-03
-5.261676980961550676e+00 1.225181717047371882e-03
-5.225454092306433651e+00 1.248236585793872401e-03
-5.189590464907923639e+00 1.271584459354352598e-03
-5.154080106363324809e+00 1.295472710922178101e-03
-5.118917155092023386e+00 1.319611477712405272e-03
-5.084095876771596245e+00 1.344036131598660413e-03
-5.049610660889740643e+00 1.368383056191192684e-03
-5.015456017407655231e+00 1.392634564342426539e-03
-4.981626573530626878e+00 1.417408871803592634e-03
-4.948117070581910859e+00 1.442892684508869598e-03
-4.914922360976011539e+00 1.468663595976034842e-03
-4.882037405287712239e+00 1.494484876086151241e-03
-4.849457269413337102e+00 1.520708037480990923e-03
-4.817177121820895636e+00 1.547447577537182546e-03
-4.785192230885824571e+00 1.574217294081970081e-03
-4.753497962309302771e+00 1.601102041793180759e-03
-4.722089776616123835e+00 1.628386163582387549e-03
-4.690963226729293112e+00 1.656028708029120937e-03
-4.660113955618596648e+00 1.683971028152245111e-03
-4.629537694020590344e+00 1.712293672422101655e-03
-4.599230258227382961e+00 1.740763810270381596e-03
-4.569187547941903738e+00 1.769198566049478378e-03
-4.539405544197283149e+00 1.797965066899295458e-03
-4.509880307338105077e+00 1.827526585707372250e-03
-4.480607975061465353e+00 1.857631245974624779e-03
-4.451584760515686412e+00 1.887962249414111516e-03
-4.422806950454783781e+00 1.918575929097789427e-03
-4.394270903446768628e+00 1.949644203933109058e-03
-4.365973048133954926e+00 1.980826777841217853e-03
-4.337909881543509094e+00 2.011982677834508841e-03
-4.310077967446587444e+00 2.043836871663054066e-03
-4.282473934764412071e+00 2.076293570244800053e-03
-4.255094476019731786e+00 2.108577509994346601e-03
-4.227936345832168819e+00 2.140857784956234910e-03
-4.200996359456015128e+00 2.173806968767949890e-03
-4.174271391359062555e+00 2.207503580766303521e-03
-4.147758373841154089e+00 2.241731672463690914e-03
-4.121454295691163061e+00 2.276312600639741023e-03
-4.095356200881122177e+00 2.310995403951818759e-03
-4.069461187296388616e+00 2.345827135356196719e-03
-4.043766405500584860e+00 2.381076256252278277e-03
-4.018269057534298305e+00 2.416938822592478060e-03
-3.992966395746416985e+00 2.453412243053140415e-03
-3.967855721657088441e+00 2.490129512651874290e-03
-3.942934384851309204e+00 2.526783221368526268e-03
-3.918199781902168777e+00 2.563623960635469726e-03
-3.893649355322847061e+00 2.601208381972452618e-03
-3.869280592546462394e+00 2.639732929834910126e-03
-3.845091024932894896e+00 2.679089111958313230e-03
-3.821078226801797317e+00 2.719027990879371338e-03
-3.797239814490932730e+00 2.759045902796943440e-03
-3.773573445439120100e+00 2.799042660094772962e-03
-3.750076817293014120e+00 2.839355217929095780e-03
-3.726747667036997225e+00 2.880098916798394353e-03
-3.703583770145510101e+00 2.921280923262056274e-03
-3.680582939757102157e+00 2.963099507603370215e-03
-3.657743025869630404e+00 3.005812256847151254e-03
-3.635061914555887341e+00 3.049408772012139092e-03
-3.612537527199123133e+00 3.093505873303873527e-03
-3.590167819747855482e+00 3.137731218990176627e-03
-3.567950781989368547e+00 3.182113410095899382e-03
-3.545884436841426179e+00 3.226923677398956837e-03
-3.523966839661581307e+00 3.272280736831546539e-03
-3.502196077573649369e+00 3.318029809720492596e-03
-3.480570268810808887e+00 3.364155181884096943e-03
-3.459087562074850908e+00 3.411027325831378007e-03
-3.437746135911134981e+00 3.458973171603191028e-03
-3.416544198098792506e+00 3.507870097012344077e-03
-3.395479985055740890e+00 3.557376685301394306e-03
-3.374551761258098193e+00 3.607289399249400536e-03
-3.353757818673582580e+00 3.657605598904047420e-03
-3.333096476208523118e+00 3.708438741006821974e-03
-3.312566079168071553e+00 3.759891617303769314e-03
-3.292164998729279812e+00 3.812119131532685015e-03
-3.271891631426664837e+00 3.865240769265229463e-03
-3.251744398649922374e+00 3.919066728491926201e-03
-3.231721746153456643e+00 3.973247494648388285e-03
-3.211822143577407918e+00 4.027780304638991019e-03
-3.192044083979844071e+00 4.082977511720708129e-03
-3.172386083379843402e+00 4.138986007756813301e-03
-3.152846680311138350e+00 4.195627759702705642e-03
-3.133424435386072737e+00 4.252768320296173785e-03
-3.114117930869558570e+00 4.310617097435240526e-03
-3.094925770262795250e+00 4.369509271214638141e-03
-3.075846577896469647e+00 4.429556726881294162e-03
-3.056878998533198555e+00 4.490628902977478361e-03
-3.038021696978961295e+00 4.552452114807028702e-03
-3.019273357703287086e+00 4.614776756266881705e-03
-3.000632684467968048e+00 4.677664655016436704e-03
-2.982098399964077995e+00 4.741426563551432057e-03
-2.963669245457069223e+00 4.806272902742944088e-03
-2.945343980439752762e+00 4.872115507214240873e-03
-2.927121382292947160e+00 4.938799698968895577e-03
-2.909000245953597297e+00 5.006114056772004509e-03
-2.890979383590179363e+00 5.073837837865744979e-03
-2.873057624285205058e+00 5.142007155397167878e-03
-2.855233813724623815e+00 5.211084525939923932e-03
-2.837506813893987179e+00 5.281479328193037365e-03
-2.819875502781155951e+00 5.353152312870970361e-03
-2.802338774085429751e+00 5.425806701882013479e-03
-2.784895536932901372e+00 5.499265439990137783e-03
-2.767544715597910265e+00 5.573580442841273054e-03
-2.750285249230413953e+00 5.648935701299322328e-03
-2.733116091589155250e+00 5.725599576470608715e-03
-2.716036210780464089e+00 5.803748713181034261e-03
-2.699044589002566052e+00 5.883358196026304554e-03
-2.682140222295249732e+00 5.964186816185712559e-03
-2.665322120294779662e+00 6.045836577690957316e-03
-2.648589305993904297e+00 6.128069563797193704e-03
-2.631940815506855547e+00 6.210950876733393154e-03
-2.615375697839200431e+00 6.294772615444749544e-03
-2.598893014662444045e+00 6.379801631686922436e-03
-2.582491840093254609e+00 6.466175625757402713e-03
-2.566171260477212002e+00 6.553952340329230117e-03
-2.549930374176959447e+00 6.643139555257540629e-03
-2.533768291364664638e+00 6.733733296469213321e-03
-2.517684133818677505e+00 6.825737893968602393e-03
-2.501677034724291371e+00 6.919115566340089396e-03
-2.485746138478510670e+00 7.013768267960976410e-03
-2.469890600498723998e+00 7.109638804334848447e-03
-2.454109587035200768e+00 7.206826696030998840e-03
-2.438402274987315543e+00 7.305507611299198040e-03
-2.422767851723407695e+00 7.405872388570415403e-03
-2.407205514904207533e+00 7.507911198420041607e-03
-2.391714472309731221e+00 7.611424612886918614e-03
-2.376293941669569421e+00 7.716241967105843744e-03
-2.360943150496495058e+00 7.822411930112209075e-03
-2.345661335923311608e+00 7.930198173644991896e-03
-2.330447744542858413e+00 8.039797544289243453e-03
-2.315301632251118846e+00 8.151188653364171977e-03
-2.300222264093345625e+00 8.264310276989629556e-03
-2.285208914113144640e+00 8.379233397502371117e-03
-2.270260865204440481e+00 8.496081717188462210e-03
-2.255377408966269037e+00 8.614788438204578486e-03
-2.240557845560325223e+00 8.735132354563964613e-03
-2.225801483571210770e+00 8.857014795562279108e-03
-2.211107639869315467e+00 8.980556967264064633e-03
-2.196475639476279440e+00 9.106039712558806898e-03
-2.181904815432973432e+00 9.233635607027855519e-03
-2.167394508669943320e+00 9.363388894041254490e-03
-2.152944067880271817e+00 9.495282615986236699e-03
-2.138552849394784516e+00 9.629297390677062085e-03
-2.124220217059574090e+00 9.765511760885171866e-03
-2.109945542115772454e+00 9.904036069361417394e-03
-2.095728203081529628e+00 1.004495474210509269e-02
-2.081567585636154849e+00 1.018828357660945920e-02
-2.067463082506362237e+00 1.033399862001260945e-02
-2.053414093354584136e+00 1.048205482181459314e-02
-2.039420024669305942e+00 1.063252770087038182e-02
-2.025480289657382471e+00 1.078553947854036729e-02
-2.011594308138276332e+00 1.094116466059140425e-02
-1.997761506440205226e+00 1.109943168792251571e-02
-1.983981317298131319e+00 1.126035424433359348e-02
-1.970253179753569617e+00 1.142400142613574088e-02
-1.956576539056167352e+00 1.159047475246153050e-02
-1.942950846567025547e+00 1.175990792530417529e-02
-1.929375559663717654e+00 1.193245953011815887e-02
-1.915850141646975535e+00 1.210825190925891859e-02
-1.902374061649005244e+00 1.228734249249065040e-02
-1.888946794543396868e+00 1.246966837816582130e-02
-1.875567820856598900e+00 1.265503404503097104e-02
-1.862236626680921825e+00 1.284328957670415397e-02
-1.848952703589041180e+00 1.303442654981593757e-02
-1.835715548549967879e+00 1.322866198134935167e-02
-1.822524663846452730e+00 1.342636242415462880e-02
-1.809379556993800708e+00 1.362787961568224376e-02
-1.796279740660062796e+00 1.383340590925656415e-02
-1.783224732587581407e+00 1.404302158910580856e-02
-1.770214055515849871e+00 1.425675620962480600e-02
-1.757247237105675541e+00 1.447460008941106949e-02
-1.744323809864610553e+00 1.469663647107940715e-02
-1.731443311073621372e+00 1.492297943514635239e-02
-1.718605282714980698e+00 1.515377193546017971e-02
-1.705809271401351745e+00 1.538918352221317447e-02
-1.693054828306041149e+00 1.562938084717976212e-02
-1.680341509094399610e+00 1.587446319112123527e-02
-1.667668873856344547e+00 1.612450001941973313e-02
-1.655036487039980519e+00 1.637959196733414918e-02
-1.642443917386301022e+00 1.663991360770988859e-02
-1.629890737864948980e+00 1.690564519595435036e-02
-1.617376525611005755e+00 1.717686963631381153e-02
-1.604900861862805783e+00 1.745363369830722072e-02
-1.592463331900736856e+00 1.773605853168233604e-02
-1.580063524987020074e+00 1.802435328652784302e-02
-1.567701034306447028e+00 1.831871921318032129e-02
-1.555375456908052678e+00 1.861930338669033624e-02
-1.543086393647707277e+00 1.892620374142118395e-02
-1.530833449131608237e+00 1.923957728266859762e-02
-1.518616231660659732e+00 1.955969597922813108e-02
-1.506434353175712282e+00 1.988692725803266337e-02
-1.494287429203655870e+00 2.022162762657474244e-02
-1.482175078804342627e+00 2.056408728880999848e-02
-1.470096924518329295e+00 2.091451230536617648e-02
-1.458052592315416618e+00 2.127304680440181978e-02
-1.446041711543979202e+00 2.163983059964882244e-02
-1.434063914881057000e+00 2.201506386408589450e-02
-1.422118838283209508e+00 2.239901099027485215e-02
-1.410206120938107599e+00 2.279203367391545443e-02
-1.398325405216850115e+00 2.319454768741036760e-02
-1.386476336626996986e+00 2.360695242834606050e-02
-1.374658563766294916e+00 2.402955060853348423e-02
-1.362871738277095179e+00 2.446254354924818145e-02
-1.351115514801437101e+00 2.490607917971581625e-02
-1.339389550936797013e+00 2.536039430773733006e-02
-1.327693507192477362e+00 2.582586666214923068e-02
-1.316027046946637080e+00 2.630303669104153835e-02
-1.304389836403941239e+00 2.679252358459381991e-02
-1.292781544553817996e+00 2.729488478196518547e-02
-1.281201843129320173e+00 2.781061922540477988e-02
-1.269650406566570577e+00 2.834016545942506099e-02
-1.258126911964788874e+00 2.888388874006092566e-02
-1.246631039046874889e+00 2.944223904232068020e-02
-1.235162470120555911e+00 3.001571194338660889e-02
-1.223720890040073339e+00 3.060486107974214748e-02
-1.212305986168408234e+00 3.121035253523807285e-02
-1.200917448340022453e+00 3.183281361584923419e-02
-1.189554968824123149e+00 3.247293683065465009e-02
-1.178218242288426865e+00 3.313147365184490600e-02
-1.166906965763418569e+00 3.380920741395776474e-02
-1.155620838607101852e+00 3.450698320196508156e-02
-1.144359562470215863e+00 3.522566225405060480e-02
-1.133122841261928526e+00 3.596603176716634681e-02
-1.121910381115985400e+00 3.672878151523822216e-02
-1.110721890357309283e+00 3.751463627709563514e-02
-1.099557079469039467e+00 3.832447059585396276e-02
-1.088415661060010642e+00 3.915938925788375879e-02
-1.077297349832647466e+00 4.002062540671220275e-02
-1.066201862551285018e+00 4.090947188224422493e-02
-1.055128918010896033e+00 4.182723150476128082e-02
-1.044078237006218046e+00 4.277515934245644524e-02
-1.033049542301277102e+00 4.375446273697856936e-02
-1.022042558599299822e+00 4.476636758339094802e-02
-1.011057012512998066e+00 4.581229143154109951e-02
-1.000092632535235726e+00 4.689379634639348482e-02
-9.891491490100537964e-01 4.801251123161233425e-02
-9.782262941040561488e-01 4.917008492868931574e-02
-9.673238017781481402e-01 5.036825393981479715e-02
-9.564414077596213870e-01 5.160887806291609980e-02
-9.455788495145712735e-01 5.289391253453429309e-02
-9.347358662206534108e-01 5.422544582784009914e-02
-9.239121987401626157e-01 5.560574709874976929e-02
-9.131075895934324116e-01 5.703715065093008935e-02
-9.023217829325496098e-01 5.852216344143230942e-02
-8.915545245153719822e-01 6.006352453321271712e-02
-8.808055616798529108e-01 6.166417056556208753e-02
-8.700746433186589135e-01 6.332713328522426854e-02
-8.593615198540814903e-01 6.505554175183501930e-02
-8.486659432132259706e-01 6.685251443711374975e-02
-8.379876668034880183e-01 6.872121689932450539e-02
-8.273264454882990337e-01 7.066504682201341092e-02
-8.166820355631438932e-01 7.268772404966122869e-02
-8.060541947318363709e-01 7.479331205605044275e-02
-7.954426820830584610e-01 7.698620880924486598e-02
-7.848472580671504994e-01 7.927110963791814124e-02
-7.742676844731486430e-01 8.165296927325366161e-02
-7.637037244060699281e-01 8.413683812864983236e-02
-7.531551422644284788e-01 8.672789608732515976e-02
-7.426217037179922986e-01 8.943165996895306724e-02
-7.321031756857663275e-01 9.225385065776342541e-02
-7.215993263142009839e-01 9.520051779800044189e-02
-7.111099249556180890e-01 9.827808889434325179e-02
-7.006347421468592795e-01 1.014932833200749424e-01
-6.901735495881351490e-01 1.048530027453228319e-01
-6.797261201220911042e-01 1.083645783693564096e-01
-6.692922277130706199e-01 1.120356139379307392e-01
-6.588716474265783329e-01 1.158742604659002140e-01
-6.484641554089376481e-01 1.198891753399516369e-01
-6.380695288671385246e-01 1.240893968647169554e-01
-6.276875460488731129e-01 1.284842365983296375e-01
-6.173179862227488046e-01 1.330830590889346965e-01
-6.069606296586862459e-01 1.378951349978330132e-01
-5.966152576084875481e-01 1.429296924244133071e-01
-5.862816522865772484e-01 1.481960161125275011e-01
-5.759595968509094721e-01 1.537035364120672432e-01
-5.656488753840412942e-01 1.594618143662351883e-01
-5.553492728743597562e-01 1.654803709535012657e-01
-5.450605751974718638e-01 1.717684207198009738e-01
-5.347825690977430213e-01 1.783346993509562495e-01
-5.245150421699888987e-01 1.851870426127223412e-01
-5.142577828413065211e-01 1.923323510888260146e-01
-5.040105803530536832e-01 1.997762346034030467e-01
-4.937732247429644228e-01 2.075225589033513063e-01
-4.835455068274036594e-01 2.155730731139228473e-01
-4.733272181837471781e-01 2.239269896983249741e-01
-4.631181511328986700e-01 2.325805145695496456e-01
-4.529180987219272314e-01 2.415263291571032589e-01
-4.427268547068332061e-01 2.507532411158867047e-01
-4.325442135354257145e-01 2.602451235511248351e-01
-4.223699703303245845e-01 2.699800744210886783e-01
-4.122039208720716941e-01 2.799295092891955772e-01
-4.020458615823537807e-01 2.900569464975090161e-01
-3.918955895073323314e-01 3.003169735046568034e-01
-3.817529023010813316e-01 3.106541720857167732e-01
-3.716175982091194929e-01 3.210025439332300778e-01
-3.614894760520483419e-01 3.312848482205197342e-01
-3.513683352092828449e-01 3.414120938488903745e-01
-3.412539756028758475e-01 3.512830219216008798e-01
-3.311461976814312758e-01 3.607837205477156250e-01
-3.210448024041094306e-01 3.697875209823085485e-01
-3.109495912247085547e-01 3.781557064324901352e-01
-3.008603660758366605e-01 3.857389132034040879e-01
-2.907769293531580201e-01 3.923797851359954736e-01
-2.806990838997174276e-01 3.979162797580169109e-01
-2.706266329903371237e-01 4.021859802414418095e-01
-2.605593803160889399e-01 4.050313597522572917e-01
-2.504971299688272257e-01 4.063060504065738043e-01
-2.404396864257955790e-01 4.058821777571117173e-01
-2.303868545342923901e-01 4.036585604921491544e-01
-2.203384394963986970e-01 3.995693681698388455e-01
-2.102942468537628840e-01 3.935926826132556400e-01
-2.002540824724450275e-01 3.857584529130582696e-01
-1.902177525278067050e-01 3.761553093787902147e-01
-1.801850634894590075e-01 3.649357373193952148e-01
-1.701558221062540455e-01 3.523191223132354777e-01
-1.601298353913264694e-01 3.385922206891975317e-01
-1.501069106071708514e-01 3.241066465031916533e-01
-1.400868552507662790e-01 3.092730779527022023e-01
-1.300694770387391397e-01 2.945518139069688290e-01
-1.200545838925550501e-01 2.804387577649318231e-01
-1.100419839237516545e-01 2.674447718715826650e-01
-1.000314854191983877e-01 2.560647388806341906e-01
-9.002289682638489610e-02 2.467317095549563521e-01
-8.001602673873924043e-02 2.397532824139541607e-01
-7.001068388096250150e-02 2.352344058486841860e-01
-6.000667709439190534e-02 2.330046967858298845e-01
-5.000381532237931775e-02 2.325838714852814237e-01
-4.000190759568706539e-02 2.332245913316498831e-01
-3.000076301789707939e-02 2.340536611243964060e-01
-2.000019075083557876e-02 2.342876707868281894e-01
-9.999999999999974187e-03 2.334482717525891426e-01
0.000000000000000000e+00 2.314809956135821800e-01
9.999999999999974187e-03 2.287162407839906653e-01
2.000019075083557876e-02 2.256893769691439289e-01
3.000076301789707939e-02 2.229102415042948371e-01
4.000190759568635068e-02 2.206911784289689316e-01
5.000381532237860305e-02 2.190967662952678641e-01
6.000667709439118369e-02 2.180044856456542779e-01
7.001068388096322315e-02 2.172148072151911524e-01
8.001602673873996208e-02 2.165459077001117560e-01
9.002289682638561774e-02 2.158801761555562138e-01
1.000314854191983877e-01 2.151654251265785467e-01
1.100419839237516545e-01 2.143922637458881009e-01
1.200545838925550501e-01 2.135685176882281266e-01
1.300694770387391397e-01 2.127016133169581380e-01
1.400868552507662790e-01 2.117908019141835352e-01
1.501069106071708514e-01 2.108264769439907593e-01
1.601298353913264694e-01 2.097931669826967049e-01
1.701558221062540455e-01 2.086736634248734512e-01
1.801850634894582859e-01 2.074527829960722269e-01
1.902177525278067050e-01 2.061200292788695210e-01
2.002540824724450275e-01 2.046709115316968364e-01
2.102942468537628840e-01 2.031070210201925963e-01
2.203384394963986970e-01 2.014352177445768444e-01
2.303868545342923901e-01 1.996663734490555231e-01
2.404396864257955790e-01 1.978140985113998052e-01
2.504971299688272257e-01 1.958937144582378609e-01
2.605593803160889399e-01 1.939215131343935139e-01
2.706266329903371237e-01 1.919141715924842784e-01
2.806990838997167059e-01 1.898881938154671212e-01
2.907769293531572985e-01 1.878593355715719726e-01
3.008603660758359388e-01 1.858420889594225300e-01
3.109495912247092764e-01 1.838493060404214896e-01
3.210448024041101522e-01 1.818920600862360959e-01
3.311461976814320529e-01 1.799797815822073432e-01
3.412539756028758475e-01 1.781203968267485727e-01
3.513683352092828449e-01 1.763206389581783995e-01
3.614894760520483419e-01 1.745862007123973325e-01
3.716175982091194929e-01 1.729218709941763299e-01
3.817529023010813316e-01 1.713315536886571011e-01
3.918955895073323314e-01 1.698182749217795329e-01
4.020458615823530590e-01 1.683842206298429289e-01
4.122039208720709169e-01 1.670308418542824080e-01
4.223699703303238628e-01 1.657588059970016292e-01
4.325442135354264361e-01 1.645681510745139187e-01
4.427268547068339277e-01 1.634583563935338990e-01
4.529180987219279531e-01 1.624285535570143546e-01
4.631181511328986700e-01 1.614775310042804723e-01
4.733272181837471781e-01 1.606037761307704259e-01
4.835455068274036594e-01 1.598056725290671054e-01
4.937732247429644228e-01 1.590813949779101844e-01
5.040105803530536832e-01 1.584289722370293418e-01
5.142577828413065211e-01 1.578463351778685575e-01
5.245150421699888987e-01 1.573313135833460941e-01
5.347825690977430213e-01 1.568816121688802190e-01
5.450605751974710866e-01 1.564949021773410776e-01
5.553492728743597562e-01 1.561690094935104800e-01
5.656488753840412942e-01 1.559017983541710339e-01
5.759595968509094721e-01 1.556913017489012230e-01
5.862816522865772484e-01 1.555355639638306975e-01
5.966152576084875481e-01 1.554325340824584956e-01
6.069606296586862459e-01 1.553800413107473966e-01
6.173179862227488046e-01 1.553758361254763964e-01
6.276875460488731129e-01 1.554177408472688926e-01
6.380695288671385246e-01 1.555037488008113589e-01
6.484641554089369819e-01 1.556319569688859317e-01
6.588716474265774448e-01 1.558005561187427168e-01
6.692922277130698427e-01 1.560078325927381493e-01
6.797261201220904381e-01 1.562520346825816697e-01
6.901735495881360372e-01 1.565314824370380165e-01
7.006347421468600567e-01 1.568446080731853431e-01
7.111099249556188662e-01 1.571897182400187054e-01
7.215993263142009839e-01 1.575653200278309407e-01
7.321031756857663275e-01 1.579697738797805340e-01
7.426217037179922986e-01 1.584014248332294983e-01
7.531551422644284788e-01 1.588586811680118838e-01
7.637037244060699281e-01 1.593399421982146236e-01
7.742676844731486430e-01 1.598434689726728475e-01
7.848472580671498333e-01 1.603677488117209449e-01
7.954426820830577949e-01 1.609113581197855192e-01
8.060541947318363709e-01 1.614728965227604784e-01
8.166820355631446704e-01 1.620512492932416615e-01
8.273264454882999219e-01 1.626453687261305014e-01
8.379876668034880183e-01 1.632541334840280634e-01
8.486659432132259706e-01 1.638763064366931255e-01
8.593615198540814903e-01 1.645106670189445952e-01
8.700746433186589135e-01 1.651561365418807714e-01
8.808055616798529108e-01 1.658116090722391578e-01
8.915545245153719822e-01 1.664758699125568620e-01
9.023217829325496098e-01 1.671477503142571042e-01
9.131075895934324116e-01 1.678259958646285688e-01
9.239121987401619496e-01 1.685093846999329847e-01
9.347358662206525226e-01 1.691969196145687859e-01
9.455788495145712735e-01 1.698878068516417872e-01
9.564414077596213870e-01 1.705812568211582114e-01
9.673238017781488063e-01 1.712767872437022110e-01
9.782262941040561488e-01 1.719738687103657404e-01
9.891491490100537964e-01 1.726716578833321081e-01
1.000092632535235726e+00 1.733692103539090923e-01
1.011057012512998066e+00 1.740655810921188928e-01
1.022042558599299822e+00 1.747596799333955842e-01
1.033049542301277102e+00 1.754503289902162311e-01
1.044078237006217380e+00 1.761363582206793010e-01
1.055128918010895367e+00 1.768168874087672759e-01
1.066201862551284352e+00 1.774910133107675536e-01
1.077297349832648132e+00 1.781578818500122452e-01
1.088415661060011308e+00 1.788168383697624209e-01
1.099557079469040355e+00 1.794675647683549036e-01
1.110721890357309283e+00 1.801098568099169794e-01
1.121910381115985400e+00 1.807434033683933128e-01
1.133122841261928526e+00 1.813678963733040272e-01
1.144359562470215863e+00 1.819828263020802361e-01
1.155620838607101852e+00 1.825874101544214534e-01
1.166906965763418569e+00 1.831805335830795634e-01
1.178218242288425976e+00 1.837612302367700456e-01
1.189554968824123149e+00 1.843289120350909693e-01
1.200917448340022453e+00 1.848833000139061544e-01
1.212305986168408900e+00 1.854239571862671965e-01
1.223720890040074227e+00 1.859504865987782474e-01
1.235162470120555911e+00 1.864628174648728931e-01
1.246631039046874889e+00 1.869605618939696734e-01
1.258126911964788874e+00 1.874436361874334267e-01
1.269650406566570577e+00 1.879116297771191435e-01
1.281201843129320173e+00 1.883636621946671585e-01
1.292781544553817996e+00 1.887991378651704966e-01
1.304389836403941239e+00 1.892173310018596954e-01
1.316027046946637080e+00 1.896179465278243215e-01
1.327693507192476696e+00 1.900010843452668019e-01
1.339389550936796125e+00 1.903665770421441306e-01
1.351115514801436435e+00 1.907141448987086652e-01
1.362871738277095179e+00 1.910433198068317018e-01
1.374658563766295805e+00 1.913534990925887525e-01
1.386476336626997652e+00 1.916445291253692229e-01
1.398325405216850559e+00 1.919166478796547892e-01
1.410206120938107599e+00 1.921704014814616945e-01
1.422118838283209508e+00 1.924060955615358726e-01
1.434063914881057000e+00 1.926234761286851060e-01
1.446041711543979202e+00 1.928216128299451160e-01
1.458052592315416618e+00 1.929993935633292079e-01
1.470096924518328407e+00 1.931558713328584975e-01
1.482175078804341739e+00 1.932909050042465049e-01
1.494287429203654982e+00 1.934049980770958799e-01
1.506434353175713392e+00 1.934988308447723182e-01
1.518616231660660620e+00 1.935728674964986296e-01
1.530833449131608681e+00 1.936271858308082905e-01
1.543086393647707277e+00 1.936614406440368974e-01
1.555375456908052678e+00 1.936753326578874168e-01
1.567701034306447028e+00 1.936687928414198567e-01
1.580063524987019630e+00 1.936420440191697345e-01
1.592463331900736190e+00 1.935953122784484781e-01
1.604900861862805117e+00 1.935288325747345495e-01
1.617376525611005755e+00 1.934424245304137147e-01
1.629890737864948091e+00 1.933357679931231310e-01
1.642443917386300800e+00 1.932087027131695611e-01
1.655036487039980742e+00 1.930612197680732778e-01
1.667668873856345213e+00 1.928931925714973961e-01
1.680341509094400276e+00 1.927047042649221720e-01
1.693054828306040926e+00 1.924960093534748840e-01
1.705809271401351079e+00 1.922672451504340296e-01
1.718605282714980920e+00 1.920187722404894104e-01
1.731443311073621594e+00 1.917510623037109452e-01
1.744323809864610997e+00 1.914647148014908540e-01
1.757247237105675541e+00 1.911598296496079263e-01
1.770214055515848983e+00 1.908358640644279014e-01
1.783224732587580741e+00 1.904920991992956891e-01
1.796279740660062352e+00 1.901290153285316031e-01
1.809379556993800708e+00 1.897469274529393068e-01
1.822524663846453397e+00 1.893464816375522719e-01
1.835715548549968767e+00 1.889284987574468277e-01
1.848952703589041624e+00 1.884929188120915977e-01
1.862236626680921825e+00 1.880392303449350266e-01
1.875567820856598900e+00 1.875670247551552428e-01
1.888946794543396868e+00 1.870764163498215837e-01
1.902374061649005244e+00 1.865677868191232824e-01
1.915850141646975535e+00 1.860422113877425454e-01
1.929375559663716988e+00 1.855001763143501459e-01
1.942950846567024437e+00 1.849419412248471117e-01
1.956576539056166242e+00 1.843677546791304134e-01
1.970253179753570727e+00 1.837775853987844987e-01
1.983981317298132430e+00 1.831717288159949164e-01
1.997761506440205892e+00 1.825505870524368746e-01
2.011594308138276332e+00 1.819142067616937308e-01
2.025480289657382471e+00 1.812627630186696703e-01
2.039420024669305942e+00 1.805963932638752767e-01
2.053414093354583247e+00 1.799154141255271955e-01
2.067463082506361793e+00 1.792196007781341749e-01
2.081567585636154405e+00 1.785084342234714017e-01
2.095728203081529628e+00 1.777823451138192123e-01
2.109945542115771566e+00 1.770418258021721758e-01
2.124220217059573645e+00 1.762882149367907547e-01
2.138552849394784072e+00 1.755225247056511062e-01
2.152944067880272261e+00 1.747448119468769656e-01
2.167394508669943765e+00 1.739546435686444292e-01
2.181904815432972988e+00 1.731523977948803972e-01
2.196475639476278996e+00 1.723379088904231360e-01
2.211107639869315911e+00 1.715109747196020273e-01
2.225801483571211214e+00 1.706719304574563778e-01
2.240557845560325667e+00 1.698210993384420275e-01
2.255377408966268149e+00 1.689598177794645606e-01
2.270260865204440481e+00 1.680886233652343631e-01
2.285208914113143308e+00 1.672078095185429714e-01
2.300222264093344737e+00 1.663172488508353197e-01
2.315301632251118846e+00 1.654166104760985689e-01
2.330447744542859301e+00 1.645058860539922452e-01
2.345661335923311608e+00 1.635846762209765548e-01
2.360943150496495946e+00 1.626526593051418890e-01
2.376293941669568088e+00 1.617103160296250730e-01
2.391714472309731221e+00 1.607594427111916358e-01
2.407205514904206645e+00 1.598019360045875581e-01
2.422767851723407695e+00 1.588376272169514380e-01
2.438402274987316432e+00 1.578658186944977282e-01
2.454109587035200768e+00 1.568867114491648840e-01
2.469890600498723998e+00 1.559009173791143232e-01
2.485746138478509337e+00 1.549093436090540343e-01
2.501677034724291371e+00 1.539111229763636679e-01
2.517684133818678394e+00 1.529060415621823765e-01
2.533768291364664638e+00 1.518946826618960966e-01
2.549930374176959891e+00 1.508774231631447305e-01
2.566171260477213334e+00 1.498537828756824064e-01
2.582491840093254609e+00 1.488228111155563971e-01
2.598893014662444489e+00 1.477839727087445210e-01
2.615375697839199987e+00 1.467382564058196115e-01
2.631940815506855991e+00 1.456883295478000329e-01
2.648589305993903409e+00 1.446364631672167333e-01
2.665322120294779218e+00 1.435830221588292321e-01
2.682140222295247955e+00 1.425269285740414782e-01
2.699044589002565164e+00 1.414665263315419697e-01
2.716036210780464977e+00 1.404015907472299929e-01
2.733116091589157026e+00 1.393316475496370055e-01
2.750285249230413953e+00 1.382570414241700296e-01
2.767544715597911598e+00 1.371788551730951378e-01
2.784895536932901372e+00 1.360985671781592687e-01
2.802338774085429751e+00 1.350181562054645623e-01
2.819875502781155063e+00 1.339374742275148411e-01
2.837506813893987179e+00 1.328547849345744769e-01
2.855233813724622927e+00 1.317688051603868038e-01
2.873057624285204170e+00 1.306800486695749997e-01
2.890979383590180252e+00 1.295895997362273011e-01
2.909000245953595520e+00 1.284975670789068602e-01
2.927121382292947160e+00 1.274043440475521316e-01
2.945343980439754095e+00 1.263103692586313720e-01
2.963669245457068335e+00 1.252162617137556055e-01
2.982098399964077995e+00 1.241213972361715767e-01
3.000632684467967159e+00 1.230258624675212853e-01
3.019273357703287086e+00 1.219297153844671466e-01
3.038021696978962627e+00 1.208339308657628008e-01
3.056878998533198555e+00 1.197387190021087788e-01
3.075846577896470535e+00 1.186440329453198328e-01
3.094925770262794362e+00 1.175495682036310358e-01
3.114117930869559014e+00 1.164553650749318991e-01
3.133424435386071849e+00 1.153624995235477402e-01
3.152846680311138350e+00 1.142722049941866241e-01
3.172386083379844290e+00 1.131838999551945668e-01
3.192044083979846292e+00 1.120956780444165302e-01
3.211822143577407918e+00 1.110069856990492099e-01
3.231721746153457975e+00 1.099188239441700743e-01
3.251744398649921930e+00 1.088322885671675760e-01
3.271891631426665281e+00 1.077479282172990327e-01
3.292164998729279368e+00 1.066663258062522934e-01
3.312566079168071553e+00 1.055875956180473696e-01
3.333096476208521786e+00 1.045113382815040237e-01
3.353757818673582580e+00 1.034370321622380268e-01
3.374551761258096416e+00 1.023650365552529196e-01
3.395479985055740446e+00 1.012961780948002100e-01
3.416544198098793395e+00 1.002306296111531436e-01
3.437746135911136314e+00 9.916688784447087734e-02
3.459087562074850908e+00 9.810456857757468563e-02
3.480570268810810663e+00 9.704489722059723988e-02
3.502196077573649369e+00 9.598902827573135843e-02
3.523966839661581307e+00 9.493790578614344500e-02
3.545884436841424847e+00 9.389187411489799406e-02
3.567950781989368547e+00 9.285076799003541548e-02
3.590167819747851929e+00 9.181418941729520278e-02
3.612537527199123133e+00 9.078055059581528752e-02
3.635061914555887341e+00 8.974761067434645911e-02
3.657743025869628628e+00 8.871587002061884220e-02
3.680582939757102157e+00 8.768788113786410432e-02
3.703583770145510101e+00 8.666521401359399135e-02
3.726747667036997225e+00 8.564734152578462600e-02
3.750076817293014120e+00 8.463377035994278097e-02
3.773573445439117879e+00 8.362497195432067043e-02
3.797239814490932730e+00 8.262132480751363528e-02
3.821078226801799538e+00 8.162226629660056243e-02
3.845091024932894896e+00 8.062700458914812129e-02
3.869280592546462394e+00 7.963623523269035276e-02
3.893649355322847061e+00 7.865096346622366119e-02
3.918199781902168777e+00 7.767098010811709918e-02
3.942934384851307872e+00 7.669525692901604796e-02
3.967855721657088441e+00 7.572366626990936767e-02
3.992966395746416985e+00 7.475698159479282623e-02
4.018269057534300082e+00 7.379591470321461566e-02
4.043766405500584860e+00 7.283954422826122155e-02
4.069461187296391280e+00 7.188795247813642431e-02
4.095356200881122177e+00 7.094195416896685591e-02
4.121454295691163061e+00 6.999950307578664543e-02
4.147758373841154089e+00 6.906182842273983491e-02
4.174271391359062555e+00 6.813286314144863243e-02
4.200996359456013352e+00 6.721129107017034809e-02
4.227936345832168819e+00 6.629306233812598537e-02
4.255094476019727345e+00 6.537802985279470014e-02
4.282473934764413848e+00 6.446797749641096364e-02
4.310077967446587444e+00 6.356479881056364967e-02
4.337909881543510870e+00 6.266831433550780484e-02
4.365973048133954926e+00 6.177567649851227471e-02
4.394270903446770404e+00 6.088691604414932929e-02
4.422806950454781116e+00 6.000541587163567281e-02
4.451584760515686412e+00 5.913157666739828761e-02
4.480607975061463577e+00 5.826305217496419164e-02
4.509880307338105077e+00 5.739976129078434852e-02
4.539405544197283149e+00 5.654214200309184979e-02
4.569187547941903738e+00 5.569062456322438487e-02
4.599230258227382961e+00 5.484386064604426791e-02
4.629537694020593008e+00 5.400132354708091914e-02
4.660113955618596648e+00 5.316588138510080358e-02
4.690963226729293112e+00 5.233683918966476611e-02
4.722089776616123835e+00 5.151266637076504229e-02
4.753497962309302771e+00 5.069527051174830407e-02
4.785192230885826348e+00 4.988701890397446298e-02
4.817177121820895636e+00 4.908380802834524242e-02
4.849457269413340654e+00 4.828445340871950070e-02
4.882037405287709575e+00 4.749043369711856977e-02
4.914922360976011539e+00 4.670201806970093739e-02
4.948117070581908195e+00 4.592003289538672262e-02
4.981626573530626878e+00 4.514619698880297655e-02
5.015456017407652567e+00 4.437940124512954054e-02
5.049610660889745972e+00 4.361702916863935409e-02
5.084095876771596245e+00 4.285881924512155439e-02
5.118917155092026050e+00 4.210748193531116401e-02
5.154080106363324809e+00 4.136503665976362654e-02
5.189590464907923639e+00 4.063053112927419996e-02
5.225454092306433651e+00 3.989902488918607715e-02
5.261676980961550676e+00 3.916991083138676721e-02
5.298265257782244220e+00 3.844961730631937802e-02
5.335225187993163587e+00 3.774038527516736935e-02
5.372563179074077766e+00 3.703536088106213625e-02
5.410285784834729661e+00 3.633127738311411892e-02
5.448399709630405319e+00 3.563441611105185036e-02
5.486911812724086346e+00 3.494632638692932863e-02
5.525829112800970222e+00 3.426609030387767901e-02
5.565158792641854646e+00 3.359137242814962121e-02
5.604908203961667112e+00 3.292175714873626924e-02
5.645084872420248701e+00 3.225892708605497539e-02
5.685696502812371378e+00 3.160142856354959673e-02
5.726750984444712422e+00 3.094984022010779934e-02
5.768256396707492684e+00 3.030646497367568692e-02
5.810221014849253685e+00 2.966997707242606530e-02
5.852653315963272540e+00 2.904013603536832397e-02
5.895561985194872179e+00 2.841451336162756358e-02
5.938955922179146363e+00 2.779535369559687705e-02
5.982844247719065756e+00 2.718183325569822895e-02
6.027236310714632950e+00 2.657580504686268136e-02
6.072141695354100754e+00 2.597533913043140880e-02
6.117570228578833813e+00 2.538060616628758093e-02
6.163531987834188541e+00 2.479384977324026323e-02
6.210037309119105231e+00 2.421493162291316753e-02
6.257096795348075169e+00 2.364129235116626052e-02
6.304721325039668756e+00 2.307359007118159333e-02
6.352922061346506943e+00 2.251116045044650876e-02
6.401710461442654321e+00 2.195907674966456058e-02
6.451098286284771888e+00 2.141338422115255519e-02
6.501097610764786872e+00 2.087044845326890483e-02
6.551720834272277472e+00 2.033418019311684574e-02
6.602980691686179959e+00 1.980516254847605045e-02
6.654890264816202716e+00 1.928480293296495202e-02
6.707462994315653404e+00 1.877260633143476576e-02
6.760712692088343800e+00 1.826292975292941045e-02
6.814653554213885300e+00 1.776123166003287096e-02
6.869300174416541616e+00 1.726551743374588749e-02
6.924667558104775189e+00 1.677619239233590215e-02
6.980771137009639027e+00 1.629430660421090499e-02
7.037626784452278628e+00 1.581951876381495342e-02
7.095250831272059244e+00 1.534941888567770661e-02
7.153660082449184721e+00 1.488925319491638324e-02
7.212871834457117437e+00 1.443508225295133535e-02
7.272903893382699714e+00 1.398744824260659408e-02
7.333774593853726209e+00 1.354509553162633155e-02
7.395502818816384050e+00 1.311191092916787204e-02
7.458108020207268929e+00 1.268496917229550505e-02
7.521610240567749628e+00 1.226535505623776307e-02
7.586030135650939421e+00 1.185452583311425757e-02
7.651388998075133507e+00 1.144870378732547669e-02
7.717708782080382690e+00 1.105007388862504214e-02
7.785012129448951157e+00 1.065813202652220008e-02
7.853322396653874549e+00 1.027174058935403228e-02
7.922663683303971638e+00 9.895310843119538638e-03
7.993060861958362295e+00 9.524294550523173045e-03
8.064539609387720631e+00 9.160189389958477840e-03
8.137126439365120589e+00 8.803773144116528587e-03
8.210848737074378789e+00 8.456268946629376740e-03
8.285734795229668492e+00 8.114263353746235460e-03
8.361813852006719117e+00 7.780525638161782907e-03
8.439116130892415413e+00 7.454546909359310337e-03
8.517672882566811765e+00 7.135387326236506539e-03
8.597516428939853128e+00 6.822580776566779595e-03
8.678680209472870999e+00 6.518578515026379749e-03
8.761198829924738973e+00 6.222442018598766528e-03
8.845108113671690475e+00 5.933448355018484249e-03
8.930445155761116638e+00 5.651811788121538158e-03
9.017248379870389741e+00 5.376820312986760678e-03
9.105557598354891979e+00 5.109733254978817557e-03
9.195414075582201363e+00 4.850667895921157921e-03
9.286860594764410948e+00 4.598996279218925919e-03
9.379941528515811200e+00 4.354779189264355518e-03
9.474702913380864899e+00 4.117973411903142270e-03
9.571192528595130256e+00 3.888250985674552608e-03
9.669459979362780899e+00 3.667727932033875392e-03
9.769556784955327089e+00 3.453532508916199589e-03
9.871536471960840942e+00 3.247329040092934802e-03
9.975454673037942754e+00 3.048031783400372442e-03
1.008136923155793063e+01 2.856338829738676137e-03
1.018934031254830330e+01 2.672262817651988552e-03
1.029943052038522566e+01 2.495200647327576460e-03
1.041170502371859463e+01 2.325482732405902662e-03
1.052623168815380517e+01 2.163301463189946320e-03
1.064308121725768252e+01 2.008243475148469882e-03
1.076232730250476877e+01 1.860685474831791451e-03
1.088404678283179194e+01 1.720210181574873421e-03
1.100831981452695096e+01 1.586638972969296735e-03
1.113523005224294415e+01 1.459413212948355897e-03
1.126486484199331350e+01 1.339234046823706932e-03
1.139731542706779699e+01 1.225809039134805002e-03
1.153267716788676189e+01 1.118781517539178946e-03
1.167104977690866718e+01 1.018209926433761474e-03
1.181253756980620828e+01 9.237631697959229529e-04
1.195724973424156268e+01 8.351960775338585288e-04
1.210530061769597765e+01 7.531492974420336177e-04
1.225681003594877438e+01 6.766795346798823094e-04
1.241190360395464154e+01 6.052488022518896652e-04
1.257071309104042101e+01 5.400860222903118004e-04
1.273337680253192516e+01 4.795792298972742290e-04
1.290003999013476133e+01 4.238664512569626343e-04
1.307085529362815102e+01 3.729885583922940874e-04
1.324598321669588152e+01 3.268143109988379345e-04
1.342559264001181063e+01 2.849725280402998890e-04
1.360986137502873916e+01 2.472070530848427755e-04
1.379897676228727654e+01 2.131441654835882762e-04
1.399313631847826045e+01 1.827636095767145837e-04
1.419254843695589230e+01 1.559764421352827300e-04
1.439743314692606369e+01 1.320167512863388497e-04
1.460802293712368716e+01 1.110499278876782325e-04
1.482456365046278535e+01 9.277736024246541159e-05
1.504731545689699779e+01 7.687038206831547644e-05
1.527655391258613626e+01 6.318632145914357986e-05
1.551257111443440273e+01 5.138776241694111837e-05
1.575567696017295916e+01 4.146450589450228249e-05
1.600620052541652782e+01 3.320282293377887226e-05
1.626449157056262607e+01 2.625930148168546233e-05
1.653092219204418001e+01 2.051191352376265841e-05
1.680588863433074565e+01 1.585835433181663728e-05
1.708981328123576660e+01 1.211913970090977453e-05
1.738314684757837725e+01 9.145146267389145703e-06
1.768637079511793431e+01 6.816881425317946278e-06
1.800000000000201084e+01 2.551837606591913516e-06
