0.000000000000000000e+00 -7.586857849777464136e-01
2.500000000000000555e-01 -4.480265456299307725e-01
5.000000000000001110e-01 -3.041582851229372442e-01
7.500000000000002220e-01 -2.248094996433075421e-01
1.000000000000000222e+00 -1.762111553507452189e-01
1.250000000000000222e+00 -1.442967219693048198e-01
1.500000000000000444e+00 -1.221319767517470289e-01
1.750000000000000444e+00 -1.060167762830324101e-01
2.000000000000000444e+00 -9.380693329468137165e-02
2.250000000000000444e+00 -8.424912624109909265e-02
2.500000000000000444e+00 -7.654938921067339086e-02
2.750000000000000444e+00 -7.021141879762127225e-02
3.000000000000000888e+00 -6.489100697492877767e-02
3.250000000000000888e+00 -6.036022360128773245e-02
3.500000000000000888e+00 -5.644764398022417140e-02
3.750000000000000888e+00 -5.303536038603623437e-02
4.000000000000000888e+00 -5.002837009205546304e-02
4.250000000000000888e+00 -4.735983967668805361e-02
4.500000000000000888e+00 -4.497248769274114766e-02
4.750000000000000888e+00 -4.282554762950896432e-02
5.000000000000000888e+00 -4.088206940883537532e-02
5.250000000000000888e+00 -3.911571466994395729e-02
5.500000000000000888e+00 -3.750138412038334090e-02
5.750000000000000888e+00 -3.602132851215755771e-02
6.000000000000001776e+00 -3.465783685268292169e-02
6.250000000000001776e+00 -3.339858595190348112e-02
6.500000000000001776e+00 -3.223071369232272110e-02
6.750000000000001776e+00 -3.114547272229101216e-02
7.000000000000001776e+00 -3.013329744631759732e-02
7.250000000000001776e+00 -2.918786199197120901e-02
7.500000000000001776e+00 -2.830189550912309837e-02
7.750000000000001776e+00 -2.747074089974532729e-02
8.000000000000001776e+00 -2.668875309048762690e-02
8.250000000000001776e+00 -2.595244057075196675e-02
8.500000000000001776e+00 -2.525732881894077186e-02
8.750000000000001776e+00 -2.460075149307106024e-02
9.000000000000001776e+00 -2.397909165912787133e-02
9.250000000000001776e+00 -2.339027653915626281e-02
9.500000000000001776e+00 -2.283133001608289581e-02
9.750000000000001776e+00 -2.230061457425891458e-02
1.000000000000000178e+01 -2.179564344996726133e-02
1.025000000000000178e+01 -2.131510540485920258e-02
1.050000000000000178e+01 -2.085689586186895150e-02
1.075000000000000178e+01 -2.041995391134748816e-02
1.100000000000000178e+01 -2.000248000604548659e-02
1.125000000000000178e+01 -1.960360967144297861e-02
1.150000000000000178e+01 -1.922179159820008865e-02
1.175000000000000178e+01 -1.885631858293784768e-02
1.200000000000000355e+01 -1.850584467528121335e-02
1.225000000000000355e+01 -1.816979067739671327e-02
1.250000000000000355e+01 -1.784698274888113501e-02
1.275000000000000355e+01 -1.753694717529830083e-02
1.300000000000000355e+01 -1.723865577718552977e-02
1.325000000000000355e+01 -1.695172249806475850e-02
1.350000000000000355e+01 -1.667524330089775741e-02
1.375000000000000355e+01 -1.640890533315192412e-02
1.400000000000000355e+01 -1.615191086963496669e-02
1.425000000000000355e+01 -1.590400831635546686e-02
1.450000000000000355e+01 -1.566449127962693533e-02
1.475000000000000355e+01 -1.543315941701256522e-02
1.500000000000000355e+01 -1.520938495848467298e-02
1.525000000000000355e+01 -1.499301035803513038e-02
1.550000000000000355e+01 -1.478347562250542646e-02
1.575000000000000355e+01 -1.458065882680625869e-02
1.600000000000000355e+01 -1.438405846476292771e-02
1.625000000000000355e+01 -1.419358213542459834e-02
1.650000000000000355e+01 -1.400877885195600525e-02
1.675000000000000355e+01 -1.382958056357980192e-02
1.700000000000000355e+01 -1.365557996922944772e-02
1.725000000000000355e+01 -1.348672899000880054e-02
1.750000000000000355e+01 -1.332265815485944582e-02
1.775000000000000355e+01 -1.316333566725247373e-02
1.800000000000000355e+01 -1.300842487574477291e-02
1.825000000000000355e+01 -1.285790717241025449e-02
1.850000000000000355e+01 -1.271147444539372229e-02
1.875000000000000355e+01 -1.256911869561411210e-02
1.900000000000000355e+01 -1.243055670092674259e-02
1.925000000000000355e+01 -1.229578893297728071e-02
1.950000000000000355e+01 -1.216455395161841757e-02
1.975000000000000355e+01 -1.203685893845046762e-02
2.000000000000000355e+01 -1.191246159256886816e-02
2.025000000000000355e+01 -1.179137436536359385e-02
2.050000000000000355e+01 -1.167337184981465104e-02
2.075000000000000355e+01 -1.155847059761178075e-02
2.100000000000000355e+01 -1.144646018873951565e-02
2.125000000000000355e+01 -1.133736033268872845e-02
2.150000000000000355e+01 -1.123097397658878727e-02
2.175000000000000355e+01 -1.112732323417658931e-02
2.200000000000000355e+01 -1.102622304258987773e-02
2.225000000000000355e+01 -1.092769732238002556e-02
2.250000000000000355e+01 -1.083157182793309525e-02
2.275000000000000355e+01 -1.073787181737456686e-02
2.300000000000000355e+01 -1.064643286141470080e-02
2.325000000000000355e+01 -1.055728119081178473e-02
2.350000000000000355e+01 -1.047026133552236837e-02
2.375000000000000355e+01 -1.038540021825873350e-02
2.400000000000000711e+01 -1.030255059151152786e-02
2.425000000000000711e+01 -1.022173985671076535e-02
2.450000000000000711e+01 -1.014282835248614401e-02
2.475000000000000711e+01 -1.006584379897668136e-02
2.500000000000000711e+01 -9.990653568031526710e-03
2.525000000000000711e+01 -9.917285580357371177e-03
2.550000000000000711e+01 -9.845613757673843391e-03
2.575000000000000711e+01 -9.775666135376392951e-03
2.600000000000000711e+01 -9.707322759479386498e-03
2.625000000000000711e+01 -9.640611718703784305e-03
2.650000000000000711e+01 -9.575418805731372718e-03
2.675000000000000711e+01 -9.511772119419115157e-03
2.700000000000000711e+01 -9.449562861577054385e-03
2.725000000000000711e+01 -9.388819111567692222e-03
2.750000000000000711e+01 -9.329437176216481831e-03
2.775000000000000711e+01 -9.271445094994279490e-03
2.800000000000000711e+01 -9.214744003495645153e-03
2.825000000000000711e+01 -9.159361887370487398e-03
2.850000000000000711e+01 -9.105204458371651821e-03
2.875000000000000711e+01 -9.052299638362071299e-03
2.900000000000000711e+01 -9.000557482430837641e-03
2.925000000000000711e+01 -8.950005840819175162e-03
2.950000000000000711e+01 -8.900558896040910994e-03
2.975000000000000711e+01 -8.852244419783661389e-03
3.000000000000000711e+01 -8.804980520621674689e-03
3.025000000000000711e+01 -8.758794884698994920e-03
3.050000000000000711e+01 -8.713609357973717273e-03
3.075000000000000711e+01 -8.669451533413807809e-03
3.100000000000000711e+01 -8.626246816581528698e-03
3.125000000000000711e+01 -8.584022698301774223e-03
3.150000000000000711e+01 -8.542707975659535879e-03
3.175000000000000711e+01 -8.502330027014670666e-03
3.200000000000000711e+01 -8.462820881783850169e-03
3.225000000000000711e+01 -8.424207794102966940e-03
3.250000000000000711e+01 -8.386425874413461212e-03
3.275000000000000711e+01 -8.349502239384132274e-03
3.300000000000000711e+01 -8.313374936554096539e-03
3.325000000000000711e+01 -8.278070930481384870e-03
3.350000000000000711e+01 -8.243531068527265582e-03
3.375000000000000711e+01 -8.209782147124533580e-03
3.400000000000000711e+01 -8.176767682541719040e-03
3.425000000000000711e+01 -8.144514285937709541e-03
3.450000000000000711e+01 -8.112968017515265196e-03
3.475000000000000711e+01 -8.082155285073944206e-03
3.500000000000000711e+01 -8.052024573574623201e-03
3.525000000000000711e+01 -8.022602068688655663e-03
3.550000000000000711e+01 -7.993838566374755761e-03
3.575000000000000711e+01 -7.965760010703759608e-03
3.600000000000000711e+01 -7.938319400036419893e-03
3.625000000000000711e+01 -7.911542417130879024e-03
3.650000000000000711e+01 -7.885384159366570778e-03
3.675000000000000711e+01 -7.859870028208371107e-03
3.700000000000000711e+01 -7.834957121464092289e-03
3.725000000000000711e+01 -7.810670539293740333e-03
3.750000000000000711e+01 -7.786969286180944749e-03
3.775000000000000711e+01 -7.763878141252456011e-03
3.800000000000000711e+01 -7.741357926533187772e-03
3.825000000000000711e+01 -7.719433080502602351e-03
3.850000000000000711e+01 -7.698066157972416335e-03
3.875000000000000711e+01 -7.677281237699229433e-03
3.900000000000000711e+01 -7.657042527044077840e-03
3.925000000000000711e+01 -7.637373726653795547e-03
3.950000000000000711e+01 -7.618240620455463130e-03
3.975000000000000711e+01 -7.599666513232461451e-03
4.000000000000000711e+01 -7.581618693492109262e-03
4.025000000000000711e+01 -7.564120053082989958e-03
4.050000000000000711e+01 -7.547139317196971398e-03
4.075000000000000711e+01 -7.530698948657155167e-03
4.100000000000000711e+01 -7.514769045380675916e-03
4.125000000000000711e+01 -7.499371625951045672e-03
4.150000000000000711e+01 -7.484478100814651036e-03
4.175000000000000711e+01 -7.470110029968501930e-03
4.200000000000000711e+01 -7.456240080015996696e-03
4.225000000000000711e+01 -7.442889339066727228e-03
4.250000000000000711e+01 -7.430031677386539357e-03
4.275000000000000711e+01 -7.417687699044162031e-03
4.300000000000000711e+01 -7.405832429190017940e-03
4.325000000000000711e+01 -7.394485976434661545e-03
4.350000000000000711e+01 -7.383624475400751841e-03
4.375000000000000711e+01 -7.373267528808458149e-03
4.400000000000000711e+01 -7.363392339066077152e-03
4.425000000000000711e+01 -7.354017993762673733e-03
4.450000000000000711e+01 -7.345122724801644853e-03
4.475000000000000711e+01 -7.336725096329765883e-03
4.500000000000000711e+01 -7.328804334739869031e-03
4.525000000000000711e+01 -7.321378473603479264e-03
4.550000000000000711e+01 -7.314427701918146951e-03
4.575000000000000711e+01 -7.307969516798629162e-03
4.600000000000000711e+01 -7.301985041114844588e-03
4.625000000000000711e+01 -7.296491230935564509e-03
4.650000000000000711e+01 -7.291470117220255620e-03
4.675000000000000711e+01 -7.286938111764007520e-03
4.700000000000000711e+01 -7.282878130781988979e-03
4.725000000000000711e+01 -7.279306039767952097e-03
4.750000000000000711e+01 -7.276205620276976482e-03
4.775000000000000711e+01 -7.273592190666255952e-03
4.800000000000001421e+01 -7.271450380944344261e-03
4.825000000000001421e+01 -7.269794962677378347e-03
4.850000000000001421e+01 -7.268611400541136192e-03
4.875000000000001421e+01 -7.267913920615154399e-03
4.900000000000001421e+01 -7.267688811379235947e-03
4.925000000000001421e+01 -7.267949755654534716e-03
4.950000000000001421e+01 -7.268683858035640544e-03
4.975000000000001421e+01 -7.269904261499593456e-03
5.000000000000001421e+01 -7.271598882131802277e-03
5.025000000000001421e+01 -7.273780327652468181e-03
5.050000000000001421e+01 -7.276437323850470928e-03
5.075000000000001421e+01 -7.279581948974656047e-03
5.100000000000001421e+01 -7.283203739491761475e-03
5.125000000000001421e+01 -7.287314251297805079e-03
5.150000000000001421e+01 -7.291903835146773538e-03
5.175000000000001421e+01 -7.296983533117029630e-03
5.200000000000001421e+01 -7.302544516619269288e-03
5.225000000000001421e+01 -7.308597323967214177e-03
5.250000000000001421e+01 -7.315133956499242363e-03
5.275000000000001421e+01 -7.322164460227764682e-03
5.300000000000001421e+01 -7.329681678437671710e-03
5.325000000000001421e+01 -7.337695177401848401e-03
5.350000000000001421e+01 -7.346198657389946263e-03
5.375000000000001421e+01 -7.355201218761431292e-03
5.400000000000001421e+01 -7.364697437014844361e-03
5.425000000000001421e+01 -7.374695961561095192e-03
5.450000000000001421e+01 -7.385192264588558153e-03
5.475000000000001421e+01 -7.396194560684299368e-03
5.500000000000001421e+01 -7.407699243365206687e-03
5.525000000000001421e+01 -7.419714109754449449e-03
5.550000000000001421e+01 -7.432236502582789672e-03
5.575000000000001421e+01 -7.445273820205766668e-03
5.600000000000001421e+01 -7.458824385694118320e-03
5.625000000000001421e+01 -7.472895218875286183e-03
5.650000000000001421e+01 -7.487485657416137474e-03
5.675000000000001421e+01 -7.502602364347910058e-03
5.700000000000001421e+01 -7.518245729404238187e-03
5.725000000000001421e+01 -7.534422082028757739e-03
5.750000000000001421e+01 -7.551132904615454056e-03
5.775000000000001421e+01 -7.568384217854107199e-03
5.800000000000001421e+01 -7.586178640953844532e-03
5.825000000000001421e+01 -7.604521912352002477e-03
5.850000000000001421e+01 -7.623417835641466134e-03
5.875000000000001421e+01 -7.642871894694369672e-03
5.900000000000001421e+01 -7.662889128569716490e-03
5.925000000000001421e+01 -7.683474795827593962e-03
5.950000000000001421e+01 -7.704635226072342746e-03
5.975000000000001421e+01 -7.726375483316227921e-03
6.000000000000001421e+01 -7.748703246781951659e-03
6.025000000000001421e+01 -7.771623418072026723e-03
6.050000000000001421e+01 -7.795145089039889896e-03
6.075000000000001421e+01 -7.819273032355078534e-03
6.100000000000001421e+01 -7.844017819665871638e-03
6.125000000000001421e+01 -7.869384129628675950e-03
6.150000000000001421e+01 -7.895384085217949099e-03
6.175000000000001421e+01 -7.922022307455145462e-03
6.200000000000001421e+01 -7.949312546441988925e-03
6.225000000000001421e+01 -7.977259403291747653e-03
6.250000000000001421e+01 -8.005878335550720148e-03
6.275000000000001421e+01 -8.035173963740760428e-03
6.300000000000001421e+01 -8.065163537967601215e-03
6.325000000000001421e+01 -8.095851739136183944e-03
6.350000000000001421e+01 -8.127257699974355099e-03
6.375000000000001421e+01 -8.159386204158403100e-03
6.400000000000001421e+01 -8.192258362050286458e-03
6.425000000000001421e+01 -8.225879104146460730e-03
6.450000000000001421e+01 -8.260271619023429324e-03
6.475000000000001421e+01 -8.295441029811223554e-03
6.500000000000001421e+01 -8.331412709583152498e-03
6.525000000000001421e+01 -8.368192021564968552e-03
6.550000000000001421e+01 -8.405806635705781460e-03
6.575000000000001421e+01 -8.444262204857444498e-03
6.600000000000001421e+01 -8.483588814903852970e-03
6.625000000000001421e+01 -8.523792459855183967e-03
6.650000000000001421e+01 -8.564905767641572965e-03
6.675000000000001421e+01 -8.606935127330572755e-03
6.700000000000001421e+01 -8.649915842925126608e-03
6.725000000000001421e+01 -8.693854755226548825e-03
6.750000000000001421e+01 -8.738789986919792696e-03
6.775000000000001421e+01 -8.784728890357473841e-03
6.800000000000001421e+01 -8.831712559092597115e-03
6.825000000000001421e+01 -8.879748920606000961e-03
6.850000000000001421e+01 -8.928882202065169249e-03
6.875000000000001421e+01 -8.979120974105914144e-03
6.900000000000001421e+01 -9.030512772384369224e-03
6.925000000000001421e+01 -9.083066884291612908e-03
6.950000000000001421e+01 -9.136834342534150277e-03
6.975000000000001421e+01 -9.191825231490036163e-03
7.000000000000001421e+01 -9.248094285199903730e-03
7.025000000000001421e+01 -9.305652473626802035e-03
7.050000000000001421e+01 -9.364558454447058367e-03
7.075000000000001421e+01 -9.424824181735680373e-03
7.100000000000001421e+01 -9.486512479767894579e-03
7.125000000000001421e+01 -9.549636397583882719e-03
7.150000000000001421e+01 -9.614263193333416613e-03
7.175000000000001421e+01 -9.680407137130531137e-03
7.200000000000001421e+01 -9.748140216487677367e-03
7.225000000000001421e+01 -9.817478067284557408e-03
7.250000000000001421e+01 -9.888497734893975100e-03
7.275000000000001421e+01 -9.961216388290616841e-03
7.300000000000001421e+01 -1.003571649773044028e-02
7.325000000000001421e+01 -1.011201696018160234e-02
7.350000000000001421e+01 -1.019020608306164810e-02
7.375000000000001421e+01 -1.027030471983386706e-02
7.400000000000001421e+01 -1.035240748051036164e-02
7.425000000000001421e+01 -1.043653744391731530e-02
7.450000000000001421e+01 -1.052279605022055087e-02
7.475000000000001421e+01 -1.061120892133404769e-02
7.500000000000001421e+01 -1.070188492834645011e-02
7.525000000000001421e+01 -1.079485261248086525e-02
7.550000000000001421e+01 -1.089022896190622314e-02
7.575000000000001421e+01 -1.098804588322044307e-02
7.600000000000001421e+01 -1.108842926798614403e-02
7.625000000000001421e+01 -1.119141491756203699e-02
7.650000000000001421e+01 -1.129713853025698933e-02
7.675000000000001421e+01 -1.140564043041569775e-02
7.700000000000001421e+01 -1.151706716311307055e-02
7.725000000000001421e+01 -1.163146432061273883e-02
7.750000000000001421e+01 -1.174899049371214144e-02
7.775000000000001421e+01 -1.186969742494814462e-02
7.800000000000001421e+01 -1.199375713476164007e-02
7.825000000000001421e+01 -1.212122855957808998e-02
7.850000000000001421e+01 -1.225229874783656525e-02
7.875000000000001421e+01 -1.238703506168292723e-02
7.900000000000001421e+01 -1.252564142398687741e-02
7.925000000000001421e+01 -1.266819507371830245e-02
7.950000000000001421e+01 -1.281491894113373498e-02
7.975000000000001421e+01 -1.296590184735418871e-02
8.000000000000001421e+01 -1.312138819310942894e-02
8.025000000000001421e+01 -1.328148038121801378e-02
8.050000000000001421e+01 -1.344644712566972489e-02
8.075000000000001421e+01 -1.361640674974573528e-02
8.100000000000001421e+01 -1.379165555960115697e-02
8.125000000000001421e+01 -1.397233052819180088e-02
8.150000000000001421e+01 -1.415875933278859522e-02
8.175000000000001421e+01 -1.435110077350953972e-02
8.200000000000001421e+01 -1.454971825081796677e-02
8.225000000000001421e+01 -1.475479608382729291e-02
8.250000000000001421e+01 -1.496673840526691057e-02
8.275000000000001421e+01 -1.518575933563653946e-02
8.300000000000001421e+01 -1.541230950351824003e-02
8.325000000000001421e+01 -1.564663779206887373e-02
8.350000000000001421e+01 -1.588924795772167498e-02
8.375000000000001421e+01 -1.614042939100784890e-02
8.400000000000001421e+01 -1.640074661266699430e-02
8.425000000000001421e+01 -1.667053617472297189e-02
8.450000000000001421e+01 -1.695043216782787798e-02
8.475000000000001421e+01 -1.724082602331039604e-02
8.500000000000001421e+01 -1.754243157979218370e-02
8.525000000000001421e+01 -1.785570412393333584e-02
8.550000000000001421e+01 -1.818144904954199781e-02
8.575000000000001421e+01 -1.852019598223131336e-02
8.600000000000001421e+01 -1.887285563652019160e-02
8.625000000000001421e+01 -1.924004429446646292e-02
8.650000000000001421e+01 -1.962279414476675310e-02
8.675000000000001421e+01 -2.002182271026958782e-02
8.700000000000001421e+01 -2.043830276291180859e-02
8.725000000000001421e+01 -2.087307049837228146e-02
8.750000000000001421e+01 -2.132746209258551406e-02
8.775000000000001421e+01 -2.180245347663672950e-02
8.800000000000001421e+01 -2.229957177459085393e-02
8.825000000000001421e+01 -2.281995840200229386e-02
8.850000000000001421e+01 -2.336536505142505771e-02
8.875000000000001421e+01 -2.393713047707024533e-02
8.900000000000001421e+01 -2.453727243845832406e-02
8.925000000000001421e+01 -2.516736687845477771e-02
8.950000000000001421e+01 -2.582974937992921216e-02
8.975000000000001421e+01 -2.652628340814294772e-02
9.000000000000001421e+01 -2.725968748633661454e-02
9.025000000000001421e+01 -2.803217663664314685e-02
9.050000000000001421e+01 -2.884693477712102494e-02
9.075000000000001421e+01 -2.970661028978388574e-02
9.100000000000001421e+01 -3.061495726682084140e-02
9.125000000000001421e+01 -3.157516202389049065e-02
9.150000000000001421e+01 -3.259168202504136858e-02
9.175000000000001421e+01 -3.366837481130952048e-02
9.200000000000001421e+01 -3.481057006584625801e-02
9.225000000000001421e+01 -3.602296538923033253e-02
9.250000000000001421e+01 -3.731197556601029142e-02
9.275000000000001421e+01 -3.868335029011016335e-02
9.300000000000001421e+01 -4.014485614190921314e-02
9.325000000000001421e+01 -4.170355902724409702e-02
9.350000000000001421e+01 -4.336891022151329045e-02
9.375000000000001421e+01 -4.514962020412438548e-02
9.400000000000001421e+01 -4.705724324814619663e-02
9.425000000000001421e+01 -4.910254909027478298e-02
9.450000000000001421e+01 -5.129973637694590360e-02
9.475000000000001421e+01 -5.366218472919931370e-02
9.500000000000001421e+01 -5.620748602856107112e-02
9.525000000000001421e+01 -5.895243413858686221e-02
9.550000000000001421e+01 -6.191916230150973366e-02
9.575000000000001421e+01 -6.512920433277052945e-02
9.600000000000002842e+01 -6.861119343126997894e-02
9.625000000000002842e+01 -7.239380318767280054e-02
9.650000000000002842e+01 -7.651572692347169413e-02
9.675000000000002842e+01 -8.101723682997097331e-02
9.700000000000002842e+01 -8.595352585565030346e-02
9.725000000000002842e+01 -9.138436801824423306e-02
9.750000000000002842e+01 -9.739236462241807057e-02
9.775000000000002842e+01 -1.040696668137216507e-01
9.800000000000002842e+01 -1.115440165898553548e-01
9.825000000000002842e+01 -1.199625811018115162e-01
9.850000000000002842e+01 -1.295365187767013593e-01
9.875000000000002842e+01 -1.405329213971521773e-01
9.900000000000002842e+01 -1.533690352880217045e-01
9.925000000000002842e+01 -1.686234264785065884e-01
9.950000000000002842e+01 -1.871969008214785513e-01
9.975000000000002842e+01 -2.105540189542265406e-01
1.000000000000000142e+02 -2.413142150222660764e-01
