# Status file for ctqmc. Used to save all times t_s, t_e.
2
64
3.046629283199867 1.324782088266625 0 0
3.108439954044168 3.053596273940989 0 0
3.73226045102131 3.40924528726937 0 0
6.923432135625891 5.851170354910242 0 0
7.598956847298203 7.473108761586485 0 0
8.583410833787994 8.341678165937809 0 0
10.21056513828342 9.582365521301192 0 0
12.43146074337793 10.54170452045072 0 0
13.6176032857337 12.67307525584318 0 0
14.06172984191298 13.77408331302725 0 0
15.07465476678093 14.75014771695345 0 0
17.21559408808621 15.79632100860395 0 0
19.90319322361291 19.45361596052303 0 0
20.58235366323331 20.41045962323841 0 0
22.87718756509138 22.73861731457102 0 0
23.10760779456825 22.8985530065641 0 0
23.54789994076225 23.19131273271115 0 0
24.29811190461273 23.99130752216852 0 0
25.10287483847273 24.37930109385554 0 0
25.82295512005428 25.42001888036528 0 0
27.51227563796304 26.59924024405052 0 0
29.61545925888025 29.49111543758254 0 0
29.94176544333453 29.61939318911292 0 0
31.61525339007782 30.22378114888351 0 0
32.45756103812769 31.81353837983632 0 0
38.75995148660236 33.03562147834663 0 0
40.24189512523197 39.95078897262621 0 0
41.75824880154062 41.13733884249658 0 0
45.60459587871539 42.58335751985761 0 0
49.35137588800482 48.00495198857476 0 0
53.97072719688799 52.73484628468027 0 0
56.13287429051849 55.2775314225911 0 0
56.93777249004182 56.33758419695089 0 0
57.73498101456792 57.59683412346952 0 0
58.2389994683801 57.81551495464719 0 0
61.48433329006228 58.37323417234384 0 0
62.00728590803607 61.74351344951425 0 0
62.91968561489422 62.14906728282781 0 0
64.03657860705979 63.31718615206797 0 0
64.94310520636409 64.26702030606671 0 0
69.90825419118757 68.64538748909409 0 0
71.02724714255675 70.70089726433316 0 0
71.62449372950738 71.3989711338935 0 0
72.12649509628713 71.78007214547669 0 0
72.25513597755304 72.15022674090136 0 0
72.9938797063096 72.8376528754729 0 0
76.27316879039921 73.4543819864983 0 0
77.66333546381794 76.27492128459176 0 0
79.53571499773847 79.13340286141991 0 0
80.91130424839687 80.25849906324633 0 0
83.91754398701798 82.68731574565747 0 0
87.45200474753453 85.05919707964024 0 0
87.71378672570177 87.56483359715743 0 0
89.58239926126735 89.55038348752389 0 0
89.84849127674556 89.65454326132243 0 0
90.85438166112078 89.91357993764923 0 0
94.09580915795232 91.66026276834852 0 0
94.3673270573243 94.20884316885474 0 0
95.0347434216318 94.60419749047739 0 0
95.06284237229299 95.05799780305402 0 0
95.41301361288039 95.17331834879056 0 0
96.54160095700766 96.20705525961829 0 0
97.47405271178124 97.34256987396729 0 0
99.29407640826601 99.2017728015305 0 0
54
0.02343566472464431 0.6132344442849565 0 0
1.036151074145234 1.629036323227365 0 0
1.706246157293268 2.466467491577804 0 0
3.134124041334235 3.746052863167793 0 0
3.889847931598093 6.011856751794877 0 0
6.363590534053429 7.249768668611399 0 0
8.244288901146405 10.50982949588531 0 0
10.5570521582678 10.75042605013259 0 0
11.47693457093575 11.55056797764098 0 0
12.79496834664397 12.87168537112981 0 0
12.89364123775271 13.30658987015823 0 0
14.92484098677875 15.87523847255842 0 0
16.10900381373187 17.13039387958477 0 0
17.35006084461043 17.99601642840078 0 0
19.29114413021595 19.61993593547951 0 0
19.75740662780664 19.99840903320133 0 0
20.45037680120485 20.94776177163317 0 0
22.14871998479321 23.05758254774007 0 0
23.52107755717667 25.99102590745962 0 0
26.4943520949545 28.27487608887666 0 0
30.73830089256159 31.37597663078554 0 0
31.81473561913145 31.82107251774892 0 0
33.1133146511791 33.43816300218472 0 0
33.63160345354737 34.60118250575659 0 0
35.22452533395725 36.20440794475422 0 0
37.53962611761617 37.63247305612682 0 0
38.32122888104726 38.58595880677784 0 0
40.02055002801492 40.36220598684046 0 0
40.60868683674002 43.34782940813259 0 0
44.05601904587436 44.40422856235408 0 0
45.24329571691496 47.21841694593081 0 0
48.61763657449727 48.68810711486518 0 0
49.56446389021806 49.65952125367377 0 0
50.24004303859727 50.29046943037897 0 0
51.62858116472368 53.17876017183531 0 0
54.74522500726393 55.62719415415363 0 0
55.87591516454737 56.34052385446575 0 0
56.87501528037212 56.968717076937 0 0
59.05756724497117 59.8077177062726 0 0
59.96812812040781 60.7833929354265 0 0
62.91262629949949 63.03799467714919 0 0
64.70815764210083 66.68633874315034 0 0
67.24321099492897 70.89728377536802 0 0
71.27465668663831 72.14671345963306 0 0
73.59383608031494 78.03741752973116 0 0
78.81283423950856 79.07924126070517 0 0
79.71519994721902 80.93256274255396 0 0
82.73375625600528 85.13491056942057 0 0
85.70123166255014 88.21072222845619 0 0
88.66752876092758 89.58177786262407 0 0
89.97740305454363 90.67305013653348 0 0
91.79019625569371 92.84643964471013 0 0
95.83494654371152 97.03529045169856 0 0
98.62404199200132 99.41641781918862 0 0
