# Status file for ctqmc. Used to save all times t_s, t_e.
2
59
1.203138471156191 1.570859219891378 0 0
4.004803473571526 5.118479825128161 0 0
5.72528720889798 6.091428850323129 0 0
7.060342344319468 7.620132691023754 0 0
7.684449497974525 9.614035595134137 0 0
9.882356203072376 10.58621950418805 0 0
10.74075148605972 12.08567008848466 0 0
12.52196980431833 14.3724434599889 0 0
14.74138962226824 14.91131264923607 0 0
17.34976578395217 19.63534024140676 0 0
19.65194993160635 19.71780052093341 0 0
20.49145194700319 20.71205466414416 0 0
20.91785072150811 22.21581534919098 0 0
23.59092920247885 23.88671281353105 0 0
24.99061198799025 25.96616033261414 0 0
26.08933472709862 28.03624117038857 0 0
28.25421822869773 29.91970371047096 0 0
32.25410409626191 34.15085594668928 0 0
35.19897938787895 36.14384148089513 0 0
36.22567410448202 38.11796979556176 0 0
38.65029117117933 39.6866967036135 0 0
40.13388784125233 40.30997604816498 0 0
40.62685738949789 42.05093209789428 0 0
42.57957862317295 42.78786459372988 0 0
43.31304971436028 43.48843046297377 0 0
44.25836792601552 44.95789379647536 0 0
45.14220492118699 47.0587020452676 0 0
47.64123951348625 47.80265618443199 0 0
47.85415116952633 48.2973164799645 0 0
49.27321588272647 50.63242161342652 0 0
50.81965465194691 53.84212336486409 0 0
54.00859062170358 54.18433253208785 0 0
54.55072647631193 54.98959920780925 0 0
55.18971751136489 55.99689636100634 0 0
56.15863794963623 56.57312281938753 0 0
57.44259814195332 58.83100355991753 0 0
60.18696150240721 61.77806700449845 0 0
61.840309837052 62.23525830039355 0 0
64.59671503938706 64.86787953730128 0 0
65.02031060081551 67.91144169440295 0 0
68.30626354851569 69.21910411743241 0 0
69.30338656403603 74.76041554795117 0 0
75.8772985641456 76.39739015894204 0 0
76.58133808581086 79.11621545529161 0 0
79.20541626058939 80.90556694510326 0 0
80.90601121972537 81.54699945653219 0 0
82.21938331297235 83.37387196273548 0 0
84.61551718362763 84.65538385210166 0 0
85.37729760169951 86.10367648132171 0 0
86.14192013749089 86.74355056348253 0 0
86.75138035587514 86.99261545979031 0 0
88.06813146489203 88.2110652948854 0 0
88.63432196246305 89.99949095376073 0 0
91.52533735205314 91.61058900502601 0 0
91.88857736691203 92.08280526751693 0 0
92.37634710103333 92.55520909441296 0 0
92.79119685065827 93.69479856476192 0 0
93.75424336556945 93.88647548090469 0 0
95.12616126670943 95.35046993188564 0 0
66
1.804454098622375 0.162508581852407 0 0
3.326950178696808 2.271895335902441 0 0
4.959513242422605 4.202322155000275 0 0
6.323732786295395 5.306075986529398 0 0
8.872395865290992 6.904136488878035 0 0
9.241898588311765 8.933308888816789 0 0
10.72328350613885 10.65370552688484 0 0
13.36483993108362 11.13246854774242 0 0
14.59572418490189 14.41672929621346 0 0
15.45752388752327 15.30896487598085 0 0
16.11685791495455 15.73319843710032 0 0
18.18863768471785 17.30176609375889 0 0
20.5441629256037 19.80254826000238 0 0
22.90778301468897 20.58947307326004 0 0
24.16349736294644 23.59109089565001 0 0
26.15818441707398 25.70373559506297 0 0
26.94031603130999 26.42742970818773 0 0
27.93658848955213 27.65524364541623 0 0
29.41620195562042 28.74503050931838 0 0
33.52448216659581 31.57525727596661 0 0
34.12314508707863 33.76633893346816 0 0
36.3346213216044 34.26914496361552 0 0
36.58069485805228 36.53259064162892 0 0
37.84555808720307 37.62828844589664 0 0
39.49323314113257 39.31667731901663 0 0
41.71527277548655 40.62771549498161 0 0
43.14103235670331 43.11257177707028 0 0
44.7214660027912 44.25554246262327 0 0
46.7750964675152 46.3894877181532 0 0
50.19207178105859 49.25708350413115 0 0
50.73793016789619 50.30791170396073 0 0
51.34254198938332 50.77267232443648 0 0
51.64384283901853 51.49973796165255 0 0
52.44614356815606 52.34917894059144 0 0
54.79269579559649 52.55043569052833 0 0
56.13905837436263 55.66897118819327 0 0
57.30964471300998 56.75190688840547 0 0
60.03321654577167 58.02424543208694 0 0
61.02628105598661 60.27029338754969 0 0
61.80504749262285 61.33080021814725 0 0
71.2122585137933 64.80156609861652 0 0
72.19655859522804 71.28970803882788 0 0
73.16599394229306 72.76555180819368 0 0
73.80342545462106 73.69693401667962 0 0
74.77360103075581 74.06928941079003 0 0
75.758289203066 75.67619090221025 0 0
76.35137796195384 76.0126235051969 0 0
77.40382725803653 77.26181901834293 0 0
78.24234392859661 78.11585045458791 0 0
79.56809613814409 78.52840143900227 0 0
80.15434717693456 79.58528667687224 0 0
82.01117696826269 81.62630902348697 0 0
82.66742017790335 82.06535440318288 0 0
83.73252581518913 83.07731987029148 0 0
84.48625717407994 84.23733062605564 0 0
84.81829892507737 84.80495084073634 0 0
86.27442469089141 85.78243486380123 0 0
88.68770139641022 88.53187877963856 0 0
89.38371056230656 89.12139729732529 0 0
92.17427279490826 92.13750727123112 0 0
92.99708637492832 92.6744504099822 0 0
93.6432668448971 93.29361711197689 0 0
94.31693763701186 94.0017939230917 0 0
95.4606157296443 94.92638006626596 0 0
96.95265295300969 95.61125522845757 0 0
98.7102913137328 97.18385700003704 0 0
