# Status file for ctqmc. Used to save all times t_s, t_e.
2
66
1.086239250793305 1.837317824856649 0 0
3.829369867851124 4.011240728888513 0 0
4.017530544064853 4.680636679831534 0 0
7.887055983604467 8.825130817483354 0 0
9.182036257898396 10.36483602163167 0 0
12.87734416130879 13.47393453676641 0 0
13.9641638112653 14.9312238630921 0 0
16.74092883087872 17.70071361565187 0 0
18.19982818474737 18.21734296404848 0 0
18.79263780700043 18.88063360508696 0 0
19.76908278097299 20.40433006016518 0 0
20.4236943794635 21.52616440538673 0 0
23.4964413357029 23.51990431898697 0 0
24.35429979477218 24.84428591575799 0 0
24.85181320267001 28.49655977935307 0 0
28.62601627579745 32.26849332527635 0 0
32.29698646634053 32.58494787682556 0 0
33.23294334698035 33.83628599644734 0 0
34.87320785612931 35.69220152561896 0 0
37.49381901198463 38.78841475410037 0 0
39.57646803070973 40.57097532580944 0 0
40.79820525420985 40.99431712398814 0 0
42.20667483549602 42.49730240086789 0 0
42.63537730735264 43.27766568868314 0 0
43.8110299117324 43.84587808195228 0 0
44.47657386069367 44.64099733552097 0 0
45.12140259299818 45.42258854874962 0 0
45.78252281232923 48.83711539907417 0 0
51.83874239459149 53.79297329896365 0 0
53.82641785530665 54.62201719469044 0 0
54.82556753665577 56.79977645064159 0 0
56.82368851931402 57.0915845538175 0 0
57.14551555300571 58.09530811570718 0 0
58.84421129522386 59.95499926694087 0 0
61.38310624882024 62.12944407442884 0 0
62.37519987994123 63.02919714645087 0 0
64.76790693751724 65.03522895475416 0 0
66.29952577970441 66.40146619757577 0 0
68.08695082806182 68.70424104339533 0 0
69.37903685086643 70.43181399975826 0 0
70.7505522783931 70.82214400758504 0 0
71.05289730803842 71.35108596993159 0 0
72.3692521418721 72.90713559255498 0 0
73.54837276275812 73.60505715753327 0 0
74.17980954160994 74.28983960969872 0 0
74.68691864837697 77.03187604493181 0 0
78.27346159314401 78.7613226216523 0 0
79.34776814507852 79.51865154826605 0 0
79.72368041354407 80.12097223785504 0 0
81.39438600288429 82.57315770506862 0 0
82.84475602010333 85.60044468289698 0 0
85.65079704124713 86.15823246976453 0 0
86.91116774357177 87.73009351229508 0 0
88.44811685207063 88.69922339322727 0 0
89.02807613943307 90.39411757167267 0 0
91.00156643211129 91.20610207911858 0 0
92.67501159326348 92.6933117741885 0 0
93.25233470874582 94.6829910849558 0 0
95.83793538246111 96.08482118439341 0 0
96.12988447263525 96.46625285022745 0 0
96.50046701535911 97.54433969141363 0 0
97.75791929924762 98.71052763233006 0 0
99.04523552925377 99.16977269654953 0 0
99.24662697001072 99.37190941230743 0 0
99.39355056285611 99.42893132114644 0 0
99.84078165341664 99.95467797722387 0 0
56
1.281471963313227 0.738074892866615 0 0
5.441531146711845 1.955368479527161 0 0
6.736987956111468 5.564132192261568 0 0
8.701102767150354 8.196436125337263 0 0
14.67286051352762 12.81680874994451 0 0
15.43057242036971 14.90514443885033 0 0
16.16321112667599 15.78820893876742 0 0
16.50287435898693 16.44715830842055 0 0
19.62223933938574 18.61166576756074 0 0
20.07091427756188 19.8036699408979 0 0
21.50554365414877 21.31574113121746 0 0
22.13459794739804 21.9604587569975 0 0
25.61310647273037 24.33040517585708 0 0
28.24039818921399 27.58764435887454 0 0
28.80377466065998 28.58905449574196 0 0
31.16575915892613 29.20263562407752 0 0
32.5921035127333 32.21961969266653 0 0
33.08124122187049 32.60146683632026 0 0
34.1810190350396 33.2570108087304 0 0
36.67461565636714 36.64037294908201 0 0
38.37722645272742 38.00884909145815 0 0
41.78466012492597 38.58623561739553 0 0
42.61422867764487 42.07500569661872 0 0
43.50441999525307 43.02724860033199 0 0
43.77444886023412 43.5941059350893 0 0
45.14781080521097 43.86802542444632 0 0
45.48476685124614 45.39743546532711 0 0
46.96533954298348 46.11256215678095 0 0
48.97183271035816 47.02351546822697 0 0
49.66112328775413 49.54358836947862 0 0
52.76693539420359 52.09665839434543 0 0
57.52165818253634 53.58094960514655 0 0
57.87535696433017 57.62333870011842 0 0
60.56290196887495 59.76240120489648 0 0
62.54767446165166 62.19903114258356 0 0
63.77861427757889 63.15441271179349 0 0
65.98945762349892 64.78391394841192 0 0
68.45345534773691 66.73827704695113 0 0
69.3233727597797 69.09641206759305 0 0
71.65887597711011 70.31452841899333 0 0
72.25691945328876 71.75257423899144 0 0
72.82498168562566 72.49486054068736 0 0
73.69993229418623 73.25630333649453 0 0
76.97964033802704 76.53592394701811 0 0
77.42639417160169 77.30758992493693 0 0
78.47584999186567 78.34294005291602 0 0
80.79607126663859 78.5382509707721 0 0
82.48461480611752 81.18738243769577 0 0
84.97739227326579 82.76927739136306 0 0
87.34041202637522 86.9306205956526 0 0
91.36408396416199 90.41227638995568 0 0
92.21007793608591 91.98361862418035 0 0
94.5661213930881 93.38215401434837 0 0
95.9618910821886 94.6790318586016 0 0
98.46564768939068 98.16930585583562 0 0
99.35930943047717 98.80980477874139 0 0
