-1.800000000000201084e+01 5.154914982691476095e-06
-1.768637079511795918e+01 7.032442660695740958e-06
-1.738314684757837725e+01 9.460444630957480527e-06
-1.708981328123576660e+01 1.254952019389777166e-05
-1.680588863433072433e+01 1.641971921948960457e-05
-1.653092219204418001e+01 2.122285485164176249e-05
-1.626449157056260830e+01 2.711259193288729602e-05
-1.600620052541652782e+01 3.424799327985432804e-05
-1.575567696017295916e+01 4.281738234356516093e-05
-1.551257111443442049e+01 5.297398157229165732e-05
-1.527655391258613626e+01 6.495381284278223190e-05
-1.504731545689701200e+01 7.889670243763702631e-05
-1.482456365046278535e+01 9.514530917781075198e-05
-1.460802293712368716e+01 1.138219668191548526e-04
-1.439743314692604947e+01 1.352401695747840779e-04
-1.419254843695589230e+01 1.594152509280346078e-04
-1.399313631847824624e+01 1.868085958615364674e-04
-1.379897676228727654e+01 2.174849155218799260e-04
-1.360986137502872673e+01 2.518729991104919205e-04
-1.342559264001182306e+01 2.899613218988903395e-04
-1.324598321669588152e+01 3.321940902777140267e-04
-1.307085529362816168e+01 3.785657178115070434e-04
-1.290003999013476133e+01 4.291958991592352947e-04
-1.273337680253193582e+01 4.847514118586307040e-04
-1.257071309104041035e+01 5.448806227772834930e-04
-1.241190360395464154e+01 6.099809025500860845e-04
-1.225681003594876195e+01 6.803323106082963170e-04
-1.210530061769597765e+01 7.559039040346333298e-04
-1.195724973424155202e+01 8.371138421578210248e-04
-1.181253756980619762e+01 9.238282371517636321e-04
-1.167104977690866718e+01 1.016104867178350491e-03
-1.153267716788677255e+01 1.114381037084667377e-03
-1.139731542706779699e+01 1.218350548789162756e-03
-1.126486484199332239e+01 1.328396187083797590e-03
-1.113523005224293527e+01 1.444589375886501858e-03
-1.100831981452695096e+01 1.566351979576942246e-03
-1.088404678283180083e+01 1.694951688429447226e-03
-1.076232730250476877e+01 1.829531516840081709e-03
-1.064308121725769141e+01 1.970321661051363527e-03
-1.052623168815380517e+01 2.117354606545691388e-03
-1.041170502371859463e+01 2.270537935610279345e-03
-1.029943052038521678e+01 2.430136146887692822e-03
-1.018934031254830330e+01 2.596321410376428544e-03
-1.008136923155793951e+01 2.767744064292290175e-03
-9.975454673037956965e+00 2.945745442032526949e-03
-9.871536471960840942e+00 3.130736084313392922e-03
-9.769556784955334194e+00 3.320590738608677258e-03
-9.669459979362780899e+00 3.517303935047163231e-03
-9.571192528595137361e+00 3.719525015564156736e-03
-9.474702913380864899e+00 3.928003919938038296e-03
-9.379941528515811200e+00 4.141954816934951752e-03
-9.286860594764403842e+00 4.362042714420286821e-03
-9.195414075582201363e+00 4.587217495646319330e-03
-9.105557598354884874e+00 4.819104749131677967e-03
-9.017248379870389741e+00 5.055645370938494434e-03
-8.930445155761116638e+00 5.297935489657311370e-03
-8.845108113671695804e+00 5.544932028258701615e-03
-8.761198829924738973e+00 5.798237108774098592e-03
-8.678680209472876328e+00 6.055585127470746246e-03
-8.597516428939853128e+00 6.319531482444681186e-03
-8.517672882566811765e+00 6.586997512002543478e-03
-8.439116130892410084e+00 6.859795783905098948e-03
-8.361813852006719117e+00 7.136096822402427167e-03
-8.285734795229661387e+00 7.418910218313820061e-03
-8.210848737074378789e+00 7.705564359402757371e-03
-8.137126439365120589e+00 7.997150979347784905e-03
-8.064539609387715302e+00 8.292383113675878131e-03
-7.993060861958362295e+00 8.590798570613667612e-03
-7.922663683303976967e+00 8.894338471488695205e-03
-7.853322396653874549e+00 9.202443159419388535e-03
-7.785012129448951157e+00 9.513247317489495480e-03
-7.717708782080378249e+00 9.828509961413755061e-03
-7.651388998075133507e+00 1.014641846622648357e-02
-7.586030135650944750e+00 1.046881425418370003e-02
-7.521610240567749628e+00 1.079411923900946112e-02
-7.458108020207273370e+00 1.112285785741713891e-02
-7.395502818816379609e+00 1.145517757909031084e-02
-7.333774593853726209e+00 1.178957254330935921e-02
-7.272903893382695273e+00 1.212773815069480635e-02
-7.212871834457117437e+00 1.246954000261472038e-02
-7.153660082449187385e+00 1.281309770163948161e-02
-7.095250831272068126e+00 1.315915505080909528e-02
-7.037626784452278628e+00 1.350791486244727439e-02
-6.980771137009643468e+00 1.385883757343848131e-02
-6.924667558104775189e+00 1.421264451692011606e-02
-6.869300174416541616e+00 1.456845166561080915e-02
-6.814653554213885300e+00 1.492877643934724038e-02
-6.760712692088343800e+00 1.528869298764633580e-02
-6.707462994315648963e+00 1.565051634048810619e-02
-6.654890264816202716e+00 1.601394111601519774e-02
-6.602980691686176407e+00 1.638059603830811783e-02
-6.551720834272277472e+00 1.675190722207280103e-02
-6.501097610764786872e+00 1.711919345841331902e-02
-6.451098286284775440e+00 1.749128449523586898e-02
-6.401710461442654321e+00 1.786396424951845405e-02
-6.352922061346510496e+00 1.823636682937367082e-02
-6.304721325039668756e+00 1.861335423706326694e-02
-6.257096795348075169e+00 1.898906175422912165e-02
-6.210037309119101678e+00 1.936969519909534712e-02
-6.163531987834188541e+00 1.974953542644359086e-02
-6.117570228578837366e+00 2.013018018102056411e-02
-6.072141695354100754e+00 2.051399410974767343e-02
-6.027236310714632950e+00 2.089380507252400210e-02
-5.982844247719062203e+00 2.127596192504146305e-02
-5.938955922179146363e+00 2.166085960227215335e-02
-5.895561985194874843e+00 2.204731344517523242e-02
-5.852653315963272540e+00 2.243406149100303157e-02
-5.810221014849253685e+00 2.281986503427337054e-02
-5.768256396707496236e+00 2.320739560009352567e-02
-5.726750984444712422e+00 2.359258361750531455e-02
-5.685696502812374042e+00 2.398025814150184926e-02
-5.645084872420248701e+00 2.436860078334352614e-02
-5.604908203961667112e+00 2.475914429877680220e-02
-5.565158792641851981e+00 2.514827344275691323e-02
-5.525829112800970222e+00 2.553833614177251909e-02
-5.486911812724083681e+00 2.592574490259038494e-02
-5.448399709630409760e+00 2.631764807805921785e-02
-5.410285784834729661e+00 2.670756483614114551e-02
-5.372563179074079542e+00 2.709821190967967933e-02
-5.335225187993163587e+00 2.748695922646535519e-02
-5.298265257782246884e+00 2.787856637833805579e-02
-5.261676980961550676e+00 2.826748687659616163e-02
-5.225454092306433651e+00 2.865758233147152820e-02
-5.189590464907923639e+00 2.905025664243397407e-02
-5.154080106363324809e+00 2.943607691327827097e-02
-5.118917155092023386e+00 2.982640153334935665e-02
-5.084095876771596245e+00 3.021669784649588103e-02
-5.049610660889740643e+00 3.060310983279689381e-02
-5.015456017407655231e+00 3.099125405279938225e-02
-4.981626573530626878e+00 3.138255663937430939e-02
-4.948117070581910859e+00 3.177029358270808124e-02
-4.914922360976011539e+00 3.215642526285185376e-02
-4.882037405287712239e+00 3.254408108806736838e-02
-4.849457269413337102e+00 3.293577797368404253e-02
-4.817177121820895636e+00 3.331742605175554844e-02
-4.785192230885824571e+00 3.370583294733534713e-02
-4.753497962309302771e+00 3.408939087723229788e-02
-4.722089776616123835e+00 3.447841968075023716e-02
-4.690963226729293112e+00 3.486037196449333353e-02
-4.660113955618596648e+00 3.524389859714543993e-02
-4.629537694020590344e+00 3.562781485754400179e-02
-4.599230258227382961e+00 3.600976991332657806e-02
-4.569187547941903738e+00 3.639379562605585955e-02
-4.539405544197283149e+00 3.677358943256037876e-02
-4.509880307338105077e+00 3.715244455689757641e-02
-4.480607975061465353e+00 3.753261694933762022e-02
-4.451584760515686412e+00 3.791351937025398688e-02
-4.422806950454783781e+00 3.829130072616087482e-02
-4.394270903446768628e+00 3.866586257006406763e-02
-4.365973048133954926e+00 3.904391526073510560e-02
-4.337909881543509094e+00 3.942120111622641337e-02
-4.310077967446587444e+00 3.979880121163817397e-02
-4.282473934764412071e+00 4.016874034649338399e-02
-4.255094476019731786e+00 4.054437605720367238e-02
-4.227936345832168819e+00 4.091887772974098919e-02
-4.200996359456015128e+00 4.128890428960550057e-02
-4.174271391359062555e+00 4.166389222938417236e-02
-4.147758373841154089e+00 4.203250514471487675e-02
-4.121454295691163061e+00 4.240395318706520478e-02
-4.095356200881122177e+00 4.277390654863531122e-02
-4.069461187296388616e+00 4.313653233081555377e-02
-4.043766405500584860e+00 4.350424912015562334e-02
-4.018269057534298305e+00 4.387066670820678749e-02
-3.992966395746416985e+00 4.423616733558993763e-02
-3.967855721657088441e+00 4.460085328147511685e-02
-3.942934384851309204e+00 4.496295974743131502e-02
-3.918199781902168777e+00 4.532100698041968689e-02
-3.893649355322847061e+00 4.568436324078612581e-02
-3.869280592546462394e+00 4.604348071606734899e-02
-3.845091024932894896e+00 4.640444562481573637e-02
-3.821078226801797317e+00 4.676183087659577242e-02
-3.797239814490932730e+00 4.712183027856629847e-02
-3.773573445439120100e+00 4.748146135541989055e-02
-3.750076817293014120e+00 4.783004858323925551e-02
-3.726747667036997225e+00 4.818813322330568055e-02
-3.703583770145510101e+00 4.855081647473866863e-02
-3.680582939757102157e+00 4.889572068987365489e-02
-3.657743025869630404e+00 4.924985385327581427e-02
-3.635061914555887341e+00 4.959837758015805259e-02
-3.612537527199123133e+00 4.994881653210347244e-02
-3.590167819747855482e+00 5.029909787054601122e-02
-3.567950781989368547e+00 5.064568574139779317e-02
-3.545884436841426179e+00 5.099635014707291220e-02
-3.523966839661581307e+00 5.133611930507041288e-02
-3.502196077573649369e+00 5.168462368379654615e-02
-3.480570268810808887e+00 5.203165104127187995e-02
-3.459087562074850908e+00 5.237594126349122414e-02
-3.437746135911134981e+00 5.272013866479095812e-02
-3.416544198098792506e+00 5.305846242763176401e-02
-3.395479985055740890e+00 5.339826835164454555e-02
-3.374551761258098193e+00 5.374039894909544285e-02
-3.353757818673582580e+00 5.408434277013528246e-02
-3.333096476208523118e+00 5.441888808220185503e-02
-3.312566079168071553e+00 5.475912860774929947e-02
-3.292164998729279812e+00 5.509499500437824160e-02
-3.271891631426664837e+00 5.543172762814568832e-02
-3.251744398649922374e+00 5.576735541018239262e-02
-3.231721746153456643e+00 5.609928958426842888e-02
-3.211822143577407918e+00 5.643430555433007895e-02
-3.192044083979844071e+00 5.676883454904838033e-02
-3.172386083379843402e+00 5.710096684144595758e-02
-3.152846680311138350e+00 5.743298002064892160e-02
-3.133424435386072737e+00 5.776368902778564879e-02
-3.114117930869558570e+00 5.809651903080415014e-02
-3.094925770262795250e+00 5.842236962616936119e-02
-3.075846577896469647e+00 5.875664179019689237e-02
-3.056878998533198555e+00 5.907964252630640289e-02
-3.038021696978961295e+00 5.941340607590801098e-02
-3.019273357703287086e+00 5.973496051129505852e-02
-3.000632684467968048e+00 6.005734704075225971e-02
-2.982098399964077995e+00 6.039032928836764180e-02
-2.963669245457069223e+00 6.071335760081802285e-02
-2.945343980439752762e+00 6.103465585810684269e-02
-2.927121382292947160e+00 6.136386344499032003e-02
-2.909000245953597297e+00 6.169520231302810798e-02
-2.890979383590179363e+00 6.201057635650382427e-02
-2.873057624285205058e+00 6.233281255094980100e-02
-2.855233813724623815e+00 6.265574263241358022e-02
-2.837506813893987179e+00 6.297645025186478229e-02
-2.819875502781155951e+00 6.330062573680149407e-02
-2.802338774085429751e+00 6.361941613658560202e-02
-2.784895536932901372e+00 6.394475319277280467e-02
-2.767544715597910265e+00 6.426714150847660789e-02
-2.750285249230413953e+00 6.458298621558616892e-02
-2.733116091589155250e+00 6.490465117319528521e-02
-2.716036210780464089e+00 6.522024322278981157e-02
-2.699044589002566052e+00 6.554387030351306598e-02
-2.682140222295249732e+00 6.587052395800618854e-02
-2.665322120294779662e+00 6.617996719356469826e-02
-2.648589305993904297e+00 6.650390298054260907e-02
-2.631940815506855547e+00 6.683072002620805974e-02
-2.615375697839200431e+00 6.714336086985008001e-02
-2.598893014662444045e+00 6.746377348604755408e-02
-2.582491840093254609e+00 6.778555124243695884e-02
-2.566171260477212002e+00 6.810791664574820936e-02
-2.549930374176959447e+00 6.842847690715740672e-02
-2.533768291364664638e+00 6.874309371420389558e-02
-2.517684133818677505e+00 6.906663145881207500e-02
-2.501677034724291371e+00 6.938017674757372688e-02
-2.485746138478510670e+00 6.971033772109171134e-02
-2.469890600498723998e+00 7.002739652901397716e-02
-2.454109587035200768e+00 7.035505470539211992e-02
-2.438402274987315543e+00 7.067804966423950341e-02
-2.422767851723407695e+00 7.099495459868740421e-02
-2.407205514904207533e+00 7.132023391661415634e-02
-2.391714472309731221e+00 7.163984582903902554e-02
-2.376293941669569421e+00 7.197198309355098966e-02
-2.360943150496495058e+00 7.229660152206916768e-02
-2.345661335923311608e+00 7.261662962688671119e-02
-2.330447744542858413e+00 7.294192135669524957e-02
-2.315301632251118846e+00 7.327125786198861179e-02
-2.300222264093345625e+00 7.358979453836536622e-02
-2.285208914113144640e+00 7.392020953984190790e-02
-2.270260865204440481e+00 7.425552867152777903e-02
-2.255377408966269037e+00 7.459053277111160618e-02
-2.240557845560325223e+00 7.492428670076510533e-02
-2.225801483571210770e+00 7.524778583247977715e-02
-2.211107639869315467e+00 7.558949124640668149e-02
-2.196475639476279440e+00 7.592677765117204769e-02
-2.181904815432973432e+00 7.625793236129994879e-02
-2.167394508669943320e+00 7.659950998079304019e-02
-2.152944067880271817e+00 7.694280342162861108e-02
-2.138552849394784516e+00 7.727716883343167809e-02
-2.124220217059574090e+00 7.761877187522132904e-02
-2.109945542115772454e+00 7.796721043388264716e-02
-2.095728203081529628e+00 7.831150162506424206e-02
-2.081567585636154849e+00 7.865482784356596369e-02
-2.067463082506362237e+00 7.900754687865914339e-02
-2.053414093354584136e+00 7.935045288672008812e-02
-2.039420024669305942e+00 7.970795917358658444e-02
-2.025480289657382471e+00 8.006675950394470664e-02
-2.011594308138276332e+00 8.042044519732020891e-02
-1.997761506440205226e+00 8.078401846175732592e-02
-1.983981317298131319e+00 8.115108381303752505e-02
-1.970253179753569617e+00 8.150586642160613515e-02
-1.956576539056167352e+00 8.188024782147422520e-02
-1.942950846567025547e+00 8.224835984343968620e-02
-1.929375559663717654e+00 8.261427144500965714e-02
-1.915850141646975535e+00 8.299789868770161838e-02
-1.902374061649005244e+00 8.336643495075196642e-02
-1.888946794543396868e+00 8.374630192586914046e-02
-1.875567820856598900e+00 8.412957518948652180e-02
-1.862236626680921825e+00 8.452021265437502373e-02
-1.848952703589041180e+00 8.490416758141450249e-02
-1.835715548549967879e+00 8.529461762410826819e-02
-1.822524663846452730e+00 8.569610351919440538e-02
-1.809379556993800708e+00 8.609994839666974820e-02
-1.796279740660062796e+00 8.650461206160059424e-02
-1.783224732587581407e+00 8.691497710959528167e-02
-1.770214055515849871e+00 8.732884024822365476e-02
-1.757247237105675541e+00 8.774344911565336302e-02
-1.744323809864610553e+00 8.815621237800544407e-02
-1.731443311073621372e+00 8.857128346220580206e-02
-1.718605282714980698e+00 8.900957812847735962e-02
-1.705809271401351745e+00 8.943839759671463885e-02
-1.693054828306041149e+00 8.988032380534037580e-02
-1.680341509094399610e+00 9.031799580156264773e-02
-1.667668873856344547e+00 9.076329175311105557e-02
-1.655036487039980519e+00 9.121560680216574124e-02
-1.642443917386301022e+00 9.167435548664197575e-02
-1.629890737864948980e+00 9.214062111023066381e-02
-1.617376525611005755e+00 9.260138055703370785e-02
-1.604900861862805783e+00 9.308078559825086473e-02
-1.592463331900736856e+00 9.355612402116555981e-02
-1.580063524987020074e+00 9.404435907078319279e-02
-1.567701034306447028e+00 9.452362732194534434e-02
-1.555375456908052678e+00 9.503088203521614652e-02
-1.543086393647707277e+00 9.553540398192736371e-02
-1.530833449131608237e+00 9.604411920770861144e-02
-1.518616231660659732e+00 9.656502196621551126e-02
-1.506434353175712282e+00 9.708299984658062820e-02
-1.494287429203655870e+00 9.761554635600791507e-02
-1.482175078804342627e+00 9.815367382171427679e-02
-1.470096924518329295e+00 9.870196488342360130e-02
-1.458052592315416618e+00 9.924520142219266094e-02
-1.446041711543979202e+00 9.981088612226143852e-02
-1.434063914881057000e+00 1.003835629450802874e-01
-1.422118838283209508e+00 1.009564298019054174e-01
-1.410206120938107599e+00 1.015534239548464696e-01
-1.398325405216850115e+00 1.021365178585327826e-01
-1.386476336626996986e+00 1.027384009371732076e-01
-1.374658563766294916e+00 1.033563121311302097e-01
-1.362871738277095179e+00 1.039822813000329943e-01
-1.351115514801437101e+00 1.046065956068242681e-01
-1.339389550936797013e+00 1.052537005028501560e-01
-1.327693507192477362e+00 1.059037405746633131e-01
-1.316027046946637080e+00 1.065640039590921712e-01
-1.304389836403941239e+00 1.072389913703918757e-01
-1.292781544553817996e+00 1.079250682376880210e-01
-1.281201843129320173e+00 1.086151547150126934e-01
-1.269650406566570577e+00 1.093250738579699816e-01
-1.258126911964788874e+00 1.100433479637423773e-01
-1.246631039046874889e+00 1.107739173012025208e-01
-1.235162470120555911e+00 1.115186679380799906e-01
-1.223720890040073339e+00 1.122835875662335225e-01
-1.212305986168408234e+00 1.130432335929686810e-01
-1.200917448340022453e+00 1.138212534451484848e-01
-1.189554968824123149e+00 1.146112430472451676e-01
-1.178218242288426865e+00 1.154182455850058797e-01
-1.166906965763418569e+00 1.162484233813095708e-01
-1.155620838607101852e+00 1.170694876848596550e-01
-1.144359562470215863e+00 1.179364069886563449e-01
-1.133122841261928526e+00 1.188063649969349350e-01
-1.121910381115985400e+00 1.196762212378770646e-01
-1.110721890357309283e+00 1.205614426523305277e-01
-1.099557079469039467e+00 1.214735701116177874e-01
-1.088415661060010642e+00 1.224063205064490761e-01
-1.077297349832647466e+00 1.233510727807764773e-01
-1.066201862551285018e+00 1.243155949526939946e-01
-1.055128918010896033e+00 1.252933960070981567e-01
-1.044078237006218046e+00 1.262789989364732079e-01
-1.033049542301277102e+00 1.273010342063622957e-01
-1.022042558599299822e+00 1.283234781503124200e-01
-1.011057012512998066e+00 1.293748421556948913e-01
-1.000092632535235726e+00 1.304444858648088901e-01
-9.891491490100537964e-01 1.315315642822503239e-01
-9.782262941040561488e-01 1.326344875944453772e-01
-9.673238017781481402e-01 1.337509536558733336e-01
-9.564414077596213870e-01 1.348904316670552217e-01
-9.455788495145712735e-01 1.360610018044859926e-01
-9.347358662206534108e-01 1.372380296504136510e-01
-9.239121987401626157e-01 1.384323153521769545e-01
-9.131075895934324116e-01 1.396683877969548127e-01
-9.023217829325496098e-01 1.409090236102568949e-01
-8.915545245153719822e-01 1.421747280139610548e-01
-8.808055616798529108e-01 1.434441758693507929e-01
-8.700746433186589135e-01 1.447470865265555462e-01
-8.593615198540814903e-01 1.460807807772541433e-01
-8.486659432132259706e-01 1.474237325797173592e-01
-8.379876668034880183e-01 1.487897506262713665e-01
-8.273264454882990337e-01 1.501714358718704290e-01
-8.166820355631438932e-01 1.515751152244355360e-01
-8.060541947318363709e-01 1.530023248129624980e-01
-7.954426820830584610e-01 1.544353555757852492e-01
-7.848472580671504994e-01 1.559026546450076600e-01
-7.742676844731486430e-01 1.573846794354001044e-01
-7.637037244060699281e-01 1.588832784227298678e-01
-7.531551422644284788e-01 1.603994079191685129e-01
-7.426217037179922986e-01 1.619224873300919021e-01
-7.321031756857663275e-01 1.634826898182734078e-01
-7.215993263142009839e-01 1.650334655266386397e-01
-7.111099249556180890e-01 1.666262084094784213e-01
-7.006347421468592795e-01 1.682167052860894241e-01
-6.901735495881351490e-01 1.697943242726469015e-01
-6.797261201220911042e-01 1.714033565355790600e-01
-6.692922277130706199e-01 1.730231365294101764e-01
-6.588716474265783329e-01 1.746424891783955602e-01
-6.484641554089376481e-01 1.762686005754240393e-01
-6.380695288671385246e-01 1.778932055603434093e-01
-6.276875460488731129e-01 1.795073657666997613e-01
-6.173179862227488046e-01 1.811199293381876574e-01
-6.069606296586862459e-01 1.827211972131626838e-01
-5.966152576084875481e-01 1.843247205241555498e-01
-5.862816522865772484e-01 1.859020124820766617e-01
-5.759595968509094721e-01 1.874517634406617228e-01
-5.656488753840412942e-01 1.890036011092021129e-01
-5.553492728743597562e-01 1.905126955622808982e-01
-5.450605751974718638e-01 1.919872755542158804e-01
-5.347825690977430213e-01 1.934228253288166055e-01
-5.245150421699888987e-01 1.948163536985186850e-01
-5.142577828413065211e-01 1.961475304534514852e-01
-5.040105803530536832e-01 1.974262970584130805e-01
-4.937732247429644228e-01 1.986513982757389385e-01
-4.835455068274036594e-01 1.997880310932162451e-01
-4.733272181837471781e-01 2.008688005411158051e-01
-4.631181511328986700e-01 2.018408093083475519e-01
-4.529180987219272314e-01 2.027405093194307173e-01
-4.427268547068332061e-01 2.035045571049407809e-01
-4.325442135354257145e-01 2.041890900905424799e-01
-4.223699703303245845e-01 2.047228434859108548e-01
-4.122039208720716941e-01 2.051481533701283722e-01
-4.020458615823537807e-01 2.054107160528924336e-01
-3.918955895073323314e-01 2.055105379590531356e-01
-3.817529023010813316e-01 2.054816805799331847e-01
-3.716175982091194929e-01 2.052612963875315999e-01
-3.614894760520483419e-01 2.048800758762464314e-01
-3.513683352092828449e-01 2.043151480350701432e-01
-3.412539756028758475e-01 2.035196442628228464e-01
-3.311461976814312758e-01 2.025624542430327357e-01
-3.210448024041094306e-01 2.013711613176594473e-01
-3.109495912247085547e-01 1.999799873855185317e-01
-3.008603660758366605e-01 1.983721690572069207e-01
-2.907769293531580201e-01 1.965495336891119882e-01
-2.806990838997174276e-01 1.945068702678754702e-01
-2.706266329903371237e-01 1.922566691486530532e-01
-2.605593803160889399e-01 1.898061537122610054e-01
-2.504971299688272257e-01 1.871656037740232204e-01
-2.404396864257955790e-01 1.843514684909620671e-01
-2.303868545342923901e-01 1.813532179453984094e-01
-2.203384394963986970e-01 1.782396139321208439e-01
-2.102942468537628840e-01 1.750024661581821572e-01
-2.002540824724450275e-01 1.716892340236494952e-01
-1.902177525278067050e-01 1.683423248720916643e-01
-1.801850634894590075e-01 1.650356421793754413e-01
-1.701558221062540455e-01 1.617476936819294830e-01
-1.601298353913264694e-01 1.585929192431665413e-01
-1.501069106071708514e-01 1.556517247619152167e-01
-1.400868552507662790e-01 1.529599947847177510e-01
-1.300694770387391397e-01 1.506604312217699471e-01
-1.200545838925550501e-01 1.487963190628781018e-01
-1.100419839237516545e-01 1.475089616654787217e-01
-1.000314854191983877e-01 1.469020722076224417e-01
-9.002289682638489610e-02 1.470441991002058579e-01
-8.001602673873924043e-02 1.480570885801134606e-01
-7.001068388096250150e-02 1.499322792638538016e-01
-6.000667709439190534e-02 1.526056558391003792e-01
-5.000381532237931775e-02 1.557966226072577953e-01
-4.000190759568706539e-02 1.590506109356096820e-01
-3.000076301789707939e-02 1.615749983609577889e-01
-2.000019075083557876e-02 1.624332847221825749e-01
-9.999999999999974187e-03 1.617229410261028788e-01
0.000000000000000000e+00 1.612127434556558381e-01
9.999999999999974187e-03 1.617255535303769864e-01
2.000019075083557876e-02 1.623849312190655259e-01
3.000076301789707939e-02 1.614303458085608878e-01
4.000190759568635068e-02 1.589521654448781129e-01
5.000381532237860305e-02 1.557830398206988820e-01
6.000667709439118369e-02 1.525967845091426023e-01
7.001068388096322315e-02 1.499320207501167734e-01
8.001602673873996208e-02 1.480551217915715978e-01
9.002289682638561774e-02 1.470491878192499435e-01
1.000314854191983877e-01 1.469047956675484101e-01
1.100419839237516545e-01 1.475002817673693456e-01
1.200545838925550501e-01 1.488023319250945387e-01
1.300694770387391397e-01 1.506486783599225998e-01
1.400868552507662790e-01 1.529680396765303874e-01
1.501069106071708514e-01 1.556599071478109997e-01
1.601298353913264694e-01 1.586176781607504249e-01
1.701558221062540455e-01 1.617748091024392154e-01
1.801850634894582859e-01 1.650629491216042688e-01
1.902177525278067050e-01 1.684113481683473801e-01
2.002540824724450275e-01 1.717680367123624874e-01
2.102942468537628840e-01 1.750976688831693273e-01
2.203384394963986970e-01 1.783477190861008088e-01
2.303868545342923901e-01 1.814872037530068927e-01
2.404396864257955790e-01 1.844778385161755241e-01
2.504971299688272257e-01 1.873182937022330463e-01
2.605593803160889399e-01 1.899886396781272913e-01
2.706266329903371237e-01 1.924699517638108204e-01
2.806990838997167059e-01 1.947200992712916912e-01
2.907769293531572985e-01 1.967750887648040681e-01
3.008603660758359388e-01 1.986195807669690616e-01
3.109495912247092764e-01 2.002527725601107034e-01
3.210448024041101522e-01 2.016339459420419256e-01
3.311461976814320529e-01 2.028550873217004058e-01
3.412539756028758475e-01 2.038157699788862021e-01
3.513683352092828449e-01 2.046193725089696935e-01
3.614894760520483419e-01 2.052007767568709007e-01
3.716175982091194929e-01 2.055905511413267661e-01
3.817529023010813316e-01 2.058137636253170033e-01
3.918955895073323314e-01 2.058593466620955159e-01
4.020458615823530590e-01 2.057305860524004104e-01
4.122039208720709169e-01 2.054673186728152856e-01
4.223699703303238628e-01 2.050535452051537588e-01
4.325442135354264361e-01 2.045088641701487964e-01
4.427268547068339277e-01 2.038628311246706015e-01
4.529180987219279531e-01 2.030614495294457977e-01
4.631181511328986700e-01 2.021917730187006157e-01
4.733272181837471781e-01 2.011994085567403168e-01
4.835455068274036594e-01 2.001333775408825622e-01
4.937732247429644228e-01 1.989808951937046821e-01
5.040105803530536832e-01 1.977383522223685464e-01
5.142577828413065211e-01 1.964544750928909900e-01
5.245150421699888987e-01 1.951105188433046311e-01
5.347825690977430213e-01 1.937092017244872733e-01
5.450605751974710866e-01 1.922613802384483261e-01
5.553492728743597562e-01 1.907814924180193106e-01
5.656488753840412942e-01 1.892631116984651585e-01
5.759595968509094721e-01 1.877136586958937647e-01
5.862816522865772484e-01 1.861416344667530531e-01
5.966152576084875481e-01 1.845611528928957079e-01
6.069606296586862459e-01 1.829522096512943563e-01
6.173179862227488046e-01 1.813401601765322890e-01
6.276875460488731129e-01 1.797143025356948698e-01
6.380695288671385246e-01 1.780768609612309872e-01
6.484641554089369819e-01 1.764378364589378467e-01
6.588716474265774448e-01 1.748236590698797055e-01
6.692922277130698427e-01 1.731982329886039562e-01
6.797261201220904381e-01 1.715681759301044829e-01
6.901735495881360372e-01 1.699537035726943479e-01
7.006347421468600567e-01 1.683419046213362191e-01
7.111099249556188662e-01 1.667512681036839584e-01
7.215993263142009839e-01 1.651653388506381381e-01
7.321031756857663275e-01 1.635903688329550243e-01
7.426217037179922986e-01 1.620285972451034062e-01
7.531551422644284788e-01 1.604773966783025752e-01
7.637037244060699281e-01 1.589736267457011742e-01
7.742676844731486430e-01 1.574556700828999845e-01
7.848472580671498333e-01 1.559772046497790998e-01
7.954426820830577949e-01 1.544924471785884268e-01
8.060541947318363709e-01 1.530432452313318092e-01
8.166820355631446704e-01 1.516181596154475841e-01
8.273264454882999219e-01 1.501989534085792777e-01
8.379876668034880183e-01 1.488112592630648212e-01
8.486659432132259706e-01 1.474391017876547916e-01
8.593615198540814903e-01 1.460831246596987487e-01
8.700746433186589135e-01 1.447640070559532144e-01
8.808055616798529108e-01 1.434482132003227772e-01
8.915545245153719822e-01 1.421673409220203244e-01
9.023217829325496098e-01 1.408804759539448448e-01
9.131075895934324116e-01 1.396518186737046308e-01
9.239121987401619496e-01 1.384097613950254213e-01
9.347358662206525226e-01 1.372093603271679896e-01
9.455788495145712735e-01 1.360218666434437063e-01
9.564414077596213870e-01 1.348481309669132822e-01
9.673238017781488063e-01 1.337005160450269736e-01
9.782262941040561488e-01 1.325799573617636729e-01
9.891491490100537964e-01 1.314714746356177855e-01
1.000092632535235726e+00 1.303753453243761962e-01
1.011057012512998066e+00 1.292994452213103163e-01
1.022042558599299822e+00 1.282504840696897241e-01
1.033049542301277102e+00 1.272210388024736238e-01
1.044078237006217380e+00 1.261877651860592031e-01
1.055128918010895367e+00 1.251990615046942035e-01
1.066201862551284352e+00 1.242249815419552844e-01
1.077297349832648132e+00 1.232563249130085303e-01
1.088415661060011308e+00 1.223118158549776624e-01
1.099557079469040355e+00 1.213742415267154984e-01
1.110721890357309283e+00 1.204644628032014442e-01
1.121910381115985400e+00 1.195674108050331780e-01
1.133122841261928526e+00 1.186866139695164912e-01
1.144359562470215863e+00 1.178086613933457261e-01
1.155620838607101852e+00 1.169519732722404670e-01
1.166906965763418569e+00 1.161192335860447289e-01
1.178218242288425976e+00 1.152968372816919884e-01
1.189554968824123149e+00 1.144847668265561308e-01
1.200917448340022453e+00 1.136863571952843460e-01
1.212305986168408900e+00 1.129044402857946744e-01
1.223720890040074227e+00 1.121284574871033446e-01
1.235162470120555911e+00 1.113676170133182791e-01
1.246631039046874889e+00 1.106356920410801331e-01
1.258126911964788874e+00 1.098988614098348887e-01
1.269650406566570577e+00 1.091796377879397928e-01
1.281201843129320173e+00 1.084707555318212419e-01
1.292781544553817996e+00 1.077758615287537219e-01
1.304389836403941239e+00 1.070905480947047239e-01
1.316027046946637080e+00 1.064074326263802078e-01
1.327693507192476696e+00 1.057469786034863496e-01
1.339389550936796125e+00 1.051030257258084438e-01
1.351115514801436435e+00 1.044509482466101785e-01
1.362871738277095179e+00 1.038183784577654950e-01
1.374658563766295805e+00 1.031990222036640453e-01
1.386476336626997652e+00 1.025811947625833720e-01
1.398325405216850559e+00 1.019661785169104495e-01
1.410206120938107599e+00 1.013849031234261705e-01
1.422118838283209508e+00 1.007914663530118382e-01
1.434063914881057000e+00 1.002116318250375337e-01
1.446041711543979202e+00 9.964802941249324697e-02
1.458052592315416618e+00 9.907912633433844929e-02
1.470096924518328407e+00 9.852556875237998557e-02
1.482175078804341739e+00 9.798293245213775260e-02
1.494287429203654982e+00 9.744011115983269855e-02
1.506434353175713392e+00 9.691355106880512882e-02
1.518616231660660620e+00 9.638513417261539151e-02
1.530833449131608681e+00 9.586971056550969150e-02
1.543086393647707277e+00 9.536227445283071424e-02
1.555375456908052678e+00 9.484989822530431880e-02
1.567701034306447028e+00 9.435866821565389029e-02
1.580063524987019630e+00 9.386754376675836287e-02
1.592463331900736190e+00 9.339150395777275071e-02
1.604900861862805117e+00 9.289758708323946068e-02
1.617376525611005755e+00 9.243550967949115682e-02
1.629890737864948091e+00 9.196223512193871241e-02
1.642443917386300800e+00 9.150188396672070956e-02
1.655036487039980742e+00 9.104747583736552685e-02
1.667668873856345213e+00 9.059053298531781484e-02
1.680341509094400276e+00 9.014534704743978888e-02
1.693054828306040926e+00 8.970707408138670069e-02
1.705809271401351079e+00 8.926317001629933967e-02
1.718605282714980920e+00 8.883527544109591501e-02
1.731443311073621594e+00 8.840720340799528010e-02
1.744323809864610997e+00 8.798703915827367494e-02
1.757247237105675541e+00 8.756856577699138888e-02
1.770214055515848983e+00 8.715364349951720824e-02
1.783224732587580741e+00 8.674128403743440463e-02
1.796279740660062352e+00 8.632974550134735192e-02
1.809379556993800708e+00 8.592880207041819762e-02
1.822524663846453397e+00 8.553202092671723100e-02
1.835715548549968767e+00 8.513544327331216965e-02
1.848952703589041624e+00 8.474455359220764428e-02
1.862236626680921825e+00 8.435183229871458244e-02
1.875567820856598900e+00 8.397354523964212225e-02
1.888946794543396868e+00 8.358706107194487089e-02
1.902374061649005244e+00 8.320702479780119065e-02
1.915850141646975535e+00 8.282583544569559197e-02
1.929375559663716988e+00 8.245347298958490001e-02
1.942950846567024437e+00 8.208358825015071858e-02
1.956576539056166242e+00 8.171436076001727111e-02
1.970253179753570727e+00 8.135083170447288126e-02
1.983981317298132430e+00 8.098984511156386012e-02
1.997761506440205892e+00 8.062292244538948882e-02
2.011594308138276332e+00 8.026612451360726208e-02
2.025480289657382471e+00 7.991132034149717178e-02
2.039420024669305942e+00 7.956603871076585455e-02
2.053414093354583247e+00 7.920670103307168863e-02
2.067463082506361793e+00 7.885855609962684476e-02
2.081567585636154405e+00 7.851605723685033122e-02
2.095728203081529628e+00 7.816485550989746289e-02
2.109945542115771566e+00 7.781828013762107088e-02
2.124220217059573645e+00 7.747831040692380877e-02
2.138552849394784072e+00 7.712694044168080798e-02
2.152944067880272261e+00 7.679466905013537792e-02
2.167394508669943765e+00 7.646200579131331998e-02
2.181904815432972988e+00 7.611785108564829427e-02
2.196475639476278996e+00 7.578692399444632299e-02
2.211107639869315911e+00 7.544769797131067879e-02
2.225801483571211214e+00 7.511794041387850895e-02
2.240557845560325667e+00 7.478571022802317503e-02
2.255377408966268149e+00 7.445512882585128556e-02
2.270260865204440481e+00 7.412400239369763832e-02
2.285208914113143308e+00 7.379883619761581914e-02
2.300222264093344737e+00 7.348238000667724201e-02
2.315301632251118846e+00 7.314506712475277173e-02
2.330447744542859301e+00 7.282227011104111525e-02
2.345661335923311608e+00 7.249067675439671565e-02
2.360943150496495946e+00 7.217214692519723085e-02
2.376293941669568088e+00 7.185672156187046522e-02
2.391714472309731221e+00 7.152650290759529628e-02
2.407205514904206645e+00 7.120120427949302999e-02
2.422767851723407695e+00 7.088419438817186724e-02
2.438402274987316432e+00 7.056503960123466923e-02
2.454109587035200768e+00 7.024209873001689697e-02
2.469890600498723998e+00 6.992335615759044665e-02
2.485746138478509337e+00 6.960356298010733633e-02
2.501677034724291371e+00 6.928607522721201561e-02
2.517684133818678394e+00 6.895903606417491671e-02
2.533768291364664638e+00 6.864385641519209214e-02
2.549930374176959891e+00 6.831913509608897317e-02
2.566171260477213334e+00 6.800755114663142864e-02
2.582491840093254609e+00 6.768931607171663201e-02
2.598893014662444489e+00 6.736784024873747334e-02
2.615375697839199987e+00 6.704931105118118462e-02
2.631940815506855991e+00 6.673900999619854224e-02
2.648589305993903409e+00 6.641687807149321277e-02
2.665322120294779218e+00 6.610003493479520154e-02
2.682140222295247955e+00 6.578045758607974081e-02
2.699044589002565164e+00 6.546661685154919752e-02
2.716036210780464977e+00 6.513835894108198354e-02
2.733116091589157026e+00 6.482674576858817039e-02
2.750285249230413953e+00 6.450448238942799173e-02
2.767544715597911598e+00 6.418926971829368167e-02
2.784895536932901372e+00 6.386733683884794621e-02
2.802338774085429751e+00 6.355346486235365078e-02
2.819875502781155063e+00 6.323443156856677072e-02
2.837506813893987179e+00 6.291132706232230309e-02
2.855233813724622927e+00 6.258987460031838201e-02
2.873057624285204170e+00 6.226999482561800664e-02
2.890979383590180252e+00 6.194913735584245407e-02
2.909000245953595520e+00 6.162766684451989607e-02
2.927121382292947160e+00 6.130675002347929503e-02
2.945343980439754095e+00 6.098388432021644573e-02
2.963669245457068335e+00 6.065180239457388517e-02
2.982098399964077995e+00 6.033245937350108223e-02
3.000632684467967159e+00 6.000723787712615442e-02
3.019273357703287086e+00 5.968528447153275546e-02
3.038021696978962627e+00 5.936494189445250952e-02
3.056878998533198555e+00 5.904091238917079376e-02
3.075846577896470535e+00 5.870809448478572778e-02
3.094925770262794362e+00 5.838163552002467033e-02
3.114117930869559014e+00 5.805668049580196832e-02
3.133424435386071849e+00 5.772365239511655088e-02
3.152846680311138350e+00 5.739293928068747719e-02
3.172386083379844290e+00 5.706334689953290740e-02
3.192044083979846292e+00 5.673454193433343645e-02
3.211822143577407918e+00 5.640207234790968471e-02
3.231721746153457975e+00 5.606913977403251564e-02
3.251744398649921930e+00 5.573611392961840688e-02
3.271891631426665281e+00 5.540256717429859618e-02
3.292164998729279368e+00 5.506998235574335487e-02
3.312566079168071553e+00 5.473704662106852054e-02
3.333096476208521786e+00 5.439830925495715841e-02
3.353757818673582580e+00 5.405789272615239838e-02
3.374551761258096416e+00 5.372145462012392625e-02
3.395479985055740446e+00 5.338997907742123322e-02
3.416544198098793395e+00 5.304352111701173683e-02
3.437746135911136314e+00 5.270365425455170866e-02
3.459087562074850908e+00 5.236415376189073462e-02
3.480570268810810663e+00 5.201946011575306339e-02
3.502196077573649369e+00 5.167813109772542018e-02
3.523966839661581307e+00 5.133639870830811192e-02
3.545884436841424847e+00 5.099023950140572914e-02
3.567950781989368547e+00 5.064662325192112458e-02
3.590167819747851929e+00 5.029625837129639288e-02
3.612537527199123133e+00 4.994981565134286317e-02
3.635061914555887341e+00 4.960255815904343613e-02
3.657743025869628628e+00 4.925306811877620816e-02
3.680582939757102157e+00 4.890109539741191447e-02
3.703583770145510101e+00 4.854850653408716854e-02
3.726747667036997225e+00 4.819965690835418398e-02
3.750076817293014120e+00 4.784586627294938610e-02
3.773573445439117879e+00 4.748696602380503978e-02
3.797239814490932730e+00 4.713491048699808283e-02
3.821078226801799538e+00 4.678016959863320196e-02
3.845091024932894896e+00 4.642304664652332352e-02
3.869280592546462394e+00 4.606305721731189518e-02
3.893649355322847061e+00 4.570500018305707901e-02
3.918199781902168777e+00 4.534496222679586935e-02
3.942934384851307872e+00 4.498499929639891703e-02
3.967855721657088441e+00 4.462402683706871015e-02
3.992966395746416985e+00 4.425748374345404856e-02
4.018269057534300082e+00 4.389986072475866863e-02
4.043766405500584860e+00 4.352812569917052093e-02
4.069461187296391280e+00 4.316466411930804103e-02
4.095356200881122177e+00 4.279583000533149911e-02
4.121454295691163061e+00 4.243259459921680521e-02
4.147758373841154089e+00 4.206346915157892913e-02
4.174271391359062555e+00 4.169295317039337090e-02
4.200996359456013352e+00 4.132299279985360285e-02
4.227936345832168819e+00 4.095070853865220156e-02
4.255094476019727345e+00 4.058302423268936310e-02
4.282473934764413848e+00 4.020837035281311922e-02
4.310077967446587444e+00 3.983648756587524625e-02
4.337909881543510870e+00 3.946225143047849687e-02
4.365973048133954926e+00 3.908316367051240664e-02
4.394270903446770404e+00 3.871181794955861483e-02
4.422806950454781116e+00 3.833059584561759880e-02
4.451584760515686412e+00 3.795488984396475779e-02
4.480607975061463577e+00 3.757851280474314160e-02
4.509880307338105077e+00 3.719718363024942381e-02
4.539405544197283149e+00 3.681773410791853995e-02
4.569187547941903738e+00 3.643905703583465855e-02
4.599230258227382961e+00 3.605712024360819418e-02
4.629537694020593008e+00 3.567703692515061115e-02
4.660113955618596648e+00 3.529211990914901675e-02
4.690963226729293112e+00 3.490784305414878358e-02
4.722089776616123835e+00 3.452285108972519972e-02
4.753497962309302771e+00 3.414004178052595234e-02
4.785192230885826348e+00 3.375509787418982943e-02
4.817177121820895636e+00 3.337058906370852368e-02
4.849457269413340654e+00 3.298443231864947589e-02
4.882037405287709575e+00 3.259906214242370981e-02
4.914922360976011539e+00 3.221210504010383474e-02
4.948117070581908195e+00 3.182160170425014228e-02
4.981626573530626878e+00 3.143443743596797957e-02
5.015456017407652567e+00 3.105064992327678450e-02
5.049610660889745972e+00 3.065937395655752087e-02
5.084095876771596245e+00 3.027331864850719978e-02
5.118917155092026050e+00 2.988152388334663206e-02
5.154080106363324809e+00 2.949097849185363177e-02
5.189590464907923639e+00 2.910387819051795874e-02
5.225454092306433651e+00 2.871367941350932984e-02
5.261676980961550676e+00 2.832271112606536342e-02
5.298265257782244220e+00 2.793487408804107633e-02
5.335225187993163587e+00 2.754578849619658543e-02
5.372563179074077766e+00 2.715293227450044436e-02
5.410285784834729661e+00 2.676438027665780858e-02
5.448399709630405319e+00 2.637388214568618661e-02
5.486911812724086346e+00 2.598469494124629880e-02
5.525829112800970222e+00 2.559296018850329424e-02
5.565158792641854646e+00 2.520408871661069042e-02
5.604908203961667112e+00 2.481524017729775169e-02
5.645084872420248701e+00 2.442782145161456753e-02
5.685696502812371378e+00 2.403662254507720614e-02
5.726750984444712422e+00 2.365107108535590211e-02
5.768256396707492684e+00 2.326237746997428940e-02
5.810221014849253685e+00 2.287425946714469194e-02
5.852653315963272540e+00 2.248857126970214837e-02
5.895561985194872179e+00 2.210150930850021678e-02
5.938955922179146363e+00 2.171775938992152183e-02
5.982844247719065756e+00 2.133238566604540865e-02
6.027236310714632950e+00 2.094926504928956018e-02
6.072141695354100754e+00 2.056718583306031689e-02
6.117570228578833813e+00 2.018429565345424351e-02
6.163531987834188541e+00 1.980310494491584888e-02
6.210037309119105231e+00 1.942213720146122174e-02
6.257096795348075169e+00 1.904397591751008645e-02
6.304721325039668756e+00 1.866746348044493603e-02
6.352922061346506943e+00 1.829125257203216559e-02
6.401710461442654321e+00 1.791682218784399969e-02
6.451098286284771888e+00 1.754268754056528129e-02
6.501097610764786872e+00 1.716822523242632348e-02
6.551720834272277472e+00 1.679912996299186972e-02
6.602980691686179959e+00 1.642960102723170501e-02
6.654890264816202716e+00 1.606453853786286509e-02
6.707462994315653404e+00 1.569897111334089129e-02
6.760712692088343800e+00 1.533696644823828031e-02
6.814653554213885300e+00 1.497453421552145600e-02
6.869300174416541616e+00 1.461455772398637803e-02
6.924667558104775189e+00 1.425901508548298689e-02
6.980771137009639027e+00 1.390388558340517090e-02
7.037626784452278628e+00 1.355208149251387051e-02
7.095250831272059244e+00 1.320126737437515851e-02
7.153660082449184721e+00 1.285383134160052350e-02
7.212871834457117437e+00 1.251062147750234103e-02
7.272903893382699714e+00 1.216767657549232447e-02
7.333774593853726209e+00 1.182954374012313431e-02
7.395502818816384050e+00 1.149300013313342070e-02
7.458108020207268929e+00 1.116023219068130838e-02
7.521610240567749628e+00 1.083114529045711358e-02
7.586030135650939421e+00 1.050396474276842941e-02
7.651388998075133507e+00 1.018317681628010118e-02
7.717708782080382690e+00 9.864010572483462858e-03
7.785012129448951157e+00 9.546945103667225235e-03
7.853322396653874549e+00 9.234159207956399093e-03
7.922663683303971638e+00 8.925915814565170067e-03
7.993060861958362295e+00 8.622699720037263482e-03
8.064539609387720631e+00 8.321335736632714045e-03
8.137126439365120589e+00 8.025146377683095231e-03
8.210848737074378789e+00 7.734443912406040178e-03
8.285734795229668492e+00 7.446055926685382978e-03
8.361813852006719117e+00 7.164023116700794259e-03
8.439116130892415413e+00 6.885496826301636120e-03
8.517672882566811765e+00 6.611824640229610299e-03
8.597516428939853128e+00 6.342978139967250448e-03
8.678680209472870999e+00 6.078608795564504133e-03
8.761198829924738973e+00 5.820565052960216708e-03
8.845108113671690475e+00 5.566645054277425710e-03
8.930445155761116638e+00 5.317879022473247404e-03
9.017248379870389741e+00 5.075254809124341709e-03
9.105557598354891979e+00 4.837820649454658076e-03
9.195414075582201363e+00 4.605959324601870304e-03
9.286860594764410948e+00 4.378383289451266355e-03
9.379941528515811200e+00 4.158967389594887994e-03
9.474702913380864899e+00 3.942987909018455354e-03
9.571192528595130256e+00 3.734444470884457686e-03
9.669459979362780899e+00 3.531431146827152673e-03
9.769556784955327089e+00 3.334433642537082930e-03
9.871536471960840942e+00 3.143162520741401948e-03
9.975454673037942754e+00 2.957804910489507649e-03
1.008136923155793063e+01 2.778983637802193065e-03
1.018934031254830330e+01 2.606404911679811604e-03
1.029943052038522566e+01 2.439931120048009511e-03
1.041170502371859463e+01 2.279901035821963427e-03
1.052623168815380517e+01 2.126199664139226744e-03
1.064308121725768252e+01 1.978792783877412684e-03
1.076232730250476877e+01 1.836890343938549826e-03
1.088404678283179194e+01 1.701999768535986850e-03
1.100831981452695096e+01 1.572973257394262017e-03
1.113523005224294415e+01 1.450374822971218884e-03
1.126486484199331350e+01 1.333820146941273052e-03
1.139731542706779699e+01 1.223509375824315256e-03
1.153267716788676189e+01 1.119046667051871915e-03
1.167104977690866718e+01 1.020468663908513304e-03
1.181253756980620828e+01 9.277360548924229325e-04
1.195724973424156268e+01 8.406826833176275640e-04
1.210530061769597765e+01 7.592773005587238931e-04
1.225681003594877438e+01 6.835641576802989425e-04
1.241190360395464154e+01 6.127947680805423663e-04
1.257071309104042101e+01 5.472935838037127493e-04
1.273337680253192516e+01 4.866969574498815885e-04
1.290003999013476133e+01 4.313019185053148662e-04
1.307085529362815102e+01 3.801170488677744846e-04
1.324598321669588152e+01 3.335860965466204441e-04
1.342559264001181063e+01 2.913674899709888075e-04
1.360986137502873916e+01 2.530039147406955877e-04
1.379897676228727654e+01 2.185490902547754255e-04
1.399313631847826045e+01 1.876860299832501544e-04
1.419254843695589230e+01 1.601472583174549068e-04
1.439743314692606369e+01 1.357026369701316382e-04
1.460802293712368716e+01 1.143977085824987567e-04
1.482456365046278535e+01 9.556097579683860859e-05
1.504731545689699779e+01 7.928022883514358309e-05
1.527655391258613626e+01 6.526185411235663029e-05
1.551257111443440273e+01 5.319562187837927866e-05
1.575567696017295916e+01 4.297576532258279470e-05
1.600620052541652782e+01 3.436900837015070538e-05
1.626449157056262607e+01 2.721883570394246878e-05
1.653092219204418001e+01 2.132940525180512426e-05
1.680588863433074565e+01 1.649369150431938123e-05
1.708981328123576660e+01 1.260849794346644020e-05
1.738314684757837725e+01 9.491572719677463443e-06
1.768637079511793431e+01 7.069109115654395561e-06
1.800000000000201084e+01 5.167944642550612123e-06
