-1.800000000000201084e+01 5.281320919511878015e-06
-1.768637079511795918e+01 7.172655390692524945e-06
-1.738314684757837725e+01 9.692584105019087467e-06
-1.708981328123576660e+01 1.288710274193676288e-05
-1.680588863433072433e+01 1.685613925514407020e-05
-1.653092219204418001e+01 2.188519670079795460e-05
-1.626449157056260830e+01 2.798046859085109172e-05
-1.600620052541652782e+01 3.532674652476867888e-05
-1.575567696017295916e+01 4.430325110554943197e-05
-1.551257111443442049e+01 5.502368173573094206e-05
-1.527655391258613626e+01 6.762282779839300822e-05
-1.504731545689701200e+01 8.243732226050029153e-05
-1.482456365046278535e+01 9.957299263070930621e-05
-1.460802293712368716e+01 1.193819585574681697e-04
-1.439743314692604947e+01 1.420424770226159537e-04
-1.419254843695589230e+01 1.683140237379743157e-04
-1.399313631847824624e+01 1.973851989815779136e-04
-1.379897676228727654e+01 2.305649022026492285e-04
-1.360986137502872673e+01 2.678073483754858002e-04
-1.342559264001182306e+01 3.090147841000939147e-04
-1.324598321669588152e+01 3.549537781210731374e-04
-1.307085529362816168e+01 4.061157914938061755e-04
-1.290003999013476133e+01 4.620429222302269373e-04
-1.273337680253193582e+01 5.230713766261319269e-04
-1.257071309104041035e+01 5.899944679288952193e-04
-1.241190360395464154e+01 6.626916304898976783e-04
-1.225681003594876195e+01 7.414572085252308818e-04
-1.210530061769597765e+01 8.269436851100169092e-04
-1.195724973424155202e+01 9.187994599076981708e-04
-1.181253756980619762e+01 1.017401427805729886e-03
-1.167104977690866718e+01 1.123305133306478926e-03
-1.153267716788677255e+01 1.235538557859578845e-03
-1.139731542706779699e+01 1.356327664858643237e-03
-1.126486484199332239e+01 1.483971340923201940e-03
-1.113523005224293527e+01 1.619583962819896904e-03
-1.100831981452695096e+01 1.763656541417966614e-03
-1.088404678283180083e+01 1.915310762370819615e-03
-1.076232730250476877e+01 2.075394846643352151e-03
-1.064308121725769141e+01 2.244092066062950731e-03
-1.052623168815380517e+01 2.421684057671490749e-03
-1.041170502371859463e+01 2.606276323580411849e-03
-1.029943052038521678e+01 2.801469292450260197e-03
-1.018934031254830330e+01 3.004732565311054888e-03
-1.008136923155793951e+01 3.216723430868131863e-03
-9.975454673037956965e+00 3.437962389531229457e-03
-9.871536471960840942e+00 3.668743393950172314e-03
-9.769556784955334194e+00 3.907164258800755428e-03
-9.669459979362780899e+00 4.156911141933566575e-03
-9.571192528595137361e+00 4.414699631053204711e-03
-9.474702913380864899e+00 4.682531197999756541e-03
-9.379941528515811200e+00 4.958179365190574887e-03
-9.286860594764403842e+00 5.245443749018788640e-03
-9.195414075582201363e+00 5.541055134231707806e-03
-9.105557598354884874e+00 5.845580431114839534e-03
-9.017248379870389741e+00 6.161240999799742248e-03
-8.930445155761116638e+00 6.484836458464323695e-03
-8.845108113671695804e+00 6.818424776187275056e-03
-8.761198829924738973e+00 7.163574703898382100e-03
-8.678680209472876328e+00 7.512571928932527260e-03
-8.597516428939853128e+00 7.875439751613009381e-03
-8.517672882566811765e+00 8.248449340659980838e-03
-8.439116130892410084e+00 8.629030548995006780e-03
-8.361813852006719117e+00 9.018389888892898443e-03
-8.285734795229661387e+00 9.419094780072479953e-03
-8.210848737074378789e+00 9.827025991242728173e-03
-8.137126439365120589e+00 1.024811077098953735e-02
-8.064539609387715302e+00 1.067341754631426567e-02
-7.993060861958362295e+00 1.111126712923650277e-02
-7.922663683303976967e+00 1.155498957161396612e-02
-7.853322396653874549e+00 1.201493950533255584e-02
-7.785012129448951157e+00 1.247870243819772414e-02
-7.717708782080378249e+00 1.295211978627425382e-02
-7.651388998075133507e+00 1.343897011137283430e-02
-7.586030135650944750e+00 1.392660985880192319e-02
-7.521610240567749628e+00 1.443132642954379936e-02
-7.458108020207273370e+00 1.494209242491873098e-02
-7.395502818816379609e+00 1.546101413865635758e-02
-7.333774593853726209e+00 1.598874724092201605e-02
-7.272903893382695273e+00 1.652768978197829974e-02
-7.212871834457117437e+00 1.706803364906806994e-02
-7.153660082449187385e+00 1.762501034331755145e-02
-7.095250831272068126e+00 1.818880850565021343e-02
-7.037626784452278628e+00 1.876355867575296710e-02
-6.980771137009643468e+00 1.934396131899980206e-02
-6.924667558104775189e+00 1.992826680625113880e-02
-6.869300174416541616e+00 2.052924905022781785e-02
-6.814653554213885300e+00 2.113208526313314906e-02
-6.760712692088343800e+00 2.174774660005261012e-02
-6.707462994315648963e+00 2.237199807470030902e-02
-6.654890264816202716e+00 2.300470678001115613e-02
-6.602980691686176407e+00 2.363644250844073799e-02
-6.551720834272277472e+00 2.428314734905338834e-02
-6.501097610764786872e+00 2.493693388508448280e-02
-6.451098286284775440e+00 2.560026655977668333e-02
-6.401710461442654321e+00 2.626773257687812710e-02
-6.352922061346510496e+00 2.694809014431436001e-02
-6.304721325039668756e+00 2.763565434363634415e-02
-6.257096795348075169e+00 2.833001482988690284e-02
-6.210037309119101678e+00 2.902495085389895577e-02
-6.163531987834188541e+00 2.973411096792961256e-02
-6.117570228578837366e+00 3.044722078777028704e-02
-6.072141695354100754e+00 3.117074272123340414e-02
-6.027236310714632950e+00 3.190668125926469922e-02
-5.982844247719062203e+00 3.264367177575921292e-02
-5.938955922179146363e+00 3.338672690251592856e-02
-5.895561985194874843e+00 3.413482515178619531e-02
-5.852653315963272540e+00 3.490031080977194777e-02
-5.810221014849253685e+00 3.566029893614516139e-02
-5.768256396707496236e+00 3.643240994030590846e-02
-5.726750984444712422e+00 3.720997898056773584e-02
-5.685696502812374042e+00 3.798791189515863392e-02
-5.645084872420248701e+00 3.877856940951021625e-02
-5.604908203961667112e+00 3.958071726469764712e-02
-5.565158792641851981e+00 4.038357371729073969e-02
-5.525829112800970222e+00 4.118828353802429787e-02
-5.486911812724083681e+00 4.200505118029360802e-02
-5.448399709630409760e+00 4.282250180510741022e-02
-5.410285784834729661e+00 4.365500035073317797e-02
-5.372563179074079542e+00 4.448800544072553653e-02
-5.335225187993163587e+00 4.532632921952027549e-02
-5.298265257782246884e+00 4.617365688041714239e-02
-5.261676980961550676e+00 4.702032871730867092e-02
-5.225454092306433651e+00 4.787439209069225404e-02
-5.189590464907923639e+00 4.873023594605571662e-02
-5.154080106363324809e+00 4.960430821549625946e-02
-5.118917155092023386e+00 5.047263975029931543e-02
-5.084095876771596245e+00 5.134632931227708225e-02
-5.049610660889740643e+00 5.221799134025171402e-02
-5.015456017407655231e+00 5.310884640268046658e-02
-4.981626573530626878e+00 5.399302237252383285e-02
-4.948117070581910859e+00 5.489841131104376826e-02
-4.914922360976011539e+00 5.578435173550095466e-02
-4.882037405287712239e+00 5.668774855748329872e-02
-4.849457269413337102e+00 5.759348656127834948e-02
-4.817177121820895636e+00 5.850347404481170965e-02
-4.785192230885824571e+00 5.941912693788824196e-02
-4.753497962309302771e+00 6.033647955185762052e-02
-4.722089776616123835e+00 6.125336279322006472e-02
-4.690963226729293112e+00 6.218449573417832166e-02
-4.660113955618596648e+00 6.311011411822922690e-02
-4.629537694020590344e+00 6.404838068258787709e-02
-4.599230258227382961e+00 6.497988135986887404e-02
-4.569187547941903738e+00 6.592081227074243766e-02
-4.539405544197283149e+00 6.685384196923865874e-02
-4.509880307338105077e+00 6.780290713618183918e-02
-4.480607975061465353e+00 6.874460237283165631e-02
-4.451584760515686412e+00 6.969627488491463019e-02
-4.422806950454783781e+00 7.064194328895359587e-02
-4.394270903446768628e+00 7.159419903251382222e-02
-4.365973048133954926e+00 7.253129819835126002e-02
-4.337909881543509094e+00 7.349060873645002490e-02
-4.310077967446587444e+00 7.445950560985498123e-02
-4.282473934764412071e+00 7.540629367151088780e-02
-4.255094476019731786e+00 7.637455468719786533e-02
-4.227936345832168819e+00 7.733308634098218226e-02
-4.200996359456015128e+00 7.829131185087644107e-02
-4.174271391359062555e+00 7.926061445886846413e-02
-4.147758373841154089e+00 8.020728191656767425e-02
-4.121454295691163061e+00 8.118434703075527725e-02
-4.095356200881122177e+00 8.214887494943964863e-02
-4.069461187296388616e+00 8.311838621570483143e-02
-4.043766405500584860e+00 8.406695300097184742e-02
-4.018269057534298305e+00 8.503210479105047237e-02
-3.992966395746416985e+00 8.600463139287205239e-02
-3.967855721657088441e+00 8.696655691122112675e-02
-3.942934384851309204e+00 8.791402037046930351e-02
-3.918199781902168777e+00 8.887137470776070025e-02
-3.893649355322847061e+00 8.985631456326149957e-02
-3.869280592546462394e+00 9.080530730322006194e-02
-3.845091024932894896e+00 9.176561460951149218e-02
-3.821078226801797317e+00 9.271840416819447650e-02
-3.797239814490932730e+00 9.365089528077111258e-02
-3.773573445439120100e+00 9.460940594930372649e-02
-3.750076817293014120e+00 9.556127961393330594e-02
-3.726747667036997225e+00 9.650320988595599558e-02
-3.703583770145510101e+00 9.745697441149972495e-02
-3.680582939757102157e+00 9.839694168455551115e-02
-3.657743025869630404e+00 9.932621750555208073e-02
-3.635061914555887341e+00 1.002748730497783347e-01
-3.612537527199123133e+00 1.012074013428004293e-01
-3.590167819747855482e+00 1.021306779772954421e-01
-3.567950781989368547e+00 1.030345808954016423e-01
-3.545884436841426179e+00 1.039751962380612987e-01
-3.523966839661581307e+00 1.048684702322029705e-01
-3.502196077573649369e+00 1.058052868129726043e-01
-3.480570268810808887e+00 1.066873205273489861e-01
-3.459087562074850908e+00 1.075948750402544452e-01
-3.437746135911134981e+00 1.084901225498629551e-01
-3.416544198098792506e+00 1.093764237445945531e-01
-3.395479985055740890e+00 1.102577229842639644e-01
-3.374551761258098193e+00 1.111355104439896851e-01
-3.353757818673582580e+00 1.120105355025851346e-01
-3.333096476208523118e+00 1.128689313210058109e-01
-3.312566079168071553e+00 1.137223316437417781e-01
-3.292164998729279812e+00 1.145777142573744939e-01
-3.271891631426664837e+00 1.154233321317379712e-01
-3.251744398649922374e+00 1.162580163559438079e-01
-3.231721746153456643e+00 1.170801329929650469e-01
-3.211822143577407918e+00 1.178983526854227026e-01
-3.192044083979844071e+00 1.187065881992225291e-01
-3.172386083379843402e+00 1.195178418714987756e-01
-3.152846680311138350e+00 1.203005393910693971e-01
-3.133424435386072737e+00 1.210832384000152390e-01
-3.114117930869558570e+00 1.218516400985092535e-01
-3.094925770262795250e+00 1.226454489301162659e-01
-3.075846577896469647e+00 1.233895041511342688e-01
-3.056878998533198555e+00 1.241346039257122530e-01
-3.038021696978961295e+00 1.248593713676002526e-01
-3.019273357703287086e+00 1.255669109062456379e-01
-3.000632684467968048e+00 1.263084008969947991e-01
-2.982098399964077995e+00 1.269971325789038263e-01
-2.963669245457069223e+00 1.276661075963486658e-01
-2.945343980439752762e+00 1.283621635027215879e-01
-2.927121382292947160e+00 1.289981760229878538e-01
-2.909000245953597297e+00 1.296646415089663107e-01
-2.890979383590179363e+00 1.303120698015628742e-01
-2.873057624285205058e+00 1.309393041646778055e-01
-2.855233813724623815e+00 1.315378973313889310e-01
-2.837506813893987179e+00 1.321295103254027103e-01
-2.819875502781155951e+00 1.327396240485252399e-01
-2.802338774085429751e+00 1.333106559115327383e-01
-2.784895536932901372e+00 1.338310474783755699e-01
-2.767544715597910265e+00 1.343966505852274007e-01
-2.750285249230413953e+00 1.349025561088886549e-01
-2.733116091589155250e+00 1.354184784839989608e-01
-2.716036210780464089e+00 1.359087680604123549e-01
-2.699044589002566052e+00 1.363696484988644320e-01
-2.682140222295249732e+00 1.368465968552660950e-01
-2.665322120294779662e+00 1.372700128564866839e-01
-2.648589305993904297e+00 1.377244583178417747e-01
-2.631940815506855547e+00 1.381151981526794748e-01
-2.615375697839200431e+00 1.385125562472188099e-01
-2.598893014662444045e+00 1.388686684809246619e-01
-2.582491840093254609e+00 1.392033645297185152e-01
-2.566171260477212002e+00 1.395599445992383447e-01
-2.549930374176959447e+00 1.398624843159812225e-01
-2.533768291364664638e+00 1.401452652378148700e-01
-2.517684133818677505e+00 1.404121572115664962e-01
-2.501677034724291371e+00 1.406745350971906061e-01
-2.485746138478510670e+00 1.409131876082673485e-01
-2.469890600498723998e+00 1.411025540575448212e-01
-2.454109587035200768e+00 1.413160471469430968e-01
-2.438402274987315543e+00 1.414678204857462984e-01
-2.422767851723407695e+00 1.416110261098831313e-01
-2.407205514904207533e+00 1.417275418884595684e-01
-2.391714472309731221e+00 1.418541386079513744e-01
-2.376293941669569421e+00 1.419259319840388833e-01
-2.360943150496495058e+00 1.419593233407829280e-01
-2.345661335923311608e+00 1.419853557971257341e-01
-2.330447744542858413e+00 1.420074871423809282e-01
-2.315301632251118846e+00 1.419813143404407840e-01
-2.300222264093345625e+00 1.419328721708113250e-01
-2.285208914113144640e+00 1.418650754008346782e-01
-2.270260865204440481e+00 1.417805742280937864e-01
-2.255377408966269037e+00 1.416716837364681292e-01
-2.240557845560325223e+00 1.415208734866075790e-01
-2.225801483571210770e+00 1.413413658399393924e-01
-2.211107639869315467e+00 1.411518171366635543e-01
-2.196475639476279440e+00 1.409286978292972337e-01
-2.181904815432973432e+00 1.406698558264900256e-01
-2.167394508669943320e+00 1.404037748646079775e-01
-2.152944067880271817e+00 1.400704516790748089e-01
-2.138552849394784516e+00 1.397664726591349160e-01
-2.124220217059574090e+00 1.393808226448970677e-01
-2.109945542115772454e+00 1.390056680253403953e-01
-2.095728203081529628e+00 1.385798747220167160e-01
-2.081567585636154849e+00 1.381412374924913256e-01
-2.067463082506362237e+00 1.376725642795608440e-01
-2.053414093354584136e+00 1.371606081770105623e-01
-2.039420024669305942e+00 1.366472619284462564e-01
-2.025480289657382471e+00 1.360810397230726998e-01
-2.011594308138276332e+00 1.354711676212158877e-01
-1.997761506440205226e+00 1.348763879975446722e-01
-1.983981317298131319e+00 1.342128116609461186e-01
-1.970253179753569617e+00 1.335405808039509257e-01
-1.956576539056167352e+00 1.328415685490688947e-01
-1.942950846567025547e+00 1.321075916982203391e-01
-1.929375559663717654e+00 1.313241879852959093e-01
-1.915850141646975535e+00 1.305426287605895574e-01
-1.902374061649005244e+00 1.297065331765481222e-01
-1.888946794543396868e+00 1.288595165249779850e-01
-1.875567820856598900e+00 1.279681003317132137e-01
-1.862236626680921825e+00 1.270472682856800539e-01
-1.848952703589041180e+00 1.261186772170699022e-01
-1.835715548549967879e+00 1.251478997431983431e-01
-1.822524663846452730e+00 1.241465702893295442e-01
-1.809379556993800708e+00 1.231119668687989943e-01
-1.796279740660062796e+00 1.220477492937215164e-01
-1.783224732587581407e+00 1.209432489743508948e-01
-1.770214055515849871e+00 1.198330547441062849e-01
-1.757247237105675541e+00 1.186958388242154439e-01
-1.744323809864610553e+00 1.175133062084501995e-01
-1.731443311073621372e+00 1.163191441713796598e-01
-1.718605282714980698e+00 1.150881414769629740e-01
-1.705809271401351745e+00 1.138350618383582175e-01
-1.693054828306041149e+00 1.125492416203259655e-01
-1.680341509094399610e+00 1.112354542615670988e-01
-1.667668873856344547e+00 1.098897546032728961e-01
-1.655036487039980519e+00 1.085393825783690647e-01
-1.642443917386301022e+00 1.071561346537401316e-01
-1.629890737864948980e+00 1.057465416471466968e-01
-1.617376525611005755e+00 1.043218186965311073e-01
-1.604900861862805783e+00 1.028487386106635842e-01
-1.592463331900736856e+00 1.013790117495003279e-01
-1.580063524987020074e+00 9.987232469669811430e-02
-1.567701034306447028e+00 9.838218839301232643e-02
-1.555375456908052678e+00 9.683705464344877223e-02
-1.543086393647707277e+00 9.526755997575242496e-02
-1.530833449131608237e+00 9.367847335585594015e-02
-1.518616231660659732e+00 9.210265603634067155e-02
-1.506434353175712282e+00 9.049062902568257016e-02
-1.494287429203655870e+00 8.886043024454215455e-02
-1.482175078804342627e+00 8.722781685824144982e-02
-1.470096924518329295e+00 8.555748029697281265e-02
-1.458052592315416618e+00 8.389231901211692544e-02
-1.446041711543979202e+00 8.220898039439308858e-02
-1.434063914881057000e+00 8.050556676526024469e-02
-1.422118838283209508e+00 7.879992058870034788e-02
-1.410206120938107599e+00 7.709969888033066376e-02
-1.398325405216850115e+00 7.538065659870554769e-02
-1.386476336626996986e+00 7.368085251263925550e-02
-1.374658563766294916e+00 7.193302075960360253e-02
-1.362871738277095179e+00 7.019265384063039237e-02
-1.351115514801437101e+00 6.848490604973601903e-02
-1.339389550936797013e+00 6.673129329379547114e-02
-1.327693507192477362e+00 6.501144506890921271e-02
-1.316027046946637080e+00 6.327353471426411247e-02
-1.304389836403941239e+00 6.154253197965481315e-02
-1.292781544553817996e+00 5.981785461139753346e-02
-1.281201843129320173e+00 5.809074373214052900e-02
-1.269650406566570577e+00 5.639800732362734714e-02
-1.258126911964788874e+00 5.468455332405661867e-02
-1.246631039046874889e+00 5.298747574342781846e-02
-1.235162470120555911e+00 5.131826402686418681e-02
-1.223720890040073339e+00 4.965611259062251148e-02
-1.212305986168408234e+00 4.797834190637134677e-02
-1.200917448340022453e+00 4.634263587230424281e-02
-1.189554968824123149e+00 4.471150855235134225e-02
-1.178218242288426865e+00 4.311843152149311825e-02
-1.166906965763418569e+00 4.152391196927180533e-02
-1.155620838607101852e+00 3.995302056966928278e-02
-1.144359562470215863e+00 3.840761948828130823e-02
-1.133122841261928526e+00 3.689848188088108716e-02
-1.121910381115985400e+00 3.539467312747096583e-02
-1.110721890357309283e+00 3.393561954011292681e-02
-1.099557079469039467e+00 3.247600985966777459e-02
-1.088415661060010642e+00 3.106770100347146582e-02
-1.077297349832647466e+00 2.967602962578320611e-02
-1.066201862551285018e+00 2.832927130097832868e-02
-1.055128918010896033e+00 2.699348468971447118e-02
-1.044078237006218046e+00 2.568796161005888409e-02
-1.033049542301277102e+00 2.442478508267890980e-02
-1.022042558599299822e+00 2.320083363530059742e-02
-1.011057012512998066e+00 2.199731758123657163e-02
-1.000092632535235726e+00 2.083636509739830722e-02
-9.891491490100537964e-01 1.970227673765422016e-02
-9.782262941040561488e-01 1.861067440319526256e-02
-9.673238017781481402e-01 1.755517991143921985e-02
-9.564414077596213870e-01 1.652991431049154886e-02
-9.455788495145712735e-01 1.554199749158961807e-02
-9.347358662206534108e-01 1.459398058538156212e-02
-9.239121987401626157e-01 1.367994705918425258e-02
-9.131075895934324116e-01 1.280548882753368770e-02
-9.023217829325496098e-01 1.196515595262306192e-02
-8.915545245153719822e-01 1.116352149074089500e-02
-8.808055616798529108e-01 1.039455559131316660e-02
-8.700746433186589135e-01 9.657604145401808837e-03
-8.593615198540814903e-01 8.965800004157883571e-03
-8.486659432132259706e-01 8.300641503045233169e-03
-8.379876668034880183e-01 7.667209965862915172e-03
-8.273264454882990337e-01 7.074316265076944533e-03
-8.166820355631438932e-01 6.520260791981705856e-03
-8.060541947318363709e-01 5.983317197163124518e-03
-7.954426820830584610e-01 5.483043678242388412e-03
-7.848472580671504994e-01 5.013004171297573940e-03
-7.742676844731486430e-01 4.577017683474399537e-03
-7.637037244060699281e-01 4.167834031981510791e-03
-7.531551422644284788e-01 3.787522073045606220e-03
-7.426217037179922986e-01 3.428613941676361947e-03
-7.321031756857663275e-01 3.098674503528083424e-03
-7.215993263142009839e-01 2.792355309851478080e-03
-7.111099249556180890e-01 2.517779438966474218e-03
-7.006347421468592795e-01 2.254324792963954740e-03
-6.901735495881351490e-01 2.012016877873132412e-03
-6.797261201220911042e-01 1.797480325404715064e-03
-6.692922277130706199e-01 1.595739560335905161e-03
-6.588716474265783329e-01 1.416171769094676323e-03
-6.484641554089376481e-01 1.249124192789629641e-03
-6.380695288671385246e-01 1.100440506997350408e-03
-6.276875460488731129e-01 9.658551229931694156e-04
-6.173179862227488046e-01 8.457931376846944405e-04
-6.069606296586862459e-01 7.369094641781077362e-04
-5.966152576084875481e-01 6.393340017323782126e-04
-5.862816522865772484e-01 5.543633546497453261e-04
-5.759595968509094721e-01 4.770737739839855224e-04
-5.656488753840412942e-01 4.099100173190025525e-04
-5.553492728743597562e-01 3.500527928012061424e-04
-5.450605751974718638e-01 2.984771947598376064e-04
-5.347825690977430213e-01 2.526587662956922709e-04
-5.245150421699888987e-01 2.132930378568728073e-04
-5.142577828413065211e-01 1.792546265322491521e-04
-5.040105803530536832e-01 1.508667276450038365e-04
-4.937732247429644228e-01 1.252023517328023467e-04
-4.835455068274036594e-01 1.043022524291180460e-04
-4.733272181837471781e-01 8.502272467170988752e-05
-4.631181511328986700e-01 7.045959371566649866e-05
-4.529180987219272314e-01 5.751247106655783239e-05
-4.427268547068332061e-01 4.650688991325171653e-05
-4.325442135354257145e-01 3.719765544867054835e-05
-4.223699703303245845e-01 2.991034869108580811e-05
-4.122039208720716941e-01 2.384616731083803731e-05
-4.020458615823537807e-01 1.900277640925588258e-05
-3.918955895073323314e-01 1.476619146805274404e-05
-3.817529023010813316e-01 1.163080793929960041e-05
-3.716175982091194929e-01 9.100486130070096875e-06
-3.614894760520483419e-01 6.851237530465899591e-06
-3.513683352092828449e-01 5.396851081577514527e-06
-3.412539756028758475e-01 4.006567979808088798e-06
-3.311461976814312758e-01 3.168825936557106389e-06
-3.210448024041094306e-01 2.331293700568648410e-06
-3.109495912247085547e-01 1.690463363117216159e-06
-3.008603660758366605e-01 1.288181891976765005e-06
-2.907769293531580201e-01 9.397127393924192718e-07
-2.806990838997174276e-01 6.287986513097927673e-07
-2.706266329903371237e-01 4.681486299208854021e-07
-2.605593803160889399e-01 2.757031587950978447e-07
-2.504971299688272257e-01 2.016878386197824188e-07
-2.404396864257955790e-01 1.486905215880503214e-07
-2.303868545342923901e-01 1.038907812166725367e-07
-2.203384394963986970e-01 8.509626528484180608e-08
-2.102942468537628840e-01 5.940015953987482913e-08
-2.002540824724450275e-01 1.527272868384353314e-08
-1.902177525278067050e-01 5.536645656607269506e-09
-1.801850634894590075e-01 7.185014071053597649e-09
-1.701558221062540455e-01 1.763357608069052390e-08
-1.601298353913264694e-01 6.077499125409467103e-09
-1.501069106071708514e-01 1.878574168640659257e-08
-1.400868552507662790e-01 3.600634669502063869e-09
-1.300694770387391397e-01 2.894162221963420124e-09
-1.200545838925550501e-01 7.582808587525260403e-09
-1.100419839237516545e-01 1.226010482463713672e-09
-1.000314854191983877e-01 8.877381613077781628e-09
-9.002289682638489610e-02 3.611571288188183960e-08
-8.001602673873924043e-02 1.004180390093465806e-08
-7.001068388096250150e-02 5.317064282346939575e-09
-6.000667709439190534e-02 5.507137335736217513e-09
-5.000381532237931775e-02 2.652578462878180856e-09
-4.000190759568706539e-02 2.660981013888680489e-09
-3.000076301789707939e-02 1.725133285203864732e-10
-2.000019075083557876e-02 9.843805708418648491e-10
-9.999999999999974187e-03 1.297370665212056770e-08
0.000000000000000000e+00 6.841152997243603232e-09
9.999999999999974187e-03 3.108563810170522126e-09
2.000019075083557876e-02 7.561096818714084642e-09
3.000076301789707939e-02 8.105121197846866440e-09
4.000190759568635068e-02 1.375021957412857760e-08
5.000381532237860305e-02 1.068681660886295516e-08
6.000667709439118369e-02 4.014379529335895194e-08
7.001068388096322315e-02 2.373958722826823264e-08
8.001602673873996208e-02 6.741654937741471290e-09
9.002289682638561774e-02 3.343752539265465168e-09
1.000314854191983877e-01 6.640970216129823559e-09
1.100419839237516545e-01 1.302532926924292335e-08
1.200545838925550501e-01 9.853308365523985232e-09
1.300694770387391397e-01 4.914165644584128470e-08
1.400868552507662790e-01 5.342620527359446158e-08
1.501069106071708514e-01 1.371520571060705523e-07
1.601298353913264694e-01 2.215746825390281649e-07
1.701558221062540455e-01 2.333785549480101652e-07
1.801850634894582859e-01 4.136286450646475532e-07
1.902177525278067050e-01 6.111404664947235703e-07
2.002540824724450275e-01 8.598862070565769943e-07
2.102942468537628840e-01 1.243612790323579357e-06
2.203384394963986970e-01 1.749438013705949094e-06
2.303868545342923901e-01 2.443550504886425712e-06
2.404396864257955790e-01 3.430834217884518570e-06
2.504971299688272257e-01 4.577861209279689469e-06
2.605593803160889399e-01 6.237325540274928560e-06
2.706266329903371237e-01 8.431430418042384982e-06
2.806990838997167059e-01 1.096351025591812503e-05
2.907769293531572985e-01 1.430170560238308886e-05
3.008603660758359388e-01 1.865988294058928273e-05
3.109495912247092764e-01 2.403409152255170427e-05
3.210448024041101522e-01 3.053170663910249384e-05
3.311461976814320529e-01 3.912240366715809942e-05
3.412539756028758475e-01 4.911099128175867260e-05
3.513683352092828449e-01 6.099896774208542243e-05
3.614894760520483419e-01 7.566001741267324961e-05
3.716175982091194929e-01 9.330644629253961734e-05
3.817529023010813316e-01 1.138374904524720797e-04
3.918955895073323314e-01 1.390790503112629287e-04
4.020458615823530590e-01 1.680376148145311854e-04
4.122039208720709169e-01 2.015300231801576665e-04
4.223699703303238628e-01 2.411649907483096294e-04
4.325442135354264361e-01 2.855174354704491943e-04
4.427268547068339277e-01 3.363258920223276423e-04
4.529180987219279531e-01 3.959836228438839783e-04
4.631181511328986700e-01 4.644617951443461967e-04
4.733272181837471781e-01 5.408150288213140876e-04
4.835455068274036594e-01 6.248269460197846282e-04
4.937732247429644228e-01 7.226321129771653452e-04
5.040105803530536832e-01 8.299279541938297958e-04
5.142577828413065211e-01 9.474003396221424098e-04
5.245150421699888987e-01 1.081001873886960245e-03
5.347825690977430213e-01 1.225596363422648983e-03
5.450605751974710866e-01 1.387426372252597868e-03
5.553492728743597562e-01 1.562641512258788803e-03
5.656488753840412942e-01 1.756497332410846988e-03
5.759595968509094721e-01 1.965573623985149981e-03
5.862816522865772484e-01 2.192141558660727369e-03
5.966152576084875481e-01 2.440222554228719913e-03
6.069606296586862459e-01 2.708268769159309381e-03
6.173179862227488046e-01 2.991539792543118897e-03
6.276875460488731129e-01 3.298635386420011289e-03
6.380695288671385246e-01 3.625515963225173829e-03
6.484641554089369819e-01 3.976900721084891677e-03
6.588716474265774448e-01 4.348490907589774163e-03
6.692922277130698427e-01 4.743365496981539510e-03
6.797261201220904381e-01 5.167661460109322646e-03
6.901735495881360372e-01 5.608364332115587866e-03
7.006347421468600567e-01 6.076883675624098272e-03
7.111099249556188662e-01 6.571839067381621442e-03
7.215993263142009839e-01 7.089055398822018302e-03
7.321031756857663275e-01 7.639834278328055776e-03
7.426217037179922986e-01 8.205549265931868022e-03
7.531551422644284788e-01 8.800652303581684918e-03
7.637037244060699281e-01 9.426789446223313162e-03
7.742676844731486430e-01 1.007060889041640900e-02
7.848472580671498333e-01 1.073996065108325307e-02
7.954426820830577949e-01 1.144198482045292314e-02
8.060541947318363709e-01 1.217106805422288329e-02
8.166820355631446704e-01 1.291836082431319609e-02
8.273264454882999219e-01 1.369483731498422584e-02
8.379876668034880183e-01 1.449289060352505938e-02
8.486659432132259706e-01 1.532551208526699259e-02
8.593615198540814903e-01 1.617204253994163066e-02
8.700746433186589135e-01 1.705464616254933133e-02
8.808055616798529108e-01 1.793927748626511151e-02
8.915545245153719822e-01 1.886470130698593428e-02
9.023217829325496098e-01 1.981028928212798940e-02
9.131075895934324116e-01 2.077354974402551013e-02
9.239121987401619496e-01 2.175725788066077901e-02
9.347358662206525226e-01 2.278039570183461662e-02
9.455788495145712735e-01 2.379920983182041636e-02
9.564414077596213870e-01 2.484719025559011321e-02
9.673238017781488063e-01 2.591912812275840028e-02
9.782262941040561488e-01 2.700254881363888665e-02
9.891491490100537964e-01 2.811653899922972322e-02
1.000092632535235726e+00 2.922507582799441922e-02
1.011057012512998066e+00 3.037325161835615489e-02
1.022042558599299822e+00 3.152871709592851290e-02
1.033049542301277102e+00 3.270890999581812369e-02
1.044078237006217380e+00 3.388048457872123997e-02
1.055128918010895367e+00 3.508998628163079864e-02
1.066201862551284352e+00 3.629657166169509425e-02
1.077297349832648132e+00 3.751536678077965065e-02
1.088415661060011308e+00 3.875354917265500659e-02
1.099557079469040355e+00 4.001541170894225979e-02
1.110721890357309283e+00 4.127269184350539077e-02
1.121910381115985400e+00 4.254607992318618082e-02
1.133122841261928526e+00 4.379940617199947622e-02
1.144359562470215863e+00 4.509289631620670702e-02
1.155620838607101852e+00 4.638253236280850955e-02
1.166906965763418569e+00 4.767688603765347921e-02
1.178218242288425976e+00 4.899514947199391790e-02
1.189554968824123149e+00 5.032875465163517276e-02
1.200917448340022453e+00 5.162176945478533230e-02
1.212305986168408900e+00 5.294739190044928795e-02
1.223720890040074227e+00 5.425844815263146381e-02
1.235162470120555911e+00 5.560132078176536347e-02
1.246631039046874889e+00 5.693224748923145923e-02
1.258126911964788874e+00 5.825954273905208092e-02
1.269650406566570577e+00 5.958924947239200437e-02
1.281201843129320173e+00 6.091190399189504862e-02
1.292781544553817996e+00 6.225815570256673648e-02
1.304389836403941239e+00 6.357643548139225997e-02
1.316027046946637080e+00 6.491166919228151533e-02
1.327693507192476696e+00 6.623489861951502300e-02
1.339389550936796125e+00 6.758406992861025475e-02
1.351115514801436435e+00 6.889969470796206141e-02
1.362871738277095179e+00 7.021450990190883368e-02
1.374658563766295805e+00 7.153364861884434212e-02
1.386476336626997652e+00 7.284804456872329137e-02
1.398325405216850559e+00 7.415614184591334812e-02
1.410206120938107599e+00 7.545259970494587465e-02
1.422118838283209508e+00 7.674349538938564363e-02
1.434063914881057000e+00 7.803680850316385698e-02
1.446041711543979202e+00 7.932186381801281660e-02
1.458052592315416618e+00 8.059780926770546139e-02
1.470096924518328407e+00 8.187143863321366677e-02
1.482175078804341739e+00 8.311466588795549115e-02
1.494287429203654982e+00 8.437120876275541748e-02
1.506434353175713392e+00 8.562170301916481596e-02
1.518616231660660620e+00 8.685361645090866611e-02
1.530833449131608681e+00 8.806458237074812900e-02
1.543086393647707277e+00 8.926327325673250046e-02
1.555375456908052678e+00 9.048379717928360655e-02
1.567701034306447028e+00 9.168593948955923445e-02
1.580063524987019630e+00 9.286461533505448174e-02
1.592463331900736190e+00 9.402508053534114341e-02
1.604900861862805117e+00 9.519148409982190751e-02
1.617376525611005755e+00 9.632070849080580366e-02
1.629890737864948091e+00 9.746611806048950666e-02
1.642443917386300800e+00 9.858401514305234481e-02
1.655036487039980742e+00 9.968143753705924204e-02
1.667668873856345213e+00 1.007761384837900648e-01
1.680341509094400276e+00 1.018719305827669036e-01
1.693054828306040926e+00 1.029440240694988601e-01
1.705809271401351079e+00 1.040161932620365798e-01
1.718605282714980920e+00 1.050154502877557322e-01
1.731443311073621594e+00 1.060654404973798287e-01
1.744323809864610997e+00 1.070559315805577477e-01
1.757247237105675541e+00 1.080491755100233819e-01
1.770214055515848983e+00 1.090197080197400775e-01
1.783224732587580741e+00 1.099854032960599914e-01
1.796279740660062352e+00 1.109397146787817895e-01
1.809379556993800708e+00 1.118616269129276558e-01
1.822524663846453397e+00 1.127877933013632095e-01
1.835715548549968767e+00 1.136805193141555287e-01
1.848952703589041624e+00 1.145448849635509053e-01
1.862236626680921825e+00 1.154082655549256570e-01
1.875567820856598900e+00 1.162802610377917656e-01
1.888946794543396868e+00 1.170987431890128105e-01
1.902374061649005244e+00 1.179213841456885070e-01
1.915850141646975535e+00 1.187006699082147898e-01
1.929375559663716988e+00 1.194784083334260449e-01
1.942950846567024437e+00 1.202450385015473994e-01
1.956576539056166242e+00 1.210036251388829781e-01
1.970253179753570727e+00 1.216957491393572399e-01
1.983981317298132430e+00 1.224250662782975368e-01
1.997761506440205892e+00 1.231041872063087517e-01
2.011594308138276332e+00 1.237693865867635634e-01
2.025480289657382471e+00 1.244450574854306379e-01
2.039420024669305942e+00 1.250553453341867738e-01
2.053414093354583247e+00 1.256751408933945158e-01
2.067463082506361793e+00 1.262809145508666797e-01
2.081567585636154405e+00 1.268429567052598572e-01
2.095728203081529628e+00 1.274240087104406560e-01
2.109945542115771566e+00 1.279565298801218498e-01
2.124220217059573645e+00 1.284790089086944587e-01
2.138552849394784072e+00 1.289733060075192728e-01
2.152944067880272261e+00 1.294449412823511503e-01
2.167394508669943765e+00 1.299104415988792116e-01
2.181904815432972988e+00 1.303609003262023724e-01
2.196475639476278996e+00 1.307902816394964918e-01
2.211107639869315911e+00 1.311766929781382762e-01
2.225801483571211214e+00 1.315669018093075238e-01
2.240557845560325667e+00 1.319240230755961696e-01
2.255377408966268149e+00 1.322591772929046783e-01
2.270260865204440481e+00 1.325910072581004129e-01
2.285208914113143308e+00 1.328721175859937098e-01
2.300222264093344737e+00 1.332026361724494012e-01
2.315301632251118846e+00 1.334194263586387097e-01
2.330447744542859301e+00 1.337070964175902654e-01
2.345661335923311608e+00 1.339231887461006798e-01
2.360943150496495946e+00 1.341445721988353545e-01
2.376293941669568088e+00 1.343232937371049984e-01
2.391714472309731221e+00 1.344725067517174022e-01
2.407205514904206645e+00 1.346433373594637106e-01
2.422767851723407695e+00 1.347615126987660450e-01
2.438402274987316432e+00 1.348585903845815337e-01
2.454109587035200768e+00 1.349510560904732259e-01
2.469890600498723998e+00 1.350249301961936044e-01
2.485746138478509337e+00 1.350747993882168985e-01
2.501677034724291371e+00 1.351066484363361297e-01
2.517684133818678394e+00 1.351109229914842225e-01
2.533768291364664638e+00 1.351122809289870275e-01
2.549930374176959891e+00 1.350707698503336163e-01
2.566171260477213334e+00 1.349994440095007020e-01
2.582491840093254609e+00 1.349713304981488837e-01
2.598893014662444489e+00 1.348878539879289351e-01
2.615375697839199987e+00 1.347836059923061547e-01
2.631940815506855991e+00 1.346517594928519357e-01
2.648589305993903409e+00 1.344993630320201194e-01
2.665322120294779218e+00 1.343462171572243347e-01
2.682140222295247955e+00 1.341579174963118681e-01
2.699044589002565164e+00 1.339567992438627786e-01
2.716036210780464977e+00 1.337496725192949820e-01
2.733116091589157026e+00 1.335137038708284762e-01
2.750285249230413953e+00 1.332697311105806581e-01
2.767544715597911598e+00 1.329980033526254324e-01
2.784895536932901372e+00 1.327170993402449484e-01
2.802338774085429751e+00 1.323976764619463342e-01
2.819875502781155063e+00 1.320688087693277779e-01
2.837506813893987179e+00 1.317491927743857649e-01
2.855233813724622927e+00 1.313852986522487110e-01
2.873057624285204170e+00 1.309915420432623268e-01
2.890979383590180252e+00 1.306214392278203518e-01
2.909000245953595520e+00 1.301980598188838545e-01
2.927121382292947160e+00 1.297747416124690467e-01
2.945343980439754095e+00 1.293332643121323788e-01
2.963669245457068335e+00 1.288582364989794005e-01
2.982098399964077995e+00 1.283833100431528984e-01
3.000632684467967159e+00 1.279044825219580461e-01
3.019273357703287086e+00 1.273891449332281434e-01
3.038021696978962627e+00 1.268454695347196459e-01
3.056878998533198555e+00 1.263152927573683026e-01
3.075846577896470535e+00 1.257712829184028380e-01
3.094925770262794362e+00 1.252055838205416993e-01
3.114117930869559014e+00 1.245976237331317960e-01
3.133424435386071849e+00 1.240000452577569717e-01
3.152846680311138350e+00 1.233846061568981967e-01
3.172386083379844290e+00 1.227644952763333464e-01
3.192044083979846292e+00 1.221008701237457084e-01
3.211822143577407918e+00 1.214737370825656332e-01
3.231721746153457975e+00 1.207859128684974775e-01
3.251744398649921930e+00 1.201033311653134650e-01
3.271891631426665281e+00 1.194115167656050192e-01
3.292164998729279368e+00 1.187057522966301487e-01
3.312566079168071553e+00 1.179672333581439497e-01
3.333096476208521786e+00 1.172265921176103565e-01
3.353757818673582580e+00 1.164995596533644068e-01
3.374551761258096416e+00 1.157337686054249332e-01
3.395479985055740446e+00 1.149503120941283846e-01
3.416544198098793395e+00 1.141589522932018042e-01
3.437746135911136314e+00 1.133698105524469923e-01
3.459087562074850908e+00 1.125654941734578612e-01
3.480570268810810663e+00 1.117504599752470740e-01
3.502196077573649369e+00 1.109029039143329676e-01
3.523966839661581307e+00 1.100729716381189521e-01
3.545884436841424847e+00 1.092275761663792644e-01
3.567950781989368547e+00 1.083604568731535711e-01
3.590167819747851929e+00 1.074968065418183127e-01
3.612537527199123133e+00 1.066288672302725532e-01
3.635061914555887341e+00 1.057273799711167112e-01
3.657743025869628628e+00 1.048382705860474162e-01
3.680582939757102157e+00 1.039398575225938398e-01
3.703583770145510101e+00 1.030095128716401187e-01
3.726747667036997225e+00 1.020813749942076354e-01
3.750076817293014120e+00 1.011651080704055183e-01
3.773573445439117879e+00 1.002226897679376338e-01
3.797239814490932730e+00 9.928782433201460700e-02
3.821078226801799538e+00 9.834416894583757063e-02
3.845091024932894896e+00 9.736957179957038411e-02
3.869280592546462394e+00 9.641571953220887115e-02
3.893649355322847061e+00 9.543125768416921284e-02
3.918199781902168777e+00 9.446936300629013572e-02
3.942934384851307872e+00 9.348465577234624235e-02
3.967855721657088441e+00 9.249261556377649796e-02
3.992966395746416985e+00 9.150010390826816831e-02
4.018269057534300082e+00 9.051449733105124129e-02
4.043766405500584860e+00 8.951188027543190151e-02
4.069461187296391280e+00 8.850880002231256705e-02
4.095356200881122177e+00 8.749396670932428621e-02
4.121454295691163061e+00 8.647814573732254262e-02
4.147758373841154089e+00 8.545941968908793429e-02
4.174271391359062555e+00 8.444128547015365693e-02
4.200996359456013352e+00 8.342625952416923840e-02
4.227936345832168819e+00 8.239575637043713985e-02
4.255094476019727345e+00 8.137336677240239458e-02
4.282473934764413848e+00 8.034235836683799314e-02
4.310077967446587444e+00 7.932266383064079385e-02
4.337909881543510870e+00 7.828039008333777249e-02
4.365973048133954926e+00 7.724659977867875948e-02
4.394270903446770404e+00 7.620874390628340489e-02
4.422806950454781116e+00 7.517259554503015473e-02
4.451584760515686412e+00 7.414263650915747794e-02
4.480607975061463577e+00 7.310011640380786879e-02
4.509880307338105077e+00 7.208500857216963709e-02
4.539405544197283149e+00 7.104559326135326258e-02
4.569187547941903738e+00 7.000608951122577750e-02
4.599230258227382961e+00 6.896862400335410093e-02
4.629537694020593008e+00 6.795035987587767778e-02
4.660113955618596648e+00 6.691315721923446480e-02
4.690963226729293112e+00 6.588360535434815979e-02
4.722089776616123835e+00 6.486164127969624993e-02
4.753497962309302771e+00 6.383606265626655396e-02
4.785192230885826348e+00 6.281743691780015959e-02
4.817177121820895636e+00 6.180688377393210586e-02
4.849457269413340654e+00 6.078437459088860406e-02
4.882037405287709575e+00 5.977673246206720997e-02
4.914922360976011539e+00 5.876159414683829185e-02
4.948117070581908195e+00 5.776107524925076786e-02
4.981626573530626878e+00 5.675242343883229318e-02
5.015456017407652567e+00 5.576136050181919324e-02
5.049610660889745972e+00 5.477414160622370159e-02
5.084095876771596245e+00 5.379178940522306995e-02
5.118917155092026050e+00 5.280574169796319745e-02
5.154080106363324809e+00 5.182435745579493797e-02
5.189590464907923639e+00 5.085057764992449020e-02
5.225454092306433651e+00 4.989265451747548763e-02
5.261676980961550676e+00 4.892682109997656403e-02
5.298265257782244220e+00 4.796865643009907282e-02
5.335225187993163587e+00 4.702481327745757639e-02
5.372563179074077766e+00 4.608315462214023633e-02
5.410285784834729661e+00 4.514231106236540197e-02
5.448399709630405319e+00 4.421915237283315786e-02
5.486911812724086346e+00 4.329565776187913745e-02
5.525829112800970222e+00 4.238615897339645389e-02
5.565158792641854646e+00 4.147617832338358623e-02
5.604908203961667112e+00 4.057820195238778793e-02
5.645084872420248701e+00 3.969011478947945953e-02
5.685696502812371378e+00 3.880561761949857802e-02
5.726750984444712422e+00 3.792874912545134841e-02
5.768256396707492684e+00 3.705701551003062755e-02
5.810221014849253685e+00 3.619509419263418348e-02
5.852653315963272540e+00 3.534768912610614100e-02
5.895561985194872179e+00 3.450985176426145384e-02
5.938955922179146363e+00 3.367554096632650873e-02
5.982844247719065756e+00 3.285256185476469193e-02
6.027236310714632950e+00 3.203395449373987874e-02
6.072141695354100754e+00 3.122802012195110069e-02
6.117570228578833813e+00 3.043290028787128468e-02
6.163531987834188541e+00 2.964647848323179527e-02
6.210037309119105231e+00 2.887219705446397722e-02
6.257096795348075169e+00 2.810345173541990357e-02
6.304721325039668756e+00 2.734767306314947466e-02
6.352922061346506943e+00 2.660188673521264938e-02
6.401710461442654321e+00 2.586145145717944072e-02
6.451098286284771888e+00 2.512918817245843664e-02
6.501097610764786872e+00 2.441515547484769677e-02
6.551720834272277472e+00 2.371025362795832134e-02
6.602980691686179959e+00 2.301472850971264528e-02
6.654890264816202716e+00 2.232855175367899972e-02
6.707462994315653404e+00 2.165010230749097458e-02
6.760712692088343800e+00 2.099009023625797096e-02
6.814653554213885300e+00 2.033527616820110517e-02
6.869300174416541616e+00 1.969292055661215485e-02
6.924667558104775189e+00 1.906375557858576084e-02
6.980771137009639027e+00 1.844076984022284885e-02
7.037626784452278628e+00 1.783122162645893460e-02
7.095250831272059244e+00 1.722741468420333974e-02
7.153660082449184721e+00 1.664287908834028926e-02
7.212871834457117437e+00 1.607020840217124324e-02
7.272903893382699714e+00 1.550397610489178714e-02
7.333774593853726209e+00 1.494986336366212545e-02
7.395502818816384050e+00 1.440598146979460252e-02
7.458108020207268929e+00 1.387065066057555605e-02
7.521610240567749628e+00 1.335313010774359307e-02
7.586030135650939421e+00 1.284592260724295651e-02
7.651388998075133507e+00 1.234613567737610253e-02
7.717708782080382690e+00 1.186255833572738214e-02
7.785012129448951157e+00 1.138613257021046758e-02
7.853322396653874549e+00 1.092127014897031033e-02
7.922663683303971638e+00 1.046971683904392852e-02
7.993060861958362295e+00 1.002648998148520515e-02
8.064539609387720631e+00 9.594328770878481766e-03
8.137126439365120589e+00 9.176462885678332571e-03
8.210848737074378789e+00 8.769967986471815732e-03
8.285734795229668492e+00 8.369331000440143400e-03
8.361813852006719117e+00 7.985579721370351935e-03
8.439116130892415413e+00 7.608948252186632615e-03
8.517672882566811765e+00 7.246028939021890471e-03
8.597516428939853128e+00 6.893101255006039291e-03
8.678680209472870999e+00 6.549725649475039886e-03
8.761198829924738973e+00 6.218683325434042584e-03
8.845108113671690475e+00 5.895040493636660023e-03
8.930445155761116638e+00 5.584541333822324975e-03
9.017248379870389741e+00 5.284416205719713946e-03
9.105557598354891979e+00 4.993997955744188672e-03
9.195414075582201363e+00 4.714399516033619675e-03
9.286860594764410948e+00 4.444056267845897419e-03
9.379941528515811200e+00 4.186199498905729920e-03
9.474702913380864899e+00 3.934917816175713401e-03
9.571192528595130256e+00 3.695007267919232959e-03
9.669459979362780899e+00 3.465029307396146844e-03
9.769556784955327089e+00 3.242368008922954202e-03
9.871536471960840942e+00 3.032325484523261568e-03
9.975454673037942754e+00 2.829709581270055223e-03
1.008136923155793063e+01 2.636895642147126049e-03
1.018934031254830330e+01 2.453211195489808649e-03
1.029943052038522566e+01 2.277299936777049151e-03
1.041170502371859463e+01 2.110862782664408785e-03
1.052623168815380517e+01 1.951420954584027426e-03
1.064308121725768252e+01 1.801903395176061027e-03
1.076232730250476877e+01 1.660166071907932979e-03
1.088404678283179194e+01 1.526234212396141918e-03
1.100831981452695096e+01 1.399350764804426763e-03
1.113523005224294415e+01 1.279503651641183265e-03
1.126486484199331350e+01 1.167918823752730302e-03
1.139731542706779699e+01 1.062671848832187540e-03
1.153267716788676189e+01 9.648555097417503600e-04
1.167104977690866718e+01 8.728005324227236040e-04
1.181253756980620828e+01 7.880482528350497319e-04
1.195724973424156268e+01 7.079926521891415124e-04
1.210530061769597765e+01 6.349913669908109019e-04
1.225681003594877438e+01 5.676671034050202215e-04
1.241190360395464154e+01 5.049487111270814467e-04
1.257071309104042101e+01 4.480633445388690155e-04
1.273337680253192516e+01 3.959058711736294900e-04
1.290003999013476133e+01 3.481083919922922177e-04
1.307085529362815102e+01 3.047085001924049619e-04
1.324598321669588152e+01 2.656719853745136313e-04
1.342559264001181063e+01 2.303239362338026664e-04
1.360986137502873916e+01 1.988083325191007666e-04
1.379897676228727654e+01 1.706600082301649719e-04
1.399313631847826045e+01 1.456821036785739510e-04
1.419254843695589230e+01 1.235491443972982692e-04
1.439743314692606369e+01 1.041904178789075061e-04
1.460802293712368716e+01 8.723124610230971996e-05
1.482456365046278535e+01 7.242841163798790203e-05
1.504731545689699779e+01 5.975738436011586885e-05
1.527655391258613626e+01 4.893569195658229511e-05
1.551257111443440273e+01 3.980325433294485305e-05
1.575567696017295916e+01 3.195401256399980731e-05
1.600620052541652782e+01 2.541940246431330873e-05
1.626449157056262607e+01 2.003873528544467629e-05
1.653092219204418001e+01 1.561791113687722603e-05
1.680588863433074565e+01 1.197596189916671403e-05
1.708981328123576660e+01 9.177057432459853701e-06
1.738314684757837725e+01 6.835842249428186270e-06
1.768637079511793431e+01 5.097582322039436314e-06
1.800000000000201084e+01 3.703362563041873732e-06
