0.000000000000000000e+00 -4.997721231585312562e-01
2.499999999999835132e-01 -2.203384123340049461e-01
4.999999999999670264e-01 -1.107606375497228179e-01
7.499999999999504841e-01 -6.071839384009374008e-02
9.999999999999340528e-01 -3.542645248904995048e-02
1.249999999999917621e+00 -2.167464247095555324e-02
1.499999999999900968e+00 -1.376954554881205765e-02
1.749999999999884537e+00 -9.020540188681949040e-03
1.999999999999868106e+00 -6.063094725934242181e-03
2.249999999999851674e+00 -4.165252970527987333e-03
2.499999999999835243e+00 -2.915947403722586942e-03
2.749999999999818812e+00 -2.075299928125182679e-03
2.999999999999801936e+00 -1.498693178721607335e-03
3.249999999999785505e+00 -1.096456534427848756e-03
3.499999999999769074e+00 -8.116102603917555109e-04
3.749999999999752642e+00 -6.071575789875742349e-04
3.999999999999736211e+00 -4.586114950600286063e-04
4.249999999999719336e+00 -3.494842173508062476e-04
4.499999999999703348e+00 -2.685009643917223715e-04
4.749999999999686473e+00 -2.078428550221215381e-04
4.999999999999670486e+00 -1.620178662646326758e-04
5.249999999999653610e+00 -1.271229481459401178e-04
5.499999999999637623e+00 -1.003542648348207351e-04
5.749999999999620748e+00 -7.967749085750343665e-05
5.999999999999603872e+00 -6.360294802673116565e-05
6.249999999999587885e+00 -5.103039208093135195e-05
6.499999999999571010e+00 -4.114067701120507469e-05
6.749999999999555023e+00 -3.331935338254731578e-05
6.999999999999538147e+00 -2.710226597103691795e-05
7.249999999999522160e+00 -2.213646587774031562e-05
7.499999999999505285e+00 -1.815188814882197983e-05
7.749999999999489297e+00 -1.494066666129284981e-05
7.999999999999472422e+00 -1.234191375642367474e-05
8.249999999999456435e+00 -1.023044182511300681e-05
8.499999999999438671e+00 -8.508350137377307013e-06
8.749999999999422684e+00 -7.098709349076926087e-06
8.999999999999406697e+00 -5.940792244092581728e-06
9.249999999999390710e+00 -4.986451624729011070e-06
9.499999999999372946e+00 -4.197354509659616617e-06
9.749999999999356959e+00 -3.542859281169249452e-06
9.999999999999340972e+00 -2.998378278181947904e-06
1.024999999999932321e+01 -2.544108866839599913e-06
1.049999999999930722e+01 -2.164045626661489607e-06
1.074999999999929123e+01 -1.845208046469445032e-06
1.099999999999927525e+01 -1.577034205113203823e-06
1.124999999999925748e+01 -1.350902864365952822e-06
1.149999999999924150e+01 -1.159755332558357407e-06
1.174999999999922551e+01 -9.977951653661034540e-07
1.199999999999920774e+01 -8.602488328698811733e-07
1.224999999999919176e+01 -7.431743210530312054e-07
1.249999999999917577e+01 -6.433075602314294631e-07
1.274999999999915978e+01 -5.579388101726182767e-07
1.299999999999914202e+01 -4.848128504614527766e-07
1.324999999999912603e+01 -4.220481504934524470e-07
1.349999999999911005e+01 -3.680712201600219060e-07
1.374999999999909406e+01 -3.215631403181539764e-07
1.399999999999907629e+01 -2.814158946908682582e-07
1.424999999999906031e+01 -2.466966122151500719e-07
1.449999999999904432e+01 -2.166182116934148524e-07
1.474999999999902656e+01 -1.905152423227331981e-07
1.499999999999901057e+01 -1.678239522209520308e-07
1.524999999999899458e+01 -1.480658062509030256e-07
1.549999999999897859e+01 -1.308338249281429849e-07
1.574999999999896083e+01 -1.157812362485321511e-07
1.599999999999894484e+01 -1.026120283150759689e-07
1.624999999999892708e+01 -9.107306769113432556e-08
1.649999999999891287e+01 -8.094751038145836349e-08
1.674999999999889511e+01 -7.204928232205898902e-08
1.699999999999887734e+01 -6.421844666817794643e-08
1.724999999999886313e+01 -5.731730792006793788e-08
1.749999999999884537e+01 -5.122712953386577283e-08
1.774999999999883116e+01 -4.584536333233263353e-08
1.799999999999881339e+01 -4.108330671510723116e-08
1.824999999999879563e+01 -3.686411813451487671e-08
1.849999999999878142e+01 -3.312113316235179295e-08
1.874999999999876366e+01 -2.979643321584413513e-08
1.899999999999874589e+01 -2.683962703150694326e-08
1.924999999999873168e+01 -2.420681159171357508e-08
1.949999999999871392e+01 -2.185968467714576294e-08
1.974999999999869615e+01 -1.976478574677933158e-08
1.999999999999868194e+01 -1.789284560430354666e-08
2.024999999999866418e+01 -1.621822843299245282e-08
2.049999999999864642e+01 -1.471845238177323911e-08
2.074999999999863221e+01 -1.337377705478877894e-08
2.099999999999861444e+01 -1.216684806975789158e-08
2.124999999999860023e+01 -1.108239036807083326e-08
2.149999999999858247e+01 -1.010694323206068430e-08
2.174999999999856470e+01 -9.228631033599514946e-09
2.199999999999855049e+01 -8.436964637161204833e-09
2.224999999999853273e+01 -7.722669137908558673e-09
2.249999999999851497e+01 -7.077534254482002226e-09
2.274999999999850075e+01 -6.494284236283931528e-09
2.299999999999848299e+01 -5.966464602177959428e-09
2.324999999999846523e+01 -5.488343414974733050e-09
2.349999999999845102e+01 -5.054825124943664558e-09
2.374999999999843325e+01 -4.661375295123709943e-09
2.399999999999841549e+01 -4.303954759135666072e-09
2.424999999999840128e+01 -3.978961964990078429e-09
2.449999999999838352e+01 -3.683182431458748688e-09
2.474999999999836930e+01 -3.413744391482244538e-09
2.499999999999835154e+01 -3.168079823644880077e-09
2.524999999999833378e+01 -2.943890181179147029e-09
2.549999999999831957e+01 -2.739116220977173338e-09
2.574999999999830180e+01 -2.551911414976044360e-09
2.599999999999828404e+01 -2.380618494982513827e-09
2.624999999999826983e+01 -2.223748741148253321e-09
2.649999999999825206e+01 -2.079963675287299529e-09
2.674999999999823430e+01 -1.948058864220671168e-09
2.699999999999822009e+01 -1.826949576339913739e-09
2.724999999999820233e+01 -1.715658067452788845e-09
2.749999999999818812e+01 -1.613302300435723293e-09
2.774999999999817035e+01 -1.519085927887212218e-09
2.799999999999815259e+01 -1.432289388382226416e-09
2.824999999999813838e+01 -1.352261985521084592e-09
2.849999999999812061e+01 -1.278414835133437120e-09
2.874999999999810285e+01 -1.210214580070006604e-09
2.899999999999808864e+01 -1.147177784275395698e-09
2.924999999999807088e+01 -1.088865928528302639e-09
2.949999999999805311e+01 -1.034880939570497321e-09
2.974999999999803890e+01 -9.848611925033254071e-10
2.999999999999802114e+01 -9.384779334654731055e-10
3.024999999999800337e+01 -8.954320758524769519e-10
3.049999999999798916e+01 -8.554513288125014855e-10
3.074999999999797140e+01 -8.182876215542769415e-10
3.099999999999795719e+01 -7.837147912181913824e-10
3.124999999999793943e+01 -7.515265057653542711e-10
3.149999999999792166e+01 -7.215343965967316803e-10
3.174999999999790745e+01 -6.935663784816589265e-10
3.199999999999788969e+01 -6.674651369009453290e-10
3.224999999999787548e+01 -6.430867651369429163e-10
3.249999999999785416e+01 -6.202995354083624369e-10
3.274999999999783995e+01 -5.989827900834116043e-10
3.299999999999782574e+01 -5.790259405391543830e-10
3.324999999999780442e+01 -5.603275625922539195e-10
3.349999999999779021e+01 -5.427945786279216824e-10
3.374999999999777600e+01 -5.263415176185654344e-10
3.399999999999775468e+01 -5.108898451676948560e-10
3.424999999999774047e+01 -4.963673565524067869e-10
3.449999999999772626e+01 -4.827076264817680761e-10
3.474999999999770495e+01 -4.698495099495904500e-10
3.499999999999769074e+01 -4.577366891481982560e-10
3.524999999999767653e+01 -4.463172619331765754e-10
3.549999999999766231e+01 -4.355433677952906425e-10
3.574999999999764100e+01 -4.253708477112965166e-10
3.599999999999762679e+01 -4.157589346160049041e-10
3.624999999999761258e+01 -4.066699715687883811e-10
3.649999999999759126e+01 -3.980691549832085552e-10
3.674999999999757705e+01 -3.899243005525615703e-10
3.699999999999756284e+01 -3.822056297403793758e-10
3.724999999999754152e+01 -3.748855749163430585e-10
3.749999999999752731e+01 -3.679386014074380325e-10
3.774999999999751310e+01 -3.613410449038846810e-10
3.799999999999749178e+01 -3.550709628115660996e-10
3.824999999999747757e+01 -3.491079982792439138e-10
3.849999999999746336e+01 -3.434332557514935302e-10
3.874999999999744205e+01 -3.380291870084538866e-10
3.899999999999742784e+01 -3.328794867525682159e-10
3.924999999999741362e+01 -3.279689968915953073e-10
3.949999999999739231e+01 -3.232836187473910310e-10
3.974999999999737810e+01 -3.188102324922197562e-10
3.999999999999736389e+01 -3.145366231794678999e-10
4.024999999999734257e+01 -3.104514127943511184e-10
4.049999999999732836e+01 -3.065439978032019478e-10
4.074999999999731415e+01 -3.028044917277522283e-10
4.099999999999729283e+01 -2.992236723140409050e-10
4.124999999999727862e+01 -2.957929329046379923e-10
4.149999999999726441e+01 -2.925042376582050435e-10
4.174999999999725020e+01 -2.893500802923630411e-10
4.199999999999722888e+01 -2.863234460547962035e-10
4.224999999999721467e+01 -2.834177766537262125e-10
4.249999999999720046e+01 -2.806269379026585433e-10
4.274999999999717915e+01 -2.779451898558505783e-10
4.299999999999716493e+01 -2.753671592305080653e-10
4.324999999999715072e+01 -2.728878139294657071e-10
4.349999999999712941e+01 -2.705024394942335034e-10
4.374999999999711520e+01 -2.682066173329466613e-10
4.399999999999710099e+01 -2.659962045810817837e-10
4.424999999999707967e+01 -2.638673154649237619e-10
4.449999999999706546e+01 -2.618163040488062081e-10
4.474999999999705125e+01 -2.598397482571975824e-10
4.499999999999702993e+01 -2.579344350718628821e-10
4.524999999999701572e+01 -2.560973468126824944e-10
4.549999999999700151e+01 -2.543256484183213243e-10
4.574999999999698019e+01 -2.526166756499027556e-10
4.599999999999696598e+01 -2.509679241471744342e-10
4.624999999999695177e+01 -2.493770392724704237e-10
4.649999999999693046e+01 -2.478418066830620357e-10
4.674999999999691624e+01 -2.463601435773464263e-10
4.699999999999690203e+01 -2.449300905647615324e-10
4.724999999999688072e+01 -2.435498041133767529e-10
4.749999999999686651e+01 -2.422175495328409207e-10
4.774999999999685230e+01 -2.409316944537757461e-10
4.799999999999683098e+01 -2.396907027678495641e-10
4.824999999999681677e+01 -2.384931289956347210e-10
4.849999999999680256e+01 -2.373376130520050162e-10
4.874999999999678835e+01 -2.362228753812586321e-10
4.899999999999676703e+01 -2.351477124363982424e-10
4.924999999999675282e+01 -2.341109924790597234e-10
4.949999999999673861e+01 -2.331116516784916792e-10
4.974999999999671729e+01 -2.321486904897458017e-10
4.999999999999670308e+01 -2.312211702928707348e-10
5.024999999999668887e+01 -2.303282102764058737e-10
5.049999999999666755e+01 -2.294689845498788767e-10
5.074999999999665334e+01 -2.286427194713126472e-10
5.099999999999663913e+01 -2.278486911769584842e-10
5.124999999999661782e+01 -2.270862233016137667e-10
5.149999999999660361e+01 -2.263546848789439614e-10
5.174999999999658939e+01 -2.256534884122273595e-10
5.199999999999656808e+01 -2.249820881068919477e-10
5.224999999999655387e+01 -2.243399782571012257e-10
5.249999999999653966e+01 -2.237266917795056915e-10
5.274999999999651834e+01 -2.231417988880847403e-10
5.299999999999650413e+01 -2.225849059047949724e-10
5.324999999999648992e+01 -2.220556542014958645e-10
5.349999999999646860e+01 -2.215537192693657392e-10
5.374999999999645439e+01 -2.210788099127481347e-10
5.399999999999644018e+01 -2.206306675650841401e-10
5.424999999999641886e+01 -2.202090657253058024e-10
5.449999999999640465e+01 -2.198138095137795948e-10
5.474999999999639044e+01 -2.194447353476200353e-10
5.499999999999637623e+01 -2.191017107359355242e-10
5.524999999999635492e+01 -2.187846341963290881e-10
5.549999999999634070e+01 -2.184934352947739655e-10
5.574999999999632649e+01 -2.182280748118049715e-10
5.599999999999630518e+01 -2.179885450388420445e-10
5.624999999999629097e+01 -2.177748702093772958e-10
5.649999999999627676e+01 -2.175871070707431603e-10
5.674999999999625544e+01 -2.174253456032248094e-10
5.699999999999624123e+01 -2.172897098944129610e-10
5.724999999999622702e+01 -2.171803591779154607e-10
5.749999999999620570e+01 -2.170974890468723671e-10
5.774999999999619149e+01 -2.170413328541664244e-10
5.799999999999617728e+01 -2.170121633128034380e-10
5.824999999999615596e+01 -2.170102943116691281e-10
5.849999999999614175e+01 -2.170360829637795462e-10
5.874999999999612754e+01 -2.170899319062397331e-10
5.899999999999610623e+01 -2.171722918734498349e-10
5.924999999999609201e+01 -2.172836645676631839e-10
5.949999999999607780e+01 -2.174246058538479845e-10
5.974999999999605649e+01 -2.175957293089616911e-10
5.999999999999604228e+01 -2.177977101592585274e-10
6.024999999999602807e+01 -2.180312896431575703e-10
6.049999999999600675e+01 -2.182972798415528478e-10
6.074999999999599254e+01 -2.185965690222984144e-10
6.099999999999597833e+01 -2.189301275510299478e-10
6.124999999999596412e+01 -2.192990144265363235e-10
6.149999999999594280e+01 -2.197043845056790560e-10
6.174999999999592859e+01 -2.201474964904442896e-10
6.199999999999591438e+01 -2.206297217582143567e-10
6.224999999999589306e+01 -2.211525541258929806e-10
6.249999999999587885e+01 -2.217176206492156834e-10
6.274999999999586464e+01 -2.223266935706109455e-10
6.299999999999584332e+01 -2.229817035424952599e-10
6.324999999999582911e+01 -2.236847542681003141e-10
6.349999999999581490e+01 -2.244381387190583358e-10
6.374999999999579359e+01 -2.252443571082713154e-10
6.399999999999577938e+01 -2.261061368183537430e-10
6.424999999999576517e+01 -2.270264545105011568e-10
6.449999999999575095e+01 -2.280085606663728422e-10
6.474999999999573674e+01 -2.290560068469259728e-10
6.499999999999570832e+01 -2.301726759875993335e-10
6.524999999999569411e+01 -2.313628160893810915e-10
6.549999999999567990e+01 -2.326310777107626156e-10
6.574999999999566569e+01 -2.339825557171282752e-10
6.599999999999565148e+01 -2.354228358026176019e-10
6.624999999999563727e+01 -2.369580463658968281e-10
6.649999999999560885e+01 -2.385949163967518246e-10
6.674999999999559464e+01 -2.403408401162309098e-10
6.699999999999558042e+01 -2.422039492107559778e-10
6.724999999999556621e+01 -2.441931936119050878e-10
6.749999999999555200e+01 -2.463184319004311405e-10
6.774999999999553779e+01 -2.485905325578499731e-10
6.799999999999550937e+01 -2.510214874542501771e-10
6.824999999999549516e+01 -2.536245391499299130e-10
6.849999999999548095e+01 -2.564143238046271107e-10
6.874999999999546674e+01 -2.594070317356054480e-10
6.899999999999545253e+01 -2.626205879494687484e-10
6.924999999999543832e+01 -2.660748552978948899e-10
6.949999999999540989e+01 -2.697918632809359225e-10
6.974999999999539568e+01 -2.737960659506646391e-10
6.999999999999538147e+01 -2.781146328615101798e-10
7.024999999999536726e+01 -2.827777775818157151e-10
7.049999999999535305e+01 -2.878191289358665698e-10
7.074999999999533884e+01 -2.932761509007957141e-10
7.099999999999532463e+01 -2.991906179545941540e-10
7.124999999999529621e+01 -3.056091536789867734e-10
7.149999999999528200e+01 -3.125838415864221041e-10
7.174999999999526779e+01 -3.201729184899967554e-10
7.199999999999525357e+01 -3.284415622994901134e-10
7.224999999999523936e+01 -3.374627879417940119e-10
7.249999999999522515e+01 -3.473184672123681496e-10
7.274999999999519673e+01 -3.581004908158219184e-10
7.299999999999518252e+01 -3.699120937072577818e-10
7.324999999999516831e+01 -3.828693681711070551e-10
7.349999999999515410e+01 -3.971029929531036347e-10
7.374999999999513989e+01 -4.127602112909574495e-10
7.399999999999512568e+01 -4.300070959855252963e-10
7.424999999999509726e+01 -4.490311458535040663e-10
7.449999999999508304e+01 -4.700442651672644368e-10
7.474999999999506883e+01 -4.932861862105051282e-10
7.499999999999505462e+01 -5.190284050899085808e-10
7.524999999999504041e+01 -5.475787127169654300e-10
7.549999999999502620e+01 -5.792864167380154760e-10
7.574999999999499778e+01 -6.145483665354693857e-10
7.599999999999498357e+01 -6.538159127175479451e-10
7.624999999999496936e+01 -6.976029553190104556e-10
7.649999999999495515e+01 -7.464952619252875211e-10
7.674999999999494094e+01 -8.011612689169852699e-10
7.699999999999492672e+01 -8.623646169862536844e-10
7.724999999999491251e+01 -9.309787171763977930e-10
7.749999999999488409e+01 -1.008003697360679017e-09
7.774999999999486988e+01 -1.094586143021655014e-09
7.799999999999485567e+01 -1.192042122496658030e-09
7.824999999999484146e+01 -1.301884078039129929e-09
7.849999999999482725e+01 -1.425852273171005122e-09
7.874999999999481304e+01 -1.565951617594411266e-09
7.899999999999478462e+01 -1.724494847932225902e-09
7.924999999999477041e+01 -1.904153231319733582e-09
7.949999999999475619e+01 -2.108016186152249554e-09
7.974999999999474198e+01 -2.339661488410170012e-09
7.999999999999472777e+01 -2.603238063121594591e-09
8.024999999999471356e+01 -2.903563761210286056e-09
8.049999999999468514e+01 -3.246241007638144891e-09
8.074999999999467093e+01 -3.637793796419998373e-09
8.099999999999465672e+01 -4.085830225290649153e-09
8.124999999999464251e+01 -4.599235636681377384e-09
8.149999999999462830e+01 -5.188402498374018476e-09
8.174999999999461409e+01 -5.865504461713252427e-09
8.199999999999458566e+01 -6.644823633596384903e-09
8.224999999999457145e+01 -7.543142060580682180e-09
8.249999999999455724e+01 -8.580210836880604412e-09
8.274999999999454303e+01 -9.779313222536231385e-09
8.299999999999452882e+01 -1.116794183155982470e-08
8.324999999999451461e+01 -1.277861449616997775e-08
8.349999999999450040e+01 -1.464985905167270418e-08
8.374999999999447198e+01 -1.682740429476717991e-08
8.399999999999445777e+01 -1.936562309823012809e-08
8.424999999999444356e+01 -2.232928456495109255e-08
8.449999999999442934e+01 -2.579568574520711676e-08
8.474999999999441513e+01 -2.985725055281739725e-08
8.499999999999440092e+01 -3.462470503399214284e-08
8.524999999999437250e+01 -4.023096526965201578e-08
8.549999999999435829e+01 -4.683590847734631783e-08
8.574999999999434408e+01 -5.463224132544081483e-08
8.599999999999432987e+01 -6.385273467620954697e-08
8.624999999999431566e+01 -7.477916431140137636e-08
8.649999999999430145e+01 -8.775338706636413738e-08
8.674999999999427303e+01 -1.031910969671986576e-07
8.699999999999425881e+01 -1.215989539912533734e-07
8.724999999999424460e+01 -1.435959689140636413e-07
8.749999999999423039e+01 -1.699402745292774703e-07
8.774999999999421618e+01 -2.015627337928611675e-07
8.799999999999420197e+01 -2.396092523953078406e-07
8.824999999999417355e+01 -2.854942079721339019e-07
8.849999999999415934e+01 -3.409681223046244200e-07
8.874999999999414513e+01 -4.082036425883552182e-07
8.899999999999413092e+01 -4.899051391132430837e-07
8.924999999999411671e+01 -5.894488727033364136e-07
8.949999999999410250e+01 -7.110628768474529361e-07
8.974999999999408828e+01 -8.600586297207312190e-07
8.999999999999405986e+01 -1.043130526305490267e-06
9.024999999999404565e+01 -1.268744468961156422e-06
9.049999999999403144e+01 -1.547644088828268057e-06
9.074999999999401723e+01 -1.893512907960320722e-06
9.099999999999400302e+01 -2.323844162943773843e-06
9.124999999999398881e+01 -2.861088464636287860e-06
9.149999999999396039e+01 -3.534175001857599078e-06
9.174999999999394618e+01 -4.380537528549932331e-06
9.199999999999393197e+01 -5.448826116951926656e-06
9.224999999999391775e+01 -6.802555736603962700e-06
9.249999999999390354e+01 -8.525042095410370979e-06
9.274999999999388933e+01 -1.072611708292950475e-05
9.299999999999386091e+01 -1.355132026747470024e-05
9.324999999999384670e+01 -1.719455874932432029e-05
9.349999999999383249e+01 -2.191565998449620861e-05
9.374999999999381828e+01 -2.806487935142265903e-05
9.399999999999380407e+01 -3.611737188195141446e-05
9.424999999999378986e+01 -4.672206072234263150e-05
9.449999999999376143e+01 -6.077149426748705118e-05
9.474999999999374722e+01 -7.950259671527381709e-05
9.499999999999373301e+01 -1.046433595490304624e-04
9.524999999999371880e+01 -1.386286071955675496e-04
9.549999999999370459e+01 -1.849208587144980122e-04
9.574999999999369038e+01 -2.484931597514720546e-04
9.599999999999366196e+01 -3.365650468890681360e-04
9.624999999999364775e+01 -4.597401945769768582e-04
9.649999999999363354e+01 -6.337922353447337110e-04
9.674999999999361933e+01 -8.825160326510208490e-04
9.699999999999360512e+01 -1.242366733698169017e-03
9.724999999999359090e+01 -1.770168623187538381e-03
9.749999999999357669e+01 -2.556234385580397582e-03
9.774999999999354827e+01 -3.747308169870500454e-03
9.799999999999353406e+01 -5.587970004195025667e-03
9.824999999999351985e+01 -8.498158740885785462e-03
9.849999999999350564e+01 -1.322482432020810963e-02
9.874999999999349143e+01 -2.115481280455962926e-02
9.899999999999347722e+01 -3.500460382961807088e-02
9.924999999999344880e+01 -6.047552018944003793e-02
9.949999999999343459e+01 -1.107005822106791326e-01
9.974999999999342037e+01 -2.202215650369824251e-01
9.999999999999340616e+01 -5.002404240594990892e-01
