0.0314159265359 0.000129904592502 -1.93557819129
0.0942477796077 7.5862406042e-05 -1.8160191543
0.157079632679 0.000149462639189 -1.70727753567
0.219911485751 0.00027318010375 -1.6084721061
0.282743338823 0.000264541894452 -1.5179243502
0.345575191895 0.000310818858258 -1.43624998809
0.408407044967 0.00035462204407 -1.36180227888
0.471238898038 0.000369815829603 -1.29381329496
0.53407075111 0.000365219611935 -1.23184745394
0.596902604182 0.000356358145052 -1.17542547096
0.659734457254 0.000353147319114 -1.12399875278
0.722566310326 0.000358531706708 -1.07701504662
0.785398163397 0.000370808452541 -1.03396773439
0.848230016469 0.000386235215015 -0.9944145339
0.911061869541 0.000400874523319 -0.957976765803
0.973893722613 0.000411588515748 -0.924330528454
1.03672557568 0.000416400144192 -0.893196375722
1.09955742876 0.000414469337386 -0.864330327363
1.16238928183 0.000405880109163 -0.837516942143
1.2252211349 0.000391366506445 -0.812564279008
1.28805298797 0.000372050100453 -0.789300296315
1.35088484104 0.000349222563147 -0.767570241934
1.41371669412 0.000324183891223 -0.747234683513
1.47654854719 0.000298133354739 -0.728167939292
1.53938040026 0.000272105001351 -0.710256754338
1.60221225333 0.000246937505216 -0.693399134477
1.6650441064 0.000223268621846 -0.677503286789
1.72787595947 0.000201546062175 -0.662486643399
1.79070781255 0.000182048184167 -0.648274957001
1.85353966562 0.000164909594937 -0.634801464223
1.91637151869 0.000150148251404 -0.622006115178
1.97920337176 0.000137691685613 -0.609834867896
2.04203522483 0.000127401000886 -0.598239046846
2.10486707791 0.000119091833691 -0.587174762744
2.16769893098 0.00011255201782 -0.576602391
2.23053078405 0.000107555966562 -0.56648610498
2.29336263712 0.000103875962295 -0.556793460078
2.35619449019 0.000101290689154 -0.547495024232
2.41902634326 9.95913918329e-05 -0.538564050671
2.48185819634 9.8586026906e-05 -0.529976188479
2.54469004941 9.81017774278e-05 -0.521709227109
2.60752190248 9.79862761983e-05 -0.513742870843
2.67035375555 9.81078237134e-05 -0.506058539977
2.73318560862 9.83548656253e-05 -0.498639195284
2.79601746169 9.86349287424e-05 -0.49146918311
2.85884931477 9.88732145344e-05 -0.484534098484
2.92168116784 9.90109625238e-05 -0.477820663972
2.98451302091 9.90037205435e-05 -0.471316622302
3.04734487398 9.88195772824e-05 -0.46501064108
3.11017672705 9.84374511472e-05 -0.458892227983
3.17300858013 9.78454481682e-05 -0.452951655194
3.2358404332 9.70393368984e-05 -0.447179891865
3.29867228627 9.60211582695e-05 -0.441568543679
3.36150413934 9.47979686226e-05 -0.436109798563
3.42433599241 9.33807283121e-05 -0.430796377913
3.48716784548 9.17833262437e-05 -0.425621492574
3.54999969856 9.00217410313e-05 -0.420578803105
3.61283155163 8.81133250328e-05 -0.415662383783
3.6756634047 8.60762020856e-05 -0.410866689957
3.73849525777 8.39287700209e-05 -0.406186528385
3.80132711084 8.16892959574e-05 -0.401617030197
3.86415896392 7.93755944386e-05 -0.397153626265
3.92699081699 7.7004774846e-05 -0.392792024687
3.98982267006 7.45930538075e-05 -0.388528190193
4.05265452313 7.21556185872e-05 -0.384358325277
4.1154863762 6.97065363409e-05 -0.380278852897
4.17831822927 6.72587000334e-05 -0.37628640059
4.24115008235 6.48238048466e-05 -0.372377785868
4.30398193542 6.2412351618e-05 -0.36855000278
4.36681378849 6.00336671761e-05 -0.364800209553
4.42964564156 5.76959424912e-05 -0.361125717187
4.49247749463 5.54062817262e-05 -0.357523978949
4.55530934771 5.31707600318e-05 -0.353992580675
4.61814120078 5.09944866454e-05 -0.350529231816
4.68097305385 4.88816728046e-05 -0.34713175717
4.74380490692 4.6835700358e-05 -0.343798089237
4.80663675999 4.48591918318e-05 -0.34052626115
4.86946861306 4.29540782432e-05 -0.337314400139
4.93230046614 4.11216664404e-05 -0.334160721479
4.99513231921 3.93627034749e-05 -0.331063522883
5.05796417228 3.76774378172e-05 -0.328021179321
5.12079602535 3.60656773983e-05 -0.3250321382
5.18362787842 3.45268443005e-05 -0.322094914917
5.24645973149 3.30600250025e-05 -0.319208088714
5.30929158457 3.16640177629e-05 -0.316370298849
5.37212343764 3.0337375573e-05 -0.313580241033
5.43495529071 2.90784453481e-05 -0.310836664121
5.49778714378 2.7885404442e-05 -0.308138367047
5.56061899685 2.6756292931e-05 -0.30548419596
5.62345084993 2.56890425567e-05 -0.302873041576
5.686282703 2.46815033957e-05 -0.300303836704
5.74911455607 2.37314670648e-05 -0.29777555395
5.81194640914 2.28366870689e-05 -0.295287203572
5.87477826221 2.19948975388e-05 -0.292837831485
5.93761011528 2.12038287382e-05 -0.2904265174
6.00044196836 2.04612209047e-05 -0.28805237309
6.06327382143 1.976483638e-05 -0.285714540768
6.1261056745 1.91124696003e-05 -0.283412191567
6.18893752757 1.85019557941e-05 -0.281144524134
6.25176938064 1.79311779132e-05 -0.278910763298
6.31460123372 1.73980730942e-05 -0.276710158832
6.37743308679 1.69006367328e-05 -0.274541984293
6.44026493986 1.64369268227e-05 -0.272405535931
6.50309679293 1.60050663385e-05 -0.270300131667
6.565928646 1.56032458083e-05 -0.268225110136
6.62876049907 1.52297242821e-05 -0.266179829781
6.69159235215 1.48828302327e-05 -0.264163668008
6.75442420522 1.45609618283e-05 -0.262176020386
6.81725605829 1.4262586661e-05 -0.260216299895
6.88008791136 1.39862412865e-05 -0.258283936217
6.94291976443 1.37305300574e-05 -0.256378375067
7.00575161751 1.3494124107e-05 -0.25449907756
7.06858347058 1.32757598155e-05 -0.252645519611
7.13141532365 1.30742371272e-05 -0.250817191376
7.19424717672 1.28884180204e-05 -0.249013596709
7.25707902979 1.27172243016e-05 -0.247234252661
7.31991088286 1.25596357621e-05 -0.245478688994
7.38274273594 1.24146881366e-05 -0.243746447725
7.44557458901 1.22814709957e-05 -0.242037082694
7.50840644208 1.21591255025e-05 -0.240350159149
7.57123829515 1.20468425231e-05 -0.238685253354
7.63407014822 1.19438602844e-05 -0.237041952212
7.69690200129 1.18494624273e-05 -0.235419852915
7.75973385437 1.17629757947e-05 -0.233818562594
7.82256570744 1.16837685189e-05 -0.232237698004
7.88539756051 1.16112479907e-05 -0.230676885205
7.94822941358 1.15448588152e-05 -0.229135759273
8.01106126665 1.14840811904e-05 -0.227613964008
8.07389311973 1.14284287513e-05 -0.22611115167
8.1367249728 1.13774470383e-05 -0.224626982711
8.19955682587 1.13307117662e-05 -0.223161125533
8.26238867894 1.12878270686e-05 -0.221713256243
8.32522053201 1.12484240038e-05 -0.220283058422
8.38805238508 1.12121590692e-05 -0.218870222911
8.45088423816 1.11787127532e-05 -0.217474447591
8.51371609123 1.11477880766e-05 -0.216095437183
8.5765479443 1.11191093635e-05 -0.214732903052
8.63937979737 1.1092420904e-05 -0.213386563016
8.70221165044 1.10674858678e-05 -0.212056141164
8.76504350352 1.10440850687e-05 -0.210741367682
8.82787535659 1.10220159106e-05 -0.209441978683
8.89070720966 1.10010914085e-05 -0.208157716043
8.95353906273 1.09811391393e-05 -0.206888327245
9.0163709158 1.09620004043e-05 -0.205633565226
9.07920276887 1.09435293019e-05 -0.204393188232
9.14203462195 1.09255918961e-05 -0.203166959674
9.20486647502 1.09080654997e-05 -0.20195464799
9.26769832809 1.08908378778e-05 -0.200756026517
9.33053018116 1.0873806588e-05 -0.199570873358
9.39336203423 1.08568783141e-05 -0.198398971262
9.45619388731 1.08399682843e-05 -0.1972401075
9.51902574038 1.08229995983e-05 -0.196094073753
9.58185759345 1.0805902805e-05 -0.194960665997
9.64468944652 1.078861531e-05 -0.193839684392
9.70752129959 1.07710809201e-05 -0.192730933182
9.77035315266 1.07532493643e-05 -0.191634220588
9.83318500574 1.0735075918e-05 -0.190549358711
9.89601685881 1.07165209657e-05 -0.189476163433
9.95884871188 1.06975496204e-05 -0.188414454328
10.021680565 1.0678131392e-05 -0.187364054569
10.084512418 1.0658239892e-05 -0.186324790838
10.1473442711 1.06378524349e-05 -0.185296493245
10.2101761242 1.06169498246e-05 -0.184278995243
10.2730079772 1.05955160987e-05 -0.183272133547
10.3358398303 1.05735381641e-05 -0.182275748057
10.3986716834 1.05510057224e-05 -0.181289681782
10.4615035365 1.05279109164e-05 -0.180313780767
10.5243353895 1.05042481815e-05 -0.179347894018
10.5871672426 1.04800140521e-05 -0.178391873438
10.6499990957 1.04552069962e-05 -0.177445573755
10.7128309487 1.04298271983e-05 -0.176508852457
10.7756628018 1.04038764426e-05 -0.175581569728
10.8384946549 1.03773579925e-05 -0.174663588389
10.901326508 1.03502763489e-05 -0.173754773833
10.964158361 1.03226373569e-05 -0.172854993968
11.0269902141 1.02944476121e-05 -0.17196411916
11.0898220672 1.02657152952e-05 -0.171082022177
11.1526539202 1.02364483561e-05 -0.170208578138
11.2154857733 1.02066572558e-05 -0.169343664447
11.2783176264 1.01763505578e-05 -0.16848716077
11.3411494795 1.0145540982e-05 -0.167638948941
11.4039813325 1.01142373197e-05 -0.16679891297
11.4668131856 1.00824537994e-05 -0.165966938929
11.5296450387 1.0050200244e-05 -0.165142914982
11.5924768917 1.00174905318e-05 -0.164326731255
11.6553087448 9.98433701849e-06 -0.163518279877
11.7181405979 9.9507518514e-06 -0.16271745487
11.780972451 9.91674956463e-06 -0.161924152141
11.843804304 9.88234216504e-06 -0.161138269449
11.9066361571 9.84754337319e-06 -0.160359706318
11.9694680102 9.81236735864e-06 -0.159588364073
12.0322998632 9.77682632586e-06 -0.158824145728
12.0951317163 9.7409345714e-06 -0.158066955993
12.1579635694 9.7047058869e-06 -0.157316701243
12.2207954225 9.66815247994e-06 -0.156573289434
12.2836272755 9.6312887039e-06 -0.155836630138
12.3464591286 9.59412800583e-06 -0.15510663446
12.4092909817 9.5566823175e-06 -0.154383215004
12.4721228348 9.51896573298e-06 -0.153666285894
12.5349546878 9.48099137554e-06 -0.152955762681
12.5977865409 9.31197690024e-06 -0.152251526236
12.660618394 9.14682713438e-06 -0.151553530236
12.723450247 8.98543570749e-06 -0.150861694438
12.7862821001 8.82769964905e-06 -0.150175939939
12.8491139532 8.67351927347e-06 -0.14949618915
12.9119458063 8.52279805708e-06 -0.14882236577
12.9747776593 8.37544252175e-06 -0.148154394756
13.0376095124 8.23136213102e-06 -0.147492202301
13.1004413655 8.09046917905e-06 -0.146835715807
13.1632732185 7.95267869691e-06 -0.146184863862
13.2261050716 7.81790834514e-06 -0.145539576216
13.2889369247 7.6860783329e-06 -0.144899783755
13.3517687778 7.55711131672e-06 -0.144265418482
13.4146006308 7.43093232902e-06 -0.143636413494
13.4774324839 7.30746867861e-06 -0.143012702957
13.540264337 7.18664988941e-06 -0.14239422209
13.60309619 7.06840760545e-06 -0.141780907143
13.6659280431 6.95267553352e-06 -0.141172695372
13.7287598962 6.83938936552e-06 -0.140569525027
13.7915917493 6.72848671002e-06 -0.139971335326
13.8544236023 6.6199070301e-06 -0.139378066443
13.9172554554 6.51359158166e-06 -0.138789659483
13.9800873085 6.40948334585e-06 -0.138206056466
14.0429191615 6.30752698116e-06 -0.137627200315
14.1057510146 6.20766876125e-06 -0.137053034831
14.1685828677 6.1098565185e-06 -0.13648350468
14.2314147208 6.01403960232e-06 -0.135918555378
14.2942465738 5.92016882273e-06 -0.135358133273
14.3570784269 5.82819639883e-06 -0.134802185527
14.41991028 5.73807591708e-06 -0.134250660109
14.482742133 5.64976229089e-06 -0.13370350577
14.5455739861 5.56321171041e-06 -0.133160672036
14.6084058392 5.47838160481e-06 -0.132622109188
14.6712376923 5.39523060228e-06 -0.132087768255
14.7340695453 5.31371848744e-06 -0.131557600992
14.7969013984 5.23380617112e-06 -0.131031559874
14.8597332515 5.15545565216e-06 -0.130509598077
14.9225651046 5.07862997967e-06 -0.129991669472
14.9853969576 5.00329322373e-06 -0.129477728605
15.0482288107 4.92941044028e-06 -0.128967730689
15.1110606638 4.85694764629e-06 -0.128461631593
15.1738925168 4.78587177932e-06 -0.127959387827
15.2367243699 4.71615068021e-06 -0.127460956532
15.299556223 4.64775305842e-06 -0.126966295472
15.3623880761 4.58064846365e-06 -0.126475363015
15.4252199291 4.51480726893e-06 -0.125988118131
15.4880517822 4.450200632e-06 -0.125504520377
15.5508836353 4.38680048997e-06 -0.125024529886
15.6137154883 4.32457951405e-06 -0.124548107358
15.6765473414 4.26351110416e-06 -0.124075214054
15.7393791945 4.20356935882e-06 -0.123605811778
15.8022110476 4.14472905419e-06 -0.123139862876
15.8650429006 4.08696563259e-06 -0.122677330219
15.9278747537 4.03025517004e-06 -0.122218177201
15.9907066068 3.9745743643e-06 -0.121762367726
16.0535384598 3.9199005144e-06 -0.1213098662
16.1163703129 3.86621150916e-06 -0.120860637523
16.179202166 3.81348579914e-06 -0.120414647078
16.2420340191 3.76170238958e-06 -0.119971860727
16.3048658721 3.71084081419e-06 -0.119532244802
16.3676977252 3.66088113779e-06 -0.119095766094
16.4305295783 3.61180391728e-06 -0.118662391847
16.4933614313 3.56359020381e-06 -0.118232089752
16.5561932844 3.51622152728e-06 -0.117804827939
16.6190251375 3.4696798763e-06 -0.117380574966
16.6818569906 3.42394768538e-06 -0.116959299818
16.7446888436 3.37900783487e-06 -0.116540971895
16.8075206967 3.33484361859e-06 -0.116125561008
16.8703525498 3.29143874511e-06 -0.11571303737
16.9331844028 3.24877732671e-06 -0.115303371591
16.9960162559 3.20684385802e-06 -0.114896534673
17.058848109 3.16562322178e-06 -0.114492497999
17.1216799621 3.12510065736e-06 -0.114091233332
17.1845118151 3.08526176829e-06 -0.113692712804
17.2473436682 3.0460925049e-06 -0.113296908916
17.3101755213 3.00757915195e-06 -0.112903794524
17.3730073744 2.96970832814e-06 -0.112513342842
17.4358392274 2.93246696614e-06 -0.11212552743
17.4986710805 2.89584231528e-06 -0.111740322192
17.5615029336 2.85982192105e-06 -0.111357701367
17.6243347866 2.82439362875e-06 -0.110977639528
17.6871666397 2.78954556965e-06 -0.110600111573
17.7499984928 2.75526614901e-06 -0.110225092724
17.8128303459 2.72154404746e-06 -0.109852558516
17.8756621989 2.68836821116e-06 -0.109482484798
17.938494052 2.65572783542e-06 -0.109114847725
18.0013259051 2.62361237624e-06 -0.108749623753
18.0641577581 2.59201152231e-06 -0.108386789635
18.1269896112 2.56091520967e-06 -0.108026322419
18.1898214643 2.53031359554e-06 -0.107668199438
18.2526533174 2.50019707115e-06 -0.107312398311
18.3154851704 2.47055624003e-06 -0.106958896933
18.3783170235 2.44138192063e-06 -0.106607673478
18.4411488766 2.41266514012e-06 -0.106258706388
18.5039807296 2.38439712907e-06 -0.105911974373
18.5668125827 2.35656931258e-06 -0.105567456404
18.6296444358 2.32917330933e-06 -0.105225131712
18.6924762889 2.30220092279e-06 -0.104884979782
18.7553081419 2.27564414157e-06 -0.104546980351
18.818139995 2.24949513283e-06 -0.104211113402
18.8809718481 2.22374623426e-06 -0.103877359162
18.9438037011 2.19838995363e-06 -0.103545698097
19.0066355542 2.17341896214e-06 -0.10321611091
19.0694674073 2.14882609439e-06 -0.102888578536
19.1322992604 2.12460433779e-06 -0.102563082139
19.1951311134 2.10074683515e-06 -0.102239603112
19.2579629665 2.07724687495e-06 -0.101918123065
19.3207948196 2.05409789444e-06 -0.101598623833
19.3836266726 2.03129347209e-06 -0.101281087462
19.4464585257 2.00882731871e-06 -0.100965496216
19.5092903788 1.9866932881e-06 -0.100651832563
19.5721222319 1.96488535842e-06 -0.100340079184
19.6349540849 1.94339764015e-06 -0.100030218958
19.697785938 1.92222436679e-06 -0.0997222349687
19.7606177911 1.90135989353e-06 -0.0994161104963
19.8234496442 1.88079869723e-06 -0.0991118290162
19.8862814972 1.86053536622e-06 -0.0988093741961
19.9491133503 1.84056460784e-06 -0.0985087298931
20.0119452034 1.82088123424e-06 -0.0982098801515
20.0747770564 1.80148017082e-06 -0.0979128091994
20.1376089095 1.78235644466e-06 -0.0976175014465
20.2004407626 1.76350518633e-06 -0.0973239414817
20.2632726157 1.74492162852e-06 -0.0970321140702
20.3261044687 1.72660110342e-06 -0.0967420041512
20.3889363218 1.70853903336e-06 -0.0964535968353
20.4517681749 1.69073093881e-06 -0.0961668774027
20.5146000279 1.67317243038e-06 -0.0958818312997
20.577431881 1.65585920753e-06 -0.0955984441376
20.6402637341 1.63878705539e-06 -0.0953167016896
20.7030955872 1.62195184883e-06 -0.0950365898887
20.7659274402 1.60534954174e-06 -0.0947580948261
20.8287592933 1.58897617064e-06 -0.0944812027479
20.8915911464 1.57282785063e-06 -0.094205900054
20.9544229994 1.5569007763e-06 -0.0939321732956
21.0172548525 1.54119121687e-06 -0.0936600091728
21.0800867056 1.52569551393e-06 -0.0933893945331
21.1429185587 1.51041008367e-06 -0.0931203163692
21.2057504117 1.49533141069e-06 -0.0928527618169
21.2685822648 1.4804560533e-06 -0.0925867181533
21.3314141179 1.46578063331e-06 -0.0923221727949
21.3942459709 1.45130183826e-06 -0.0920591132957
21.457077824 1.43701642052e-06 -0.091797527345
21.5199096771 1.42292120175e-06 -0.0915374027665
21.5827415302 1.40901305556e-06 -0.0912787275154
21.6455733832 1.3952889204e-06 -0.0910214896775
21.7084052363 1.38174579956e-06 -0.0907656774668
21.7712370894 1.36838074516e-06 -0.0905112792244
21.8340689424 1.35519086619e-06 -0.0902582834163
21.8969007955 1.34217333336e-06 -0.0900066786323
21.9597326486 1.32932536623e-06 -0.0897564535837
22.0225645017 1.31664423808e-06 -0.0895075971023
22.0853963547 1.30412727462e-06 -0.0892600981384
22.1482282078 1.29177185437e-06 -0.0890139457596
22.2110600609 1.27957539942e-06 -0.088769129149
22.273891914 1.26753538687e-06 -0.0885256376038
22.336723767 1.25564933251e-06 -0.0882834605337
22.3995556201 1.24391481027e-06 -0.0880425874597
22.4623874732 1.23232942917e-06 -0.0878030080125
22.5252193262 1.22089084842e-06 -0.0875647119309
22.5880511793 1.20959676631e-06 -0.087327689061
22.6508830324 1.19844492863e-06 -0.0870919293541
22.7137148855 1.18743311672e-06 -0.0868574228655
22.7765467385 1.17655915766e-06 -0.0866241597539
22.8393785916 1.16582091803e-06 -0.0863921302791
22.9022104447 1.15521629951e-06 -0.0861613248013
22.9650422977 1.14474324597e-06 -0.0859317337798
23.0278741508 1.13439973815e-06 -0.0857033477713
23.0907060039 1.1241837905e-06 -0.0854761574293
23.153537857 1.11409345704e-06 -0.0852501535023
23.21636971 1.10412682419e-06 -0.0850253268331
23.2792015631 1.09428201256e-06 -0.0848016683574
23.3420334162 1.08455717962e-06 -0.0845791691024
23.4048652692 1.07495051349e-06 -0.0843578201861
23.4676971223 1.06546023426e-06 -0.084137612816
23.5305289754 1.05608459489e-06 -0.0839185382877
23.5933608285 1.04682187763e-06 -0.0837005879842
23.6561926815 1.03767039761e-06 -0.0834837533749
23.7190245346 1.02862849927e-06 -0.0832680260139
23.7818563877 1.01969455191e-06 -0.0830533975398
23.8446882407 1.01086695992e-06 -0.0828398596737
23.9075200938 1.00214415077e-06 -0.0826274042192
23.9703519469 9.93524581272e-07 -0.0824160230607
24.0331838 9.85006734844e-07 -0.0822057081629
24.096015653 9.76589124679e-07 -0.081996451569
24.1588475061 9.68270280843e-07 -0.0817882454008
24.2216793592 9.60048767151e-07 -0.0815810818571
24.2845112122 9.51923170511e-07 -0.0813749532128
24.3473430653 9.43892097816e-07 -0.0811698518183
24.4101749184 9.35954186154e-07 -0.0809657700981
24.4730067715 9.28108091269e-07 -0.0807627005507
24.5358386245 9.20352490663e-07 -0.0805606357467
24.5986704776 9.12686092036e-07 -0.0803595683287
24.6615023307 9.05107618188e-07 -0.0801594910103
24.7243341838 8.97615812789e-07 -0.0799603965748
24.7871660368 8.90209444826e-07 -0.079762277875
24.8499978899 8.82887302822e-07 -0.0795651278323
24.912829743 8.75648195731e-07 -0.0793689394351
24.975661596 8.68490950268e-07 -0.0791737057391
25.0384934491 8.61414415798e-07 -0.0789794198659
25.1013253022 8.5441745723e-07 -0.0787860750022
25.1641571553 8.47498963452e-07 -0.0785936643995
25.2269890083 8.40657836232e-07 -0.0784021813726
25.2898208614 8.33893000429e-07 -0.0782116192996
25.3526527145 8.27203395559e-07 -0.0780219716205
25.4154845675 8.20587978456e-07 -0.0778332318373
25.4783164206 8.14045725051e-07 -0.0776453935124
25.5411482737 8.07575626816e-07 -0.0774584502687
25.6039801268 8.0117668988e-07 -0.077272395788
25.6668119798 7.9484794302e-07 -0.0770872238113
25.7296438329 7.88588422118e-07 -0.0769029281374
25.792475686 7.82397184818e-07 -0.0767195026225
25.855307539 7.76273300307e-07 -0.0765369411798
25.9181393921 7.70215857759e-07 -0.0763552377783
25.9809712452 7.6422395523e-07 -0.0761743864426
26.0438030983 7.58296708092e-07 -0.0759943812518
26.1066349513 7.52433246376e-07 -0.07581521634
26.1694668044 7.46632712989e-07 -0.0756368858939
26.2322986575 7.40894264606e-07 -0.0754593841538
26.2951305105 7.35217070336e-07 -0.0752827054122
26.3579623636 7.29600316163e-07 -0.0751068440133
26.4207942167 7.24043196954e-07 -0.0749317943529
26.4836260698 7.18544920453e-07 -0.0747575508769
26.5464579228 7.13104710837e-07 -0.0745841080819
26.6092897759 7.07721798943e-07 -0.0744114605134
26.672121629 7.02395430263e-07 -0.0742396027661
26.734953482 6.97124864946e-07 -0.0740685294834
26.7977853351 6.91909368467e-07 -0.0738982353562
26.8606171882 6.86748226286e-07 -0.073728715123
26.9234490413 6.81640725197e-07 -0.073559963569
26.9862808943 6.76586169757e-07 -0.0733919755258
27.0491127474 6.71583871181e-07 -0.0732247458708
27.1119446005 6.66633158009e-07 -0.0730582695266
27.1747764536 6.61733361884e-07 -0.072892541461
27.2376083066 6.56883823336e-07 -0.0727275566856
27.3004401597 6.52083902875e-07 -0.0725633102561
27.3632720128 6.47332962789e-07 -0.0723997972716
27.4261038658 6.42630376024e-07 -0.0722370128742
27.4889357189 6.37975525741e-07 -0.0720749522481
27.551767572 6.33367804426e-07 -0.0719136106197
27.6145994251 6.28806617442e-07 -0.071752983257
27.6774312781 6.24291373708e-07 -0.0715930654689
27.7402631312 6.1982149191e-07 -0.071433852605
27.8030949843 6.1539640317e-07 -0.0712753400549
27.8659268373 6.11015542162e-07 -0.0711175232485
27.9287586904 6.06678357773e-07 -0.0709603976546
27.9915905435 6.02384299331e-07 -0.070803958781
28.0544223966 5.98132833041e-07 -0.070648202174
28.1172542496 5.93923425551e-07 -0.0704931234183
28.1800861027 5.89755557279e-07 -0.0703387181357
28.2429179558 5.85628710859e-07 -0.070184981986
28.3057498088 5.81542383138e-07 -0.0700319106652
28.3685816619 5.7749607052e-07 -0.0698794999066
28.431413515 5.73489285394e-07 -0.069727745479
28.4942453681 5.69521538818e-07 -0.0695766431873
28.5570772211 5.65592354729e-07 -0.0694261888716
28.6199090742 5.61701262392e-07 -0.0692763784071
28.6827409273 5.57847797733e-07 -0.0691272077036
28.7455727803 5.54031501121e-07 -0.0689786727054
28.8084046334 5.50251926246e-07 -0.0688307693904
28.8712364865 5.46508625465e-07 -0.0686834937704
28.9340683396 5.4280116224e-07 -0.0685368418901
28.9969001926 5.39129103139e-07 -0.0683908098276
29.0597320457 5.35492026277e-07 -0.0682453936928
29.1225638988 5.31889510658e-07 -0.0681005896287
29.1853957518 5.28321141946e-07 -0.0679563938096
29.2482276049 5.24786515133e-07 -0.0678128024413
29.311059458 5.21285227428e-07 -0.0676698117613
29.3738913111 5.17816880929e-07 -0.0675274180378
29.4367231641 5.14381089722e-07 -0.0673856175695
29.4995550172 5.10977465229e-07 -0.0672444066855
29.5623868703 5.07605629974e-07 -0.067103781745
29.6252187234 5.04265210033e-07 -0.0669637391365
29.6880505764 5.00955834148e-07 -0.0668242752785
29.7508824295 4.9767714394e-07 -0.066685386618
29.8137142826 4.94428775699e-07 -0.0665470696312
29.8765461356 4.91210377707e-07 -0.0664093208225
29.9393779887 4.88021601797e-07 -0.0662721367249
30.0022098418 4.84862104244e-07 -0.066135513899
30.0650416949 4.81731544877e-07 -0.0659994489332
30.1278735479 4.78629590628e-07 -0.0658639384433
30.190705401 4.75555912871e-07 -0.0657289790722
30.2535372541 4.72510183425e-07 -0.0655945674895
30.3163691071 4.69492082988e-07 -0.0654607003919
30.3792009602 4.66501294927e-07 -0.0653273745016
30.4420328133 4.63537508821e-07 -0.0651945865677
30.5048646664 4.60600415142e-07 -0.0650623333644
30.5676965194 4.57689710576e-07 -0.0649306116919
30.6305283725 4.54805094918e-07 -0.0647994183754
30.6933602256 4.51946275071e-07 -0.0646687502655
30.7561920786 4.49112958378e-07 -0.0645386042374
30.8190239317 4.46304855739e-07 -0.0644089771908
30.8818557848 4.43521686488e-07 -0.0642798660496
30.9446876379 4.40763169518e-07 -0.0641512677622
31.0075194909 4.38029027716e-07 -0.0640231793008
31.070351344 4.35318991965e-07 -0.0638955976608
31.1331831971 4.32632786929e-07 -0.0637685198612
31.1960150501 4.29970154592e-07 -0.0636419429444
31.2588469032 4.27330830721e-07 -0.0635158639755
31.3216787563 4.24714558189e-07 -0.0633902800424
31.3845106094 4.22121079424e-07 -0.0632651882555
31.4473424624 4.19550145736e-07 -0.0631405857474
31.5101743155 4.17001507991e-07 -0.0630164696729
31.5730061686 4.14474921051e-07 -0.0628928372088
31.6358380216 4.11970144665e-07 -0.0627696855533
31.6986698747 4.09486937691e-07 -0.0626470119261
31.7615017278 4.07025067428e-07 -0.0625248135681
31.8243335809 4.04584302505e-07 -0.0624030877416
31.8871654339 4.02164411106e-07 -0.0622818317294
31.949997287 3.9976516808e-07 -0.062161042835
32.0128291401 3.97386349604e-07 -0.0620407183825
32.0756609932 3.95027737632e-07 -0.061920855716
32.1384928462 3.92689112338e-07 -0.0618014522
32.2013246993 3.90370259229e-07 -0.0616825052187
32.2641565524 3.88070963808e-07 -0.0615640121761
32.3269884054 3.8579102446e-07 -0.0614459704956
32.3898202585 3.83530226689e-07 -0.0613283776199
32.4526521116 3.81288371099e-07 -0.0612112310112
32.5154839647 3.79065251632e-07 -0.0610945281501
32.5783158177 3.76860675555e-07 -0.0609782665366
32.6411476708 3.74674442138e-07 -0.060862443689
32.7039795239 3.72506360868e-07 -0.0607470571441
32.7668113769 3.7035623679e-07 -0.0606321044569
32.82964323 3.68223882496e-07 -0.0605175832007
32.8924750831 3.6610911458e-07 -0.0604034909667
32.9553069362 3.64011743859e-07 -0.0602898253639
33.0181387892 3.61931591364e-07 -0.0601765840187
33.0809706423 3.59868477684e-07 -0.0600637645753
33.1438024954 3.57822223851e-07 -0.0599513646949
33.2066343484 3.55792655338e-07 -0.0598393820562
33.2694662015 3.53779599394e-07 -0.0597278143545
33.3322980546 3.51782885488e-07 -0.0596166593022
33.3951299077 3.49802344424e-07 -0.0595059146283
33.4579617607 3.47837808778e-07 -0.0593955780783
33.5207936138 3.4588911646e-07 -0.059285647414
33.5836254669 3.43956104043e-07 -0.0591761204139
33.6464573199 3.42038609435e-07 -0.0590669948719
33.709289173 3.4013647543e-07 -0.0589582685984
33.7721210261 3.38249544374e-07 -0.0588499394191
33.8349528792 3.36377663945e-07 -0.058742005176
33.8977847322 3.34520677381e-07 -0.058634463726
33.9606165853 3.32678439019e-07 -0.0585273129418
34.0234484384 3.30850794317e-07 -0.0584205507111
34.0862802914 3.29037600721e-07 -0.0583141749369
34.1491121445 3.27238709019e-07 -0.058208183537
34.2119439976 3.25453975769e-07 -0.0581025744441
34.2747758507 3.23683261083e-07 -0.0579973456057
34.3376077037 3.21926423297e-07 -0.0578924949839
34.4004395568 3.20183326963e-07 -0.0577880205549
34.4632714099 3.1845382864e-07 -0.0576839203097
34.526103263 3.167377991e-07 -0.0575801922532
34.588935116 3.15035100673e-07 -0.0574768344046
34.6517669691 3.13345602798e-07 -0.0573738447968
34.7145988222 3.11669175801e-07 -0.0572712214766
34.7774306752 3.10005689563e-07 -0.0571689625048
34.8402625283 3.08355013967e-07 -0.0570670659554
34.9030943814 3.06717029552e-07 -0.056965529916
34.9659262345 3.05091606645e-07 -0.0568643524876
35.0287580875 3.03478624009e-07 -0.0567635317844
35.0915899406 3.01877960407e-07 -0.0566630659336
35.1544217937 3.00289494604e-07 -0.056562953076
35.2172536467 2.98713110247e-07 -0.0564631913644
35.2800854998 2.97148686546e-07 -0.0563637789651
35.3429173529 2.95596110256e-07 -0.0562647140568
35.405749206 2.94055262362e-07 -0.0561659948307
35.468581059 2.92526036727e-07 -0.0560676194907
35.5314129121 2.91008316555e-07 -0.0559695862526
35.5942447652 2.89501992157e-07 -0.0558718933451
35.6570766182 2.88006954285e-07 -0.0557745390085
35.7199084713 2.86523094584e-07 -0.0556775214956
35.7827403244 2.85050306026e-07 -0.0555808390705
35.8455721775 2.83588483807e-07 -0.0554844900099
35.9084040305 2.8213752401e-07 -0.0553884726015
35.9712358836 2.80697320942e-07 -0.0552927851455
36.0340677367 2.79267773795e-07 -0.0551974259526
36.0968995897 2.77848782204e-07 -0.0551023933458
36.1597314428 2.76440245806e-07 -0.0550076856592
36.2225632959 2.750420669e-07 -0.0549133012378
36.285395149 2.73654148675e-07 -0.0548192384384
36.348227002 2.72276390767e-07 -0.0547254956281
36.4110588551 2.7090870125e-07 -0.0546320711858
36.4738907082 2.69550985088e-07 -0.0545389635006
36.5367225612 2.68203149911e-07 -0.0544461709728
36.5995544143 2.66865103793e-07 -0.0543536920131
36.6623862674 2.6553675303e-07 -0.0542615250431
36.7252181205 2.64218009693e-07 -0.0541696684948
36.7880499735 2.62908784077e-07 -0.0540781208103
36.8508818266 2.61608989582e-07 -0.053986880443
36.9137136797 2.60318538281e-07 -0.0538959458554
36.9765455328 2.59037341355e-07 -0.0538053155209
37.0393773858 2.57765318423e-07 -0.0537149879229
37.1022092389 2.56502381557e-07 -0.0536249615546
37.165041092 2.55248449488e-07 -0.0535352349193
37.227872945 2.54003438727e-07 -0.0534458065301
37.2907047981 2.52767268449e-07 -0.0533566749099
37.3535366512 2.51539858276e-07 -0.0532678385914
37.4163685043 2.50321128714e-07 -0.0531792961164
37.4792003573 2.49110999384e-07 -0.053091046037
37.5420322104 2.4790939479e-07 -0.0530030869143
37.6048640635 2.46716234109e-07 -0.0529154173187
37.6676959165 2.45531445842e-07 -0.0528280358302
37.7305277696 2.44354951828e-07 -0.0527409410378
37.7933596227 2.43186675686e-07 -0.0526541315397
37.8561914758 2.42026548136e-07 -0.0525676059432
37.9190233288 2.40874493684e-07 -0.0524813628648
37.9818551819 2.39730440832e-07 -0.0523954009295
38.044687035 2.38594316304e-07 -0.0523097187717
38.107518888 2.37466050823e-07 -0.0522243150339
38.1703507411 2.36345575111e-07 -0.052139188368
38.2331825942 2.35232820334e-07 -0.0520543374343
38.2960144473 2.34127715437e-07 -0.0519697609017
38.3588463003 2.33030196028e-07 -0.0518854574473
38.4216781534 2.31940193718e-07 -0.0518014257572
38.4845100065 2.30857641004e-07 -0.0517176645255
38.5473418595 2.29782474825e-07 -0.0516341724546
38.6101737126 2.2871462857e-07 -0.0515509482554
38.6730055657 2.27654037399e-07 -0.0514679906468
38.7358374188 2.26600641362e-07 -0.051385298356
38.7986692718 2.25554374733e-07 -0.0513028701179
38.8615011249 2.24515176228e-07 -0.0512207046756
38.924332978 2.23482981898e-07 -0.0511388007803
38.987164831 2.22457735788e-07 -0.0510571571907
39.0499966841 2.2143937306e-07 -0.0509757726738
39.1128285372 2.20427838649e-07 -0.0508946460037
39.1756603903 2.19423069492e-07 -0.0508137759629
39.2384922433 2.18425008747e-07 -0.0507331613407
39.3013240964 2.17433600458e-07 -0.0506528009348
39.3641559495 2.16448786006e-07 -0.05057269355
39.4269878026 2.15470505882e-07 -0.0504928379983
39.4898196556 2.14498710793e-07 -0.0504132330995
39.5526515087 2.13533339011e-07 -0.0503338776806
39.6154833618 2.12574339464e-07 -0.0502547705758
39.6783152148 2.11621656643e-07 -0.0501759106268
39.7411470679 2.10675235923e-07 -0.0500972966821
39.803978921 2.09735028456e-07 -0.0500189275972
39.8668107741 2.08800975177e-07 -0.0499408022353
39.9296426271 2.07873029456e-07 -0.049862919466
39.9924744802 2.06951138448e-07 -0.0497852781662
40.0553063333 2.06035249306e-07 -0.0497078772197
40.1181381863 2.05125312291e-07 -0.0496307155164
40.1809700394 2.04221279443e-07 -0.0495537919542
40.2438018925 2.03323098358e-07 -0.0494771054366
40.3066337456 2.02430722407e-07 -0.0494006548748
40.3694655986 2.01544103184e-07 -0.0493244391859
40.4322974517 2.00663191396e-07 -0.0492484572938
40.4951293048 1.99787938637e-07 -0.0491727081289
40.5579611578 1.98918300054e-07 -0.0490971906284
40.6207930109 1.98054229017e-07 -0.0490219037354
40.683624864 1.97195678897e-07 -0.0489468463998
40.7464567171 1.96342603509e-07 -0.0488720175777
40.8092885701 1.95494958888e-07 -0.0487974162316
40.8721204232 1.94652698404e-07 -0.04872304133
40.9349522763 1.93815781646e-07 -0.048648891848
40.9977841293 1.92984161096e-07 -0.0485749667662
41.0606159824 1.92157794565e-07 -0.0485012650721
41.1234478355 1.91336640754e-07 -0.0484277857586
41.1862796886 1.9052065392e-07 -0.048354527825
41.2491115416 1.89709792764e-07 -0.0482814902765
41.3119433947 1.88904017318e-07 -0.0482086721242
41.3747752478 1.88103287613e-07 -0.0481360723849
41.4376071008 1.87307557908e-07 -0.0480636900816
41.5004389539 1.86516791345e-07 -0.0479915242428
41.563270807 1.85730948843e-07 -0.0479195739029
41.6261026601 1.84949987769e-07 -0.0478478381023
41.6889345131 1.84173869933e-07 -0.0477763158862
41.7517663662 1.83402555809e-07 -0.0477050063061
41.8145982193 1.82636008539e-07 -0.0476339084191
41.8774300724 1.81874189487e-07 -0.0475630212878
41.9402619254 1.8111705824e-07 -0.04749234398
42.0030937785 1.80364582381e-07 -0.0474218755694
42.0659256316 1.79616721496e-07 -0.0473516151346
42.1287574846 1.78873438283e-07 -0.04728156176
42.1915893377 1.78134699436e-07 -0.0472117145354
42.2544211908 1.77400464985e-07 -0.0471420725557
42.3172530439 1.76670702512e-07 -0.047072634921
42.3800848969 1.75945376046e-07 -0.0470034007367
42.44291675 1.75224449173e-07 -0.0469343691137
42.5057486031 1.74507889916e-07 -0.0468655391676
42.5685804561 1.73795661862e-07 -0.0467969100192
42.6314123092 1.73087731703e-07 -0.0467284807947
42.6942441623 1.72384064356e-07 -0.0466602506252
42.7570760154 1.71684627848e-07 -0.0465922186465
42.8199078684 1.70989392423e-07 -0.0465243839997
42.8827397215 1.70298320334e-07 -0.0464567458308
42.9455715746 1.6961138094e-07 -0.0463893032907
43.0084034276 1.68928540933e-07 -0.0463220555352
43.0712352807 1.68249771004e-07 -0.0462550017247
43.1340671338 1.67575039178e-07 -0.0461881410246
43.1968989869 1.66904313481e-07 -0.0461214726051
43.2597308399 1.6623756105e-07 -0.0460549956411
43.322562693 1.6557475524e-07 -0.045988709312
43.3853945461 1.64915863632e-07 -0.045922612802
43.4482263991 1.64260856472e-07 -0.0458567053
43.5110582522 1.63609702231e-07 -0.0457909859996
43.5738901053 1.62962374706e-07 -0.0457254540987
43.6367219584 1.62318844144e-07 -0.0456601087998
43.6995538114 1.6167908079e-07 -0.0455949493099
43.7623856645 1.61043053559e-07 -0.0455299748407
43.8252175176 1.6041073625e-07 -0.0454651846079
43.8880493706 1.59782104436e-07 -0.0454005778322
43.9508812237 1.59157123036e-07 -0.0453361537382
44.0137130768 1.58535767625e-07 -0.0452719115548
44.0765449299 1.57918014221e-07 -0.0452078505156
44.1393767829 1.57303831294e-07 -0.0451439698582
44.202208636 1.56693193532e-07 -0.0450802688245
44.2650404891 1.560860734e-07 -0.0450167466609
44.3278723422 1.55482446473e-07 -0.0449534026176
44.3907041952 1.54882284775e-07 -0.0448902359491
44.4535360483 1.54285562992e-07 -0.0448272459141
44.5163679014 1.53692256699e-07 -0.0447644317755
44.5791997544 1.53102337475e-07 -0.0447017928001
44.6420316075 1.52515783114e-07 -0.0446393282587
44.7048634606 1.51932567416e-07 -0.0445770374265
44.7676953137 1.51352665512e-07 -0.0445149195819
44.8305271667 1.50776052976e-07 -0.0444529740086
44.8933590198 1.50202705829e-07 -0.044391199993
44.9561908729 1.49632598756e-07 -0.044329596826
45.0190227259 1.49065711774e-07 -0.0442681638021
45.081854579 1.48502016906e-07 -0.0442069002201
45.1446864321 1.47941490614e-07 -0.044145805382
45.2075182852 1.47384112914e-07 -0.0440848785944
45.2703501382 1.4682985805e-07 -0.0440241191671
45.3331819913 1.46278706037e-07 -0.0439635264137
45.3960138444 1.45730629786e-07 -0.0439030996519
45.4588456974 1.45185612421e-07 -0.0438428382027
45.5216775505 1.4464362641e-07 -0.043782741391
45.5845094036 1.44104653099e-07 -0.0437228085451
45.6473412567 1.43568670286e-07 -0.0436630389978
45.7101731097 1.43035656208e-07 -0.043603432084
45.7730049628 1.42505585998e-07 -0.0435439871436
45.8358368159 1.41978444113e-07 -0.0434847035195
45.8986686689 1.41454205682e-07 -0.0434255805578
45.961500522 1.40932853387e-07 -0.0433666176086
46.0243323751 1.40414361471e-07 -0.0433078140259
46.0871642282 1.39898712614e-07 -0.0432491691656
46.1499960812 1.393858855e-07 -0.0431906823888
46.2128279343 1.38875861921e-07 -0.043132353059
46.2756597874 1.38368619229e-07 -0.0430741805435
46.3384916404 1.37864137884e-07 -0.0430161642128
46.4013234935 1.37362402342e-07 -0.0429583034407
46.4641553466 1.36863386846e-07 -0.0429005976045
46.5269871997 1.36367074965e-07 -0.042843046085
46.5898190527 1.35873449381e-07 -0.0427856482656
46.6526509058 1.35382490107e-07 -0.0427284035337
46.7154827589 1.34894174941e-07 -0.0426713112796
46.778314612 1.34408489672e-07 -0.0426143708966
46.841146465 1.33925414758e-07 -0.0425575817818
46.9039783181 1.33444929329e-07 -0.0425009433351
46.9668101712 1.32967018729e-07 -0.0424444549595
47.0296420242 1.32491662086e-07 -0.0423881160614
47.0924738773 1.32018843857e-07 -0.0423319260498
47.1553057304 1.31548545834e-07 -0.0422758843377
47.2181375835 1.31080748478e-07 -0.0422199903401
47.2809694365 1.30615438021e-07 -0.0421642434758
47.3438012896 1.30152591815e-07 -0.0421086431666
47.4066331427 1.29692197426e-07 -0.042053188837
47.4694649957 1.29234237534e-07 -0.0419978799146
47.5322968488 1.28778693931e-07 -0.0419427158303
47.5951287019 1.2832554841e-07 -0.0418876960172
47.657960555 1.27874788536e-07 -0.0418328199122
47.720792408 1.27426393437e-07 -0.0417780869548
47.7836242611 1.26980352011e-07 -0.0417234965872
47.8464561142 1.26536642053e-07 -0.0416690482547
47.9092879672 1.26095250685e-07 -0.0416147414051
47.9721198203 1.25656164141e-07 -0.0415605754898
48.0349516734 1.25219363767e-07 -0.0415065499623
48.0977835265 1.24784833577e-07 -0.0414526642793
48.1606153795 1.24352559361e-07 -0.0413989179
48.2234472326 1.23922530015e-07 -0.0413453102869
48.2862790857 1.23494719784e-07 -0.0412918409047
48.3491109387 1.23069122893e-07 -0.0412385092209
48.4119427918 1.22645721579e-07 -0.0411853147062
48.4747746449 1.22224500299e-07 -0.0411322568335
48.537606498 1.21805445286e-07 -0.0410793350785
48.600438351 1.21388540997e-07 -0.0410265489195
48.6632702041 1.20973773221e-07 -0.0409738978381
48.7261020572 1.20561128636e-07 -0.0409213813176
48.7889339102 1.20150589478e-07 -0.0408689988444
48.8517657633 1.19742145976e-07 -0.0408167499075
48.9145976164 1.19335784365e-07 -0.0407646339986
48.9774294695 1.18931486437e-07 -0.0407126506116
49.0402613225 1.18529242421e-07 -0.0406607992432
49.1030931756 1.18129037219e-07 -0.0406090793926
49.1659250287 1.17730855287e-07 -0.0405574905615
49.2287568818 1.17334685523e-07 -0.0405060322541
49.2915887348 1.1694051727e-07 -0.0404547039772
49.3544205879 1.1654833143e-07 -0.0404035052398
49.417252441 1.16158117791e-07 -0.0403524355538
49.480084294 1.15769862585e-07 -0.0403014944335
49.5429161471 1.15383553378e-07 -0.0402506813947
49.6057480002 1.14999179956e-07 -0.0401999959571
49.6685798533 1.14616724112e-07 -0.0401494376416
49.7314117063 1.14236179627e-07 -0.040099005972
49.7942435594 1.1385752785e-07 -0.0400487004744
49.8570754125 1.13480759012e-07 -0.0399985206772
49.9199072655 1.13105863342e-07 -0.0399484661114
49.9827391186 1.12732824853e-07 -0.0398985363101
50.0455709717 1.12361632443e-07 -0.0398487308084
50.1084028248 1.11992275009e-07 -0.0397990491442
50.1712346778 1.11624742782e-07 -0.0397494908577
50.2340665309 1.11259017999e-07 -0.0397000554908
50.296898384 1.10895093552e-07 -0.0396507425885
50.359730237 1.10532956121e-07 -0.0396015516971
50.4225620901 1.10172595047e-07 -0.039552482366
50.4853939432 1.0981400056e-07 -0.0395035341457
50.5482257963 1.09457155784e-07 -0.0394547065907
50.6110576493 1.0910205539e-07 -0.0394059992558
50.6738895024 1.08748683836e-07 -0.039357411699
50.7367213555 1.08397033571e-07 -0.0393089434803
50.7995532085 1.08047089942e-07 -0.0392605941616
50.8623850616 1.07698845397e-07 -0.0392123633074
50.9252169147 1.07352287504e-07 -0.0391642504838
50.9880487678 1.07007406047e-07 -0.0391162552592
51.0508806208 1.06664189037e-07 -0.0390683772045
51.1137124739 1.06322628479e-07 -0.0390206158918
51.176544327 1.05982711496e-07 -0.0389729708962
51.23937618 1.05644427872e-07 -0.0389254417942
51.3022080331 1.05307769172e-07 -0.0388780281649
51.3650398862 1.04972723403e-07 -0.0388307295889
51.4278717393 1.04639281684e-07 -0.0387835456489
51.4907035923 1.04307432469e-07 -0.0387364759302
51.5535354454 1.03977166432e-07 -0.0386895200193
51.6163672985 1.0364847336e-07 -0.0386426775051
51.6791991516 1.03321343481e-07 -0.0385959479785
51.7420310046 1.0299576747e-07 -0.0385493310323
51.8048628577 1.02671735558e-07 -0.0385028262611
51.8676947108 1.0234923753e-07 -0.0384564332617
51.9305265638 1.0202826406e-07 -0.0384101516324
51.9933584169 1.01708805822e-07 -0.0383639809741
52.05619027 1.01390851714e-07 -0.0383179208889
52.1190221231 1.01074397296e-07 -0.0382719709815
52.1818539761 1.00759428801e-07 -0.0382261308575
52.2446858292 1.0044593779e-07 -0.0381804001254
52.3075176823 1.00133915382e-07 -0.038134778395
52.3703495353 9.98233509186e-08 -0.0380892652779
52.4331813884 9.95142404037e-08 -0.0380438603878
52.4960132415 9.92065709582e-08 -0.0379985633402
52.5588450946 9.89003337004e-08 -0.0379533737522
52.6216769476 9.8595521969e-08 -0.0379082912429
52.6845088007 9.82921242176e-08 -0.0378633154331
52.7473406538 9.79901342291e-08 -0.0378184459457
52.8101725068 9.76895413451e-08 -0.0377736824046
52.8730043599 9.73903380164e-08 -0.0377290244362
52.935836213 9.70925162491e-08 -0.0376844716684
52.9986680661 9.67960671616e-08 -0.0376400237311
53.0614999191 9.65009827603e-08 -0.0375956802551
53.1243317722 9.62072546074e-08 -0.037551440874
53.1871636253 9.59148738211e-08 -0.0375073052223
53.2499954783 9.56238346284e-08 -0.0374632729367
53.3128273314 9.53341232623e-08 -0.0374193436555
53.3756591845 9.5045739279e-08 -0.0373755170182
53.4384910376 9.47586680233e-08 -0.0373317926668
53.5013228906 9.44729059427e-08 -0.0372881702441
53.5641547437 9.41884445993e-08 -0.0372446493955
53.6269865968 9.39052751114e-08 -0.037201229767
53.6898184498 9.36233890414e-08 -0.0371579110071
53.7526503029 9.33427801719e-08 -0.0371146927655
53.815482156 9.30634396212e-08 -0.0370715746935
53.8783140091 9.27853616162e-08 -0.0370285564441
53.9411458621 9.25085363868e-08 -0.036985637672
54.0039777152 9.22329586039e-08 -0.0369428180334
54.0668095683 9.19586189418e-08 -0.0369000971859
54.1296414214 9.16855120714e-08 -0.0368574747892
54.1924732744 9.14136277785e-08 -0.0368149505035
54.2553051275 9.11429616224e-08 -0.036772523992
54.3181369806 9.08735060534e-08 -0.0367301949183
54.3809688336 9.06052535221e-08 -0.036687962948
54.4438006867 9.03381955908e-08 -0.0366458277482
54.5066325398 9.00723269304e-08 -0.0366037889874
54.5694643929 8.98076404354e-08 -0.0365618463357
54.6322962459 8.95441276683e-08 -0.0365199994646
54.695128099 8.92817832998e-08 -0.0364782480474
54.7579599521 8.90205997806e-08 -0.0364365917584
54.8207918051 8.8760569561e-08 -0.0363950302736
54.8836236582 8.85016886443e-08 -0.0363535632708
54.9464555113 8.82439472605e-08 -0.0363121904286
55.0092873644 8.79873414128e-08 -0.0362709114275
55.0721192174 8.77318617754e-08 -0.0362297259495
55.1349510705 8.74775034632e-08 -0.0361886336775
55.1977829236 8.72242607031e-08 -0.036147634297
55.2606147766 8.69721255015e-08 -0.0361067274932
55.3234466297 8.67210916411e-08 -0.0360659129539
55.3862784828 8.64711533488e-08 -0.036025190368
55.4491103359 8.6222302631e-08 -0.0359845594261
55.5119421889 8.5974535935e-08 -0.0359440198198
55.574774042 8.57278474875e-08 -0.035903571242
55.6376058951 8.54822261864e-08 -0.0358632133873
55.7004377481 8.52376702554e-08 -0.0358229459515
55.7632696012 8.49941725889e-08 -0.0357827686317
55.8261014543 8.47517265257e-08 -0.0357426811265
55.8889333074 8.45103258484e-08 -0.0357026831358
55.9517651604 8.42699661163e-08 -0.0356627743604
56.0145970135 8.40306411121e-08 -0.0356229545033
56.0774288666 8.37923446184e-08 -0.0355832232682
56.1402607196 8.35550686418e-08 -0.0355435803602
56.2030925727 8.33188096294e-08 -0.0355040254857
56.2659244258 8.30835622523e-08 -0.0354645583527
56.3287562789 8.28493176286e-08 -0.0354251786697
56.3915881319 8.26160753142e-08 -0.0353858861475
56.454419985 8.2383824207e-08 -0.0353466804976
56.5172518381 8.21525643069e-08 -0.0353075614328
56.5800836912 8.19222849557e-08 -0.0352685286673
56.6429155442 8.1692983489e-08 -0.0352295819164
56.7057473973 8.14646532454e-08 -0.0351907208965
56.7685792504 8.12372880077e-08 -0.0351519453259
56.8314111034 8.10108846672e-08 -0.0351132549233
56.8942429565 8.07854378948e-08 -0.0350746494095
56.9570748096 8.05609388088e-08 -0.0350361285055
57.0199066627 8.03373847447e-08 -0.0349976919345
57.0827385157 8.01147699292e-08 -0.0349593394203
57.1455703688 7.98930903656e-08 -0.0349210706879
57.2084022219 7.96723389485e-08 -0.0348828854639
57.2712340749 7.94525112369e-08 -0.0348447834758
57.334065928 7.92336036781e-08 -0.034806764452
57.3968977811 7.90156082786e-08 -0.0347688281231
57.4597296342 7.87985228179e-08 -0.0347309742196
57.5225614872 7.85823397464e-08 -0.034693202474
57.5853933403 7.83670546234e-08 -0.0346555126195
57.6482251934 7.8152663896e-08 -0.0346179043907
57.7110570464 7.79391626793e-08 -0.0345803775235
57.7738888995 7.77265438678e-08 -0.0345429317546
57.8367207526 7.7514804353e-08 -0.0345055668217
57.8995526057 7.73039401381e-08 -0.0344682824642
57.9623844587 7.70939445616e-08 -0.0344310784223
58.0252163118 7.68848136268e-08 -0.0343939544369
58.0880481649 7.66765424487e-08 -0.034356910251
58.1508800179 7.64691256983e-08 -0.0343199456078
58.213711871 7.6262561155e-08 -0.0342830602519
58.2765437241 7.60568434899e-08 -0.0342462539292
58.3393755772 7.5851963377e-08 -0.0342095263863
58.4022074302 7.56479221486e-08 -0.034172877371
58.4650392833 7.54447131435e-08 -0.0341363066326
58.5278711364 7.52423314765e-08 -0.0340998139208
58.5907029894 7.5040773595e-08 -0.0340633989867
58.6535348425 7.4840034614e-08 -0.0340270615825
58.7163666956 7.46401096485e-08 -0.0339908014614
58.7791985487 7.44409951459e-08 -0.0339546183776
58.8420304017 7.42426853328e-08 -0.0339185120862
58.9048622548 7.40451762127e-08 -0.0338824823439
58.9676941079 7.38484655649e-08 -0.0338465289075
59.030525961 7.36525476164e-08 -0.0338106515358
59.093357814 7.34574183703e-08 -0.0337748499876
59.1561896671 7.32630738298e-08 -0.0337391240241
59.2190215202 7.30695077777e-08 -0.033703473406
59.2818533732 7.28767193259e-08 -0.0336678978957
59.3446852263 7.26847009247e-08 -0.0336323972571
59.4075170794 7.24934521301e-08 -0.033596971254
59.4703489325 7.23029653926e-08 -0.033561619652
59.5331807855 7.2113239824e-08 -0.0335263422175
59.5960126386 7.19242705394e-08 -0.0334911387178
59.6588444917 7.1736049545e-08 -0.033456008921
59.7216763447 7.15485777292e-08 -0.0334209525965
59.7845081978 7.13618497628e-08 -0.0333859695143
59.8473400509 7.1175861649e-08 -0.0333510594459
59.910171904 7.09906107232e-08 -0.0333162221632
59.973003757 7.08060894361e-08 -0.0332814574395
60.0358356101 7.06222982316e-08 -0.0332467650483
60.0986674632 7.04392322248e-08 -0.0332121447648
60.1614993162 7.02568847544e-08 -0.0331775963649
60.2243311693 7.0075254488e-08 -0.0331431196255
60.2871630224 6.98943360966e-08 -0.0331087143241
60.3499948755 6.97141286921e-08 -0.0330743802395
60.4128267285 6.95346251689e-08 -0.0330401171511
60.4756585816 6.93558264153e-08 -0.0330059248394
60.5384904347 6.91777244377e-08 -0.0329718030856
60.6013222877 6.90003165715e-08 -0.0329377516723
60.6641541408 6.88235997082e-08 -0.0329037703824
60.7269859939 6.86475716272e-08 -0.0328698589999
60.789817847 6.84722256672e-08 -0.0328360173098
60.8526497 6.82975622723e-08 -0.032802245098
60.9154815531 6.81235747813e-08 -0.032768542151
60.9783134062 6.79502600853e-08 -0.0327349082564
61.0411452592 6.77776159641e-08 -0.0327013432025
61.1039771123 6.76056388649e-08 -0.0326678467789
61.1668089654 6.74343239027e-08 -0.0326344187751
61.2296408185 6.72636684129e-08 -0.0326010589828
61.2924726715 6.70936706193e-08 -0.0325677671933
61.3553045246 6.69243260809e-08 -0.0325345431996
61.4181363777 6.67556299128e-08 -0.0325013867949
61.4809682308 6.65875794503e-08 -0.032468297774
61.5438000838 6.64201729172e-08 -0.0324352759317
61.6066319369 6.62534040963e-08 -0.032402321064
61.66946379 6.60872752078e-08 -0.032369432968
61.732295643 6.59217760379e-08 -0.0323366114412
61.7951274961 6.5756909251e-08 -0.032303856282
61.8579593492 6.5592669074e-08 -0.0322711672898
61.9207912023 6.54290528423e-08 -0.0322385442645
61.9836230553 6.52660574474e-08 -0.0322059870074
62.0464549084 6.51036788923e-08 -0.0321734953197
62.1092867615 6.49419136245e-08 -0.0321410690043
62.1721186145 6.47807607557e-08 -0.0321087078641
62.2349504676 6.46202154009e-08 -0.0320764117033
62.2977823207 6.44602740074e-08 -0.0320441803268
62.3606141738 6.43009365753e-08 -0.0320120135404
62.4234460268 6.41421977754e-08 -0.0319799111501
62.4862778799 6.39840544991e-08 -0.0319478729633
62.549109733 6.38265045261e-08 -0.031915898788
62.611941586 6.36695443035e-08 -0.0318839884326
62.6747734391 6.35131716109e-08 -0.0318521417069
62.7376052922 6.33573820075e-08 -0.0318203584208
62.8004371453 6.32021754932e-08 -0.0317886383857
62.8632689983 6.30475458507e-08 -0.031756981413
62.9261008514 6.2893492192e-08 -0.0317253873152
62.9889327045 6.27400118525e-08 -0.0316938559055
63.0517645575 6.25870990589e-08 -0.031662386998
63.1145964106 6.24347578082e-08 -0.0316309804073
63.1774282637 6.22829778862e-08 -0.0315996359486
63.2402601168 6.21317584049e-08 -0.0315683534384
63.3030919698 6.19810984759e-08 -0.0315371326933
63.3659238229 6.18309954348e-08 -0.031505973531
63.428755676 6.16814452847e-08 -0.0314748757695
63.491587529 6.15324435849e-08 -0.0314438392285
63.5544193821 6.13839903352e-08 -0.0314128637268
63.6172512352 6.12360859797e-08 -0.0313819490856
63.6800830883 6.10887203045e-08 -0.0313510951256
63.7429149413 6.09418950859e-08 -0.0313203016689
63.8057467944 6.07956098797e-08 -0.0312895685378
63.8685786475 6.0649854472e-08 -0.0312588955556
63.9314105006 6.05046337476e-08 -0.031228282546
63.9942423536 6.03599428217e-08 -0.0311977293339
64.0570742067 6.02157759211e-08 -0.0311672357444
64.1199060598 6.00721348221e-08 -0.0311368016037
64.1827379128 5.99290150838e-08 -0.0311064267381
64.2455697659 5.9786415374e-08 -0.031076110975
64.308401619 5.9644332584e-08 -0.0310458541424
64.3712334721 5.95027631611e-08 -0.0310156560688
64.4340653251 5.93617053291e-08 -0.0309855165837
64.4968971782 5.9221155535e-08 -0.0309554355172
64.5597290313 5.90811146672e-08 -0.0309254126992
64.6225608843 5.89415760643e-08 -0.0308954479617
64.6853927374 5.88025406145e-08 -0.0308655411364
64.7482245905 5.86640025446e-08 -0.0308356920556
64.8110564436 5.85259627428e-08 -0.0308059005529
64.8738882966 5.83884203209e-08 -0.030776166462
64.9367201497 5.82513686176e-08 -0.0307464896171
64.9995520028 5.81148058565e-08 -0.0307168698537
65.0623838558 5.79787302613e-08 -0.0306873070074
65.1252157089 5.78431427201e-08 -0.0306578009146
65.188047562 5.77080356834e-08 -0.0306283514124
65.2508794151 5.75734095953e-08 -0.0305989583381
65.3137112681 5.74392631236e-08 -0.0305696215303
65.3765431212 5.73055918274e-08 -0.0305403408277
65.4393749743 5.71723965948e-08 -0.0305111160696
65.5022068273 5.70396689881e-08 -0.0304819470964
65.5650386804 5.690741256e-08 -0.0304528337487
65.6278705335 5.67756259784e-08 -0.0304237758679
65.6907023866 5.66443030259e-08 -0.0303947732957
65.7535342396 5.65134405939e-08 -0.0303658258745
65.8163660927 5.63830391265e-08 -0.0303369334478
65.8791979458 5.62530986237e-08 -0.0303080958588
65.9420297988 5.61236128682e-08 -0.0302793129522
66.0048616519 5.59945818601e-08 -0.0302505845727
66.067693505 5.58660033789e-08 -0.0302219105657
66.1305253581 5.57378752042e-08 -0.0301932907772
66.1933572111 5.56101924509e-08 -0.0301647250541
66.2561890642 5.54829551191e-08 -0.0301362132433
66.3190209173 5.5356164097e-08 -0.0301077551929
66.3818527704 5.52298149437e-08 -0.0300793507508
66.4446846234 5.51039054386e-08 -0.030050999766
66.5075164765 5.49784329174e-08 -0.0300227020884
66.5703483296 5.48533947153e-08 -0.0299944575677
66.6331801826 5.47287890562e-08 -0.0299662660544
66.6960120357 5.46046168282e-08 -0.0299381273998
66.7588438888 5.44808735903e-08 -0.0299100414557
66.8216757419 5.43575575662e-08 -0.029882008074
66.8845075949 5.42346678678e-08 -0.0298540271082
66.947339448 5.41122000541e-08 -0.029826098411
67.0101713011 5.39901567898e-08 -0.0297982218365
67.0730031541 5.3868529637e-08 -0.0297703972396
67.1358350072 5.37473230366e-08 -0.0297426244747
67.1986668603 5.36265307716e-08 -0.0297149033974
67.2614987134 5.35061546181e-08 -0.0296872338641
67.3243305664 5.33861879148e-08 -0.0296596157312
67.3871624195 5.32666302178e-08 -0.0296320488559
67.4499942726 5.31474846355e-08 -0.0296045330959
67.5128261256 5.30287431744e-08 -0.0295770683091
67.5756579787 5.29104067226e-08 -0.0295496543546
67.6384898318 5.27924726157e-08 -0.0295222910912
67.7013216849 5.26749395213e-08 -0.029494978379
67.7641535379 5.25578065513e-08 -0.0294677160784
67.826985391 5.24410683767e-08 -0.0294405040496
67.8898172441 5.23247267736e-08 -0.0294133421544
67.9526490971 5.22087817423e-08 -0.0293862302544
68.0154809502 5.2093225289e-08 -0.029359168212
68.0783128033 5.19780591901e-08 -0.0293321558897
68.1411446564 5.18632825575e-08 -0.0293051931512
68.2039765094 5.17488927265e-08 -0.0292782798601
68.2668083625 5.16348848123e-08 -0.0292514158811
68.3296402156 5.15212628116e-08 -0.0292246010783
68.3924720686 5.14080218394e-08 -0.0291978353173
68.4553039217 5.12951601195e-08 -0.0291711184645
68.5181357748 5.11826758753e-08 -0.0291444503853
68.5809676279 5.10705699952e-08 -0.0291178309469
68.6437994809 5.09588375941e-08 -0.0290912600163
68.706631334 5.08474773397e-08 -0.0290647374616
68.7694631871 5.07364887881e-08 -0.0290382631506
68.8322950402 5.06258710509e-08 -0.0290118369524
68.8951268932 5.05156192432e-08 -0.0289854587357
68.9579587463 5.04057351414e-08 -0.0289591283705
69.0207905994 5.02962134163e-08 -0.0289328457268
69.0836224524 5.01870576208e-08 -0.0289066106752
69.1464543055 5.00782624258e-08 -0.0288804230865
69.2092861586 4.99698264989e-08 -0.0288542828326
69.2721180117 4.98617502842e-08 -0.0288281897855
69.3349498647 4.97540275646e-08 -0.028802143817
69.3977817178 4.96466645572e-08 -0.0287761448006
69.4606135709 4.95396523803e-08 -0.0287501926093
69.5234454239 4.94329910339e-08 -0.0287242871173
69.586277277 4.93266822943e-08 -0.0286984281985
69.6491091301 4.92207226088e-08 -0.0286726157277
69.7119409832 4.91151084248e-08 -0.02864684958
69.7747728362 4.90098419625e-08 -0.0286211296311
69.8376046893 4.89049196695e-08 -0.0285954557571
69.9004365424 4.88003393251e-08 -0.0285698278341
69.9632683954 4.86961009294e-08 -0.0285442457394
70.0261002485 4.85922022619e-08 -0.0285187093504
70.0889321016 4.84886406582e-08 -0.0284932185448
70.1517639547 4.83854178945e-08 -0.0284677732006
70.2145958077 4.8282529086e-08 -0.0284423731968
70.2774276608 4.81799760088e-08 -0.0284170184124
70.3402595139 4.80777542222e-08 -0.0283917087268
70.4030913669 4.7975862838e-08 -0.02836644402
70.46592322 4.78743005239e-08 -0.0283412241725
70.5287550731 4.77730695003e-08 -0.0283160490652
70.5915869262 4.76721639942e-08 -0.0282909185789
70.6544187792 4.75715826731e-08 -0.0282658325955
70.7172506323 4.74713255372e-08 -0.0282407909972
70.7800824854 4.73713921423e-08 -0.0282157936664
70.8429143384 4.72717776034e-08 -0.0281908404857
70.9057461915 4.71724854734e-08 -0.0281659313386
70.9685780446 4.70735108671e-08 -0.0281410661092
71.0314098977 4.69748533405e-08 -0.0281162446811
71.0942417507 4.68765106731e-08 -0.0280914669388
71.1570736038 4.6778482421e-08 -0.0280667327677
71.2199054569 4.66807694721e-08 -0.0280420420526
71.28273731 4.65833664975e-08 -0.0280173946796
71.345569163 4.64862734972e-08 -0.0279927905347
71.4084010161 4.63894913594e-08 -0.0279682295045
71.4712328692 4.62930125344e-08 -0.0279437114761
71.5340647222 4.61968436838e-08 -0.0279192363363
71.5968965753 4.61009799224e-08 -0.0278948039733
71.6597284284 4.60054185858e-08 -0.0278704142748
71.7225602815 4.59101610062e-08 -0.0278460671299
71.7853921345 4.58152036309e-08 -0.0278217624271
71.8482239876 4.57205464599e-08 -0.0277975000557
71.9110558407 4.5626188161e-08 -0.0277732799052
71.9738876937 4.55321269577e-08 -0.0277491018658
72.0367195468 4.54383619619e-08 -0.0277249658281
72.0995513999 4.53448918414e-08 -0.0277008716826
72.162383253 4.5251716152e-08 -0.0276768193207
72.225215106 4.5158831341e-08 -0.0276528086339
72.2880469591 4.50662387408e-08 -0.027628839514
72.3508788122 4.49739374631e-08 -0.0276049118535
72.4137106652 4.48819221788e-08 -0.0275810255447
72.4765425183 4.47901955525e-08 -0.0275571804811
72.5393743714 4.46987553637e-08 -0.0275333765558
72.6022062245 4.46076002802e-08 -0.0275096136629
72.6650380775 4.45167285257e-08 -0.027485891696
72.7278699306 4.44261392119e-08 -0.0274622105502
72.7907017837 4.4335833671e-08 -0.02743857012
72.8535336367 4.42458079064e-08 -0.0274149703009
72.9163654898 4.41560601416e-08 -0.027391410988
72.9791973429 4.4066591709e-08 -0.0273678920777
73.042029196 4.39773986116e-08 -0.0273444134662
73.104861049 4.388848307e-08 -0.02732097505
73.1676929021 4.37998406433e-08 -0.0272975767263
73.2305247552 4.37114731078e-08 -0.0272742183923
73.2933566082 4.36233769108e-08 -0.0272508999459
73.3561884613 4.35355529405e-08 -0.0272276212849
73.4190203144 4.34479967559e-08 -0.0272043823079
73.4818521675 4.33607127981e-08 -0.0271811829135
73.5446840205 4.32736939615e-08 -0.027158023001
73.6075158736 4.31869433548e-08 -0.0271349024693
73.6703477267 4.31004578694e-08 -0.0271118212191
73.7331795798 4.30142379493e-08 -0.0270887791497
73.7960114328 4.29282800418e-08 -0.0270657761619
73.8588432859 4.28425845911e-08 -0.0270428121563
73.921675139 4.27571524853e-08 -0.027019887034
73.984506992 4.26719792834e-08 -0.0269970006968
74.0473388451 4.25870654297e-08 -0.0269741530463
74.1101706982 4.250241048e-08 -0.0269513439845
74.1730025513 4.24180122138e-08 -0.026928573414
74.2358344043 4.23338697431e-08 -0.0269058412372
74.2986662574 4.22499817354e-08 -0.026883147358
74.3614981105 4.2166348635e-08 -0.0268604916792
74.4243299635 4.20829682213e-08 -0.0268378741045
74.4871618166 4.19998396062e-08 -0.0268152945382
74.5499936697 4.19169619015e-08 -0.0267927528847
74.6128255228 4.18343351072e-08 -0.0267702490489
74.6756573758 4.17519583351e-08 -0.0267477829356
74.7384892289 4.1669825368e-08 -0.02672535445
74.801321082 4.15879410909e-08 -0.0267029634979
74.864152935 4.15063032833e-08 -0.0266806099853
74.9269847881 4.1424911057e-08 -0.0266582938185
74.9898166412 4.13437608593e-08 -0.0266360149043
75.0526484943 4.12628549107e-08 -0.0266137731494
75.1154803473 4.11821896584e-08 -0.0265915684611
75.1783122004 4.11017668789e-08 -0.0265694007467
75.2411440535 4.10215834634e-08 -0.0265472699144
75.3039759065 4.09416407443e-08 -0.0265251758721
75.3668077596 4.08619329484e-08 -0.0265031185284
75.4296396127 4.07824640725e-08 -0.026481097792
75.4924714658 4.0703231452e-08 -0.0264591135719
75.5553033188 4.06242341988e-08 -0.0264371657776
75.6181351719 4.05454709806e-08 -0.0264152543187
75.680967025 4.04669409093e-08 -0.026393379105
75.743798878 4.03886435407e-08 -0.0263715400469
75.8066307311 4.03105775426e-08 -0.026349737055
75.8694625842 4.0232742915e-08 -0.0263279700403
75.9322944373 4.01551369933e-08 -0.0263062389135
75.9951262903 4.00777597775e-08 -0.0262845435862
76.0579581434 4.00006112677e-08 -0.0262628839703
76.1207899965 3.99236892434e-08 -0.0262412599774
76.1836218496 3.98469937046e-08 -0.0262196715202
76.2464537026 3.97705224309e-08 -0.0261981185114
76.3092855557 3.96942771985e-08 -0.0261766008632
76.3721174088 3.96182535667e-08 -0.0261551184896
76.4349492618 3.95424541999e-08 -0.0261336713032
76.4977811149 3.94668751014e-08 -0.0261122592184
76.560612968 3.93915176033e-08 -0.0260908821488
76.6234448211 3.93163794854e-08 -0.0260695400091
76.6862766741 3.92414611916e-08 -0.0260482327134
76.7491085272 3.91667613897e-08 -0.0260269601766
76.8119403803 3.90922787474e-08 -0.0260057223139
76.8747722333 3.90180101562e-08 -0.0259845190409
76.9376040864 3.89439600568e-08 -0.0259633502731
77.0004359395 3.88701244525e-08 -0.0259422159265
77.0632677926 3.87965006787e-08 -0.0259211159172
77.1260996456 3.87230927323e-08 -0.0259000501619
77.1889314987 3.86498952842e-08 -0.025879018577
77.2517633518 3.85769118871e-08 -0.0258580210799
77.3145952048 3.85041354356e-08 -0.0258370575877
77.3774270579 3.84315717028e-08 -0.0258161280179
77.440258911 3.83592153597e-08 -0.0257952322886
77.5030907641 3.82870686266e-08 -0.0257743703177
77.5659226171 3.82151292833e-08 -0.0257535420233
77.6287544702 3.81433973295e-08 -0.0257327473243
77.6915863233 3.80718692128e-08 -0.0257119861397
77.7544181763 3.80005475975e-08 -0.0256912583886
77.8172500294 3.7929428931e-08 -0.0256705639902
77.8800818825 3.78585158778e-08 -0.0256499028641
77.9429137356 3.77878035529e-08 -0.0256292749307
78.0057455886 3.77172946209e-08 -0.0256086801096
78.0685774417 3.76469850849e-08 -0.0255881183215
78.1314092948 3.75768767213e-08 -0.0255675894871
78.1942411478 3.75069681979e-08 -0.0255470935275
78.2570730009 3.74372586265e-08 -0.0255266303634
78.319904854 3.73677457866e-08 -0.0255061999166
78.3827367071 3.72984323427e-08 -0.0254858021087
78.4455685601 3.72293134099e-08 -0.0254654368619
78.5084004132 3.71603916527e-08 -0.0254451040976
78.5712322663 3.70916657388e-08 -0.0254248037392
78.6340641194 3.70231325597e-08 -0.025404535709
78.6968959724 3.69547930035e-08 -0.0253842999298
78.7597278255 3.6886646626e-08 -0.0253640963247
78.8225596786 3.68186929833e-08 -0.0253439248174
78.8853915316 3.67509289667e-08 -0.0253237853313
78.9482233847 3.66833576848e-08 -0.0253036777908
79.0110552378 3.66159764731e-08 -0.0252836021194
79.0738870909 3.65487844434e-08 -0.0252635582417
79.1367189439 3.64817793752e-08 -0.0252435460825
79.199550797 3.64149634891e-08 -0.0252235655665
79.2623826501 3.63483341204e-08 -0.0252036166187
79.3252145031 3.6281890381e-08 -0.0251836991646
79.3880463562 3.62156344913e-08 -0.0251638131299
79.4508782093 3.61495620105e-08 -0.0251439584401
79.5137100624 3.60836738267e-08 -0.0251241350213
79.5765419154 3.6017970384e-08 -0.0251043427998
79.6393737685 3.59524490179e-08 -0.0250845817021
79.7022056216 3.58871097283e-08 -0.0250648516549
79.7650374746 3.58219525154e-08 -0.0250451525855
79.8278693277 3.57569756027e-08 -0.0250254844206
79.8907011808 3.56921803224e-08 -0.0250058470878
79.9535330339 3.56275622337e-08 -0.0249862405143
80.0163648869 3.55631257776e-08 -0.0249666646289
80.07919674 3.54988660689e-08 -0.0249471193588
80.1420285931 3.54347839959e-08 -0.0249276046332
80.2048604461 3.53708791145e-08 -0.0249081203798
80.2676922992 3.53071500925e-08 -0.0248886665278
80.3305241523 3.52435960416e-08 -0.0248692430061
80.3933560054 3.51802182941e-08 -0.0248498497435
80.4561878584 3.51170124091e-08 -0.0248304866703
80.5190197115 3.50539823835e-08 -0.0248111537156
80.5818515646 3.49911251085e-08 -0.024791850809
80.6446834176 3.49284396961e-08 -0.0247725778811
80.7075152707 3.48659274785e-08 -0.0247533348617
80.7703471238 3.48035849029e-08 -0.0247341216819
80.8331789769 3.47414128576e-08 -0.0247149382723
80.8960108299 3.46794104544e-08 -0.024695784563
80.958842683 3.46175790256e-08 -0.0246766604862
81.0216745361 3.45559136861e-08 -0.0246575659726
81.0845063892 3.44944175446e-08 -0.0246385009544
81.1473382422 3.44330874924e-08 -0.024619465363
81.2101700953 3.43719270823e-08 -0.0246004591303
81.2730019484 3.43109300971e-08 -0.0245814821885
81.3358338014 3.42501000894e-08 -0.0245625344702
81.3986656545 3.41894343947e-08 -0.0245436159079
81.4614975076 3.41289334571e-08 -0.0245247264349
81.5243293607 3.40685955003e-08 -0.0245058659833
81.5871612137 3.40084205241e-08 -0.0244870344871
81.6499930668 3.39484076406e-08 -0.0244682318797
81.7128249199 3.38885599582e-08 -0.0244494580943
81.7756567729 3.38288694834e-08 -0.024430713065
81.838488626 3.37693433217e-08 -0.0244119967258
81.9013204791 3.37099743675e-08 -0.024393309011
81.9641523322 3.36507679499e-08 -0.0243746498554
82.0269841852 3.359171874e-08 -0.0243560191929
82.0898160383 3.3532828958e-08 -0.024337416959
82.1526478914 3.34740963837e-08 -0.0243188430886
82.2154797444 3.34155210169e-08 -0.0243002975166
82.2783115975 3.33571019695e-08 -0.024281780179
82.3411434506 3.32988387974e-08 -0.0242632910111
82.4039753037 3.32407337211e-08 -0.0242448299485
82.4668071567 3.31827818556e-08 -0.0242263969277
82.5296390098 3.31249836449e-08 -0.0242079918849
82.5924708629 3.30673404214e-08 -0.0241896147562
82.6553027159 3.3009852185e-08 -0.0241712654783
82.718134569 3.2952515383e-08 -0.0241529439882
82.7809664221 3.28953313478e-08 -0.0241346502228
82.8437982752 3.28382987469e-08 -0.0241163841194
82.9066301282 3.27814166923e-08 -0.0240981456149
82.9694619813 3.27246847398e-08 -0.0240799346475
83.0322938344 3.26681037777e-08 -0.0240617511544
83.0951256875 3.26116733618e-08 -0.024043595074
83.1579575405 3.25553908276e-08 -0.0240254663439
83.2207893936 3.24992588396e-08 -0.0240073649029
83.2836212467 3.24432720689e-08 -0.023989290689
83.3464530997 3.2387434068e-08 -0.0239712436416
83.4092849528 3.23317443929e-08 -0.0239532236989
83.4721168059 3.22761981586e-08 -0.0239352308002
83.534948659 3.2220799806e-08 -0.0239172648847
83.597780512 3.21655475588e-08 -0.023899325892
83.6606123651 3.21104396406e-08 -0.0238814137613
83.7234442182 3.20554747191e-08 -0.0238635284327
83.7862760712 3.20006545707e-08 -0.0238456698459
83.8491079243 3.1945977863e-08 -0.0238278379414
83.9119397774 3.18914441522e-08 -0.023810032659
83.9747716305 3.1837053438e-08 -0.0237922539397
84.0376034835 3.17828035001e-08 -0.0237745017236
84.1004353366 3.17286961149e-08 -0.0237567759521
84.1632671897 3.16747277296e-08 -0.0237390765659
84.2260990427 3.1620902341e-08 -0.0237214035066
84.2889308958 3.15672159523e-08 -0.0237037567146
84.3517627489 3.15136672313e-08 -0.0236861361324
84.414594602 3.14602592866e-08 -0.0236685417014
84.477426455 3.14069885654e-08 -0.0236509733633
84.5402583081 3.13538568442e-08 -0.0236334310606
84.6030901612 3.13008605701e-08 -0.0236159147351
84.6659220142 3.1248003296e-08 -0.0235984243292
84.7287538673 3.11952841336e-08 -0.0235809597857
84.7915857204 3.11426977539e-08 -0.0235635210473
84.8544175735 3.10902499301e-08 -0.023546108057
84.9172494265 3.10379335566e-08 -0.0235287207576
84.9800812796 3.09857544067e-08 -0.0235113590924
85.0429131327 3.09337080395e-08 -0.0234940230049
85.1057449857 3.08817962313e-08 -0.0234767124387
85.1685768388 3.08300172058e-08 -0.0234594273376
85.2314086919 3.07783705189e-08 -0.0234421676454
85.294240545 3.07268566146e-08 -0.0234249333059
85.357072398 3.06754754931e-08 -0.0234077242637
85.4199042511 3.06242253778e-08 -0.023390540463
85.4827361042 3.05731049366e-08 -0.023373381849
85.5455679573 3.05221163899e-08 -0.0233562483656
85.6083998103 3.04712561849e-08 -0.0233391399579
85.6712316634 3.04205287627e-08 -0.0233220565709
85.7340635165 3.03699292381e-08 -0.0233049981501
85.7968953695 3.0319456723e-08 -0.0232879646405
85.8597272226 3.0269113882e-08 -0.0232709559881
85.9225590757 3.02188989387e-08 -0.0232539721382
85.9853909288 3.0168811449e-08 -0.0232370130368
86.0482227818 3.01188496366e-08 -0.0232200786296
86.1110546349 3.00690148336e-08 -0.0232031688631
86.173886488 3.00193074843e-08 -0.0231862836834
86.236718341 2.99697231476e-08 -0.0231694230369
86.2995501941 2.99202662646e-08 -0.023152586871
86.3623820472 2.98709350588e-08 -0.023135775131
86.4252139003 2.98217259775e-08 -0.0231189877656
86.4880457533 2.97726416854e-08 -0.0231022247205
86.5508776064 2.97236812941e-08 -0.0230854859435
86.6137094595 2.96748434714e-08 -0.0230687713819
86.6765413125 2.96261291055e-08 -0.0230520809832
86.7393731656 2.95775377523e-08 -0.0230354146952
86.8022050187 2.95290671914e-08 -0.0230187724653
86.8650368718 2.9480718311e-08 -0.0230021542423
86.9278687248 2.94324888905e-08 -0.0229855599741
86.9907005779 2.93843820387e-08 -0.0229689896082
87.053532431 2.9336395535e-08 -0.0229524430939
87.116364284 2.92885271591e-08 -0.0229359203796
87.1791961371 2.92407813518e-08 -0.022919421414
87.2420279902 2.91931510077e-08 -0.0229029461459
87.3048598433 2.91456418999e-08 -0.0228864945245
87.3676916963 2.90982504758e-08 -0.0228700664986
87.4305235494 2.90509754031e-08 -0.0228536620182
87.4933554025 2.90038206785e-08 -0.0228372810318
87.5561872555 2.89567800849e-08 -0.02282092349
87.6190191086 2.89098562867e-08 -0.0228045893419
87.6818509617 2.88630506162e-08 -0.0227882785377
87.7446828148 2.88163599649e-08 -0.0227719910271
87.8075146678 2.87697847767e-08 -0.0227557267607
87.8703465209 2.87233241636e-08 -0.0227394856889
87.933178374 2.86769790137e-08 -0.0227232677616
87.9960102271 2.86307488828e-08 -0.0227070729298
88.0588420801 2.85846306625e-08 -0.0226909011439
88.1216739332 2.85386287935e-08 -0.0226747523556
88.1845057863 2.84927375027e-08 -0.022658626515
88.2473376393 2.84469612311e-08 -0.0226425235737
88.3101694924 2.84012968699e-08 -0.0226264434829
88.3730013455 2.83557448633e-08 -0.0226103861944
88.4358331986 2.83103029908e-08 -0.0225943516592
88.4986650516 2.82649734729e-08 -0.0225783398295
88.5614969047 2.82197549772e-08 -0.0225623506568
88.6243287578 2.81746475039e-08 -0.0225463840933
88.6871606108 2.81296492766e-08 -0.0225304400908
88.7499924639 2.80847607392e-08 -0.022514518602
88.812824317 2.80399845565e-08 -0.022498619579
88.8756561701 2.7995314511e-08 -0.0224827429744
88.9384880231 2.79507541556e-08 -0.0224668887412
89.0013198762 2.79063026021e-08 -0.0224510568317
89.0641517293 2.78619598504e-08 -0.0224352471987
89.1269835823 2.78177223478e-08 -0.022419459796
89.1898154354 2.77735945353e-08 -0.0224036945762
89.2526472885 2.7729572416e-08 -0.0223879514928
89.3154791416 2.76856590986e-08 -0.0223722304989
89.3783109946 2.76418496981e-08 -0.0223565315489
89.4411428477 2.75981482112e-08 -0.0223408545956
89.5039747008 2.75545501971e-08 -0.0223251995937
89.5668065538 2.75110600967e-08 -0.0223095664959
89.6296384069 2.74676725809e-08 -0.0222939552579
89.69247026 2.74243912024e-08 -0.0222783658329
89.7553021131 2.73812128526e-08 -0.0222627981757
89.8181339661 2.73381406402e-08 -0.0222472522406
89.8809658192 2.72951714564e-08 -0.0222317279817
89.9437976723 2.72523044131e-08 -0.0222162253546
90.0066295253 2.72095399545e-08 -0.0222007443137
90.0694613784 2.71668794127e-08 -0.0221852848143
90.1322932315 2.71243205674e-08 -0.0221698468111
90.1951250846 2.70818638626e-08 -0.0221544302591
90.2579569376 2.70395088542e-08 -0.0221390351147
90.3207887907 2.69972533218e-08 -0.0221236613325
90.3836206438 2.69551021503e-08 -0.0221083088685
90.4464524969 2.69130495667e-08 -0.0220929776781
90.5092843499 2.68710977913e-08 -0.0220776677171
90.572116203 2.68292450478e-08 -0.0220623789421
90.6349480561 2.67874940008e-08 -0.0220471113086
90.6977799091 2.67458410974e-08 -0.0220318647735
90.7606117622 2.67042850055e-08 -0.0220166392923
90.8234436153 2.66628323864e-08 -0.022001434822
90.8862754684 2.66214752465e-08 -0.0219862513186
90.9491073214 2.65802158061e-08 -0.0219710887396
91.0119391745 2.65390558418e-08 -0.0219559470415
91.0747710276 2.64979922449e-08 -0.0219408261806
91.1376028806 2.64570259034e-08 -0.0219257261149
91.2004347337 2.64161559294e-08 -0.0219106468011
91.2632665868 2.6375384099e-08 -0.0218955881964
91.3260984399 2.63347050833e-08 -0.0218805502586
91.3889302929 2.62941259876e-08 -0.021865532945
91.451762146 2.62536423712e-08 -0.021850536213
91.5145939991 2.62132502371e-08 -0.0218355600206
91.5774258521 2.61729566908e-08 -0.0218206043257
91.6402577052 2.61327555151e-08 -0.021805669086
91.7030895583 2.60926502627e-08 -0.0217907542603
91.7659214114 2.6052638713e-08 -0.0217758598061
91.8287532644 2.60127208662e-08 -0.0217609856815
91.8915851175 2.59728967222e-08 -0.021746131846
91.9544169706 2.59331653929e-08 -0.0217312982574
92.0172488236 2.58935282105e-08 -0.0217164848742
92.0800806767 2.58539820663e-08 -0.0217016916559
92.1429125298 2.5814529625e-08 -0.021686918561
92.2057443829 2.57751686661e-08 -0.021672165548
92.2685762359 2.57358978573e-08 -0.0216574325768
92.331408089 2.56967216394e-08 -0.0216427196064
92.3942399421 2.56576342395e-08 -0.0216280265961
92.4570717951 2.56186374337e-08 -0.0216133535051
92.5199036482 2.55797334425e-08 -0.0215987002933
92.5827355013 2.55409191574e-08 -0.02158406692
92.6455673544 2.5502192802e-08 -0.0215694533452
92.7083992074 2.54635588171e-08 -0.0215548595293
92.7712310605 2.542501365e-08 -0.0215402854314
92.8340629136 2.5386558189e-08 -0.0215257310119
92.8968947667 2.53481924339e-08 -0.0215111962312
92.9597266197 2.53099115e-08 -0.021496681049
93.0225584728 2.52717216043e-08 -0.0214821854269
93.0853903259 2.52336205264e-08 -0.0214677093243
93.1482221789 2.51956038255e-08 -0.0214532527018
93.211054032 2.5157678607e-08 -0.0214388155214
93.2738858851 2.51198386536e-08 -0.0214243977432
93.3367177382 2.50820861858e-08 -0.0214099993274
93.3995495912 2.50444207595e-08 -0.0213956202358
93.4623814443 2.50068414864e-08 -0.0213812604302
93.5252132974 2.49693479226e-08 -0.0213669198703
93.5880451504 2.49319422885e-08 -0.0213525985185
93.6508770035 2.48946192549e-08 -0.0213382963363
93.7137088566 2.48573814865e-08 -0.021324013285
93.7765407097 2.48202338682e-08 -0.0213097493261
93.8393725627 2.478316663e-08 -0.0212955044216
93.9022044158 2.47461851011e-08 -0.0212812785338
93.9650362689 2.4709287505e-08 -0.0212670716238
94.0278681219 2.46724742858e-08 -0.0212528836543
94.090699975 2.46357476641e-08 -0.0212387145872
94.1535318281 2.45991018666e-08 -0.0212245643845
94.2163636812 2.45625373374e-08 -0.0212104330097
94.2791955342 2.45260598497e-08 -0.0211963204243
94.3420273873 2.44896622981e-08 -0.0211822265911
94.4048592404 2.44533491234e-08 -0.0211681514725
94.4676910934 2.44171176611e-08 -0.0211540950316
94.5305229465 2.43809687994e-08 -0.0211400572317
94.5933547996 2.43449016502e-08 -0.0211260380348
94.6561866527 2.43089144369e-08 -0.021112037405
94.7190185057 2.42730107125e-08 -0.0210980553046
94.7818503588 2.42371873682e-08 -0.0210840916974
94.8446822119 2.42014448482e-08 -0.0210701465465
94.9075140649 2.41657822642e-08 -0.0210562198157
94.970345918 2.41302009485e-08 -0.0210423114681
95.0331777711 2.40946986807e-08 -0.0210284214673
95.0960096242 2.40592767931e-08 -0.021014549778
95.1588414772 2.40239343974e-08 -0.0210006963628
95.2216733303 2.39886714937e-08 -0.0209868611866
95.2845051834 2.39534876378e-08 -0.0209730442127
95.3473370365 2.39183837181e-08 -0.0209592454056
95.4101688895 2.38833570698e-08 -0.02094546473
95.4730007426 2.38484094695e-08 -0.0209317021492
95.5358325957 2.38135404729e-08 -0.0209179576284
95.5986644487 2.37787478596e-08 -0.0209042311316
95.6614963018 2.37440347384e-08 -0.0208905226238
95.7243281549 2.37093975564e-08 -0.0208768320694
95.787160008 2.36748389781e-08 -0.0208631594333
95.849991861 2.36403550069e-08 -0.0208495046803
95.9128237141 2.36059491954e-08 -0.0208358677757
95.9756555672 2.35716215435e-08 -0.0208222486841
96.0384874202 2.35373684987e-08 -0.0208086473706
96.1013192733 2.35031927254e-08 -0.020795063801
96.1641511264 2.34690906709e-08 -0.0207814979401
96.2269829795 2.34350654438e-08 -0.0207679497539
96.2898148325 2.34011166e-08 -0.0207544192073
96.3526466856 2.33672414751e-08 -0.0207409062657
96.4154785387 2.33334405131e-08 -0.0207274108959
96.4783103917 2.32997172667e-08 -0.0207139330628
96.5411422448 2.32660659627e-08 -0.020700472732
96.6039740979 2.32324897098e-08 -0.0206870298702
96.666805951 2.3198988508e-08 -0.0206736044434
96.729637804 2.31655588045e-08 -0.0206601964173
96.7924696571 2.31322037081e-08 -0.0206468057583
96.8553015102 2.30989254391e-08 -0.0206334324322
96.9181333632 2.30657155598e-08 -0.0206200764067
96.9809652163 2.30325802875e-08 -0.0206067376471
97.0437970694 2.2999518734e-08 -0.0205934161204
97.1066289225 2.29665291229e-08 -0.0205801117935
97.1694607755 2.29336110102e-08 -0.0205668246323
97.2322926286 2.29007661723e-08 -0.0205535546044
97.2951244817 2.28679923886e-08 -0.0205403016766
97.3579563347 2.28352909915e-08 -0.0205270658156
97.4207881878 2.28026606486e-08 -0.0205138469886
97.4836200409 2.27701022482e-08 -0.0205006451628
97.546451894 2.27376126816e-08 -0.0204874603052
97.609283747 2.27051963897e-08 -0.0204742923837
97.6721156001 2.26728493757e-08 -0.0204611413654
97.7349474532 2.26405734161e-08 -0.0204480072176
97.7977793063 2.26083680666e-08 -0.0204348899083
97.8606111593 2.25762311068e-08 -0.0204217894046
97.9234430124 2.25441660895e-08 -0.0204087056747
97.9862748655 2.2512169906e-08 -0.0203956386865
98.0491067185 2.24802412241e-08 -0.020382588408
98.1119385716 2.24483835964e-08 -0.0203695548063
98.1747704247 2.24165943585e-08 -0.0203565378502
98.2376022778 2.23848757308e-08 -0.0203435375081
98.3004341308 2.23532232724e-08 -0.0203305537476
98.3632659839 2.232164098e-08 -0.0203175865372
98.426097837 2.22901266334e-08 -0.0203046358458
98.48892969 2.22586797882e-08 -0.0202917016411
98.5517615431 2.22273004447e-08 -0.0202787838924
98.6145933962 2.21959872704e-08 -0.0202658825676
98.6774252493 2.21647442622e-08 -0.0202529976359
98.7402571023 2.21335678674e-08 -0.0202401290663
98.8030889554 2.2102458086e-08 -0.0202272768269
98.8659208085 2.20714149179e-08 -0.0202144408874
98.9287526615 2.20404379192e-08 -0.0202016212168
98.9915845146 2.20095288661e-08 -0.0201888177839
99.0544163677 2.19786833178e-08 -0.0201760305575
99.1172482208 2.19479061592e-08 -0.0201632595079
99.1800800738 2.19171947258e-08 -0.0201505046036
99.2429119269 2.18865481294e-08 -0.0201377658145
99.30574378 2.18559685905e-08 -0.0201250431097
99.368575633 2.18254534445e-08 -0.020112336459
99.4314074861 2.17950031356e-08 -0.020099645832
99.4942393392 2.17646167755e-08 -0.0200869711985
99.5570711923 2.17342956965e-08 -0.0200743125287
99.6199030453 2.17040403427e-08 -0.0200616697914
99.6827348984 2.16738471615e-08 -0.0200490429578
99.7455667515 2.16437219258e-08 -0.0200364319971
99.8083986045 2.16136575304e-08 -0.0200238368797
99.8712304576 2.15836570838e-08 -0.0200112575759
99.9340623107 2.15537219184e-08 -0.0199986940558
99.9968941638 2.15238484813e-08 -0.0199861462892
100.059726017 2.1494038549e-08 -0.0199736142474
100.12255787 2.14642921215e-08 -0.019961097901
100.185389723 2.14346087546e-08 -0.0199485972197
100.248221576 2.14049875602e-08 -0.0199361121744
100.311053429 2.13754298706e-08 -0.0199236427358
100.373885282 2.13459339093e-08 -0.0199111888751
100.436717135 2.13165005647e-08 -0.0198987505629
100.499548988 2.12871271721e-08 -0.0198863277702
100.562380841 2.12578186165e-08 -0.0198739204672
100.625212694 2.1228570013e-08 -0.019861528626
100.688044548 2.1199384026e-08 -0.0198491522177
100.750876401 2.1170257547e-08 -0.0198367912127
100.813708254 2.11411932405e-08 -0.0198244455831
100.876540107 2.11121906624e-08 -0.0198121152996
100.93937196 2.10832480363e-08 -0.0197998003342
101.002203813 2.10543662504e-08 -0.019787500658
101.065035666 2.10255444166e-08 -0.0197752162428
101.127867519 2.0996782979e-08 -0.0197629470598
101.190699372 2.09680828256e-08 -0.0197506930814
101.253531225 2.09394408479e-08 -0.0197384542787
101.316363078 2.09108597105e-08 -0.019726230624
101.379194931 2.0882338081e-08 -0.019714022089
101.442026784 2.08538746271e-08 -0.0197018286457
101.504858637 2.08254724576e-08 -0.0196896502664
101.567690491 2.07971284638e-08 -0.0196774869229
101.630522344 2.07688439779e-08 -0.0196653385879
101.693354197 2.07406167796e-08 -0.0196532052328
101.75618605 2.07124495333e-08 -0.0196410868305
101.819017903 2.06843382422e-08 -0.0196289833534
101.881849756 2.06562886795e-08 -0.0196168947735
101.944681609 2.06282959603e-08 -0.0196048210639
102.007513462 2.06003609726e-08 -0.019592762197
102.070345315 2.05724837166e-08 -0.0195807181457
102.133177168 2.05446641921e-08 -0.0195686888821
102.196009021 2.05169028433e-08 -0.0195566743797
102.258840874 2.04891978939e-08 -0.0195446746111
102.321672727 2.0461550676e-08 -0.0195326895488
102.38450458 2.04339594134e-08 -0.0195207191663
102.447336434 2.04064249942e-08 -0.0195087634366
102.510168287 2.03789478626e-08 -0.0194968223328
102.57300014 2.03515271302e-08 -0.0194848958283
102.635831993 2.03241623531e-08 -0.0194729838958
102.698663846 2.02968557517e-08 -0.0194610865093
102.761495699 2.0269602885e-08 -0.0194492036413
102.824327552 2.02424068618e-08 -0.0194373352663
102.887159405 2.02152672379e-08 -0.0194254813572
102.949991258 2.01881809048e-08 -0.0194136418875
103.012823111 2.01611518591e-08 -0.0194018168315
103.075654964 2.01341787687e-08 -0.0193900061622
103.138486817 2.01072598571e-08 -0.0193782098536
103.20131867 2.00803946804e-08 -0.0193664278801
103.264150523 2.00535850148e-08 -0.0193546602147
103.326982377 2.00268313044e-08 -0.0193429068316
103.38981423 2.00001304407e-08 -0.0193311677054
103.452646083 1.99734855322e-08 -0.0193194428099
103.515477936 1.99468948026e-08 -0.0193077321189
103.578309789 1.99203560314e-08 -0.0192960356065
103.641141642 1.98938736595e-08 -0.0192843532476
103.703973495 1.98674432461e-08 -0.0192726850164
103.766805348 1.9841069232e-08 -0.0192610308869
103.829637201 1.98147445118e-08 -0.0192493908344
103.892469054 1.97884757469e-08 -0.019237764833
103.955300907 1.97622598286e-08 -0.0192261528569
104.01813276 1.9736097201e-08 -0.019214554881
104.080964613 1.97099865318e-08 -0.0192029708803
104.143796467 1.96839287092e-08 -0.0191914008288
104.20662832 1.96579241774e-08 -0.0191798447023
104.269460173 1.9631972048e-08 -0.019168302475
104.332292026 1.96060718771e-08 -0.0191567741224
104.395123879 1.95802241088e-08 -0.0191452596194
104.457955732 1.95544282988e-08 -0.0191337589403
104.520787585 1.95286848914e-08 -0.0191222720611
104.583619438 1.95029934424e-08 -0.0191107989568
104.646451291 1.94773517315e-08 -0.0190993396026
104.709283144 1.94517633112e-08 -0.0190878939739
104.772114997 1.94262259612e-08 -0.0190764620455
104.83494685 1.94007387933e-08 -0.0190650437938
104.897778703 1.93753031397e-08 -0.0190536391937
104.960610556 1.93499198886e-08 -0.0190422482211
105.02344241 1.93245859315e-08 -0.0190308708508
105.086274263 1.92993030446e-08 -0.0190195070592
105.149106116 1.92740690075e-08 -0.0190081568216
105.211937969 1.92488887052e-08 -0.0189968201148
105.274769822 1.92237559205e-08 -0.018985496913
105.337601675 1.9198674206e-08 -0.0189741871933
105.400433528 1.91736422295e-08 -0.0189628909313
105.463265381 1.91486613232e-08 -0.0189516081028
105.526097234 1.91237279346e-08 -0.0189403386843
105.588929087 1.90988442839e-08 -0.0189290826517
105.65176094 1.90740103712e-08 -0.0189178399813
105.714592793 1.90492275287e-08 -0.0189066106486
105.777424646 1.90244926479e-08 -0.0188953946312
105.840256499 1.89998066169e-08 -0.0188841919043
105.903088353 1.89751681035e-08 -0.0188730024453
105.965920206 1.89505815484e-08 -0.0188618262294
106.028752059 1.89260429551e-08 -0.018850663234
106.091583912 1.89015527674e-08 -0.0188395134359
106.154415765 1.8877108765e-08 -0.0188283768109
106.217247618 1.88527140565e-08 -0.0188172533364
106.280079471 1.8828368642e-08 -0.0188061429889
106.342911324 1.88040694127e-08 -0.0187950457449
106.405743177 1.87798199214e-08 -0.0187839615816
106.46857503 1.87556175035e-08 -0.0187728904757
106.531406883 1.87314639355e-08 -0.0187618324047
106.594238736 1.87073552205e-08 -0.0187507873445
106.657070589 1.86832949112e-08 -0.018739755273
106.719902442 1.86592807871e-08 -0.0187287361675
106.782734296 1.86353168452e-08 -0.0187177300043
106.845566149 1.86113973122e-08 -0.0187067367619
106.908398002 1.85875257408e-08 -0.0186957564159
106.971229855 1.85637007988e-08 -0.0186847889447
107.034061708 1.8539922042e-08 -0.0186738343261
107.096893561 1.85161894706e-08 -0.0186628925363
107.159725414 1.84925035285e-08 -0.0186519635537
107.222557267 1.84688651039e-08 -0.0186410473555
107.28538912 1.84452715324e-08 -0.0186301439198
107.348220973 1.8421723702e-08 -0.0186192532235
107.411052826 1.83982238333e-08 -0.0186083752446
107.473884679 1.83747665972e-08 -0.0185975099609
107.536716532 1.83513573226e-08 -0.01858665735
107.599548385 1.83279915689e-08 -0.0185758173902
107.662380239 1.83046737767e-08 -0.018564990059
107.725212092 1.82814008376e-08 -0.0185541753347
107.788043945 1.82581714192e-08 -0.018543373195
107.850875798 1.82349886302e-08 -0.0185325836183
107.913707651 1.82118493619e-08 -0.018521806582
107.976539504 1.81887571671e-08 -0.0185110420653
108.039371357 1.81657071607e-08 -0.0185002900454
108.10220321 1.81427024515e-08 -0.0184895505011
108.165035063 1.81197425952e-08 -0.0184788234109
108.227866916 1.80968262598e-08 -0.0184681087525
108.290698769 1.80739552214e-08 -0.0184574065051
108.353530622 1.80511285919e-08 -0.0184467166465
108.416362475 1.80283441509e-08 -0.0184360391554
108.479194328 1.80056054511e-08 -0.0184253740108
108.542026182 1.79829093838e-08 -0.0184147211908
108.604858035 1.79602577255e-08 -0.0184040806741
108.667689888 1.79376491438e-08 -0.0183934524396
108.730521741 1.7915084527e-08 -0.0183828364657
108.793353594 1.78925634309e-08 -0.0183722327318
108.856185447 1.7870083191e-08 -0.0183616412169
108.9190173 1.78476486923e-08 -0.0183510618987
108.981849153 1.78252577143e-08 -0.0183404947571
109.044681006 1.78029075926e-08 -0.0183299397715
109.107512859 1.77806009916e-08 -0.0183193969195
109.170344712 1.77583370231e-08 -0.018308866182
109.233176565 1.77361161313e-08 -0.0182983475363
109.296008418 1.77139360957e-08 -0.018287840963
109.358840271 1.76917982486e-08 -0.0182773464407
109.421672125 1.76697052545e-08 -0.018266863949
109.484503978 1.76476531166e-08 -0.0182563934669
109.547335831 1.7625642279e-08 -0.0182459349741
109.610167684 1.76036731858e-08 -0.0182354884499
109.672999537 1.75817476133e-08 -0.0182250538737
109.73583139 1.75598611207e-08 -0.0182146312252
109.798663243 1.75380177048e-08 -0.0182042204839
109.861495096 1.75162160332e-08 -0.0181938216292
109.924326949 1.74944556619e-08 -0.0181834346412
109.987158802 1.74727357027e-08 -0.0181730594993
110.049990655 1.74510583761e-08 -0.0181626961832
110.112822508 1.74294219057e-08 -0.0181523446728
110.175654361 1.74078245152e-08 -0.0181420049484
110.238486214 1.7386268869e-08 -0.0181316769891
110.301318068 1.73647549673e-08 -0.0181213607751
110.364149921 1.73432801454e-08 -0.0181110562869
110.426981774 1.73218475119e-08 -0.0181007635038
110.489813627 1.73004544024e-08 -0.0180904824064
110.55264548 1.7279101705e-08 -0.0180802129745
110.615477333 1.72577898638e-08 -0.0180699551888
110.678309186 1.72365166584e-08 -0.0180597090288
110.741141039 1.72152838651e-08 -0.018049474475
110.803972892 1.7194091928e-08 -0.018039251508
110.866804745 1.71729381826e-08 -0.0180290401074
110.929636598 1.71518257375e-08 -0.0180188402549
110.992468451 1.7130751484e-08 -0.0180086519297
111.055300304 1.71097167545e-08 -0.0179984751129
111.118132157 1.70887233253e-08 -0.0179883097848
111.180964011 1.70677685318e-08 -0.0179781559263
111.243795864 1.704685193e-08 -0.0179680135177
111.306627717 1.70259761845e-08 -0.0179578825393
111.36945957 1.70051368542e-08 -0.0179477629726
111.432291423 1.69843383802e-08 -0.0179376547976
111.495123276 1.69635785419e-08 -0.0179275579953
111.557955129 1.69428568952e-08 -0.0179174725472
111.620786982 1.69221738844e-08 -0.017907398433
111.683618835 1.69015295093e-08 -0.0178973356344
111.746450688 1.68809237699e-08 -0.0178872841328
111.809282541 1.68603575545e-08 -0.0178772439077
111.872114394 1.68398264222e-08 -0.0178672149419
111.934946247 1.68193361461e-08 -0.0178571972152
111.9977781 1.67988831734e-08 -0.0178471907089
112.060609954 1.67784675043e-08 -0.0178371954046
112.123441807 1.67580904709e-08 -0.0178272112836
112.18627366 1.67377502969e-08 -0.0178172383262
112.249105513 1.67174487586e-08 -0.0178072765152
112.311937366 1.66971858562e-08 -0.0177973258302
112.374769219 1.66769575927e-08 -0.0177873862543
112.437601072 1.66567679649e-08 -0.0177774577679
112.500432925 1.66366143084e-08 -0.0177675403525
112.563264778 1.66165006199e-08 -0.01775763399
112.626096631 1.65964229026e-08 -0.0177477386616
112.688928484 1.65763820448e-08 -0.0177378543493
112.751760337 1.65563758259e-08 -0.0177279810339
112.81459219 1.65364091309e-08 -0.0177181186975
112.877424043 1.65164801835e-08 -0.0177082673228
112.940255897 1.64965867633e-08 -0.0176984268898
113.00308775 1.64767302024e-08 -0.0176885973815
113.065919603 1.64569091687e-08 -0.0176787787795
113.128751456 1.64371241063e-08 -0.0176689710653
113.191583309 1.64173745709e-08 -0.0176591742209
113.254415162 1.63976623391e-08 -0.017649388229
113.317247015 1.63779856344e-08 -0.0176396130704
113.380078868 1.63583471213e-08 -0.0176298487279
113.442910721 1.63387445795e-08 -0.0176200951834
113.505742574 1.63191753444e-08 -0.017610352419
113.568574427 1.62996443009e-08 -0.0176006204165
113.63140628 1.6280145676e-08 -0.0175908991588
113.694238133 1.62606847987e-08 -0.0175811886278
113.757069986 1.62412603366e-08 -0.0175714888056
113.81990184 1.62218696254e-08 -0.0175617996745
113.882733693 1.62025144412e-08 -0.0175521212173
113.945565546 1.6183193452e-08 -0.017542453416
114.008397399 1.61639115426e-08 -0.0175327962527
114.071229252 1.61446611635e-08 -0.0175231497107
114.134061105 1.61254471998e-08 -0.017513513772
114.196892958 1.61062660986e-08 -0.0175038884187
114.259724811 1.60871214128e-08 -0.0174942736343
114.322556664 1.60680126982e-08 -0.0174846694005
114.385388517 1.60489364021e-08 -0.0174750757009
114.44822037 1.60298943008e-08 -0.0174654925173
114.511052223 1.60108881708e-08 -0.0174559198332
114.573884076 1.59919162357e-08 -0.0174463576305
114.636715929 1.59729771632e-08 -0.0174368058931
114.699547783 1.59540736178e-08 -0.0174272646027
114.762379636 1.59352047113e-08 -0.0174177337429
114.825211489 1.59163695557e-08 -0.0174082132966
114.888043342 1.5897569039e-08 -0.0173987032462
114.950875195 1.58788004967e-08 -0.0173892035754
115.013707048 1.58600661493e-08 -0.0173797142668
115.076538901 1.58413664408e-08 -0.0173702353036
115.139370754 1.58227004832e-08 -0.0173607666689
115.202202607 1.58040660558e-08 -0.0173513083456
115.26503446 1.57854658234e-08 -0.017341860317
115.327866313 1.5766901118e-08 -0.0173324225665
115.390698166 1.5748367943e-08 -0.0173229950775
115.453530019 1.57298654102e-08 -0.0173135778327
115.516361872 1.57114001809e-08 -0.0173041708155
115.579193726 1.56929678141e-08 -0.0172947740102
115.642025579 1.56745674218e-08 -0.0172853873988
115.704857432 1.5656199448e-08 -0.0172760109658
115.767689285 1.56378643368e-08 -0.0172666446941
115.830521138 1.56195616441e-08 -0.0172572885676
115.893352991 1.56012931463e-08 -0.0172479425691
115.956184844 1.55830570669e-08 -0.0172386066831
116.019016697 1.55648520739e-08 -0.0172292808929
116.08184855 1.55466799434e-08 -0.0172199651816
116.144680403 1.55285406755e-08 -0.0172106595337
116.207512256 1.5510432938e-08 -0.017201363932
116.270344109 1.54923580631e-08 -0.0171920783611
116.333175962 1.54743151626e-08 -0.0171828028043
116.396007816 1.54563037924e-08 -0.0171735372457
116.458839669 1.54383270612e-08 -0.0171642816689
116.521671522 1.54203765312e-08 -0.0171550360583
116.584503375 1.54024633048e-08 -0.017145800397
116.647335228 1.53845789441e-08 -0.0171365746692
116.710167081 1.5366727002e-08 -0.0171273588593
116.772998934 1.53489065902e-08 -0.0171181529509
116.835830787 1.5331119041e-08 -0.0171089569289
116.89866264 1.53133603575e-08 -0.0170997707762
116.961494493 1.52956354249e-08 -0.0170905944775
117.024326346 1.52779398022e-08 -0.0170814280171
117.087158199 1.52602761538e-08 -0.0170722713789
117.149990052 1.52426440359e-08 -0.0170631245471
117.212821905 1.52250430041e-08 -0.0170539875063
117.275653759 1.52074721704e-08 -0.0170448602407
117.338485612 1.51899333112e-08 -0.0170357427345
117.401317465 1.51724255382e-08 -0.0170266349719
117.464149318 1.5154947075e-08 -0.0170175369379
117.526981171 1.51375001423e-08 -0.0170084486162
117.589813024 1.51200838516e-08 -0.0169993699918
117.652644877 1.51026968709e-08 -0.0169903010487
117.71547673 1.50853423087e-08 -0.016981241772
117.778308583 1.5068015724e-08 -0.0169721921461
117.841140436 1.50507228902e-08 -0.0169631521551
117.903972289 1.50334571458e-08 -0.0169541217839
117.966804142 1.50162238199e-08 -0.0169451010177
118.029635995 1.49990189158e-08 -0.0169360898408
118.092467848 1.49818442097e-08 -0.0169270882375
118.155299702 1.49647019221e-08 -0.0169180961931
118.218131555 1.4947587168e-08 -0.0169091136924
118.280963408 1.49305017239e-08 -0.0169001407198
118.343795261 1.491344781e-08 -0.0168911772604
118.406627114 1.48964232061e-08 -0.0168822232998
118.469458967 1.48794274679e-08 -0.0168732788216
118.53229082 1.48624614837e-08 -0.0168643438113
118.595122673 1.48455230331e-08 -0.016855418254
118.657954526 1.48286174451e-08 -0.0168465021348
118.720786379 1.48117407228e-08 -0.0168375954386
118.783618232 1.47948924223e-08 -0.0168286981508
118.846450085 1.47780747639e-08 -0.0168198102555
118.909281938 1.47612824186e-08 -0.0168109317387
118.972113791 1.47445229359e-08 -0.0168020625856
119.034945645 1.47277914309e-08 -0.0167932027815
119.097777498 1.47110870152e-08 -0.016784352311
119.160609351 1.46944141299e-08 -0.0167755111596
119.223441204 1.46777705545e-08 -0.0167666793133
119.286273057 1.46611522922e-08 -0.0167578567565
119.34910491 1.4644564228e-08 -0.0167490434747
119.411936763 1.46280045854e-08 -0.0167402394534
119.474768616 1.46114746968e-08 -0.0167314446784
119.537600469 1.45949718977e-08 -0.0167226591348
119.600432322 1.45784984085e-08 -0.016713882808
119.663264175 1.4562053785e-08 -0.0167051156838
119.726096028 1.45456366951e-08 -0.0166963577477
119.788927881 1.45292475828e-08 -0.0166876089849
119.851759734 1.451288556e-08 -0.0166788693812
119.914591588 1.44965541793e-08 -0.0166701389227
119.977423441 1.44802485558e-08 -0.0166614175943
120.040255294 1.44639722421e-08 -0.0166527053817
120.103087147 1.4447723018e-08 -0.0166440022716
120.165919 1.44315031037e-08 -0.0166353082489
120.228750853 1.44153093906e-08 -0.0166266232995
120.291582706 1.43991432111e-08 -0.0166179474095
120.354414559 1.43830054533e-08 -0.0166092805643
120.417246412 1.43668938968e-08 -0.0166006227503
120.480078265 1.43508116501e-08 -0.0165919739529
120.542910118 1.43347556048e-08 -0.0165833341583
120.605741971 1.43187279811e-08 -0.0165747033521
120.668573824 1.43027270028e-08 -0.0165660815211
120.731405677 1.42867531139e-08 -0.0165574686508
120.794237531 1.42708076467e-08 -0.0165488647268
120.857069384 1.42548857163e-08 -0.0165402697356
120.919901237 1.42389966484e-08 -0.0165316836635
120.98273309 1.42231306732e-08 -0.0165231064968
121.045564943 1.42072917875e-08 -0.0165145382211
121.108396796 1.41914804352e-08 -0.0165059788226
121.171228649 1.41756952843e-08 -0.0164974282881
121.234060502 1.41599376668e-08 -0.0164888866032
121.296892355 1.41442066948e-08 -0.0164803537546
121.359724208 1.41285019239e-08 -0.0164718297279
121.422556061 1.41128233544e-08 -0.0164633145105
121.485387914 1.40971727625e-08 -0.0164548080883
121.548219767 1.40815479277e-08 -0.0164463104473
121.61105162 1.40659492942e-08 -0.0164378215743
121.673883474 1.40503759738e-08 -0.016429341456
121.736715327 1.4034830631e-08 -0.0164208700779
121.79954718 1.40193119336e-08 -0.0164124074277
121.862379033 1.40038172169e-08 -0.0164039534912
121.925210886 1.39883500339e-08 -0.0163955082551
121.988042739 1.39729068316e-08 -0.0163870717063
122.050874592 1.39574924951e-08 -0.0163786438307
122.113706445 1.39421030276e-08 -0.016370224616
122.176538298 1.39267402055e-08 -0.0163618140476
122.239370151 1.39113995878e-08 -0.016353412113
122.302202004 1.38960896123e-08 -0.0163450187987
122.365033857 1.38808018413e-08 -0.0163366340917
122.42786571 1.38655416038e-08 -0.0163282579783
122.490697563 1.38503057912e-08 -0.0163198904455
122.553529417 1.38350944034e-08 -0.0163115314803
122.61636127 1.38199101052e-08 -0.0163031810697
122.679193123 1.380475112e-08 -0.0162948392
122.742024976 1.3789617892e-08 -0.0162865058585
122.804856829 1.37745090889e-08 -0.0162781810321
122.867688682 1.37594269312e-08 -0.0162698647078
122.930520535 1.37443683101e-08 -0.0162615568724
122.993352388 1.37293354463e-08 -0.016253257513
123.056184241 1.37143270074e-08 -0.0162449666166
123.119016094 1.36993438815e-08 -0.0162366841706
123.181847947 1.36843865128e-08 -0.0162284101616
123.2446798 1.36694535691e-08 -0.0162201445772
123.307511653 1.36545446061e-08 -0.0162118874041
123.370343506 1.36396614003e-08 -0.0162036386298
123.43317536 1.36248030635e-08 -0.0161953982412
123.496007213 1.36099669312e-08 -0.016187166226
123.558839066 1.35951587765e-08 -0.0161789425708
123.621670919 1.35803741586e-08 -0.0161707272633
123.684502772 1.3565611745e-08 -0.0161625202913
123.747334625 1.3550876421e-08 -0.0161543216406
123.810166478 1.35361641895e-08 -0.0161461312999
123.872998331 1.3521476383e-08 -0.0161379492565
123.935830184 1.35068147777e-08 -0.0161297754971
123.998662037 1.34921749328e-08 -0.0161216100098
124.06149389 1.34775608451e-08 -0.0161134527819
124.124325743 1.34629702941e-08 -0.0161053038004
124.187157596 1.34484041681e-08 -0.0160971630531
124.249989449 1.34338606905e-08 -0.0160890305278
124.312821303 1.3419342082e-08 -0.016080906212
124.375653156 1.34048483424e-08 -0.0160727900928
124.438485009 1.33903763633e-08 -0.0160646821585
124.501316862 1.33759296972e-08 -0.0160565823959
124.564148715 1.3361507456e-08 -0.0160484907934
124.626980568 1.33471065311e-08 -0.0160404073383
124.689812421 1.33327300311e-08 -0.0160323320187
124.752644274 1.33183770679e-08 -0.0160242648219
124.815476127 1.33040480854e-08 -0.0160162057357
124.87830798 1.3289743972e-08 -0.0160081547482
124.941139833 1.32754616189e-08 -0.0160001118467
125.003971686 1.32612019144e-08 -0.0159920770196
125.066803539 1.32469670788e-08 -0.0159840502545
125.129635392 1.32327544478e-08 -0.0159760315391
125.192467246 1.32185666857e-08 -0.0159680208613
125.255299099 1.32043993517e-08 -0.0159600182094
125.318130952 1.3190258219e-08 -0.0159520235708
125.380962805 1.31761392907e-08 -0.0159440369342
125.443794658 1.31620421229e-08 -0.0159360582872
125.506626511 1.31479684917e-08 -0.0159280876176
125.569458364 1.31339179532e-08 -0.0159201249135
125.632290217 1.31198896192e-08 -0.0159121701635
