0.0314159265359 -0.000441318065228 -1.9354369883
0.0942477796077 -0.000420597787326 -1.81560077786
0.157079632679 -0.000590211202942 -1.7066382957
0.219911485751 -0.000461059350607 -1.60754241804
0.282743338823 -0.000559085649457 -1.51728056148
0.345575191895 -0.000521353382569 -1.43535188542
0.408407044967 -0.000512673021374 -1.36090861643
0.471238898038 -0.000547299258398 -1.29317041189
0.53407075111 -0.000581588435199 -1.23145448705
0.596902604182 -0.00059068750547 -1.17515201285
0.659734457254 -0.00057479988431 -1.1237134974
0.722566310326 -0.000545422767927 -1.07664189329
0.785398163397 -0.000514422368139 -1.03348869697
0.848230016469 -0.000489435503547 -0.993850776644
0.911061869541 -0.000473400785136 -0.957367175476
0.973893722613 -0.000465818667187 -0.923715748094
1.03672557568 -0.000464312297628 -0.892609685103
1.09955742876 -0.00046588345441 -0.863794047946
1.16238928183 -0.000467719034948 -0.83704241739
1.2252211349 -0.000467605371958 -0.812153737447
1.28805298797 -0.000464064945539 -0.788949406887
1.35088484104 -0.000456325187183 -0.767270643434
1.41371669412 -0.000444201898174 -0.74697612394
1.47654854719 -0.000427952757871 -0.727939893576
1.53938040026 -0.000408133063123 -0.71004952361
1.60221225333 -0.000385470437108 -0.693204498024
1.6650441064 -0.000360764900663 -0.677314802559
1.72787595947 -0.000334814676882 -0.662299693761
1.79070781255 -0.000308365117988 -0.64808662493
1.85353966562 -0.000282076830113 -0.6346103089
1.91637151869 -0.0002565087368 -0.621811899263
1.97920337176 -0.000232112290714 -0.609638273684
2.04203522483 -0.000209233471074 -0.598041406121
2.10486707791 -0.000188119933672 -0.586977815286
2.16769893098 -0.000168931225209 -0.576408079484
2.23053078405 -0.000151750513724 -0.566296408798
2.29336263712 -0.000136596770563 -0.556610267181
2.35619449019 -0.000123436632928 -0.547320037906
2.41902634326 -0.000112195463011 -0.538398726998
2.48185819634 -0.000102767336951 -0.5298216997
2.54469004941 -9.50238325914e-05 -0.521566446107
2.60752190248 -8.88215676991e-05 -0.513612372196
2.67035375555 -8.40085450231e-05 -0.505940613493
2.73318560862 -8.0429363003e-05 -0.498533868436
2.79601746169 -7.79294192244e-05 -0.491376249375
2.85884931477 -7.63581916927e-05 -0.484453149079
2.92168116784 -7.55717468612e-05 -0.477751121032
2.98451302091 -7.54345561842e-05 -0.471257771949
3.04734487398 -7.58207620368e-05 -0.464961665241
3.11017672705 -7.66149515106e-05 -0.458852234145
3.17300858013 -7.77125610116e-05 -0.452919703544
3.2358404332 -7.90199658636e-05 -0.447155019495
3.29867228627 -8.04543232249e-05 -0.441549785709
3.36150413934 -8.19432333814e-05 -0.436096206159
3.42433599241 -8.34242600369e-05 -0.430787033299
3.48716784548 -8.48443534003e-05 -0.425615521186
3.54999969856 -8.61592045638e-05 -0.420575383105
3.61283155163 -8.73325614998e-05 -0.415660753166
3.6756634047 -8.83355288397e-05 -0.410866151507
3.73849525777 -8.91458663395e-05 -0.406186452737
3.80132711084 -8.97472998078e-05 -0.401616857272
3.86415896392 -9.01288543496e-05 -0.397152865306
3.92699081699 -9.02842209793e-05 -0.392790253132
3.98982267006 -9.0211155173e-05 -0.388525051602
4.05265452313 -8.99109170662e-05 -0.384353526503
4.1154863762 -8.93877510357e-05 -0.380272160665
4.17831822927 -8.86484087359e-05 -0.376277637652
4.24115008235 -8.77017133605e-05 -0.372366826856
4.30398193542 -8.65581631246e-05 -0.368536769876
4.36681378849 -8.52295777345e-05 -0.364784668076
4.42964564156 -8.37287798765e-05 -0.361107871175
4.49247749463 -8.20693138071e-05 -0.35750386681
4.55530934771 -8.02651972993e-05 -0.353970270953
4.61814120078 -7.83307054468e-05 -0.350504819126
4.68097305385 -7.6280182459e-05 -0.347105358328
4.74380490692 -7.41278810992e-05 -0.343769839609
4.80663675999 -7.18878253441e-05 -0.340496311244
4.86946861306 -6.95736966696e-05 -0.337282912443
4.93230046614 -6.71987389649e-05 -0.334127867554
4.99513231921 -6.47756817065e-05 -0.331029480714
5.05796417228 -6.23166795926e-05 -0.32798613091
5.12079602535 -5.98332659361e-05 -0.324996267416
5.18362787842 -5.73363185548e-05 -0.32205840557
5.24645973149 -5.48360372683e-05 -0.319171122867
5.30929158457 -5.23419301279e-05 -0.316333055336
5.37212343764 -4.98628086154e-05 -0.31354289418
5.43495529071 -4.74067900407e-05 -0.31079938266
5.49778714378 -4.49813050531e-05 -0.308101313195
5.56061899685 -4.25931111367e-05 -0.305447524671
5.62345084993 -4.02483103725e-05 -0.302836899932
5.686282703 -3.79523698411e-05 -0.300268363443
5.74911455607 -3.57101453745e-05 -0.297740879114
5.81194640914 -3.35259077038e-05 -0.295253448269
5.87477826221 -3.14033692375e-05 -0.292805107745
5.93761011528 -2.93457130263e-05 -0.290394928118
6.00044196836 -2.73556219588e-05 -0.288022012046
6.06327382143 -2.5435308169e-05 -0.285685492714
6.1261056745 -2.35865428833e-05 -0.283384532373
6.18893752757 -2.18106857988e-05 -0.281118320979
6.25176938064 -2.01087144225e-05 -0.278886074909
6.31460123372 -1.84812519621e-05 -0.276687035754
6.37743308679 -1.69285957732e-05 -0.274520469188
6.44026493986 -1.54507435974e-05 -0.272385663902
6.50309679293 -1.40474199477e-05 -0.270281930598
6.565928646 -1.27181004288e-05 -0.268208601044
6.62876049907 -1.14620359e-05 -0.266165027179
6.69159235215 -1.02782749316e-05 -0.264150580274
6.75442420522 -9.16568523257e-06 -0.262164650131
6.81725605829 -8.12297399166e-06 -0.260206644334
6.88008791136 -7.14870684604e-06 -0.258275987532
6.94291976443 -6.24132606841e-06 -0.256372120771
7.00575161751 -5.39916719511e-06 -0.254494500847
7.06858347058 -4.62047480809e-06 -0.252642599704
7.13141532365 -3.90341721923e-06 -0.250815903862
7.19424717672 -3.24609976854e-06 -0.249013913861
7.25707902979 -2.64657767257e-06 -0.247236143752
7.31991088286 -2.10286746505e-06 -0.245482120596
7.38274273594 -1.61295759904e-06 -0.243751384
7.44557458901 -1.17481821427e-06 -0.242043485664
7.50840644208 -7.86410143228e-07 -0.240357988958
7.57123829515 -4.45692769802e-07 -0.238694468515
7.63407014822 -1.50631577434e-07 -0.237052509846
7.69690200129 1.00795390701e-07 -0.235431708965
7.75973385437 3.10591476538e-07 -0.233831672036
7.82256570744 4.80736199293e-07 -0.232252015042
7.88539756051 6.13180530351e-07 -0.230692363453
7.94822941358 7.09842626456e-07 -0.229152351923
8.01106126665 7.72604457744e-07 -0.227631623991
8.07389311973 8.03308319419e-07 -0.226129831799
8.1367249728 8.0375435596e-07 -0.224646635823
8.19955682587 7.75698226985e-07 -0.223181704605
8.26238867894 7.20849078206e-07 -0.221734714511
8.32522053201 6.40868039969e-07 -0.220305349488
8.38805238508 5.37366995346e-07 -0.218893300834
8.45088423816 4.11907634668e-07 -0.217498266977
8.51371609123 2.66000678817e-07 -0.216119953263
8.5765479443 1.01105522177e-07 -0.214758071749
8.63937979737 -8.13700906654e-08 -0.21341234101
8.70221165044 -2.80069937908e-07 -0.21208248595
8.76504350352 -4.93689306325e-07 -0.210768237615
8.82787535659 -7.2097462489e-07 -0.209469333024
8.89070720966 -9.60722967402e-07 -0.208185514993
8.95353906273 -1.21178153911e-06 -0.20691653198
9.0163709158 -1.47304688491e-06 -0.20566213792
9.07920276887 -1.7434641526e-06 -0.204422092081
9.14203462195 -2.02202620869e-06 -0.20319615891
9.20486647502 -2.30777261123e-06 -0.201984107899
9.26769832809 -2.59978865191e-06 -0.200785713445
9.33053018116 -2.89720423474e-06 -0.199600754717
9.39336203423 -3.19919276581e-06 -0.198429015533
9.45619388731 -3.50496995871e-06 -0.197270284234
9.51902574038 -3.81379273362e-06 -0.196124353565
9.58185759345 -4.12495788238e-06 -0.194991020563
9.64468944652 -4.43780093029e-06 -0.193870086442
9.70752129959 -4.75169485137e-06 -0.192761356488
9.77035315266 -5.06604887374e-06 -0.191664639953
9.83318500574 -5.38030717356e-06 -0.190579749956
9.89601685881 -5.69394768624e-06 -0.189506503385
9.95884871188 -6.0064808749e-06 -0.188444720799
10.021680565 -6.31744850299e-06 -0.187394226341
10.084512418 -6.62642238725e-06 -0.186354847649
10.1473442711 -6.93300331145e-06 -0.185326415765
10.2101761242 -7.23681978254e-06 -0.184308765055
10.2730079772 -7.537526864e-06 -0.183301733129
10.3358398303 -7.83480517397e-06 -0.182305160759
10.3986716834 -8.12835962805e-06 -0.181318891807
10.4615035365 -8.41791847961e-06 -0.180342773145
10.5243353895 -8.70323224866e-06 -0.179376654591
10.5871672426 -8.98407267247e-06 -0.178420388831
10.6499990957 -9.26023171877e-06 -0.177473831358
10.7128309487 -9.53152067318e-06 -0.176536840402
10.7756628018 -9.79776916532e-06 -0.175609276867
10.8384946549 -1.00588242073e-05 -0.174691004271
10.901326508 -1.03145495212e-05 -0.173781888682
10.964158361 -1.05648242519e-05 -0.172881798664
11.0269902141 -1.08095430305e-05 -0.171990605213
11.0898220672 -1.1048613489e-05 -0.17110818171
11.1526539202 -1.12819585394e-05 -0.17023440386
11.2154857733 -1.1509510609e-05 -0.169369149643
11.2783176264 -1.17312186316e-05 -0.168512299264
11.3411494795 -1.19470364397e-05 -0.167663735096
11.4039813325 -1.2156936382e-05 -0.166823341649
11.4668131856 -1.23608918225e-05 -0.16599100549
11.5296450387 -1.25588942321e-05 -0.16516661525
11.5924768917 -1.27509367474e-05 -0.164350061507
11.6553087448 -1.29370248443e-05 -0.16354123683
11.7181405979 -1.31171710049e-05 -0.162740035644
11.780972451 -1.32913930404e-05 -0.161946354269
11.843804304 -1.3459717727e-05 -0.161160090835
11.9066361571 -1.36221777121e-05 -0.160381145237
11.9694680102 -1.37788088637e-05 -0.15960941915
12.0322998632 -1.39296567414e-05 -0.158844815916
12.0951317163 -1.40747687829e-05 -0.15808724057
12.1579635694 -1.42141962778e-05 -0.157336599788
12.2207954225 -1.43479992381e-05 -0.156592801816
12.2836272755 -1.44762366299e-05 -0.155855756502
12.3464591286 -1.45989722449e-05 -0.155125375215
12.4092909817 -1.47162767146e-05 -0.154401570806
12.4721228348 -1.48282183852e-05 -0.153684257638
12.5349546878 -1.49348702396e-05 -0.152973351487
12.5977865409 -1.46830542338e-05 -0.15226871897
12.660618394 -1.44368527941e-05 -0.15157033739
12.723450247 -1.41961133844e-05 -0.150878126188
12.7862821001 -1.39606883187e-05 -0.150192006152
12.8491139532 -1.373043458e-05 -0.149511899399
12.9119458063 -1.35052136554e-05 -0.148837729338
12.9747776593 -1.32848913759e-05 -0.14816942065
13.0376095124 -1.30693377529e-05 -0.147506899262
13.1004413655 -1.28584268442e-05 -0.146850092315
13.1632732185 -1.26520365908e-05 -0.146198928148
13.2261050716 -1.24500486991e-05 -0.145553336268
13.2889369247 -1.22523484953e-05 -0.144913247327
13.3517687778 -1.20588248032e-05 -0.144278593103
13.4146006308 -1.18693698266e-05 -0.143649306471
13.4774324839 -1.16838790243e-05 -0.143025321389
13.540264337 -1.15022510032e-05 -0.142406572869
13.60309619 -1.13243874114e-05 -0.141792996962
13.6659280431 -1.11501928282e-05 -0.141184530734
13.7287598962 -1.0979574665e-05 -0.140581112248
13.7915917493 -1.08124430804e-05 -0.139982680543
13.8544236023 -1.06487108678e-05 -0.139389175618
13.9172554554 -1.0488293384e-05 -0.13880053841
13.9800873085 -1.03311084581e-05 -0.138216710778
14.0429191615 -1.01770763057e-05 -0.137637635484
14.1057510146 -1.00261194489e-05 -0.137063256176
14.1685828677 -9.87816264919e-06 -0.136493517374
14.2314147208 -9.73313282771e-06 -0.135928364449
14.2942465738 -9.59095898434e-06 -0.13536774361
14.3570784269 -9.45157215115e-06 -0.134811601886
14.41991028 -9.31490530887e-06 -0.134259887112
14.482742133 -9.18089333357e-06 -0.133712547916
14.5455739861 -9.04947292746e-06 -0.133169533698
14.6084058392 -8.92058256508e-06 -0.132630794624
14.6712376923 -8.79416244315e-06 -0.132096281604
14.7340695453 -8.67015440864e-06 -0.131565946284
14.7969013984 -8.54850192322e-06 -0.131039741029
14.8597332515 -8.42915000154e-06 -0.130517618912
14.9225651046 -8.3120451686e-06 -0.129999533699
14.9853969576 -8.19713540778e-06 -0.129485439838
15.0482288107 -8.08437012179e-06 -0.128975292448
15.1110606638 -7.97370007799e-06 -0.128469047304
15.1738925168 -7.86507737516e-06 -0.127966660825
15.2367243699 -7.75845540302e-06 -0.127468090066
15.299556223 -7.65378879253e-06 -0.126973292704
15.3623880761 -7.55103338834e-06 -0.126482227026
15.4252199291 -7.4501462084e-06 -0.125994851922
15.4880517822 -7.35108540528e-06 -0.125511126869
15.5508836353 -7.25381023736e-06 -0.125031011928
15.6137154883 -7.15828102793e-06 -0.124554467724
15.6765473414 -7.06445914256e-06 -0.124081455446
15.7393791945 -6.97230694913e-06 -0.123611936831
15.8022110476 -6.8817877934e-06 -0.123145874155
15.8650429006 -6.79286596927e-06 -0.122683230227
15.9278747537 -6.70550668858e-06 -0.122223968377
15.9907066068 -6.61967605753e-06 -0.121768052446
16.0535384598 -6.53534104611e-06 -0.121315446781
16.1163703129 -6.45246946318e-06 -0.120866116223
16.179202166 -6.37102993695e-06 -0.120420026101
16.2420340191 -6.29099188831e-06 -0.119977142221
16.3048658721 -6.21232550557e-06 -0.119537430861
16.3676977252 -6.13500172353e-06 -0.11910085876
16.4305295783 -6.05899220751e-06 -0.118667393113
16.4933614313 -5.98426932452e-06 -0.118237001562
16.5561932844 -5.91080612589e-06 -0.117809652188
16.6190251375 -5.83857632908e-06 -0.117385313504
16.6818569906 -5.76755430126e-06 -0.116963954449
16.7446888436 -5.69771503089e-06 -0.116545544381
16.8075206967 -5.6290341286e-06 -0.116130053065
16.8703525498 -5.56148778763e-06 -0.115717450676
16.9331844028 -5.4950527848e-06 -0.115307707784
16.9960162559 -5.42970645112e-06 -0.114900795348
17.058848109 -5.36542667362e-06 -0.114496684717
17.1216799621 -5.30219186334e-06 -0.114095347614
17.1845118151 -5.23998094737e-06 -0.113696756136
17.2473436682 -5.17877335415e-06 -0.113300882749
17.3101755213 -5.11854900376e-06 -0.112907700275
17.3730073744 -5.05928828698e-06 -0.112517181894
17.4358392274 -5.00097205913e-06 -0.112129301134
17.4986710805 -4.94358162406e-06 -0.111744031867
17.5615029336 -4.88709872215e-06 -0.111361348302
17.6243347866 -4.831505521e-06 -0.110981224981
17.6871666397 -4.77678460253e-06 -0.110603636775
17.7499984928 -4.72291894793e-06 -0.110228558876
17.8128303459 -4.66989193626e-06 -0.109855966791
17.8756621989 -4.61768732496e-06 -0.109485836344
17.938494052 -4.56628924672e-06 -0.109118143661
18.0013259051 -4.51568219173e-06 -0.108752865174
18.0641577581 -4.46585100677e-06 -0.108389977613
18.1269896112 -4.4167808797e-06 -0.108029457998
18.1898214643 -4.36845733853e-06 -0.107671283641
18.2526533174 -4.32086622748e-06 -0.107315432137
18.3154851704 -4.27399371716e-06 -0.106961881359
18.3783170235 -4.22782628062e-06 -0.106610609459
18.4411488766 -4.18235069777e-06 -0.106261594858
18.5039807296 -4.13755404116e-06 -0.105914816244
18.5668125827 -4.09342366314e-06 -0.105570252569
18.6296444358 -4.04994720782e-06 -0.105227883044
18.6924762889 -4.00711257509e-06 -0.104887687135
18.7553081419 -3.96490794197e-06 -0.104549644559
18.818139995 -3.92332173993e-06 -0.104213735282
18.8809718481 -3.88234265092e-06 -0.103879939513
18.9438037011 -3.84195960379e-06 -0.1035482377
19.0066355542 -3.80216176454e-06 -0.103218610529
19.0694674073 -3.76293853943e-06 -0.102891038919
19.1322992604 -3.72427955186e-06 -0.102565504019
19.1951311134 -3.68617465618e-06 -0.102241987203
19.2579629665 -3.64861391722e-06 -0.101920470069
19.3207948196 -3.61158761519e-06 -0.101600934435
19.3836266726 -3.57508623372e-06 -0.101283362333
19.4464585257 -3.53910045936e-06 -0.100967736012
19.5092903788 -3.50362117452e-06 -0.100654037928
19.5721222319 -3.46863945078e-06 -0.100342250745
19.6349540849 -3.43414655068e-06 -0.100032357332
19.697785938 -3.40013391265e-06 -0.0997243407586
19.7606177911 -3.36659316069e-06 -0.0994181842921
19.8234496442 -3.33351608806e-06 -0.0991138713957
19.8862814972 -3.30089465539e-06 -0.0988113857249
19.9491133503 -3.26872099787e-06 -0.0985107111255
20.0119452034 -3.23698739502e-06 -0.0982118316297
20.0747770564 -3.20568630485e-06 -0.0979147314547
20.1376089095 -3.17481032308e-06 -0.0976193949993
20.2004407626 -3.1443522106e-06 -0.0973258068414
20.2632726157 -3.114304858e-06 -0.097033951736
20.3261044687 -3.0846613126e-06 -0.096743814612
20.3889363218 -3.05541475587e-06 -0.0964553805702
20.4517681749 -3.02655850914e-06 -0.0961686348806
20.5146000279 -2.99808602611e-06 -0.0958835629805
20.577431881 -2.96999089011e-06 -0.0956001504715
20.6402637341 -2.94226681108e-06 -0.0953183831179
20.7030955872 -2.91490762816e-06 -0.0950382468439
20.7659274402 -2.88790730041e-06 -0.0947597277318
20.8287592933 -2.86125990279e-06 -0.0944828120194
20.8915911464 -2.83495963282e-06 -0.0942074860981
20.9544229994 -2.80900079286e-06 -0.0939337365111
21.0172548525 -2.78337780557e-06 -0.0936615499507
21.0800867056 -2.7580851949e-06 -0.0933909132566
21.1429185587 -2.73311759935e-06 -0.0931218134138
21.2057504117 -2.70846975248e-06 -0.0928542375509
21.2685822648 -2.68413649129e-06 -0.0925881729376
21.3314141179 -2.66011276029e-06 -0.0923236069834
21.3942459709 -2.63639359233e-06 -0.0920605272353
21.457077824 -2.61297411308e-06 -0.0917989213761
21.5199096771 -2.58984955304e-06 -0.0915387772226
21.5827415302 -2.56701521906e-06 -0.0912800827236
21.6455733832 -2.54446651704e-06 -0.0910228259585
21.7084052363 -2.52219893815e-06 -0.0907669951354
21.7712370894 -2.50020805215e-06 -0.090512578589
21.8340689424 -2.47848952117e-06 -0.0902595647797
21.8969007955 -2.45703908019e-06 -0.0900079422913
21.9597326486 -2.43585255211e-06 -0.0897576998295
22.0225645017 -2.41492582775e-06 -0.0895088262205
22.0853963547 -2.39425488369e-06 -0.0892613104093
22.1482282078 -2.3738357644e-06 -0.0890151414581
22.2110600609 -2.35366459078e-06 -0.0887703085448
22.273891914 -2.33373755343e-06 -0.0885268009615
22.336723767 -2.31405091577e-06 -0.088284608113
22.3995556201 -2.29460100432e-06 -0.0880437195155
22.4623874732 -2.2753842166e-06 -0.0878041247948
22.5252193262 -2.25639701412e-06 -0.0875658136851
22.5880511793 -2.23763592544e-06 -0.0873287760278
22.6508830324 -2.21909753462e-06 -0.0870930017698
22.7137148855 -2.20077849811e-06 -0.0868584809622
22.7765467385 -2.18267552432e-06 -0.0866252037593
22.8393785916 -2.16478537896e-06 -0.0863931604167
22.9022104447 -2.14710489521e-06 -0.0861623412906
22.9650422977 -2.12963095203e-06 -0.0859327368359
23.0278741508 -2.11236049408e-06 -0.0857043376059
23.0907060039 -2.09529051087e-06 -0.0854771342498
23.153537857 -2.07841804922e-06 -0.0852511175126
23.21636971 -2.061740211e-06 -0.0850262782333
23.2792015631 -2.04525414382e-06 -0.084802607344
23.3420334162 -2.02895704726e-06 -0.0845800958683
23.4048652692 -2.01284617107e-06 -0.0843587349209
23.4676971223 -1.99691880898e-06 -0.0841385157056
23.5305289754 -1.98117230932e-06 -0.083919429515
23.5933608285 -1.96560405907e-06 -0.0837014677288
23.6561926815 -1.9502114923e-06 -0.0834846218127
23.7190245346 -1.93499208834e-06 -0.0832688833183
23.7818563877 -1.91994337362e-06 -0.0830542438807
23.8446882407 -1.90506290521e-06 -0.0828406952184
23.9075200938 -1.89034829612e-06 -0.0826282291317
23.9703519469 -1.87579719135e-06 -0.0824168375022
24.0331838 -1.86140727809e-06 -0.0822065122916
24.096015653 -1.84717628127e-06 -0.0819972455408
24.1588475061 -1.83310197022e-06 -0.0817890293685
24.2216793592 -1.81918214492e-06 -0.0815818559709
24.2845112122 -1.8054146409e-06 -0.0813757176204
24.3473430653 -1.79179734161e-06 -0.0811706066646
24.4101749184 -1.77832815185e-06 -0.0809665155258
24.4730067715 -1.76500502169e-06 -0.0807634366998
24.5358386245 -1.75182592921e-06 -0.0805613627548
24.5986704776 -1.73878889198e-06 -0.0803602863312
24.6615023307 -1.72589195291e-06 -0.08016020014
24.7243341838 -1.71313319131e-06 -0.0799610969625
24.7871660368 -1.7005107189e-06 -0.0797629696493
24.8499978899 -1.68802267764e-06 -0.0795658111193
24.912829743 -1.67566723919e-06 -0.079369614359
24.975661596 -1.66344260499e-06 -0.0791743724221
25.0384934491 -1.65134700625e-06 -0.0789800784277
25.1013253022 -1.63937870301e-06 -0.078786725561
25.1641571553 -1.62753598376e-06 -0.078594307071
25.2269890083 -1.61581716318e-06 -0.0784028162709
25.2898208614 -1.60422058748e-06 -0.0782122465367
25.3526527145 -1.59274462108e-06 -0.0780225913069
25.4154845675 -1.58138766215e-06 -0.0778338440811
25.4783164206 -1.57014813285e-06 -0.0776459984204
25.5411482737 -1.55902447929e-06 -0.0774590479455
25.6039801268 -1.5480151716e-06 -0.0772729863368
25.6668119798 -1.53711870565e-06 -0.0770878073334
25.7296438329 -1.52633360306e-06 -0.0769035047326
25.792475686 -1.51565840456e-06 -0.076720072389
25.855307539 -1.5050916744e-06 -0.0765375042139
25.9181393921 -1.4946320035e-06 -0.0763557941748
25.9809712452 -1.48427800006e-06 -0.0761749362948
26.0438030983 -1.47402829631e-06 -0.0759949246518
26.1066349513 -1.4638815462e-06 -0.0758157533778
26.1694668044 -1.45383642502e-06 -0.0756374166583
26.2322986575 -1.44389162493e-06 -0.0754599087323
26.2951305105 -1.43404586117e-06 -0.0752832238909
26.3579623636 -1.4242978712e-06 -0.0751073564768
26.4207942167 -1.4146464089e-06 -0.0749323008843
26.4836260698 -1.40509024504e-06 -0.0747580515583
26.5464579228 -1.39562817392e-06 -0.0745846029936
26.6092897759 -1.38625900359e-06 -0.0744119497349
26.672121629 -1.37698156655e-06 -0.0742400863756
26.734953482 -1.36779470727e-06 -0.0740690075575
26.7977853351 -1.35869728979e-06 -0.0738987079705
26.8606171882 -1.34968819454e-06 -0.0737291823519
26.9234490413 -1.34076632063e-06 -0.0735604254858
26.9862808943 -1.33193058316e-06 -0.0733924322023
27.0491127474 -1.3231799123e-06 -0.0732251973783
27.1119446005 -1.31451325558e-06 -0.0730587159348
27.1747764536 -1.3059295747e-06 -0.0728929828384
27.2376083066 -1.29742784738e-06 -0.0727279931
27.3004401597 -1.28900706731e-06 -0.072563741774
27.3632720128 -1.28066624505e-06 -0.0724002239587
27.4261038658 -1.27240440229e-06 -0.0722374347949
27.4889357189 -1.26422057267e-06 -0.072075369466
27.551767572 -1.25611381296e-06 -0.0719140231974
27.6145994251 -1.24808318613e-06 -0.071753391256
27.6774312781 -1.2401277707e-06 -0.0715934689498
27.7402631312 -1.23224665938e-06 -0.0714342516275
27.8030949843 -1.22443895911e-06 -0.0712757346779
27.8659268373 -1.21670378883e-06 -0.0711179135299
27.9287586904 -1.209040279e-06 -0.0709607836513
27.9915905435 -1.20144757432e-06 -0.0708043405491
28.0544223966 -1.19392482922e-06 -0.070648579769
28.1172542496 -1.18647121417e-06 -0.0704934968943
28.1800861027 -1.17908590935e-06 -0.0703390875467
28.2429179558 -1.17176810832e-06 -0.0701853473846
28.3057498088 -1.1645170126e-06 -0.0700322721036
28.3685816619 -1.15733183925e-06 -0.0698798574358
28.431413515 -1.15021181424e-06 -0.0697280991495
28.4942453681 -1.14315617417e-06 -0.0695769930489
28.5570772211 -1.13616416764e-06 -0.0694265349731
28.6199090742 -1.12923505391e-06 -0.069276720797
28.6827409273 -1.12236810113e-06 -0.0691275464293
28.7455727803 -1.11556258897e-06 -0.0689790078137
28.8084046334 -1.10881780735e-06 -0.0688311009274
28.8712364865 -1.10213305682e-06 -0.0686838217815
28.9340683396 -1.09550764327e-06 -0.0685371664202
28.9969001926 -1.08894089124e-06 -0.0683911309206
29.0597320457 -1.08243212482e-06 -0.0682457113924
29.1225638988 -1.07598068144e-06 -0.0681009039775
29.1853957518 -1.06958590962e-06 -0.0679567048498
29.2482276049 -1.06324716542e-06 -0.0678131102146
29.311059458 -1.05696381381e-06 -0.0676701163086
29.3738913111 -1.05073522549e-06 -0.0675277193995
29.4367231641 -1.04456078676e-06 -0.0673859157854
29.4995550172 -1.03843988564e-06 -0.0672447017948
29.5623868703 -1.03237191995e-06 -0.0671040737862
29.6252187234 -1.02635629862e-06 -0.0669640281479
29.6880505764 -1.02039243632e-06 -0.0668245612975
29.7508824295 -1.01447975753e-06 -0.0666856696816
29.8137142826 -1.00861768759e-06 -0.0665473497759
29.8765461356 -1.00280567183e-06 -0.0664095980843
29.9393779887 -9.97043151596e-07 -0.0662724111391
30.0022098418 -9.91329582423e-07 -0.0661357855006
30.0650416949 -9.85664421194e-07 -0.0659997177566
30.1278735479 -9.80047143884e-07 -0.0658642045224
30.190705401 -9.7447722025e-07 -0.0657292424405
30.2535372541 -9.68954130265e-07 -0.0655948281802
30.3163691071 -9.6347736811e-07 -0.0654609584371
30.3792009602 -9.58046426636e-07 -0.0653276299336
30.4420328133 -9.52660808018e-07 -0.065194839418
30.5048646664 -9.47320021982e-07 -0.0650625836642
30.5676965194 -9.42023582251e-07 -0.0649308594719
30.6305283725 -9.36771012761e-07 -0.064799663666
30.6933602256 -9.31561841e-07 -0.0646689930966
30.7561920786 -9.26395601564e-07 -0.0645388446383
30.8190239317 -9.21271832155e-07 -0.0644092151905
30.8818557848 -9.16190081579e-07 -0.064280101677
30.9446876379 -9.11149900862e-07 -0.0641515010455
31.0075194909 -9.06150848579e-07 -0.0640234102676
31.070351344 -9.01192489078e-07 -0.0638958263387
31.1331831971 -8.96274389373e-07 -0.0637687462773
31.1960150501 -8.91396124469e-07 -0.0636421671255
31.2588469032 -8.86557277369e-07 -0.0635160859479
31.3216787563 -8.81757433735e-07 -0.063390499832
31.3845106094 -8.76996179233e-07 -0.0632654058881
31.4473424624 -8.72273113739e-07 -0.0631408012482
31.5101743155 -8.67587840236e-07 -0.0630166830669
31.5730061686 -8.62939963486e-07 -0.0628930485205
31.6358380216 -8.58329091802e-07 -0.0627698948071
31.6986698747 -8.53754847263e-07 -0.0626472191458
31.7615017278 -8.49216845289e-07 -0.0625250187776
31.8243335809 -8.44714717285e-07 -0.0624032909639
31.8871654339 -8.40248088885e-07 -0.0622820329876
31.949997287 -8.35816597711e-07 -0.0621612421517
32.0128291401 -8.31419884051e-07 -0.0620409157801
32.0756609932 -8.27057589969e-07 -0.0619210512166
32.1384928462 -8.22729365524e-07 -0.0618016458255
32.2013246993 -8.18434865213e-07 -0.0616826969905
32.2641565524 -8.14173743979e-07 -0.0615642021153
32.3269884054 -8.09945665647e-07 -0.0614461586232
32.3898202585 -8.05750290933e-07 -0.0613285639566
32.4526521116 -8.01587295651e-07 -0.0612114155772
32.5154839647 -7.97456352064e-07 -0.0610947109657
32.5783158177 -7.93357137763e-07 -0.0609784476216
32.6411476708 -7.89289332115e-07 -0.0608626230629
32.7039795239 -7.85252626034e-07 -0.0607472348262
32.7668113769 -7.8124670555e-07 -0.0606322804663
32.82964323 -7.77271266017e-07 -0.0605177575563
32.8924750831 -7.73326001902e-07 -0.0604036636871
32.9553069362 -7.69410616552e-07 -0.0602899964672
33.0181387892 -7.65524814206e-07 -0.0601767535231
33.0809706423 -7.61668299987e-07 -0.0600639324986
33.1438024954 -7.5784078879e-07 -0.0599515310549
33.2066343484 -7.54041991957e-07 -0.0598395468701
33.2694662015 -7.50271632377e-07 -0.0597279776396
33.3322980546 -7.46529428941e-07 -0.0596168210755
33.3951299077 -7.42815108534e-07 -0.0595060749064
33.4579617607 -7.3912839671e-07 -0.0593957368777
33.5207936138 -7.35469027457e-07 -0.0592858047512
33.5836254669 -7.3183673388e-07 -0.0591762763048
33.6464573199 -7.28231254854e-07 -0.0590671493324
33.709289173 -7.24652330586e-07 -0.0589584216441
33.7721210261 -7.21099706169e-07 -0.0588500910657
33.8349528792 -7.17573128028e-07 -0.0587421554386
33.8977847322 -7.14072347918e-07 -0.0586346126198
33.9606165853 -7.10597115816e-07 -0.0585274604817
34.0234484384 -7.07147187473e-07 -0.0584206969118
34.0862802914 -7.03722327522e-07 -0.0583143198129
34.1491121445 -7.00322289493e-07 -0.0582083271026
34.2119439976 -6.96946842904e-07 -0.0581027167136
34.2747758507 -6.93595751944e-07 -0.0579974865929
34.3376077037 -6.90268786574e-07 -0.0578926347027
34.4004395568 -6.86965721197e-07 -0.057788159019
34.4632714099 -6.83686329772e-07 -0.0576840575326
34.526103263 -6.80430391142e-07 -0.0575803282483
34.588935116 -6.77197682819e-07 -0.0574769691848
34.6517669691 -6.73987989863e-07 -0.057373978375
34.7145988222 -6.70801093339e-07 -0.0572713538658
34.7774306752 -6.67636788076e-07 -0.0571690937177
34.8402625283 -6.64494857805e-07 -0.0570671960043
34.9030943814 -6.61375095579e-07 -0.0569656588133
34.9659262345 -6.58277300225e-07 -0.0568644802455
35.0287580875 -6.5520126391e-07 -0.056763658415
35.0915899406 -6.52146790348e-07 -0.056663191449
35.1544217937 -6.49113678808e-07 -0.0565630774876
35.2172536467 -6.46101733448e-07 -0.0564633146839
35.2800854998 -6.43110759757e-07 -0.0563639012039
35.3429173529 -6.40140567221e-07 -0.0562648352263
35.405749206 -6.37190964881e-07 -0.0561661149421
35.468581059 -6.34261767996e-07 -0.0560677385549
35.5314129121 -6.31352787384e-07 -0.0559697042808
35.5942447652 -6.28463840524e-07 -0.0558720103478
35.6570766182 -6.25594749781e-07 -0.0557746549965
35.7199084713 -6.22745332635e-07 -0.0556776364793
35.7827403244 -6.19915411892e-07 -0.0555809530604
35.8455721775 -6.17104813916e-07 -0.0554846030163
35.9084040305 -6.14313362846e-07 -0.0553885846346
35.9712358836 -6.11540889039e-07 -0.055292896215
36.0340677367 -6.08787222411e-07 -0.0551975360687
36.0968995897 -6.0605219554e-07 -0.0551025025183
36.1597314428 -6.03335641003e-07 -0.0550077938976
36.2225632959 -6.00637395376e-07 -0.0549134085517
36.285395149 -5.97957297011e-07 -0.0548193448372
36.348227002 -5.95295186923e-07 -0.0547256011214
36.4110588551 -5.92650903464e-07 -0.0546321757825
36.4738907082 -5.9002428987e-07 -0.0545390672099
36.5367225612 -5.874151916e-07 -0.0544462738036
36.5995544143 -5.84823453664e-07 -0.0543537939744
36.6623862674 -5.82248925962e-07 -0.0542616261438
36.7252181205 -5.79691457503e-07 -0.0541697687434
36.7880499735 -5.77150898184e-07 -0.0540782202157
36.8508818266 -5.74627103678e-07 -0.0539869790134
36.9137136797 -5.72119922992e-07 -0.0538960435993
36.9765455328 -5.69629217129e-07 -0.0538054124465
37.0393773858 -5.67154840425e-07 -0.0537150840384
37.1022092389 -5.64696655214e-07 -0.0536250568681
37.165041092 -5.62254517611e-07 -0.0535353294388
37.227872945 -5.59828293056e-07 -0.0534459002636
37.2907047981 -5.57417843439e-07 -0.0533567678651
37.3535366512 -5.55023031978e-07 -0.0532679307761
37.4163685043 -5.52643728557e-07 -0.0531793875383
37.4792003573 -5.50279798173e-07 -0.0530911367035
37.5420322104 -5.47931110262e-07 -0.0530031768329
37.6048640635 -5.45597535151e-07 -0.0529155064968
37.6676959165 -5.43278946274e-07 -0.052828124275
37.7305277696 -5.40975213958e-07 -0.0527410287568
37.7933596227 -5.38686214746e-07 -0.0526542185397
37.8561914758 -5.36411823404e-07 -0.0525676922315
37.9190233288 -5.34151917808e-07 -0.0524814484481
37.9818551819 -5.31906374057e-07 -0.0523954858149
38.044687035 -5.29675075356e-07 -0.0523098029658
38.107518888 -5.2745789958e-07 -0.0522243985438
38.1703507411 -5.25254727712e-07 -0.0521392712001
38.2331825942 -5.230654474e-07 -0.0520544195953
38.2960144473 -5.20889938294e-07 -0.0519698423978
38.3588463003 -5.18728087151e-07 -0.0518855382853
38.4216781534 -5.16579783394e-07 -0.0518015059432
38.4845100065 -5.14444912447e-07 -0.0517177440658
38.5473418595 -5.12323365065e-07 -0.0516342513557
38.6101737126 -5.10215028893e-07 -0.0515510265231
38.6730055657 -5.08119798237e-07 -0.0514680682875
38.7358374188 -5.06037562076e-07 -0.0513853753753
38.7986692718 -5.03968216936e-07 -0.0513029465221
38.8615011249 -5.01911658013e-07 -0.0512207804705
38.924332978 -4.9986777606e-07 -0.0511388759715
38.987164831 -4.97836472935e-07 -0.0510572317843
39.0499966841 -4.95817643387e-07 -0.0509758466751
39.1128285372 -4.93811186608e-07 -0.0508947194187
39.1756603903 -4.91817002235e-07 -0.0508138487968
39.2384922433 -4.89834993012e-07 -0.0507332335994
39.3013240964 -4.87865059018e-07 -0.0506528726235
39.3641559495 -4.85907101666e-07 -0.0505727646739
39.4269878026 -4.83961028586e-07 -0.050492908563
39.4898196556 -4.82026738524e-07 -0.0504133031102
39.5526515087 -4.80104141776e-07 -0.0503339471424
39.6154833618 -4.78193144193e-07 -0.0502548394939
39.6783152148 -4.76293651186e-07 -0.0501759790064
39.7411470679 -4.7440557438e-07 -0.0500973645281
39.803978921 -4.7252881874e-07 -0.0500189949146
39.8668107741 -4.70663297225e-07 -0.0499408690292
39.9296426271 -4.68808918797e-07 -0.0498629857411
39.9924744802 -4.66965599522e-07 -0.0497853439274
40.0553063333 -4.65133248362e-07 -0.0497079424715
40.1181381863 -4.63311778276e-07 -0.049630780264
40.1809700394 -4.61501107107e-07 -0.0495538562018
40.2438018925 -4.59701147371e-07 -0.0494771691892
40.3066337456 -4.57911814689e-07 -0.0494007181367
40.3694655986 -4.56133029125e-07 -0.0493245019615
40.4322974517 -4.54364704972e-07 -0.0492485195879
40.4951293048 -4.52606763179e-07 -0.0491727699458
40.5579611578 -4.50859121148e-07 -0.0490972519724
40.6207930109 -4.49121701607e-07 -0.0490219646109
40.683624864 -4.47394421066e-07 -0.0489469068111
40.7464567171 -4.45677204919e-07 -0.0488720775291
40.8092885701 -4.43969973229e-07 -0.0487974757271
40.8721204232 -4.42272651391e-07 -0.0487231003738
40.9349522763 -4.40585158135e-07 -0.0486489504441
40.9977841293 -4.38907423739e-07 -0.0485750249189
41.0606159824 -4.37239370932e-07 -0.0485013227853
41.1234478355 -4.35580925551e-07 -0.0484278430363
41.1862796886 -4.33932014765e-07 -0.0483545846711
41.2491115416 -4.32292563524e-07 -0.0482815466949
41.3119433947 -4.30662504325e-07 -0.0482087281187
41.3747752478 -4.2904176123e-07 -0.0481361279594
41.4376071008 -4.27430268513e-07 -0.04806374524
41.5004389539 -4.25827952011e-07 -0.0479915789886
41.563270807 -4.24234742002e-07 -0.0479196282399
41.6261026601 -4.22650571874e-07 -0.047847892034
41.6889345131 -4.21075375012e-07 -0.0477763694163
41.7517663662 -4.19509081251e-07 -0.0477050594382
41.8145982193 -4.17951625753e-07 -0.047633961157
41.8774300724 -4.16402939241e-07 -0.0475630736346
41.9402619254 -4.14862957765e-07 -0.0474923959394
42.0030937785 -4.13331619598e-07 -0.0474219271445
42.0659256316 -4.11808852796e-07 -0.0473516663292
42.1287574846 -4.10294601405e-07 -0.0472816125773
42.1915893377 -4.08788799255e-07 -0.0472117649787
42.2544211908 -4.07291382398e-07 -0.0471421226284
42.3172530439 -4.0580229177e-07 -0.0470726846263
42.3800848969 -4.04321462089e-07 -0.0470034500778
42.44291675 -4.02848835179e-07 -0.0469344180936
42.5057486031 -4.01384351534e-07 -0.0468655877897
42.5685804561 -3.99927947203e-07 -0.0467969582867
42.6314123092 -3.98479566677e-07 -0.0467285287106
42.6942441623 -3.9703915089e-07 -0.0466602981924
42.7570760154 -3.95606639003e-07 -0.0465922658682
42.8199078684 -3.94181975949e-07 -0.046524430879
42.8827397215 -3.92765104884e-07 -0.0464567923706
42.9455715746 -3.91355964968e-07 -0.046389349494
43.0084034276 -3.89954506463e-07 -0.0463221014047
43.0712352807 -3.88560668974e-07 -0.0462550472635
43.1340671338 -3.87174399652e-07 -0.0461881862354
43.1968989869 -3.85795642988e-07 -0.0461215174908
43.2597308399 -3.84424344357e-07 -0.0460550402043
43.322562693 -3.83060448694e-07 -0.0459887535558
43.3853945461 -3.81703908037e-07 -0.0459226567289
43.4482263991 -3.80354665985e-07 -0.0458567489129
43.5110582522 -3.79012669249e-07 -0.0457910293011
43.5738901053 -3.77677866314e-07 -0.0457254970912
43.6367219584 -3.76350210995e-07 -0.0456601514863
43.6995538114 -3.75029644228e-07 -0.045594991693
43.7623856645 -3.73716124269e-07 -0.0455300169227
43.8252175176 -3.72409595162e-07 -0.0454652263919
43.8880493706 -3.71110008501e-07 -0.0454006193202
43.9508812237 -3.69817313661e-07 -0.0453361949328
44.0137130768 -3.68531468453e-07 -0.0452719524586
44.0765449299 -3.67252415145e-07 -0.0452078911311
44.1393767829 -3.6598011377e-07 -0.0451440101877
44.202208636 -3.64714513257e-07 -0.0450803088705
44.2650404891 -3.63455567864e-07 -0.0450167864258
44.3278723422 -3.62203230075e-07 -0.0449534421035
44.3907041952 -3.60957454593e-07 -0.0448902751586
44.4535360483 -3.59718193454e-07 -0.0448272848495
44.5163679014 -3.58485405361e-07 -0.044764470439
44.5791997544 -3.57259041905e-07 -0.044701831194
44.6420316075 -3.56039060012e-07 -0.0446393663853
44.7048634606 -3.54825415272e-07 -0.0445770752878
44.7676953137 -3.53618061055e-07 -0.0445149571806
44.8305271667 -3.52416958282e-07 -0.0444530113465
44.8933590198 -3.51222061656e-07 -0.0443912370723
44.9561908729 -3.50033329877e-07 -0.0443296336488
45.0190227259 -3.4885071809e-07 -0.0442682003708
45.081854579 -3.47674184553e-07 -0.0442069365365
45.1446864321 -3.46503690185e-07 -0.0441458414485
45.2075182852 -3.45339192798e-07 -0.0440849144127
45.2703501382 -3.44180649314e-07 -0.0440241547394
45.3331819913 -3.43028020211e-07 -0.0439635617421
45.3960138444 -3.41881268184e-07 -0.0439031347383
45.4588456974 -3.40740348825e-07 -0.0438428730491
45.5216775505 -3.39605224831e-07 -0.0437827759994
45.5845094036 -3.38475857564e-07 -0.0437228429176
45.6473412567 -3.3735220617e-07 -0.0436630731359
45.7101731097 -3.36234233789e-07 -0.04360346599
45.7730049628 -3.35121900896e-07 -0.0435440208193
45.8358368159 -3.34015171966e-07 -0.0434847369666
45.8986686689 -3.32914003476e-07 -0.0434256137784
45.961500522 -3.31818366561e-07 -0.0433666506044
46.0243323751 -3.30728216813e-07 -0.0433078467985
46.0871642282 -3.29643522257e-07 -0.0432492017171
46.1499960812 -3.28564244256e-07 -0.043190714721
46.2128279343 -3.27490345065e-07 -0.0431323851738
46.2756597874 -3.26421794927e-07 -0.0430742124424
46.3384916404 -3.25358551656e-07 -0.0430161958974
46.4013234935 -3.24300584165e-07 -0.042958334913
46.4641553466 -3.23247854261e-07 -0.0429006288661
46.5269871997 -3.22200331748e-07 -0.0428430771375
46.5898190527 -3.21157977989e-07 -0.0427856791109
46.6526509058 -3.2012076101e-07 -0.0427284341733
46.7154827589 -3.19088648393e-07 -0.042671341715
46.778314612 -3.18061604165e-07 -0.0426144011298
46.841146465 -3.1703959591e-07 -0.0425576118143
46.9039783181 -3.16022588986e-07 -0.0425009731684
46.9668101712 -3.15010553642e-07 -0.0424444845951
47.0296420242 -3.1400345657e-07 -0.0423881455009
47.0924738773 -3.13001264463e-07 -0.0423319552949
47.1553057304 -3.12003946235e-07 -0.0422759133896
47.2181375835 -3.11011470799e-07 -0.0422200192006
47.2809694365 -3.10023805739e-07 -0.0421642721465
47.3438012896 -3.09040919522e-07 -0.0421086716488
47.4066331427 -3.08062782839e-07 -0.0420532171323
47.4694649957 -3.07089363716e-07 -0.0419979080244
47.5322968488 -3.06120631954e-07 -0.041942743756
47.5951287019 -3.05156558689e-07 -0.0418877237605
47.657960555 -3.041971115e-07 -0.0418328474744
47.720792408 -3.03242264632e-07 -0.0417781143373
47.7836242611 -3.02291984777e-07 -0.0417235237912
47.8464561142 -3.01346244402e-07 -0.0416690752817
47.9092879672 -3.00405013309e-07 -0.0416147682567
47.9721198203 -2.99468264853e-07 -0.0415606021672
48.0349516734 -2.98535967946e-07 -0.0415065764667
48.0977835265 -2.97608097721e-07 -0.0414526906122
48.1606153795 -2.96684623091e-07 -0.041398944063
48.2234472326 -2.95765516078e-07 -0.0413453362809
48.2862790857 -2.94850754035e-07 -0.041291866731
48.3491109387 -2.93940301876e-07 -0.041238534881
48.4119427918 -2.930341374e-07 -0.0411853402014
48.4747746449 -2.92132232182e-07 -0.0411322821648
48.537606498 -2.912345618e-07 -0.0410793602474
48.600438351 -2.90341096498e-07 -0.0410265739274
48.6632702041 -2.89451809632e-07 -0.0409739226859
48.7261020572 -2.8856667722e-07 -0.0409214060066
48.7889339102 -2.87685672173e-07 -0.0408690233759
48.8517657633 -2.86808770955e-07 -0.0408167742829
48.9145976164 -2.85935945143e-07 -0.0407646582187
48.9774294695 -2.85067171646e-07 -0.0407126746778
49.0402613225 -2.84202422929e-07 -0.0406608231566
49.1030931756 -2.83341675011e-07 -0.0406091031542
49.1659250287 -2.82484905245e-07 -0.0405575141727
49.2287568818 -2.81632085208e-07 -0.0405060557159
49.2915887348 -2.80783193141e-07 -0.0404547272909
49.3544205879 -2.79938204617e-07 -0.0404035284065
49.417252441 -2.79097093436e-07 -0.0403524585746
49.480084294 -2.78259839614e-07 -0.0403015173093
49.5429161471 -2.77426416062e-07 -0.0402507041268
49.6057480002 -2.76596801463e-07 -0.0402000185465
49.6685798533 -2.75770971392e-07 -0.0401494600894
49.7314117063 -2.74948905421e-07 -0.0400990282792
49.7942435594 -2.74130576461e-07 -0.0400487226421
49.8570754125 -2.73315962307e-07 -0.0399985427065
49.9199072655 -2.72505042087e-07 -0.0399484880032
49.9827391186 -2.71697795373e-07 -0.0398985580655
50.0455709717 -2.7089419552e-07 -0.0398487524286
50.1084028248 -2.70094222543e-07 -0.0397990706299
50.1712346778 -2.69297855571e-07 -0.0397495122099
50.2340665309 -2.68505069734e-07 -0.0397000767108
50.296898384 -2.67715845492e-07 -0.0396507636769
50.359730237 -2.66930161974e-07 -0.0396015726553
50.4225620901 -2.66147997863e-07 -0.0395525031945
50.4853939432 -2.65369331398e-07 -0.0395035548462
50.5482257963 -2.64594141708e-07 -0.0394547271634
50.6110576493 -2.63822408808e-07 -0.0394060197017
50.6738895024 -2.63054108718e-07 -0.0393574320194
50.7367213555 -2.62289226338e-07 -0.0393089636757
50.7995532085 -2.615277368e-07 -0.0392606142336
50.8623850616 -2.60769621896e-07 -0.0392123832563
50.9252169147 -2.60014861198e-07 -0.0391642703106
50.9880487678 -2.59263435609e-07 -0.039116274965
51.0508806208 -2.58515324258e-07 -0.0390683967899
51.1137124739 -2.57770509382e-07 -0.0390206353579
51.176544327 -2.57028968331e-07 -0.0389729902438
51.23937618 -2.56290683343e-07 -0.0389254610241
51.3022080331 -2.55555637985e-07 -0.038878047278
51.3650398862 -2.54823808721e-07 -0.0388307485861
51.4278717393 -2.54095178676e-07 -0.0387835645312
51.4907035923 -2.53369730974e-07 -0.0387364946981
51.5535354454 -2.52647443855e-07 -0.0386895386737
51.6163672985 -2.51928301775e-07 -0.038642696047
51.6791991516 -2.5121228342e-07 -0.0385959664087
51.7420310046 -2.50499372356e-07 -0.0385493493513
51.8048628577 -2.49789550821e-07 -0.03850284447
51.8676947108 -2.49082801052e-07 -0.0384564513613
51.9305265638 -2.48379101286e-07 -0.0384101696235
51.9933584169 -2.4767843998e-07 -0.0383639988573
52.05619027 -2.46980795815e-07 -0.0383179386652
52.1190221231 -2.46286151029e-07 -0.0382719886514
52.1818539761 -2.45594490966e-07 -0.0382261484219
52.2446858292 -2.44905796976e-07 -0.038180417585
52.3075176823 -2.44220050849e-07 -0.0381347957504
52.3703495353 -2.43537237044e-07 -0.0380892825302
52.4331813884 -2.42857339128e-07 -0.0380438775374
52.4960132415 -2.42180340226e-07 -0.0379985803882
52.5588450946 -2.41506221688e-07 -0.0379533906991
52.6216769476 -2.40834969301e-07 -0.0379083080894
52.6845088007 -2.4016656619e-07 -0.0378633321801
52.7473406538 -2.3950099548e-07 -0.0378184625935
52.8101725068 -2.38838242961e-07 -0.0377736989542
52.8730043599 -2.38178290424e-07 -0.0377290408885
52.935836213 -2.37521123658e-07 -0.0376844880238
52.9986680661 -2.36866725789e-07 -0.0376400399901
53.0614999191 -2.36215081273e-07 -0.0375956964187
53.1243317722 -2.35566175011e-07 -0.0375514569427
53.1871636253 -2.34919991904e-07 -0.0375073211967
53.2499954783 -2.34276514188e-07 -0.0374632888178
53.3128273314 -2.33635730762e-07 -0.0374193594436
53.3756591845 -2.32997622085e-07 -0.0373755327142
53.4384910376 -2.32362178387e-07 -0.0373318082712
53.5013228906 -2.31729378353e-07 -0.0372881857577
53.5641547437 -2.31099213099e-07 -0.0372446648187
53.6269865968 -2.3047166442e-07 -0.0372012451006
53.6898184498 -2.29846718991e-07 -0.0371579262516
53.7526503029 -2.29224361714e-07 -0.0371147079216
53.815482156 -2.28604579267e-07 -0.0370715897617
53.8783140091 -2.27987356105e-07 -0.0370285714253
53.9411458621 -2.27372678907e-07 -0.0369856525665
54.0039777152 -2.26760531685e-07 -0.0369428328418
54.0668095683 -2.26150905558e-07 -0.036900111909
54.1296414214 -2.25543779653e-07 -0.0368574894276
54.1924732744 -2.24939145532e-07 -0.0368149650578
54.2553051275 -2.24336986321e-07 -0.0367725384625
54.3181369806 -2.2373729136e-07 -0.0367302093058
54.3809688336 -2.23140043776e-07 -0.036687977253
54.4438006867 -2.22545234241e-07 -0.0366458419712
54.5066325398 -2.21952844548e-07 -0.0366038031293
54.5694643929 -2.21362864483e-07 -0.0365618603966
54.6322962459 -2.2077528028e-07 -0.0365200134455
54.695128099 -2.20190078615e-07 -0.0364782619483
54.7579599521 -2.19607249274e-07 -0.0364366055802
54.8207918051 -2.19026772719e-07 -0.0363950440169
54.8836236582 -2.18448642286e-07 -0.0363535769358
54.9464555113 -2.17872843322e-07 -0.0363122040162
55.0092873644 -2.1729936428e-07 -0.0362709249382
55.0721192174 -2.16728190505e-07 -0.0362297393836
55.1349510705 -2.16159310007e-07 -0.0361886470359
55.1977829236 -2.15592711683e-07 -0.0361476475795
55.2606147766 -2.15028382655e-07 -0.0361067407008
55.3234466297 -2.14466310045e-07 -0.036065926087
55.3862784828 -2.13906484081e-07 -0.0360252034274
55.4491103359 -2.13348888778e-07 -0.0359845724119
55.5119421889 -2.12793515253e-07 -0.0359440327327
55.574774042 -2.12240350628e-07 -0.0359035840826
55.6376058951 -2.11689382024e-07 -0.0358632261557
55.7004377481 -2.11140600559e-07 -0.0358229586485
55.7632696012 -2.10593992023e-07 -0.0357827812576
55.8261014543 -2.10049544869e-07 -0.0357426936819
55.8889333074 -2.09507251991e-07 -0.035702695621
55.9517651604 -2.08967096071e-07 -0.0356627867763
56.0145970135 -2.08429066006e-07 -0.0356229668499
56.0774288666 -2.07893155579e-07 -0.0355832355462
56.1402607196 -2.07359351023e-07 -0.0355435925699
56.2030925727 -2.06827639015e-07 -0.0355040376278
56.2659244258 -2.06298012451e-07 -0.0354645704272
56.3287562789 -2.0577045623e-07 -0.0354251906776
56.3915881319 -2.05244962803e-07 -0.035385898089
56.454419985 -2.04721518848e-07 -0.035346692373
56.5172518381 -2.04200115039e-07 -0.0353075732427
56.5800836912 -2.0368074205e-07 -0.035268540412
56.6429155442 -2.0316338567e-07 -0.0352295935963
56.7057473973 -2.02648039238e-07 -0.0351907325124
56.7685792504 -2.02134688987e-07 -0.035151956878
56.8314111034 -2.01623326479e-07 -0.0351132664122
56.8942429565 -2.01113943721e-07 -0.0350746608351
56.9570748096 -2.00606523393e-07 -0.0350361398686
57.0199066627 -2.00101062386e-07 -0.0349977032353
57.0827385157 -1.99597545159e-07 -0.0349593506594
57.1455703688 -1.99095965936e-07 -0.0349210818656
57.2084022219 -1.98596312284e-07 -0.0348828965807
57.2712340749 -1.98098575765e-07 -0.0348447945319
57.334065928 -1.9760274439e-07 -0.0348067754482
57.3968977811 -1.97108811051e-07 -0.0347688390595
57.4597296342 -1.96616762871e-07 -0.0347309850965
57.5225614872 -1.96126592744e-07 -0.034693213292
57.5853933403 -1.95638289568e-07 -0.0346555233787
57.6482251934 -1.9515184313e-07 -0.034617915092
57.7110570464 -1.94667248987e-07 -0.0345803881668
57.7738888995 -1.94184491153e-07 -0.0345429423403
57.8367207526 -1.937035643e-07 -0.0345055773503
57.8995526057 -1.93224457323e-07 -0.0344682929361
57.9623844587 -1.92747158678e-07 -0.0344310888377
58.0252163118 -1.92271665256e-07 -0.0343939647966
58.0880481649 -1.91797962845e-07 -0.0343569205548
58.1508800179 -1.91326045229e-07 -0.0343199558562
58.213711871 -1.90855901305e-07 -0.0342830704456
58.2765437241 -1.9038752308e-07 -0.0342462640683
58.3393755772 -1.8992090034e-07 -0.034209536471
58.4022074302 -1.89456029087e-07 -0.034172887402
58.4650392833 -1.88992892447e-07 -0.0341363166099
58.5278711364 -1.88531487755e-07 -0.0340998238449
58.5907029894 -1.88071805685e-07 -0.0340634088581
58.6535348425 -1.87613834246e-07 -0.0340270714013
58.7163666956 -1.87157569442e-07 -0.0339908112281
58.7791985487 -1.86702999727e-07 -0.0339546280924
58.8420304017 -1.86250118439e-07 -0.0339185217496
58.9048622548 -1.85798914476e-07 -0.0338824919559
58.9676941079 -1.85349381621e-07 -0.0338465384687
59.030525961 -1.84901510991e-07 -0.0338106610463
59.093357814 -1.84455295926e-07 -0.0337748594481
59.1561896671 -1.84010723991e-07 -0.0337391334346
59.2190215202 -1.83567790746e-07 -0.0337034827668
59.2818533732 -1.83126486419e-07 -0.0336679072074
59.3446852263 -1.82686803907e-07 -0.0336324065196
59.4075170794 -1.82248735214e-07 -0.0335969804682
59.4703489325 -1.81812272793e-07 -0.0335616288177
59.5331807855 -1.81377405983e-07 -0.0335263513352
59.5960126386 -1.80944129013e-07 -0.0334911477877
59.6588444917 -1.80512433889e-07 -0.0334560179433
59.7216763447 -1.80082315726e-07 -0.0334209615715
59.7845081978 -1.79653761645e-07 -0.0333859784429
59.8473400509 -1.79226764541e-07 -0.0333510683278
59.910171904 -1.78801319972e-07 -0.0333162309987
59.973003757 -1.78377420834e-07 -0.0332814662289
60.0358356101 -1.77955054248e-07 -0.033246773792
60.0986674632 -1.77534216661e-07 -0.0332121534632
60.1614993162 -1.771149023e-07 -0.0331776050183
60.2243311693 -1.76697100063e-07 -0.0331431282338
60.2871630224 -1.7628080462e-07 -0.033108722888
60.3499948755 -1.75866007091e-07 -0.0330743887592
60.4128267285 -1.75452703033e-07 -0.0330401256267
60.4756585816 -1.75040882233e-07 -0.0330059332711
60.5384904347 -1.74630539362e-07 -0.0329718114741
60.6013222877 -1.74221666427e-07 -0.0329377600175
60.6641541408 -1.73814255877e-07 -0.0329037786847
60.7269859939 -1.7340830194e-07 -0.0328698672595
60.789817847 -1.73003797954e-07 -0.0328360255269
60.8526497 -1.7260073415e-07 -0.032802253273
60.9154815531 -1.72199107418e-07 -0.032768550284
60.9783134062 -1.71798907989e-07 -0.0327349163478
61.0411452592 -1.71400129201e-07 -0.0327013512526
61.1039771123 -1.71002765725e-07 -0.0326678547877
61.1668089654 -1.70606811345e-07 -0.0326344267432
61.2296408185 -1.7021225629e-07 -0.0326010669101
61.2924726715 -1.69819095674e-07 -0.0325677750804
61.3553045246 -1.69427325503e-07 -0.0325345510465
61.4181363777 -1.69036934228e-07 -0.0325013946019
61.4809682308 -1.68647917853e-07 -0.0324683055413
61.5438000838 -1.68260269717e-07 -0.0324352836597
61.6066319369 -1.67873984047e-07 -0.0324023287528
61.66946379 -1.67489053737e-07 -0.032369440618
61.732295643 -1.67105470794e-07 -0.0323366190524
61.7951274961 -1.66723232553e-07 -0.0323038638546
61.8579593492 -1.66342329688e-07 -0.0322711748243
61.9207912023 -1.65962756427e-07 -0.0322385517611
61.9836230553 -1.65584506995e-07 -0.032205994466
62.0464549084 -1.65207573843e-07 -0.032173502741
62.1092867615 -1.64831954752e-07 -0.032141076388
62.1721186145 -1.64457639062e-07 -0.0321087152108
62.2349504676 -1.64084622778e-07 -0.0320764190133
62.2977823207 -1.63712899237e-07 -0.0320441876002
62.3606141738 -1.63342462667e-07 -0.0320120207771
62.4234460268 -1.62973305962e-07 -0.0319799183507
62.4862778799 -1.62605425569e-07 -0.0319478801279
62.549109733 -1.62238813939e-07 -0.0319159059167
62.611941586 -1.61873464855e-07 -0.0318839955259
62.6747734391 -1.61509373875e-07 -0.0318521487648
62.7376052922 -1.61146534339e-07 -0.0318203654437
62.8004371453 -1.60784939141e-07 -0.0317886453736
62.8632689983 -1.60424585172e-07 -0.0317569883662
62.9261008514 -1.60065465327e-07 -0.031725394234
62.9889327045 -1.59707573832e-07 -0.0316938627901
63.0517645575 -1.59350904472e-07 -0.0316623938484
63.1145964106 -1.58995454136e-07 -0.0316309872236
63.1774282637 -1.58641212611e-07 -0.0315996427314
63.2402601168 -1.58288179009e-07 -0.0315683601877
63.3030919698 -1.57936345779e-07 -0.0315371394092
63.3659238229 -1.57585706706e-07 -0.0315059802137
63.428755676 -1.57236259124e-07 -0.0314748824197
63.491587529 -1.56887994596e-07 -0.0314438458456
63.5544193821 -1.5654090868e-07 -0.0314128703116
63.6172512352 -1.56194996048e-07 -0.031381955638
63.6800830883 -1.55850250483e-07 -0.031351101646
63.7429149413 -1.55506669319e-07 -0.0313203081571
63.8057467944 -1.5516424412e-07 -0.0312895749944
63.8685786475 -1.54822970444e-07 -0.0312589019806
63.9314105006 -1.54482846959e-07 -0.0312282889397
63.9942423536 -1.54143863451e-07 -0.0311977356963
64.0570742067 -1.53806016812e-07 -0.031167242076
64.1199060598 -1.534693026e-07 -0.0311368079042
64.1827379128 -1.53133711489e-07 -0.0311064330081
64.2455697659 -1.52799243924e-07 -0.0310761172145
64.308401619 -1.524658928e-07 -0.0310458603514
64.3712334721 -1.52133652342e-07 -0.0310156622478
64.4340653251 -1.51802517667e-07 -0.0309855227327
64.4968971782 -1.51472484777e-07 -0.0309554416363
64.5597290313 -1.511435479e-07 -0.0309254187887
64.6225608843 -1.50815703481e-07 -0.0308954540219
64.6853927374 -1.50488946193e-07 -0.0308655471672
64.7482245905 -1.50163268042e-07 -0.0308356980574
64.8110564436 -1.49838669028e-07 -0.0308059065258
64.8738882966 -1.49515140269e-07 -0.030776172406
64.9367201497 -1.49192680432e-07 -0.0307464955327
64.9995520028 -1.48871282413e-07 -0.0307168757409
65.0623838558 -1.48550941326e-07 -0.0306873128663
65.1252157089 -1.48231653618e-07 -0.0306578067454
65.188047562 -1.47913415738e-07 -0.030628357215
65.2508794151 -1.47596221467e-07 -0.030598964113
65.3137112681 -1.47280066365e-07 -0.0305696272776
65.3765431212 -1.46964944658e-07 -0.0305403465476
65.4393749743 -1.46650854571e-07 -0.0305111217623
65.5022068273 -1.46337788998e-07 -0.030481952762
65.5650386804 -1.46025745273e-07 -0.0304528393873
65.6278705335 -1.45714719402e-07 -0.0304237814795
65.6907023866 -1.45404703833e-07 -0.0303947788805
65.7535342396 -1.45095695459e-07 -0.0303658314328
65.8163660927 -1.44787690282e-07 -0.0303369389797
65.8791979458 -1.44480685638e-07 -0.0303081013645
65.9420297988 -1.44174674421e-07 -0.0302793184319
66.0048616519 -1.438696553e-07 -0.0302505900264
66.067693505 -1.43565619837e-07 -0.0302219159936
66.1305253581 -1.43262566255e-07 -0.0301932961796
66.1933572111 -1.42960490113e-07 -0.030164730431
66.2561890642 -1.42659386526e-07 -0.0301362185949
66.3190209173 -1.42359252386e-07 -0.0301077605191
66.3818527704 -1.42060082808e-07 -0.0300793560519
66.4446846234 -1.41761874239e-07 -0.0300510050423
66.5075164765 -1.41464620906e-07 -0.0300227073397
66.5703483296 -1.41168319256e-07 -0.0299944627943
66.6331801826 -1.40872968402e-07 -0.0299662712567
66.6960120357 -1.4057855946e-07 -0.0299381325777
66.7588438888 -1.40285090655e-07 -0.0299100466093
66.8216757419 -1.39992556658e-07 -0.0298820132038
66.8845075949 -1.39700956137e-07 -0.0298540322138
66.947339448 -1.39410283317e-07 -0.0298261034928
67.0101713011 -1.3912053376e-07 -0.0297982268947
67.0730031541 -1.38831704355e-07 -0.0297704022741
67.1358350072 -1.38543789774e-07 -0.0297426294857
67.1986668603 -1.38256789572e-07 -0.0297149083854
67.2614987134 -1.37970695757e-07 -0.0296872388288
67.3243305664 -1.3768550744e-07 -0.0296596206729
67.3871624195 -1.37401217071e-07 -0.0296320537746
67.4499942726 -1.37117825094e-07 -0.0296045379917
67.5128261256 -1.36835327069e-07 -0.0295770731823
67.5756579787 -1.36553717223e-07 -0.0295496592053
67.6384898318 -1.36272992446e-07 -0.0295222959196
67.7013216849 -1.35993148298e-07 -0.029494983185
67.7641535379 -1.35714183003e-07 -0.0294677208621
67.826985391 -1.35436091231e-07 -0.0294405088114
67.8898172441 -1.35158868986e-07 -0.0294133468943
67.9526490971 -1.34882515379e-07 -0.0293862349724
68.0154809502 -1.34607024194e-07 -0.0293591729082
68.0783128033 -1.343323901e-07 -0.0293321605645
68.1411446564 -1.3405861532e-07 -0.0293051978046
68.2039765094 -1.33785690082e-07 -0.0292782844922
68.2668083625 -1.33513614831e-07 -0.029251420492
68.3296402156 -1.33242383793e-07 -0.029224605668
68.3924720686 -1.3297199386e-07 -0.0291978398864
68.4553039217 -1.32702445033e-07 -0.0291711230124
68.5181357748 -1.32433727984e-07 -0.0291444549126
68.5809676279 -1.32165840494e-07 -0.0291178354534
68.6437994809 -1.3189878123e-07 -0.0290912645023
68.706631334 -1.31632548861e-07 -0.0290647419272
68.7694631871 -1.31367136724e-07 -0.029038267596
68.8322950402 -1.31102539935e-07 -0.0290118413775
68.8951268932 -1.30838757162e-07 -0.0289854631409
68.9579587463 -1.30575786628e-07 -0.0289591327557
69.0207905994 -1.30313623448e-07 -0.0289328500921
69.0836224524 -1.30052261849e-07 -0.0289066150206
69.1464543055 -1.29791701831e-07 -0.0288804274126
69.2092861586 -1.29531938065e-07 -0.0288542871391
69.2721180117 -1.29272972327e-07 -0.0288281940722
69.3349498647 -1.29014792183e-07 -0.0288021480845
69.3977817178 -1.28757401185e-07 -0.0287761490488
69.4606135709 -1.2850079445e-07 -0.0287501968386
69.5234454239 -1.28244967978e-07 -0.0287242913275
69.586277277 -1.2798992044e-07 -0.0286984323896
69.6491091301 -1.27735646061e-07 -0.0286726199001
69.7119409832 -1.2748214484e-07 -0.0286468537336
69.7747728362 -1.27229410563e-07 -0.0286211337661
69.8376046893 -1.26977443227e-07 -0.0285954598735
69.9004365424 -1.26726234839e-07 -0.0285698319323
69.9632683954 -1.26475787177e-07 -0.0285442498194
70.0261002485 -1.2622609491e-07 -0.0285187134122
70.0889321016 -1.25977154486e-07 -0.0284932225883
70.1517639547 -1.25728965017e-07 -0.0284677772261
70.2145958077 -1.25481521618e-07 -0.0284423772045
70.2774276608 -1.25234822068e-07 -0.0284170224022
70.3402595139 -1.24988860595e-07 -0.0283917126989
70.4030913669 -1.24743638974e-07 -0.0283664479745
70.46592322 -1.24499152765e-07 -0.0283412281094
70.5287550731 -1.2425539575e-07 -0.0283160529847
70.5915869262 -1.24012368818e-07 -0.028290922481
70.6544187792 -1.23770068861e-07 -0.0282658364805
70.7172506323 -1.23528489215e-07 -0.0282407948652
70.7800824854 -1.23287630771e-07 -0.0282157975169
70.8429143384 -1.23047489087e-07 -0.0281908443196
70.9057461915 -1.2280806283e-07 -0.0281659351555
70.9685780446 -1.22569345784e-07 -0.0281410699092
71.0314098977 -1.2233133706e-07 -0.0281162484643
71.0942417507 -1.22094034882e-07 -0.0280914707054
71.1570736038 -1.21857435698e-07 -0.0280667365175
71.2199054569 -1.21621535065e-07 -0.0280420457861
71.28273731 -1.21386333873e-07 -0.0280173983968
71.345569163 -1.21151824573e-07 -0.0279927942356
71.4084010161 -1.20918008495e-07 -0.0279682331893
71.4712328692 -1.20684881644e-07 -0.0279437151444
71.5340647222 -1.20452440022e-07 -0.0279192399888
71.5968965753 -1.20220682742e-07 -0.0278948076098
71.6597284284 -1.19989604475e-07 -0.0278704178957
71.7225602815 -1.19759205219e-07 -0.0278460707349
71.7853921345 -1.19529481424e-07 -0.0278217660163
71.8482239876 -1.19300430423e-07 -0.0277975036292
71.9110558407 -1.19072047777e-07 -0.0277732834633
71.9738876937 -1.1884433393e-07 -0.0277491054084
72.0367195468 -1.18617284883e-07 -0.0277249693554
72.0995513999 -1.18390896642e-07 -0.0277008751945
72.162383253 -1.18165170093e-07 -0.0276768228177
72.225215106 -1.17940099464e-07 -0.0276528121155
72.2880469591 -1.17715682535e-07 -0.0276288429806
72.3508788122 -1.17491917973e-07 -0.0276049153049
72.4137106652 -1.17268802668e-07 -0.0275810289814
72.4765425183 -1.17046334402e-07 -0.0275571839028
72.5393743714 -1.1682451051e-07 -0.0275333799629
72.6022062245 -1.1660332655e-07 -0.0275096170553
72.6650380775 -1.16382781634e-07 -0.027485895074
72.7278699306 -1.16162874875e-07 -0.0274622139133
72.7907017837 -1.15943601831e-07 -0.027438573469
72.8535336367 -1.15724960725e-07 -0.0274149736351
72.9163654898 -1.15506949339e-07 -0.0273914143081
72.9791973429 -1.15289563229e-07 -0.0273678953838
73.042029196 -1.1507280373e-07 -0.0273444167579
73.104861049 -1.14856663735e-07 -0.0273209783278
73.1676929021 -1.14641145466e-07 -0.0272975799901
73.2305247552 -1.14426243147e-07 -0.0272742216421
73.2933566082 -1.14211955005e-07 -0.0272509031816
73.3561884613 -1.13998281037e-07 -0.0272276245069
73.4190203144 -1.1378521636e-07 -0.0272043855164
73.4818521675 -1.13572758753e-07 -0.0271811861082
73.5446840205 -1.13360906884e-07 -0.027158026182
73.6075158736 -1.13149658532e-07 -0.0271349056371
73.6703477267 -1.12939010144e-07 -0.0271118243733
73.7331795798 -1.12728960833e-07 -0.0270887822903
73.7960114328 -1.12519507489e-07 -0.0270657792893
73.8588432859 -1.12310647893e-07 -0.0270428152704
73.921675139 -1.12102378935e-07 -0.0270198901351
73.984506992 -1.1189470106e-07 -0.0269970037847
74.0473388451 -1.11687608939e-07 -0.026974156121
74.1101706982 -1.1148110346e-07 -0.0269513470465
74.1730025513 -1.11275179293e-07 -0.0269285764628
74.2358344043 -1.11069835107e-07 -0.0269058442737
74.2986662574 -1.10865069569e-07 -0.0268831503814
74.3614981105 -1.10660880015e-07 -0.0268604946897
74.4243299635 -1.10457264668e-07 -0.0268378771026
74.4871618166 -1.10254219976e-07 -0.0268152975238
74.5499936697 -1.1005174505e-07 -0.0267927558578
74.6128255228 -1.09849838559e-07 -0.0267702520091
74.6756573758 -1.09648496061e-07 -0.0267477858836
74.7384892289 -1.09447716223e-07 -0.0267253573855
74.801321082 -1.09247499047e-07 -0.0267029664214
74.864152935 -1.09047839647e-07 -0.0266806128967
74.9269847881 -1.08848738023e-07 -0.0266582967178
74.9898166412 -1.08650188402e-07 -0.0266360177913
75.0526484943 -1.08452194336e-07 -0.0266137760244
75.1154803473 -1.08254747833e-07 -0.026591571324
75.1783122004 -1.08057851111e-07 -0.0265694035979
75.2411440535 -1.07861501064e-07 -0.0265472727535
75.3039759065 -1.07665695914e-07 -0.0265251786996
75.3668077596 -1.07470431221e-07 -0.0265031213442
75.4296396127 -1.07275706984e-07 -0.0264811005961
75.4924714658 -1.0708152276e-07 -0.0264591163643
75.5553033188 -1.06887872775e-07 -0.0264371685586
75.6181351719 -1.06694758362e-07 -0.0264152570881
75.680967025 -1.06502176855e-07 -0.0263933818631
75.743798878 -1.06310123815e-07 -0.0263715427937
75.8066307311 -1.06118599241e-07 -0.0263497397902
75.8694625842 -1.05927601801e-07 -0.0263279727641
75.9322944373 -1.0573712883e-07 -0.026306241626
75.9951262903 -1.05547176776e-07 -0.0262845462877
76.0579581434 -1.05357746971e-07 -0.0262628866606
76.1207899965 -1.05168835418e-07 -0.0262412626566
76.1836218496 -1.04980439897e-07 -0.0262196741887
76.2464537026 -1.04792559963e-07 -0.0261981211685
76.3092855557 -1.04605192508e-07 -0.0261766035096
76.3721174088 -1.04418335312e-07 -0.0261551211252
76.4349492618 -1.04231987486e-07 -0.0261336739281
76.4977811149 -1.0404614903e-07 -0.0261122618325
76.560612968 -1.03860813283e-07 -0.0260908847522
76.6234448211 -1.0367598291e-07 -0.0260695426018
76.6862766741 -1.03491651693e-07 -0.0260482352954
76.7491085272 -1.03307822297e-07 -0.0260269627485
76.8119403803 -1.03124491169e-07 -0.0260057248752
76.8747722333 -1.02941656088e-07 -0.0259845215919
76.9376040864 -1.02759312615e-07 -0.0259633528136
77.0004359395 -1.02577464745e-07 -0.0259422184566
77.0632677926 -1.02396106705e-07 -0.0259211184371
77.1260996456 -1.02215239384e-07 -0.0259000526717
77.1889314987 -1.02034855676e-07 -0.0258790210766
77.2517633518 -1.01854961354e-07 -0.0258580235694
77.3145952048 -1.01675547093e-07 -0.0258370600667
77.3774270579 -1.01496618221e-07 -0.0258161304872
77.440258911 -1.01318167189e-07 -0.0257952347479
77.5030907641 -1.01140194886e-07 -0.025774372767
77.5659226171 -1.00962700422e-07 -0.0257535444627
77.6287544702 -1.00785680246e-07 -0.0257327497542
77.6915863233 -1.00609133913e-07 -0.0257119885598
77.7544181763 -1.00433056982e-07 -0.0256912607988
77.8172500294 -1.00257452562e-07 -0.0256705663907
77.8800818825 -1.00082315768e-07 -0.0256499052552
77.9429137356 -9.99076434915e-08 -0.0256292773117
78.0057455886 -9.97334388408e-08 -0.0256086824814
78.0685774417 -9.95596947106e-08 -0.0255881206837
78.1314092948 -9.93864142096e-08 -0.0255675918399
78.1942411478 -9.9213593785e-08 -0.0255470958708
78.2570730009 -9.90412294399e-08 -0.0255266326974
78.319904854 -9.88693220627e-08 -0.0255062022413
78.3827367071 -9.86978712092e-08 -0.0254858044242
78.4455685601 -9.85268742149e-08 -0.0254654391679
78.5084004132 -9.83563266388e-08 -0.0254451063948
78.5712322663 -9.81862293692e-08 -0.0254248060273
78.6340641194 -9.80165815179e-08 -0.0254045379875
78.6968959724 -9.78473817526e-08 -0.0253843021993
78.7597278255 -9.76786247442e-08 -0.0253640985851
78.8225596786 -9.75103127132e-08 -0.025343927069
78.8853915316 -9.73424429951e-08 -0.0253237875743
78.9482233847 -9.71750138135e-08 -0.0253036800245
79.0110552378 -9.70080242801e-08 -0.0252836043442
79.0738870909 -9.68414712865e-08 -0.0252635604578
79.1367189439 -9.66753535003e-08 -0.0252435482898
79.199550797 -9.65096718097e-08 -0.025223567765
79.2623826501 -9.63444213298e-08 -0.0252036188088
79.3252145031 -9.61796025045e-08 -0.0251837013462
79.3880463562 -9.60152140017e-08 -0.0251638153025
79.4508782093 -9.5851254045e-08 -0.0251439606041
79.5137100624 -9.5687720858e-08 -0.025124137177
79.5765419154 -9.55246126644e-08 -0.0251043449471
79.6393737685 -9.53619294641e-08 -0.0250845838412
79.7022056216 -9.51996663723e-08 -0.0250648537855
79.7650374746 -9.50378247211e-08 -0.0250451547074
79.8278693277 -9.48764040665e-08 -0.0250254865342
79.8907011808 -9.47153999675e-08 -0.025005849193
79.9535330339 -9.45548119802e-08 -0.0249862426116
80.0163648869 -9.43946401044e-08 -0.0249666667177
80.07919674 -9.42348812316e-08 -0.0249471214399
80.1420285931 -9.40755358059e-08 -0.0249276067059
80.2048604461 -9.39165993863e-08 -0.0249081224444
80.2676922992 -9.3758072417e-08 -0.0248886685842
80.3305241523 -9.35999522333e-08 -0.0248692450545
80.3933560054 -9.34422410559e-08 -0.0248498517843
80.4561878584 -9.32849339996e-08 -0.0248304887029
80.5190197115 -9.31280292882e-08 -0.0248111557402
80.5818515646 -9.29715282538e-08 -0.024791852826
80.6446834176 -9.28154277879e-08 -0.02477257989
80.7075152707 -9.26597256701e-08 -0.024753336863
80.7703471238 -9.25044223443e-08 -0.0247341236755
80.8331789769 -9.23495169225e-08 -0.0247149402577
80.8960108299 -9.21950049637e-08 -0.0246957865411
80.958842683 -9.20408882443e-08 -0.0246766624565
81.0216745361 -9.18871636557e-08 -0.0246575679355
81.0845063892 -9.17338303097e-08 -0.0246385029098
81.1473382422 -9.15808859858e-08 -0.0246194673106
81.2101700953 -9.14283320164e-08 -0.0246004610702
81.2730019484 -9.12761648486e-08 -0.0245814841213
81.3358338014 -9.11243827062e-08 -0.0245625363954
81.3986656545 -9.09729842569e-08 -0.0245436178259
81.4614975076 -9.0821971277e-08 -0.0245247283453
81.5243293607 -9.06713388815e-08 -0.0245058678868
81.5871612137 -9.05210879587e-08 -0.0244870363831
81.6499930668 -9.03712171763e-08 -0.0244682337682
81.7128249199 -9.02217225374e-08 -0.0244494599756
81.7756567729 -9.00726062625e-08 -0.0244307149391
81.838488626 -8.99238643548e-08 -0.0244119985929
81.9013204791 -8.97754981466e-08 -0.0243933108711
81.9641523322 -8.96275040851e-08 -0.0243746517079
82.0269841852 -8.94798812823e-08 -0.0243560210387
82.0898160383 -8.93326288498e-08 -0.0243374187977
82.1526478914 -8.91857467877e-08 -0.0243188449202
82.2154797444 -8.90392315434e-08 -0.0243002993413
82.2783115975 -8.88930840048e-08 -0.0242817819966
82.3411434506 -8.8747303284e-08 -0.0242632928218
82.4039753037 -8.86018831636e-08 -0.0242448317526
82.4668071567 -8.84568285286e-08 -0.0242263987248
82.5296390098 -8.83121344941e-08 -0.0242079936752
82.5924708629 -8.81678023923e-08 -0.0241896165397
82.6553027159 -8.80238282264e-08 -0.0241712672554
82.718134569 -8.78802133286e-08 -0.0241529457587
82.7809664221 -8.77369559227e-08 -0.0241346519863
82.8437982752 -8.75940528999e-08 -0.0241163858761
82.9066301282 -8.74515042604e-08 -0.024098147365
82.9694619813 -8.73093104481e-08 -0.0240799363909
83.0322938344 -8.71674687986e-08 -0.0240617528916
83.0951256875 -8.70259766472e-08 -0.0240435968042
83.1579575405 -8.68848339941e-08 -0.0240254680678
83.2207893936 -8.67440426155e-08 -0.0240073666203
83.2836212467 -8.66035976266e-08 -0.0239892924002
83.3464530997 -8.64634990272e-08 -0.0239712453464
83.4092849528 -8.63237454851e-08 -0.0239532253969
83.4721168059 -8.6184335224e-08 -0.023935232492
83.534948659 -8.60452677998e-08 -0.0239172665704
83.597780512 -8.59065441006e-08 -0.0238993275709
83.6606123651 -8.57681596855e-08 -0.0238814154339
83.7234442182 -8.56301145546e-08 -0.0238635300992
83.7862760712 -8.5492409152e-08 -0.0238456715066
83.8491079243 -8.53550394808e-08 -0.0238278395956
83.9119397774 -8.52180068733e-08 -0.0238100343071
83.9747716305 -8.50813108855e-08 -0.0237922555814
84.0376034835 -8.49449470763e-08 -0.0237745033595
84.1004353366 -8.48089154459e-08 -0.0237567775816
84.1632671897 -8.46732173265e-08 -0.0237390781896
84.2260990427 -8.45378482772e-08 -0.0237214051239
84.2889308958 -8.4402808298e-08 -0.0237037583262
84.3517627489 -8.42680991653e-08 -0.0236861377381
84.414594602 -8.41337168822e-08 -0.0236685433008
84.477426455 -8.39996596724e-08 -0.023650974957
84.5402583081 -8.38659306446e-08 -0.0236334326484
84.6030901612 -8.37325222491e-08 -0.0236159163166
84.6659220142 -8.35994393711e-08 -0.0235984259052
84.7287538673 -8.34666780136e-08 -0.0235809613561
84.7915857204 -8.33342364004e-08 -0.023563522612
84.8544175735 -8.32021163077e-08 -0.0235461096157
84.9172494265 -8.3070314183e-08 -0.0235287223104
84.9800812796 -8.29388322465e-08 -0.0235113606397
85.0429131327 -8.28076647252e-08 -0.0234940245464
85.1057449857 -8.26768142836e-08 -0.0234767139746
85.1685768388 -8.2546277369e-08 -0.0234594288677
85.2314086919 -8.241605709e-08 -0.0234421691699
85.294240545 -8.22861476735e-08 -0.0234249348248
85.357072398 -8.21565500075e-08 -0.0234077257772
85.4199042511 -8.20272614277e-08 -0.0233905419712
85.4827361042 -8.18982863748e-08 -0.0233733833514
85.5455679573 -8.17696181876e-08 -0.0233562498624
85.6083998103 -8.16412577542e-08 -0.0233391414491
85.6712316634 -8.15132046306e-08 -0.0233220580569
85.7340635165 -8.13854561521e-08 -0.0233049996306
85.7968953695 -8.12580145393e-08 -0.0232879661157
85.8597272226 -8.11308749071e-08 -0.0232709574578
85.9225590757 -8.10040385879e-08 -0.0232539736025
85.9853909288 -8.08775051375e-08 -0.0232370144958
86.0482227818 -8.07512714474e-08 -0.0232200800832
86.1110546349 -8.06253375174e-08 -0.0232031703115
86.173886488 -8.04997037918e-08 -0.0231862851265
86.236718341 -8.03743662736e-08 -0.0231694244748
86.2995501941 -8.02493285157e-08 -0.0231525883035
86.3623820472 -8.01245851889e-08 -0.0231357765588
86.4252139003 -8.00001376255e-08 -0.023118989188
86.4880457533 -7.98759836051e-08 -0.0231022261375
86.5508776064 -7.975212446e-08 -0.0230854873554
86.6137094595 -7.96285553051e-08 -0.0230687727888
86.6765413125 -7.95052801372e-08 -0.0230520823852
86.7393731656 -7.93822949596e-08 -0.0230354160921
86.8022050187 -7.92595975518e-08 -0.0230187738574
86.8650368718 -7.91371901343e-08 -0.0230021556292
86.9278687248 -7.90150713748e-08 -0.0229855613559
86.9907005779 -7.88932377205e-08 -0.022968990985
87.053532431 -7.87716909478e-08 -0.0229524444658
87.116364284 -7.86504301686e-08 -0.0229359217465
87.1791961371 -7.8529450942e-08 -0.022919422776
87.2420279902 -7.84087559325e-08 -0.0229029475031
87.3048598433 -7.82883446959e-08 -0.0228864958766
87.3676916963 -7.81682132356e-08 -0.0228700678461
87.4305235494 -7.80483646601e-08 -0.0228536633606
87.4933554025 -7.79287931962e-08 -0.0228372823698
87.5561872555 -7.78095019527e-08 -0.0228209248228
87.6190191086 -7.76904891531e-08 -0.0228045906701
87.6818509617 -7.75717525769e-08 -0.022788279861
87.7446828148 -7.74532904479e-08 -0.0227719923463
87.8075146678 -7.73351063188e-08 -0.0227557280749
87.8703465209 -7.72171957486e-08 -0.0227394869979
87.933178374 -7.70995596255e-08 -0.0227232690662
87.9960102271 -7.6982194841e-08 -0.0227070742297
88.0588420801 -7.68651022831e-08 -0.0226909024398
88.1216739332 -7.67482815078e-08 -0.0226747536465
88.1845057863 -7.66317294065e-08 -0.0226586278015
88.2473376393 -7.65154477556e-08 -0.0226425248555
88.3101694924 -7.63994347786e-08 -0.0226264447603
88.3730013455 -7.62836895873e-08 -0.022610387467
88.4358331986 -7.61682108497e-08 -0.0225943529273
88.4986650516 -7.60529990096e-08 -0.0225783410932
88.5614969047 -7.59380509585e-08 -0.0225623519162
88.6243287578 -7.58233675846e-08 -0.022546385348
88.6871606108 -7.57089488879e-08 -0.0225304413411
88.7499924639 -7.55947908715e-08 -0.0225145198479
88.812824317 -7.54808970882e-08 -0.0224986208208
88.8756561701 -7.53672622089e-08 -0.0224827442118
88.9384880231 -7.52538897864e-08 -0.022466889974
89.0013198762 -7.51407762678e-08 -0.02245105806
89.0641517293 -7.50279207651e-08 -0.0224352484227
89.1269835823 -7.49153241664e-08 -0.0224194610158
89.1898154354 -7.48029838071e-08 -0.0224036957917
89.2526472885 -7.46908992433e-08 -0.0223879527043
89.3154791416 -7.45790718071e-08 -0.0223722317061
89.3783109946 -7.44674992781e-08 -0.0223565327514
89.4411428477 -7.43561772154e-08 -0.0223408557942
89.5039747008 -7.42451118363e-08 -0.0223252007877
89.5668065538 -7.41342991439e-08 -0.0223095676865
89.6296384069 -7.40237364738e-08 -0.0222939564442
89.69247026 -7.39134233818e-08 -0.0222783670151
89.7553021131 -7.38033638648e-08 -0.0222627993535
89.8181339661 -7.36935508172e-08 -0.0222472534139
89.8809658192 -7.35839886801e-08 -0.0222317291515
89.9437976723 -7.34746730124e-08 -0.02221622652
90.0066295253 -7.33656051466e-08 -0.0222007454754
90.0694613784 -7.32567833062e-08 -0.0221852859718
90.1322932315 -7.31482057148e-08 -0.0221698479643
90.1951250846 -7.30398732607e-08 -0.0221544314087
90.2579569376 -7.29317863879e-08 -0.0221390362601
90.3207887907 -7.28239410996e-08 -0.0221236624741
90.3836206438 -7.27163396164e-08 -0.0221083100057
90.4464524969 -7.26089801617e-08 -0.0220929788116
90.5092843499 -7.25018614034e-08 -0.022077668847
90.572116203 -7.23949820092e-08 -0.0220623800679
90.6349480561 -7.22883446436e-08 -0.0220471124306
90.6977799091 -7.21819444216e-08 -0.0220318658913
90.7606117622 -7.20757822315e-08 -0.0220166404065
90.8234436153 -7.19698594054e-08 -0.0220014359324
90.8862754684 -7.18641715025e-08 -0.0219862524254
90.9491073214 -7.17587202992e-08 -0.0219710898424
91.0119391745 -7.16535071277e-08 -0.0219559481403
91.0747710276 -7.15485235503e-08 -0.021940827276
91.1376028806 -7.14437771165e-08 -0.0219257272064
91.2004347337 -7.13392629414e-08 -0.0219106478888
91.2632665868 -7.12349805809e-08 -0.0218955892802
91.3260984399 -7.11309322554e-08 -0.0218805513385
91.3889302929 -7.10271130799e-08 -0.0218655340211
91.451762146 -7.0923525719e-08 -0.0218505372856
91.5145939991 -7.08201679522e-08 -0.0218355610896
91.5774258521 -7.07170393355e-08 -0.021820605391
91.6402577052 -7.06141376483e-08 -0.0218056701478
91.7030895583 -7.05114664434e-08 -0.0217907553182
91.7659214114 -7.04090195036e-08 -0.0217758608605
91.8287532644 -7.03068003816e-08 -0.0217609867324
91.8915851175 -7.02048064127e-08 -0.0217461328932
91.9544169706 -7.0103037153e-08 -0.021731299301
92.0172488236 -7.00014939348e-08 -0.0217164859145
92.0800806767 -6.99001732052e-08 -0.0217016926925
92.1429125298 -6.97990758525e-08 -0.0216869195941
92.2057443829 -6.96982001003e-08 -0.0216721665777
92.2685762359 -6.95975459486e-08 -0.0216574336031
92.331408089 -6.94971142856e-08 -0.0216427206292
92.3942399421 -6.93969024468e-08 -0.0216280276153
92.4570717951 -6.92969077676e-08 -0.0216133545209
92.5199036482 -6.91971360212e-08 -0.0215987013057
92.5827355013 -6.90975805462e-08 -0.0215840679291
92.6455673544 -6.89982453395e-08 -0.021569454351
92.7083992074 -6.88991232956e-08 -0.0215548605314
92.7712310605 -6.88002210758e-08 -0.0215402864302
92.8340629136 -6.87015329071e-08 -0.0215257320071
92.8968947667 -6.8603062342e-08 -0.0215111972231
92.9597266197 -6.85048036075e-08 -0.0214966820379
93.0225584728 -6.84067593681e-08 -0.021482186412
93.0853903259 -6.83089296238e-08 -0.0214677103061
93.1482221789 -6.82113125983e-08 -0.021453253681
93.211054032 -6.81139065151e-08 -0.0214388164971
93.2738858851 -6.80167127065e-08 -0.0214243987151
93.3367177382 -6.79197320608e-08 -0.0214100002963
93.3995495912 -6.78229565843e-08 -0.0213956212015
93.4623814443 -6.77263947146e-08 -0.0213812613925
93.5252132974 -6.76300393465e-08 -0.0213669208295
93.5880451504 -6.75338944767e-08 -0.0213525994744
93.6508770035 -6.74379561083e-08 -0.0213382972891
93.7137088566 -6.73422246855e-08 -0.0213240142346
93.7765407097 -6.72467010965e-08 -0.0213097502725
93.8393725627 -6.71513817885e-08 -0.021295505365
93.9022044158 -6.70562703142e-08 -0.021281279474
93.9650362689 -6.69613640092e-08 -0.0212670725605
94.0278681219 -6.68666588766e-08 -0.0212528845883
94.090699975 -6.67721593572e-08 -0.0212387155178
94.1535318281 -6.66778618985e-08 -0.0212245653126
94.2163636812 -6.65837665004e-08 -0.0212104339344
94.2791955342 -6.64898753833e-08 -0.0211963213457
94.3420273873 -6.63961836622e-08 -0.0211822275094
94.4048592404 -6.63026931136e-08 -0.0211681523878
94.4676910934 -6.62094024051e-08 -0.021154095944
94.5305229465 -6.61163115367e-08 -0.0211400581411
94.5933547996 -6.60234191763e-08 -0.0211260389411
94.6561866527 -6.59307248796e-08 -0.0211120383082
94.7190185057 -6.58382290908e-08 -0.0210980562052
94.7818503588 -6.57459300335e-08 -0.0210840925949
94.8446822119 -6.56538277077e-08 -0.021070147441
94.9075140649 -6.55619230017e-08 -0.021056220707
94.970345918 -6.54702123626e-08 -0.0210423123563
95.0331777711 -6.53786975668e-08 -0.0210284223532
95.0960096242 -6.52873768381e-08 -0.0210145506606
95.1588414772 -6.51962484e-08 -0.0210006972427
95.2216733303 -6.51053153611e-08 -0.0209868620635
95.2845051834 -6.5014575501e-08 -0.0209730450868
95.3473370365 -6.49240270434e-08 -0.0209592462769
95.4101688895 -6.4833668656e-08 -0.0209454655982
95.4730007426 -6.4743502115e-08 -0.0209317030149
95.5358325957 -6.4653528753e-08 -0.0209179584909
95.5986644487 -6.45637432406e-08 -0.0209042319915
95.6614963018 -6.44741473543e-08 -0.0208905234807
95.7243281549 -6.43847397619e-08 -0.0208768329234
95.787160008 -6.42955200192e-08 -0.0208631602845
95.849991861 -6.42064907908e-08 -0.020849505529
95.9128237141 -6.41176485239e-08 -0.0208358686213
95.9756555672 -6.40289914422e-08 -0.020822249527
96.0384874202 -6.39405217662e-08 -0.0208086482108
96.1013192733 -6.38522381635e-08 -0.0207950646387
96.1641511264 -6.37641388579e-08 -0.0207814987752
96.2269829795 -6.36762238493e-08 -0.0207679505858
96.2898148325 -6.35884958022e-08 -0.0207544200364
96.3526466856 -6.35009489436e-08 -0.0207409070925
96.4154785387 -6.34135854938e-08 -0.0207274117196
96.4783103917 -6.33264045646e-08 -0.0207139338836
96.5411422448 -6.32394079325e-08 -0.0207004735507
96.6039740979 -6.31525907124e-08 -0.0206870306864
96.666805951 -6.30659533485e-08 -0.0206736052566
96.729637804 -6.2979497617e-08 -0.0206601972279
96.7924696571 -6.2893223518e-08 -0.0206468065663
96.8553015102 -6.28071279429e-08 -0.0206334332377
96.9181333632 -6.2721212668e-08 -0.0206200772096
96.9809652163 -6.26354736966e-08 -0.0206067384476
97.0437970694 -6.25499163576e-08 -0.0205934169184
97.1066289225 -6.24645326575e-08 -0.0205801125886
97.1694607755 -6.23793279253e-08 -0.0205668254246
97.2322926286 -6.22942981643e-08 -0.0205535553947
97.2951244817 -6.22094482594e-08 -0.0205403024638
97.3579563347 -6.21247711052e-08 -0.0205270666005
97.4207881878 -6.20402684781e-08 -0.0205138477708
97.4836200409 -6.19559417103e-08 -0.0205006459427
97.546451894 -6.18717890255e-08 -0.0204874610826
97.609283747 -6.17878095355e-08 -0.0204742931585
97.6721156001 -6.17040045725e-08 -0.0204611421377
97.7349474532 -6.16203705839e-08 -0.0204480079877
97.7977793063 -6.15369089019e-08 -0.0204348906756
97.8606111593 -6.14536217469e-08 -0.0204217901696
97.9234430124 -6.13705020136e-08 -0.0204087064376
97.9862748655 -6.12875559192e-08 -0.0203956394467
98.0491067185 -6.1204780355e-08 -0.0203825891655
98.1119385716 -6.1122169992e-08 -0.0203695555617
98.1747704247 -6.10397323797e-08 -0.020356538603
98.2376022778 -6.09574648536e-08 -0.0203435382585
98.3004341308 -6.08753638609e-08 -0.0203305544956
98.3632659839 -6.07934325103e-08 -0.0203175872831
98.426097837 -6.0711666805e-08 -0.0203046365891
98.48892969 -6.06300711858e-08 -0.0202917023822
98.5517615431 -6.05486394356e-08 -0.0202787846309
98.6145933962 -6.04673728866e-08 -0.020265883304
98.6774252493 -6.03862742032e-08 -0.0202529983698
98.7402571023 -6.03053398329e-08 -0.0202401297978
98.8030889554 -6.02245719961e-08 -0.0202272775562
98.8659208085 -6.01439658077e-08 -0.0202144416145
98.9287526615 -6.00635230441e-08 -0.0202016219414
98.9915845146 -5.9983246814e-08 -0.020188818506
99.0544163677 -5.99031313442e-08 -0.0201760312778
99.1172482208 -5.98231801874e-08 -0.0201632602258
99.1800800738 -5.9743390235e-08 -0.0201505053192
99.2429119269 -5.96637610428e-08 -0.0201377665274
99.30574378 -5.95842939433e-08 -0.0201250438207
99.368575633 -5.95049862717e-08 -0.0201123371677
99.4314074861 -5.94258415809e-08 -0.0200996465385
99.4942393392 -5.93468540977e-08 -0.020086971903
99.5570711923 -5.92680278189e-08 -0.0200743132305
99.6199030453 -5.91893600799e-08 -0.0200616704915
99.6827348984 -5.91108508807e-08 -0.0200490436553
99.7455667515 -5.90325002214e-08 -0.0200364326927
99.8083986045 -5.89543058815e-08 -0.0200238375734
99.8712304576 -5.88762700815e-08 -0.020011258267
99.9340623107 -5.87983910449e-08 -0.0199986947446
99.9968941638 -5.87206669955e-08 -0.0199861469759
100.059726017 -5.86431001537e-08 -0.0199736149323
100.12255787 -5.85656900753e-08 -0.0199610985834
100.185389723 -5.84884332078e-08 -0.0199485978997
100.248221576 -5.84113326596e-08 -0.0199361128528
100.311053429 -5.83343862104e-08 -0.0199236434121
100.373885282 -5.82575943042e-08 -0.0199111895492
100.436717135 -5.81809542766e-08 -0.019898751235
100.499548988 -5.81044670156e-08 -0.0198863284401
100.562380841 -5.80281342977e-08 -0.0198739211353
100.625212694 -5.7951952126e-08 -0.0198615292919
100.688044548 -5.78759231651e-08 -0.0198491528816
100.750876401 -5.78000456386e-08 -0.0198367918745
100.813708254 -5.77243186584e-08 -0.0198244462427
100.876540107 -5.76487422244e-08 -0.0198121159572
100.93937196 -5.75733163366e-08 -0.0197998009897
101.002203813 -5.7498040551e-08 -0.0197875013117
101.065035666 -5.74229139794e-08 -0.0197752168939
101.127867519 -5.73479361776e-08 -0.0197629477094
101.190699372 -5.72731071458e-08 -0.0197506937288
101.253531225 -5.71984264397e-08 -0.019738454924
101.316363078 -5.71238936153e-08 -0.0197262312676
101.379194931 -5.70495086727e-08 -0.0197140227304
101.442026784 -5.69752693913e-08 -0.0197018292854
101.504858637 -5.69011779916e-08 -0.0196896509038
101.567690491 -5.68272326973e-08 -0.0196774875587
101.630522344 -5.67534335083e-08 -0.0196653392212
101.693354197 -5.66797804247e-08 -0.0196532058641
101.75618605 -5.66062707819e-08 -0.01964108746
101.819017903 -5.65329063562e-08 -0.0196289839809
101.881849756 -5.64596867036e-08 -0.0196168953991
101.944681609 -5.63866118242e-08 -0.0196048216879
102.007513462 -5.63136786091e-08 -0.0195927628192
102.070345315 -5.62408910554e-08 -0.0195807187654
102.133177168 -5.61682438338e-08 -0.0195686895003
102.196009021 -5.60957404971e-08 -0.0195566749957
102.258840874 -5.60233788249e-08 -0.0195446752251
102.321672727 -5.59511597054e-08 -0.0195326901615
102.38450458 -5.58790795857e-08 -0.0195207197772
102.447336434 -5.58071429069e-08 -0.0195087640453
102.510168287 -5.57353470043e-08 -0.0194968229397
102.57300014 -5.56636887694e-08 -0.0194848964335
102.635831993 -5.55921735312e-08 -0.0194729844991
102.698663846 -5.55207950725e-08 -0.0194610871102
102.761495699 -5.5449556946e-08 -0.0194492042409
102.824327552 -5.53784587076e-08 -0.0194373358639
102.887159405 -5.53074954723e-08 -0.0194254819532
102.949991258 -5.52366730133e-08 -0.0194136424818
103.012823111 -5.51659868897e-08 -0.0194018174238
103.075654964 -5.5095439766e-08 -0.0193900067526
103.138486817 -5.50250285336e-08 -0.0193782104424
103.20131867 -5.49547531925e-08 -0.0193664284666
103.264150523 -5.4884615075e-08 -0.0193546607995
103.326982377 -5.48146128487e-08 -0.0193429074147
103.38981423 -5.47447460697e-08 -0.0193311682866
103.452646083 -5.46750147379e-08 -0.0193194433893
103.515477936 -5.46054166328e-08 -0.0193077326967
103.578309789 -5.4535953975e-08 -0.0192960361826
103.641141642 -5.44666267643e-08 -0.019284353822
103.703973495 -5.43974314482e-08 -0.0192726855895
103.766805348 -5.43283720233e-08 -0.019261031458
103.829637201 -5.42594413844e-08 -0.0192493914039
103.892469054 -5.4190647969e-08 -0.0192377654004
103.955300907 -5.41219842276e-08 -0.0192261534227
104.01813276 -5.40534528248e-08 -0.019214555445
104.080964613 -5.39850542047e-08 -0.0192029714424
104.143796467 -5.39167852587e-08 -0.0191914013895
104.20662832 -5.38486495394e-08 -0.0191798452614
104.269460173 -5.37806430501e-08 -0.0191683030323
104.332292026 -5.3712767123e-08 -0.0191567746784
104.395123879 -5.36450199817e-08 -0.0191452601731
104.457955732 -5.3577404735e-08 -0.0191337594928
104.520787585 -5.35099191623e-08 -0.0191222726119
104.583619438 -5.34425605991e-08 -0.019110799506
104.646451291 -5.33753303777e-08 -0.0190993401503
104.709283144 -5.33082307186e-08 -0.0190878945192
104.772114997 -5.32412576248e-08 -0.0190764625899
104.83494685 -5.31744124288e-08 -0.0190650443366
104.897778703 -5.31076955745e-08 -0.0190536397348
104.960610556 -5.30411052857e-08 -0.0190422487604
105.02344241 -5.29746406741e-08 -0.0190308713885
105.086274263 -5.29083021839e-08 -0.0190195075954
105.149106116 -5.28420907031e-08 -0.0190081573563
105.211937969 -5.27760048996e-08 -0.0189968206473
105.274769822 -5.27100447734e-08 -0.0189854974445
105.337601675 -5.26442098803e-08 -0.0189741877231
105.400433528 -5.2578498444e-08 -0.0189628914593
105.463265381 -5.25129135731e-08 -0.0189516086296
105.526097234 -5.24474508268e-08 -0.0189403392095
105.588929087 -5.23821128695e-08 -0.0189290831751
105.65176094 -5.2316897925e-08 -0.0189178405029
105.714592793 -5.22518068813e-08 -0.0189066111691
105.777424646 -5.21868384062e-08 -0.0188953951501
105.840256499 -5.21219924998e-08 -0.0188841924217
105.903088353 -5.2057269162e-08 -0.0188730029606
105.965920206 -5.19926679488e-08 -0.0188618267435
106.028752059 -5.19281870837e-08 -0.0188506637467
106.091583912 -5.1863827899e-08 -0.0188395139468
106.154415765 -5.17995895066e-08 -0.0188283773209
106.217247618 -5.17354736829e-08 -0.0188172538446
106.280079471 -5.1671476875e-08 -0.0188061434958
106.342911324 -5.16075999712e-08 -0.0187950462504
106.405743177 -5.15438416393e-08 -0.0187839620856
106.46857503 -5.1480205876e-08 -0.018772890978
106.531406883 -5.14166873522e-08 -0.0187618329051
106.594238736 -5.13532882884e-08 -0.0187507878436
106.657070589 -5.12900077965e-08 -0.018739755771
106.719902442 -5.12268458763e-08 -0.0187287366636
106.782734296 -5.11638007517e-08 -0.0187177304993
106.845566149 -5.11008746429e-08 -0.0187067372547
106.908398002 -5.10380657737e-08 -0.0186957569076
106.971229855 -5.09753736999e-08 -0.0186847894354
107.034061708 -5.09127984216e-08 -0.018673834815
107.096893561 -5.08503394947e-08 -0.0186628930241
107.159725414 -5.07879964751e-08 -0.01865196404
107.222557267 -5.07257702509e-08 -0.0186410478405
107.28538912 -5.0663659934e-08 -0.0186301444033
107.348220973 -5.0601663304e-08 -0.0186192537055
107.411052826 -5.05397848016e-08 -0.0186083757252
107.473884679 -5.0478019098e-08 -0.0185975104398
107.536716532 -5.04163670811e-08 -0.0185866578278
107.599548385 -5.03548309716e-08 -0.0185758178668
107.662380239 -5.02934067725e-08 -0.0185649905342
107.725212092 -5.02320975926e-08 -0.0185541758084
107.788043945 -5.01709016554e-08 -0.0185433736673
107.850875798 -5.01098185168e-08 -0.0185325840889
107.913707651 -5.00488490651e-08 -0.0185218070517
107.976539504 -4.9987991968e-08 -0.0185110425334
108.039371357 -4.99272458931e-08 -0.0185002905121
108.10220321 -4.98666121729e-08 -0.0184895509666
108.165035063 -4.98060912513e-08 -0.018478823875
108.227866916 -4.97456804638e-08 -0.0184681092153
108.290698769 -4.96853829191e-08 -0.0184574069664
108.353530622 -4.96251937321e-08 -0.0184467171066
108.416362475 -4.95651177879e-08 -0.0184360396142
108.479194328 -4.95051488691e-08 -0.0184253744681
108.542026182 -4.94452918609e-08 -0.0184147216468
108.604858035 -4.93855445427e-08 -0.0184040811288
108.667689888 -4.93259055823e-08 -0.0183934528927
108.730521741 -4.92663772e-08 -0.0183828369182
108.793353594 -4.92069576197e-08 -0.0183722331829
108.856185447 -4.91476468412e-08 -0.0183616416664
108.9190173 -4.90884435322e-08 -0.0183510623471
108.981849153 -4.90293494693e-08 -0.0183404952043
109.044681006 -4.89703628759e-08 -0.0183299402169
109.107512859 -4.8911483308e-08 -0.0183193973642
109.170344712 -4.88527112097e-08 -0.0183088666246
109.233176565 -4.87940470251e-08 -0.018298347978
109.296008418 -4.873549031e-08 -0.0182878414038
109.358840271 -4.8677037956e-08 -0.0182773468803
109.421672125 -4.86186930715e-08 -0.0182668643871
109.484503978 -4.85604547684e-08 -0.0182563939039
109.547335831 -4.85023217145e-08 -0.0182459354096
109.610167684 -4.84442930215e-08 -0.0182354888842
109.672999537 -4.83863713541e-08 -0.0182250543071
109.73583139 -4.83285540476e-08 -0.0182146316571
109.798663243 -4.82708419902e-08 -0.0182042209143
109.861495096 -4.82132329616e-08 -0.0181938220584
109.924326949 -4.81557309584e-08 -0.0181834350693
109.987158802 -4.80983310958e-08 -0.0181730599262
110.049990655 -4.80410342618e-08 -0.0181626966087
110.112822508 -4.7983842677e-08 -0.0181523450975
110.175654361 -4.79267536768e-08 -0.0181420053715
110.238486214 -4.78697668171e-08 -0.0181316774112
110.301318068 -4.7812882098e-08 -0.018121361196
110.364149921 -4.77561017398e-08 -0.0181110567064
110.426981774 -4.76994226339e-08 -0.0181007639222
110.489813627 -4.76428461127e-08 -0.0180904828237
110.55264548 -4.7586371732e-08 -0.0180802133907
110.615477333 -4.75299986036e-08 -0.0180699556035
110.678309186 -4.74737258394e-08 -0.0180597094427
110.741141039 -4.74175547716e-08 -0.0180494748875
110.803972892 -4.73614858443e-08 -0.0180392519194
110.866804745 -4.73055146166e-08 -0.018029040518
110.929636598 -4.72496446413e-08 -0.018018840664
110.992468451 -4.71938754742e-08 -0.018008652338
111.055300304 -4.71382057832e-08 -0.0179984755199
111.118132157 -4.7082635124e-08 -0.0179883101906
111.180964011 -4.70271634967e-08 -0.0179781563307
111.243795864 -4.69717926777e-08 -0.0179680139209
111.306627717 -4.69165204464e-08 -0.0179578829414
111.36945957 -4.68613441384e-08 -0.0179477633736
111.432291423 -4.68062681946e-08 -0.0179376551976
111.495123276 -4.67512890623e-08 -0.0179275583941
111.557955129 -4.66964116264e-08 -0.0179174729444
111.620786982 -4.66416287814e-08 -0.0179073988298
111.683618835 -4.65869440802e-08 -0.0178973360299
111.746450688 -4.65323561905e-08 -0.0178872845272
111.809282541 -4.64778637799e-08 -0.0178772443011
111.872114394 -4.64234721775e-08 -0.0178672153339
111.934946247 -4.63691733898e-08 -0.0178571976063
111.9977781 -4.63149714136e-08 -0.017847191099
112.060609954 -4.62608675811e-08 -0.0178371957937
112.123441807 -4.62068587836e-08 -0.0178272116711
112.18627366 -4.61529445772e-08 -0.017817238713
112.249105513 -4.609912585e-08 -0.0178072769008
112.311937366 -4.6045403046e-08 -0.0177973262152
112.374769219 -4.59917739448e-08 -0.0177873866382
112.437601072 -4.59382398788e-08 -0.0177774581505
112.500432925 -4.58848012919e-08 -0.017767540734
112.563264778 -4.5831457296e-08 -0.0177576343703
112.626096631 -4.57782061147e-08 -0.017747739041
112.688928484 -4.57250481922e-08 -0.0177378547272
112.751760337 -4.56719848607e-08 -0.017727981411
112.81459219 -4.56190138998e-08 -0.0177181190737
112.877424043 -4.55661366416e-08 -0.0177082676976
112.940255897 -4.55133544186e-08 -0.017698427264
113.00308775 -4.54606610134e-08 -0.0176885977547
113.065919603 -4.5408061311e-08 -0.0176787791513
113.128751456 -4.53555548674e-08 -0.0176689714361
113.191583309 -4.53031407943e-08 -0.0176591745911
113.254415162 -4.52508182036e-08 -0.0176493885975
113.317247015 -4.51985853189e-08 -0.0176396134383
113.380078868 -4.5146445693e-08 -0.0176298490948
113.442910721 -4.5094395773e-08 -0.0176200955493
113.505742574 -4.50424377796e-08 -0.0176103527836
113.568574427 -4.49905721567e-08 -0.0176006207806
113.63140628 -4.49387944634e-08 -0.0175908995218
113.694238133 -4.48871086967e-08 -0.0175811889894
113.757069986 -4.48355126359e-08 -0.0175714891666
113.81990184 -4.4784005393e-08 -0.0175618000346
113.882733693 -4.47325891884e-08 -0.0175521215761
113.945565546 -4.46812609134e-08 -0.0175424537738
114.008397399 -4.46300241208e-08 -0.0175327966096
114.071229252 -4.45788734815e-08 -0.0175231500667
114.134061105 -4.45278152128e-08 -0.0175135141268
114.196892958 -4.44768422092e-08 -0.0175038887725
114.259724811 -4.44259593557e-08 -0.0174942739873
114.322556664 -4.43751639878e-08 -0.0174846697528
114.385388517 -4.43244583259e-08 -0.0174750760519
114.44822037 -4.42738383732e-08 -0.0174654928674
114.511052223 -4.42233059061e-08 -0.0174559201823
114.573884076 -4.4172862701e-08 -0.0174463579788
114.636715929 -4.41225060932e-08 -0.0174368062401
114.699547783 -4.40722356387e-08 -0.017427264949
114.762379636 -4.40220522258e-08 -0.0174177340881
114.825211489 -4.39719567424e-08 -0.017408213641
114.888043342 -4.39219469683e-08 -0.0173987035899
114.950875195 -4.38720242357e-08 -0.017389203918
115.013707048 -4.3822185436e-08 -0.0173797146086
115.076538901 -4.37724314573e-08 -0.0173702356442
115.139370754 -4.37227662964e-08 -0.0173607670084
115.202202607 -4.36731855125e-08 -0.0173513086844
115.26503446 -4.36236882173e-08 -0.0173418606551
115.327866313 -4.35742766314e-08 -0.0173324229037
115.390698166 -4.35249507547e-08 -0.0173229954136
115.453530019 -4.34757092549e-08 -0.0173135781675
115.516361872 -4.3426551688e-08 -0.0173041711498
115.579193726 -4.33774798303e-08 -0.0172947743434
115.642025579 -4.33284910173e-08 -0.0172853877312
115.704857432 -4.32795848049e-08 -0.0172760112974
115.767689285 -4.32307643017e-08 -0.017266645025
115.830521138 -4.31820263991e-08 -0.017257288897
115.893352991 -4.31333710971e-08 -0.0172479428983
115.956184844 -4.3084800172e-08 -0.0172386070109
116.019016697 -4.30363105153e-08 -0.0172292812199
116.08184855 -4.29879034591e-08 -0.0172199655076
116.144680403 -4.2939581224e-08 -0.017210659859
116.207512256 -4.2891338925e-08 -0.0172013642566
116.270344109 -4.2843181447e-08 -0.0171920786846
116.333175962 -4.2795103905e-08 -0.017182803127
116.396007816 -4.27471071873e-08 -0.0171735375674
116.458839669 -4.26991939584e-08 -0.01716428199
116.521671522 -4.26513611096e-08 -0.0171550363784
116.584503375 -4.26036081969e-08 -0.0171458007161
116.647335228 -4.25559387729e-08 -0.0171365749878
116.710167081 -4.25083497291e-08 -0.017127359177
116.772998934 -4.24608379568e-08 -0.0171181532679
116.835830787 -4.24134110055e-08 -0.0171089572444
116.89866264 -4.23660626581e-08 -0.0170997710913
116.961494493 -4.23187938026e-08 -0.0170905947916
117.024326346 -4.22716066595e-08 -0.0170814283302
117.087158199 -4.22244981202e-08 -0.0170722716912
117.149990052 -4.21774681847e-08 -0.0170631248589
117.212821905 -4.21305190734e-08 -0.0170539878171
117.275653759 -4.20836467896e-08 -0.0170448605507
117.338485612 -4.20368566623e-08 -0.0170357430437
117.401317465 -4.19901433624e-08 -0.0170266352802
117.464149318 -4.19435091104e-08 -0.0170175372452
117.526981171 -4.1896953018e-08 -0.0170084489228
117.589813024 -4.18504759736e-08 -0.0169993702975
117.652644877 -4.18040766448e-08 -0.0169903013538
117.71547673 -4.17577559197e-08 -0.0169812420762
117.778308583 -4.17115124662e-08 -0.0169721924495
117.841140436 -4.16653458402e-08 -0.0169631524578
117.903972289 -4.16192555974e-08 -0.0169541220858
117.966804142 -4.15732444026e-08 -0.0169451013187
118.029635995 -4.15273104792e-08 -0.0169360901408
118.092467848 -4.14814529393e-08 -0.016927088537
118.155299702 -4.14356717826e-08 -0.0169180964918
118.218131555 -4.13899683416e-08 -0.01690911399
118.280963408 -4.13443395075e-08 -0.0169001410169
118.343795261 -4.12987883891e-08 -0.016891177557
118.406627114 -4.12533123217e-08 -0.0168822235949
118.469458967 -4.12079108614e-08 -0.0168732791159
118.53229082 -4.11625871166e-08 -0.0168643441053
118.595122673 -4.11173384229e-08 -0.0168554185472
118.657954526 -4.10721665567e-08 -0.016846502427
118.720786379 -4.10270661888e-08 -0.01683759573
118.783618232 -4.09820439806e-08 -0.0168286984413
118.846450085 -4.09370954912e-08 -0.0168198105453
118.909281938 -4.08922202766e-08 -0.0168109320281
118.972113791 -4.08474227775e-08 -0.016802062874
119.034945645 -4.0802697221e-08 -0.0167932030692
119.097777498 -4.07580467154e-08 -0.0167843525981
119.160609351 -4.07134703728e-08 -0.0167755114459
119.223441204 -4.06689668608e-08 -0.0167666795984
119.286273057 -4.06245379558e-08 -0.016757857041
119.34910491 -4.05801814374e-08 -0.0167490437583
119.411936763 -4.05358995259e-08 -0.0167402397369
119.474768616 -4.04916913332e-08 -0.0167314449608
119.537600469 -4.04475541949e-08 -0.0167226594163
119.600432322 -4.04034912194e-08 -0.0167138830888
119.663264175 -4.03595001863e-08 -0.0167051159639
119.726096028 -4.03155833162e-08 -0.0166963580269
119.788927881 -4.02717366121e-08 -0.0166876092636
119.851759734 -4.02279636269e-08 -0.0166788696592
119.914591588 -4.01842612519e-08 -0.0166701391995
119.977423441 -4.01406317074e-08 -0.0166614178707
120.040255294 -4.00970732173e-08 -0.0166527056578
120.103087147 -4.00535884459e-08 -0.016644002547
120.165919 -4.00101738407e-08 -0.0166353085233
120.228750853 -3.99668302897e-08 -0.0166266235735
120.291582706 -3.99235569049e-08 -0.0166179476824
120.354414559 -3.98803550183e-08 -0.0166092808364
120.417246412 -3.98372241861e-08 -0.0166006230216
120.480078265 -3.97941648522e-08 -0.0165919742236
120.542910118 -3.97511739081e-08 -0.0165833344282
120.605741971 -3.97082557946e-08 -0.0165747036218
120.668573824 -3.96654065149e-08 -0.0165660817898
120.731405677 -3.96226274013e-08 -0.0165574689187
120.794237531 -3.95799171216e-08 -0.0165488649943
120.857069384 -3.95372783402e-08 -0.0165402700023
120.919901237 -3.94947088367e-08 -0.0165316839298
120.98273309 -3.94522072789e-08 -0.0165231067622
121.045564943 -3.9409775443e-08 -0.0165145384859
121.108396796 -3.93674137733e-08 -0.0165059790866
121.171228649 -3.93251204933e-08 -0.0164974285513
121.234060502 -3.92828942708e-08 -0.0164888868658
121.296892355 -3.92407404348e-08 -0.0164803540163
121.359724208 -3.91986514359e-08 -0.0164718299891
121.422556061 -3.91566334912e-08 -0.0164633147711
121.485387914 -3.91146830481e-08 -0.0164548083479
121.548219767 -3.90727992183e-08 -0.0164463107066
121.61105162 -3.90309855547e-08 -0.0164378218329
121.673883474 -3.89892380603e-08 -0.0164293417139
121.736715327 -3.89475589557e-08 -0.0164208703353
121.79954718 -3.89059464645e-08 -0.0164124076842
121.862379033 -3.88644028071e-08 -0.0164039537472
121.925210886 -3.88229248749e-08 -0.0163955085105
121.988042739 -3.87815135561e-08 -0.0163870719609
122.050874592 -3.87401701829e-08 -0.016378644085
122.113706445 -3.86988938672e-08 -0.016370224869
122.176538298 -3.86576828326e-08 -0.0163618143003
122.239370151 -3.86165392996e-08 -0.0163534123651
122.302202004 -3.85754614918e-08 -0.01634501905
122.365033857 -3.85344494092e-08 -0.016336634342
122.42786571 -3.84935052722e-08 -0.0163282582283
122.490697563 -3.84526228636e-08 -0.0163198906951
122.553529417 -3.84118110652e-08 -0.0163115317291
122.61636127 -3.83710618834e-08 -0.0163031813179
122.679193123 -3.83303797591e-08 -0.0162948394474
122.742024976 -3.82897620277e-08 -0.0162865061054
122.804856829 -3.82492091333e-08 -0.0162781812782
122.867688682 -3.82087206319e-08 -0.0162698649532
122.930520535 -3.81682991879e-08 -0.0162615571173
122.993352388 -3.81279408046e-08 -0.0162532577576
123.056184241 -3.80876481465e-08 -0.0162449668605
123.119016094 -3.80474203254e-08 -0.0162366844136
123.181847947 -3.80072551209e-08 -0.0162284104041
123.2446798 -3.79671556416e-08 -0.0162201448193
123.307511653 -3.79271183348e-08 -0.0162118876454
123.370343506 -3.78871463091e-08 -0.0162036388704
123.43317536 -3.78472369e-08 -0.0161953984814
123.496007213 -3.78073918839e-08 -0.0161871664655
123.558839066 -3.77676108165e-08 -0.0161789428096
123.621670919 -3.77278941421e-08 -0.0161707275019
123.684502772 -3.76882374198e-08 -0.0161625205283
123.747334625 -3.76486464226e-08 -0.0161543218778
123.810166478 -3.76091184862e-08 -0.0161461315367
123.872998331 -3.7569651834e-08 -0.0161379494923
123.935830184 -3.75302491307e-08 -0.0161297757327
123.998662037 -3.74909072676e-08 -0.0161216102444
124.06149389 -3.74516297974e-08 -0.0161134530155
124.124325743 -3.74124149438e-08 -0.0161053040338
124.187157596 -3.73732595982e-08 -0.016097163286
124.249989449 -3.73341682014e-08 -0.01608903076
124.312821303 -3.72951372007e-08 -0.0160809064437
124.375653156 -3.72561697048e-08 -0.0160727903235
124.438485009 -3.72172626051e-08 -0.016064682389
124.501316862 -3.71784194542e-08 -0.0160565826259
124.564148715 -3.71396340348e-08 -0.0160484910227
124.626980568 -3.71009112321e-08 -0.0160404075671
124.689812421 -3.70622501578e-08 -0.0160323322468
124.752644274 -3.70236508118e-08 -0.0160242650496
124.815476127 -3.69851105297e-08 -0.0160162059628
124.87830798 -3.6946631532e-08 -0.0160081549747
124.941139833 -3.69082120422e-08 -0.0160001120726
125.003971686 -3.68698560571e-08 -0.0159920772452
125.066803539 -3.68315582477e-08 -0.0159840504791
125.129635392 -3.67933203904e-08 -0.0159760317632
125.192467246 -3.67551442615e-08 -0.0159680210848
125.255299099 -3.67170263083e-08 -0.0159600184324
125.318130952 -3.66789691952e-08 -0.0159520237935
125.380962805 -3.66409702579e-08 -0.0159440371563
125.443794658 -3.66030326049e-08 -0.0159360585084
125.506626511 -3.6565155348e-08 -0.0159280878381
125.569458364 -3.65273353786e-08 -0.015920125134
125.632290217 -3.64895766936e-08 -0.0159121703834
