# Status file for ctqmc. Used to save all times t_s, t_e.
2
51
0.4770985828282508 0.2539515113140709 0 0
1.898536215676939 0.8050998947709189 0 0
2.421301055459443 2.09634929247051 0 0
2.786701114954341 2.56354183118584 0 0
3.977732163369843 3.709162250328152 0 0
5.435599249875127 5.406018161734828 0 0
5.491172874016447 5.490762231273507 0 0
11.01957748634009 8.778196426706458 0 0
11.38625475044402 11.2853925427832 0 0
12.57594177026415 12.34098849435311 0 0
15.60369442932977 14.54631055063579 0 0
17.3956124255724 17.36366684725297 0 0
19.85960244846601 19.347997939923 0 0
23.09844314042151 22.55929748630054 0 0
23.45183259025068 23.33998273551095 0 0
26.93606073965372 26.72812342979481 0 0
31.0159487541466 29.91938282421758 0 0
31.51071463962565 31.40706456634034 0 0
32.98427159953539 32.1493127959002 0 0
33.082610680425 33.04412311048008 0 0
35.27570189797957 34.26240681672504 0 0
38.0204134962375 35.2813677857978 0 0
38.4181731297845 38.15156194392565 0 0
39.69924287398519 39.27527867788744 0 0
40.40099858285299 40.16940581351965 0 0
40.6996838844232 40.53423942979092 0 0
41.72435774703156 41.62672258355072 0 0
45.09153419559176 43.28872688482561 0 0
49.05327713026239 45.98299189568174 0 0
52.01832617319958 49.38990361467156 0 0
55.62223215034255 54.12168127185902 0 0
58.17072576272714 56.49076795006918 0 0
60.42118989993351 58.63170104888496 0 0
61.0615875418191 60.92319036286673 0 0
64.57544750875947 61.19981403904339 0 0
65.3898820325261 64.62356584825618 0 0
65.84592707512749 65.40964803410691 0 0
68.11752751959899 67.12488381410024 0 0
70.14951392368773 69.33747277044274 0 0
75.62077830783713 75.144807009567 0 0
77.716349812419 75.93264100793634 0 0
78.32141117129646 78.02826849977657 0 0
81.44939428969447 80.00641032151276 0 0
81.55997324377174 81.5075281524456 0 0
85.58512073929641 82.09333438539939 0 0
86.68952401391626 86.4582080032781 0 0
87.76975154320836 87.68861707424404 0 0
90.89525470080142 88.15285158876911 0 0
91.42427431462119 91.28033214643905 0 0
98.31134557825797 93.29443796829661 0 0
99.3648701982887 98.97740496453787 0 0
46
0.7361098829021415 0.723122316341346 0 0
0.9611587618110243 0.8683716468699693 0 0
2.158876436469446 2.015939176248139 0 0
3.253423167311071 2.723364784541978 0 0
4.834228227833195 3.332182493309858 0 0
5.457710538897842 5.051113546963313 0 0
6.385342344779784 5.616640454480515 0 0
8.676303997705279 6.655601971582439 0 0
11.54953101933844 10.76275252638013 0 0
14.241396354008 11.57461807094909 0 0
14.73205338458677 14.54784470859439 0 0
21.0857747083748 16.70110919126879 0 0
22.4347669229948 21.42825992994648 0 0
23.67405539703085 22.89918600853708 0 0
23.98275574912473 23.81260564827542 0 0
26.40992934677065 23.9983918838868 0 0
29.36101422431075 26.98209726509588 0 0
32.07512181606604 31.66868798819278 0 0
34.61537107297634 32.78556624966223 0 0
35.40150417963216 35.11390427212379 0 0
37.78571150743749 37.73532607023476 0 0
39.33206196117388 38.4267579157812 0 0
42.12119420965058 40.65811488247908 0 0
43.14300552248167 42.41435200365198 0 0
46.06009958929558 45.58437084470228 0 0
48.19741162288207 47.96959858069752 0 0
50.21011330731346 49.84484523824487 0 0
52.71357842956186 52.08428362319972 0 0
54.47893423871044 52.84192728911538 0 0
59.29202400068877 58.75882059872575 0 0
61.29002855710474 61.11526783301267 0 0
62.09229804292522 61.59025068363928 0 0
62.55977239502577 62.52029705423708 0 0
63.76758451383258 63.55205899280337 0 0
67.51100707721871 65.49254988195023 0 0
67.92067850658187 67.89336869995206 0 0
75.57605515868455 67.92732745837657 0 0
78.9849483720736 77.81744519470917 0 0
79.14421186029858 79.07465339340401 0 0
84.08170868234917 83.38747752080489 0 0
86.58689735876553 86.25076312836613 0 0
86.83669928424234 86.65264145255352 0 0
90.57442120202823 90.17054534037261 0 0
93.32329103213027 92.572849500486 0 0
94.70346680394778 94.67057805810676 0 0
99.95529433124679 99.2656829874354 0 0
