# Status file for ctqmc. Used to save all times t_s, t_e.
2
47
0.1460497152968259 0.1058375898212205 0 0
1.819685327508701 1.23060109368128 0 0
3.002936443766167 1.92719874880994 0 0
3.815938386275895 3.570708933205529 0 0
5.419394583259522 4.561290235150251 0 0
6.952308927111106 5.624753490379736 0 0
9.091669884426159 9.006744833187167 0 0
10.81467767493315 10.81173376487627 0 0
12.47105803796215 12.40695521956466 0 0
14.93350405858743 14.79870843994595 0 0
17.65105108654205 17.59569535263898 0 0
20.18348307912992 18.33702940524779 0 0
22.31978749537982 22.09636276322291 0 0
27.99988341245815 27.7770389958109 0 0
28.4822409763153 28.3688361898925 0 0
30.20254041765334 30.1586277750607 0 0
30.68597037537461 30.44147527721505 0 0
37.52151595968573 36.55558268158748 0 0
38.89472898196512 37.76993216615153 0 0
39.17010643194521 39.16871135671026 0 0
40.99950903371316 40.84345427850958 0 0
49.35325043513257 44.60165332991985 0 0
50.6261953134327 50.220695922852 0 0
54.95730548100466 54.31702622235029 0 0
56.98212838515902 55.79057986309564 0 0
60.41934531631919 60.40888205614525 0 0
61.93472925976737 60.7845604248674 0 0
62.36602685941805 62.06305313999304 0 0
63.31349256385839 62.87112882643186 0 0
65.29500609826765 65.07976391690751 0 0
66.00770873953083 65.50213847628628 0 0
69.75613904934863 69.52918459026786 0 0
74.9483000440168 74.517678046238 0 0
77.51000322659806 77.17733124029898 0 0
80.08764481737344 80.0628739011817 0 0
80.38110572644469 80.3605565399383 0 0
87.74656252925949 86.73304740615274 0 0
90.23684914366042 88.55581838414197 0 0
92.21120265334318 90.98728538999757 0 0
94.63093276003814 94.08732264689937 0 0
95.23614274130222 95.04450786727625 0 0
95.55002382791425 95.45082029724141 0 0
95.99506659602402 95.93093835831471 0 0
96.34222858371969 96.22535638224834 0 0
96.63648113355599 96.39521547407635 0 0
97.75849167621401 97.09654107124912 0 0
98.58543431180878 98.03167758905992 0 0
48
1.525952248726 0.3809794334063952 0 0
2.526679095016947 2.053474545599883 0 0
2.624420761858381 2.567000824527302 0 0
3.513089746255242 2.669604970538674 0 0
4.157466243695993 3.712358506201167 0 0
6.507186363949641 6.485230322958495 0 0
10.05036596212386 6.62161883262148 0 0
11.96883884377717 10.17146105981257 0 0
13.11403966806542 12.55680345071939 0 0
18.76531136106056 13.34075173028432 0 0
23.68511549005957 20.22322532116529 0 0
24.22088405945879 24.02838798617319 0 0
31.82842319194003 24.76457452208866 0 0
34.78785429286622 31.91990973514827 0 0
35.50720516285622 34.93956983012333 0 0
42.59185669448134 39.0503730468744 0 0
44.76397390719122 43.0500544159921 0 0
45.82276769714616 45.69826414439176 0 0
49.55350912324665 49.17462511231993 0 0
51.81476735297657 51.02016446927884 0 0
53.85414814531222 52.09892421756673 0 0
55.00835689142272 54.01144437582362 0 0
56.1935517519478 55.05837482504807 0 0
57.5614407437016 56.76067050175444 0 0
59.88320403683201 57.58681871523723 0 0
60.90973939763655 60.01150669650409 0 0
61.35810586744896 61.02468042362977 0 0
64.39879360452096 61.66820973462018 0 0
64.49862823280647 64.42426026646663 0 0
64.95949994018902 64.82770546125467 0 0
68.5895282837396 65.69795866306384 0 0
69.90902916585127 68.70095769325658 0 0
70.83167936115402 69.91077932721707 0 0
73.92258384129705 70.86100507557936 0 0
74.79610957736978 74.08583007046953 0 0
75.81812857793007 74.92872773425448 0 0
77.98158870692123 76.36180851300897 0 0
79.08366652065091 78.48351552813827 0 0
84.07092572874816 79.25216027349023 0 0
86.43392884657506 84.13163455727087 0 0
87.42831045561663 87.15012009241249 0 0
87.53121730959764 87.43346718954976 0 0
88.48606233661582 87.64954469150088 0 0
89.02676333472712 88.72840556705482 0 0
93.47652708673914 89.68380421079863 0 0
96.13754291792908 94.49127375746166 0 0
97.85536416023169 97.75313470796111 0 0
99.41549418585066 98.58560162461558 0 0
