# Status file for ctqmc. Used to save all times t_s, t_e.
2
52
3.499033859824997 0.6451049037964509 0 0
4.067106814419439 3.817400783334269 0 0
6.050445626993046 5.813273109309401 0 0
6.139772536479352 6.106737218205575 0 0
6.278314750941958 6.147526337142106 0 0
6.770927847675861 6.591808473116323 0 0
11.45427137260778 7.928516180389831 0 0
12.50504084101468 11.84688880407036 0 0
12.97728746920408 12.59320838333499 0 0
14.47250092067869 14.168470135905 0 0
17.44881991643353 15.08275878517007 0 0
19.13611912680692 18.14153889465109 0 0
19.30859935406967 19.17235404050341 0 0
22.28822466229401 22.08679644595803 0 0
22.99466655811676 22.90223812503086 0 0
23.62275389720118 23.29676249889858 0 0
24.49224319420491 24.47659159395483 0 0
25.32822837377037 25.26518831720945 0 0
32.00661529406334 26.36413985239977 0 0
33.96427673483741 32.18838946693555 0 0
40.16344406186256 35.22578744895645 0 0
42.50027306341814 40.22740550381764 0 0
47.20824194288994 45.53609911714881 0 0
50.87227691843381 49.43411327480802 0 0
51.79892406867884 51.55610551327502 0 0
55.25273566411602 54.32894973577645 0 0
55.53044110147903 55.44691423401755 0 0
55.74696093143469 55.56567629203096 0 0
58.32124271283147 57.20807170976352 0 0
62.06021500157926 58.47291763544522 0 0
63.88712722811886 63.37266840795576 0 0
65.09707354289939 65.01180592683983 0 0
66.16289164267219 65.12861680994661 0 0
67.83174194404032 67.5074941153849 0 0
71.68603204990509 69.67348634765314 0 0
74.08613183009271 73.34219116084935 0 0
75.5358224827381 74.51223239661559 0 0
75.74862483776838 75.66126489483747 0 0
78.97906527830681 77.8346141523657 0 0
80.37883685101569 80.17234681112375 0 0
81.46400355121318 80.78153454549584 0 0
81.66891791542791 81.57810235864903 0 0
82.1195768805547 81.97228249565916 0 0
83.35187827549832 82.12652427477174 0 0
83.91360337973292 83.36012194330164 0 0
84.5896590839953 83.94317586998099 0 0
86.18774939615378 85.83074663991978 0 0
88.64815451148665 87.52431483665197 0 0
92.66905212713149 90.59414403592859 0 0
94.53330131876693 92.84590865130031 0 0
96.79304538432028 94.73288813020906 0 0
98.48662808661574 96.96006106441349 0 0
47
1.552759107974057 1.524228868452425 0 0
2.247242144381608 1.705081145837721 0 0
3.986085821685661 3.186386099916285 0 0
6.718230116347664 4.096554425534285 0 0
8.312668591216656 7.333906028056145 0 0
14.21261615201365 13.12641389763412 0 0
15.10426379330933 14.83899471072628 0 0
18.08763855725913 17.57704835778819 0 0
22.55565317358548 19.99302985567427 0 0
26.04098238370052 23.46593166928615 0 0
26.74567722642757 26.7438019230467 0 0
27.8687609360972 27.35675771459884 0 0
27.96277060223871 27.8800244799994 0 0
34.01662897644528 33.97676290166787 0 0
34.8566314261103 34.53369600546142 0 0
36.07036247640893 35.90782780174213 0 0
36.6074923149049 36.46187825734393 0 0
39.12939983591433 37.98179673557133 0 0
39.27485975852574 39.22991672655879 0 0
42.37699366008537 42.10624632135599 0 0
43.25622994033665 42.47176661783801 0 0
44.57127152351931 43.38906867656421 0 0
45.34087131111278 44.64192437480941 0 0
47.90766701189987 47.22291297099109 0 0
49.06684955541997 47.90968604084565 0 0
51.39205591287184 51.24137750204615 0 0
53.01949848361433 51.54482308420859 0 0
54.45167865384202 53.10985749326523 0 0
57.9172775338588 55.35848918489616 0 0
60.63111437786218 60.48680323473197 0 0
62.90214883042755 61.43814590589238 0 0
65.15187401698459 62.90674601392173 0 0
68.62489693565048 67.33552936559073 0 0
71.86579571560632 71.78726295806771 0 0
73.16206370628467 71.9330068368232 0 0
74.56771910685137 74.01982521184473 0 0
80.89290086202155 74.93554609229932 0 0
82.54101665474651 82.4190475938781 0 0
85.47788271588446 84.31900865488697 0 0
87.33093700551359 86.56483001365997 0 0
87.66941308517235 87.4271440174995 0 0
88.5942412399273 87.88080223060871 0 0
89.62741231570344 89.18579019596511 0 0
89.83177475735795 89.71830325636746 0 0
92.03582491250707 91.16770867060346 0 0
96.93369261031097 95.23300250941065 0 0
99.91252516141685 98.87906509121458 0 0
