# Status file for ctqmc. Used to save all times t_s, t_e.
2
45
0.3035890711921212 0.9305178802764209 0 0
2.978584361006223 3.463502042936796 0 0
4.903352624123288 4.909998431049813 0 0
7.661732212952744 7.815486338555783 0 0
8.385878689173319 8.6248835198524 0 0
9.92847067262197 10.46447587182556 0 0
11.86924383310278 12.33366354672525 0 0
13.30357780755295 13.45240940264218 0 0
20.63896261420776 23.80106942534516 0 0
24.24921574207937 24.65174198155862 0 0
29.78495311184474 29.93287894304106 0 0
31.11563598003498 32.45790692601327 0 0
32.74343037384329 33.60947178103566 0 0
34.14115819320821 34.66133804199998 0 0
34.66147419648792 42.331743636558 0 0
42.69695978800872 44.50537162033402 0 0
44.50684866628971 45.03674034507828 0 0
46.3271311542558 46.39109623661549 0 0
46.40245976003798 47.10769283199852 0 0
49.33035378803769 49.36877222498715 0 0
51.58681201502542 53.28107797945844 0 0
53.63897622176201 53.77957852455634 0 0
53.91054272597211 54.07337475136089 0 0
54.35633136388453 54.46737855865323 0 0
55.74524168198419 59.77031924329852 0 0
60.15188752685898 60.74564032691917 0 0
61.6687933528268 62.20917018355718 0 0
63.58904628657164 64.02393921560322 0 0
64.05422864033024 64.10927107564595 0 0
66.96978067885496 67.06934364451662 0 0
67.80888860449384 68.40771626790639 0 0
70.56485029563089 70.62909493313346 0 0
71.66526676057576 71.69629578073378 0 0
71.97900719877437 73.34197442524672 0 0
73.50161685717985 74.08412321676266 0 0
74.13522022188572 75.70673134300121 0 0
75.71676567477364 75.96859598845322 0 0
76.09477157783701 76.21617151108086 0 0
76.52810768268535 80.74578156336995 0 0
85.53414838926484 86.16423161243557 0 0
88.7389686604853 91.9156702764238 0 0
93.3097222488876 93.3346483281011 0 0
94.14754946180763 97.23722372181787 0 0
97.32526914683885 97.59100940806408 0 0
98.23395381329784 98.54809647006704 0 0
50
3.850391760257428 3.747201960652857 0 0
5.607989399925025 3.859257255127575 0 0
6.037804304017042 5.802540483926851 0 0
8.411450239496892 7.804482899132412 0 0
9.101714496893976 8.679175160061579 0 0
12.35421251968462 11.35613153938847 0 0
12.72769748890683 12.45224917654507 0 0
13.29541952404093 13.27862915692842 0 0
14.38455752789047 14.1757202848097 0 0
15.85097721518356 15.83284022666316 0 0
17.28789648024808 17.24340424870447 0 0
17.86944277011698 17.83979253905369 0 0
18.81048647587739 18.60953616915311 0 0
19.9590035345746 19.63051644570948 0 0
22.46327103469922 20.88981463081081 0 0
22.99764771690639 22.62088351948118 0 0
23.73580103963619 23.25509830326494 0 0
24.47423039599026 24.09505508330987 0 0
30.35109664384187 30.29968207071473 0 0
32.49112366803626 30.92026095210517 0 0
32.94040000953534 32.75407741597615 0 0
35.40337902620446 33.97077518619529 0 0
36.27184084007649 35.44649081511706 0 0
36.99179479428692 36.42699124503589 0 0
44.29324460248127 37.51454231969551 0 0
45.2855709610529 44.96918549216369 0 0
45.95215997022679 45.81914068361689 0 0
46.96067402379791 46.60240559002176 0 0
47.0118216499591 46.99568502765646 0 0
48.84219096280356 48.61041571131948 0 0
49.89842308176114 49.58726152427262 0 0
50.2993799893704 50.06542829955013 0 0
52.88963055277869 52.1252967547688 0 0
53.18075079066314 53.11021399909337 0 0
53.39701077945239 53.33545847554011 0 0
55.65587119188686 55.56321994842111 0 0
56.69752950097838 55.77983122991691 0 0
56.87185664876311 56.75373320176922 0 0
62.21537100442053 57.35435522624539 0 0
64.4024750603331 63.95977888165367 0 0
66.0630250577408 65.98651881818702 0 0
68.26597064793565 67.18620656040862 0 0
68.67483913834911 68.56489127187962 0 0
72.15677918735054 71.15462671671884 0 0
74.34475244180271 72.20938594902726 0 0
76.11613170553072 74.36298810388558 0 0
80.60845643221238 76.1233171786439 0 0
87.74883941702099 87.42165490146097 0 0
92.00932269278118 88.80288894151583 0 0
97.71703121239648 95.04040301523659 0 0
