# Status file for ctqmc. Used to save all times t_s, t_e.
2
49
0.5456750627894849 3.01985593221069 0 0
5.052083396316388 5.479157443313179 0 0
5.763008352982988 6.27674886174321 0 0
6.301180571362126 6.412312660111839 0 0
11.54252906230704 12.54709324869004 0 0
12.9148510637601 16.19476103626867 0 0
16.40934306738895 16.73947556558736 0 0
16.94233052701484 19.67673123590051 0 0
20.84104700258354 21.42949371344923 0 0
22.92321249745375 23.50810950394501 0 0
23.57419631871461 24.13284894316776 0 0
24.50818471951009 24.51391307817712 0 0
24.80990925190901 25.45973774846333 0 0
30.87330114102305 31.50149457669656 0 0
32.05250703902848 32.77056612727392 0 0
32.89542224269791 35.23258865412841 0 0
37.64312496635559 37.66831894614558 0 0
39.26244364889207 40.46430281351895 0 0
41.75165114144962 43.63368140753909 0 0
48.13899169872379 49.74623490575818 0 0
51.68744687780098 51.86936918073668 0 0
53.30144838813937 57.50434628267732 0 0
57.99668760458221 58.27998579685643 0 0
58.34218455440927 59.21850052801452 0 0
59.30965498631818 60.02894148771213 0 0
60.07672244340286 60.62684517992874 0 0
61.57339230563805 62.34733199612298 0 0
62.38758738521179 65.72182492142679 0 0
66.03093154760941 66.16178662649187 0 0
67.49691735718864 67.57109622758476 0 0
68.58784793194889 68.71158475606875 0 0
71.10235613732556 71.18213005864439 0 0
72.34578170501584 72.85786790799663 0 0
73.08993495629576 73.31865648099513 0 0
75.11113058967977 77.31729172655753 0 0
77.32972425343918 77.34161961520272 0 0
77.36255217375115 77.87906750840291 0 0
78.36942089769325 79.00393487159531 0 0
79.16991986695601 79.87953281757079 0 0
80.1287370960103 80.34236713919945 0 0
80.51605686125544 80.88291051323012 0 0
80.96917383798474 84.09952284935353 0 0
85.01792892362998 85.05949529440568 0 0
86.9887780917652 87.06269032053069 0 0
91.11169498443925 91.18573124942357 0 0
91.47285472400687 91.81882706077276 0 0
93.20804580149678 94.91351366028097 0 0
94.95214439865782 97.74574922215658 0 0
99.79567060405208 99.93374115985999 0 0
45
3.806849913475369 0.5794367257886572 0 0
5.009837239057414 4.867283359773015 0 0
5.293693335130097 5.19891881932257 0 0
6.910151387583371 6.864671897544801 0 0
8.118050676805851 7.121113595146356 0 0
8.507657590090819 8.376052803072282 0 0
14.33343419543446 11.56396989505031 0 0
15.44128930035462 14.54308505242921 0 0
18.25712942256852 15.6923173824157 0 0
20.35555609954236 18.69632389685475 0 0
21.10551560107818 21.08962977963461 0 0
24.47651793882393 24.28078146126141 0 0
25.14880395037286 24.80763753263797 0 0
26.10740760336425 25.96992654046078 0 0
28.0788939845738 27.24430049303615 0 0
31.61264659139324 30.92246405799286 0 0
31.98510459131172 31.93987044479632 0 0
34.49223885567053 32.06280627119018 0 0
34.79339422864498 34.65398340298758 0 0
35.12214509921454 35.07690243157357 0 0
36.02167395635094 35.67390025059957 0 0
36.49440766132017 36.41692342585596 0 0
41.70514679803391 41.589598101612 0 0
43.29014595335713 41.82631613970918 0 0
49.31577375158443 48.08067383008771 0 0
50.62591359015354 50.20743351471373 0 0
51.09581435249385 50.92734335884133 0 0
52.10449150168451 51.35900863609443 0 0
52.67017559958049 52.6353442535368 0 0
54.86239233728467 53.25409189799381 0 0
55.48849027150836 55.06750039448001 0 0
58.72823107617467 55.6033290870056 0 0
60.43114063129804 59.3475255574497 0 0
62.36309956230406 61.41000823018078 0 0
65.51277654187507 62.38436659772671 0 0
66.13721903354087 66.0471797047922 0 0
70.86741946205539 70.69997819047799 0 0
72.18995251187576 71.95783802121049 0 0
73.16573781932124 72.20012365366749 0 0
74.14167865172928 73.78713842652178 0 0
77.90841806891493 76.60097506523286 0 0
84.10323444872243 81.08114989319829 0 0
84.59555108674279 84.34483459056109 0 0
85.45570459569139 85.37207281861831 0 0
96.6438916461972 93.43162114695625 0 0
