# Status file for ctqmc. Used to save all times t_s, t_e.
2
50
0.3095439450167845 2.55389792099623 0 0
2.864605004593824 3.415650199321145 0 0
4.819838228489468 5.07963495132136 0 0
6.231547004589337 6.366714185624582 0 0
9.537556195119178 10.43550834863733 0 0
11.39946842722618 13.27008726955389 0 0
13.34302412918026 14.12356421492521 0 0
14.36628961103221 17.14330875979364 0 0
17.17291477713475 17.29850923956436 0 0
17.51819067983369 17.66820312045427 0 0
17.97631411031304 18.80552808523621 0 0
20.43892876436887 24.43771886615996 0 0
26.66139261484695 27.12391929132266 0 0
29.16123671825304 29.18049776440639 0 0
30.13339020880199 30.70556457489432 0 0
31.23226080209122 31.99221619586918 0 0
33.9490879513507 33.99514925394088 0 0
35.2899469548602 35.35645002318738 0 0
36.24778433957238 36.61394324909708 0 0
37.04474196644468 37.33419971006374 0 0
41.89632513017374 43.39925827638906 0 0
43.56850956129164 44.56730115928081 0 0
45.23226235870287 45.47562877500972 0 0
46.15621804229746 47.91535362112581 0 0
47.9696077303958 50.76907580584866 0 0
50.87709494503446 52.42796115529301 0 0
56.10504463747573 56.66149127433323 0 0
57.92948023734574 58.40040302664298 0 0
59.13118257901328 60.07055317924565 0 0
62.31901617340277 63.24859188508896 0 0
63.47224967811537 64.23977493515901 0 0
64.71572953927223 69.28988148863816 0 0
69.383609549337 69.79100986043515 0 0
69.81755299645221 70.74745817181737 0 0
70.93590991929428 71.65997224134368 0 0
71.96098493395729 72.16763580521214 0 0
72.42645434950796 72.52510876907274 0 0
77.4765872389181 78.37118792863102 0 0
79.4187510151006 80.91726775116118 0 0
83.0969034679068 83.54022421683393 0 0
83.866677121732 84.32951851824632 0 0
84.71926889770825 85.87063121144898 0 0
85.90904683722435 86.26613949147668 0 0
86.45514406370233 87.30805360542092 0 0
88.42406832233671 89.98797987008506 0 0
90.3579669373069 92.84798764822757 0 0
93.62634641917732 93.98815909166456 0 0
94.62757648262328 96.91039257101912 0 0
97.20595769034341 97.43172772833721 0 0
98.14487118180604 98.2222557718918 0 0
48
0.6149819371712554 0.4247668600148131 0 0
2.880838456129386 1.223288448967904 0 0
3.858007879884361 3.060457862127761 0 0
7.897580167133393 7.872985062329452 0 0
8.814804243219042 8.713900628422682 0 0
11.04298004825241 9.075890270390666 0 0
12.96829092640417 11.68931078519233 0 0
13.92266261546633 12.97673076020876 0 0
14.47477449552748 14.35128663546798 0 0
15.27231274612076 14.55442887973118 0 0
15.63634316422547 15.35789849958772 0 0
16.86022680484907 15.76778406881237 0 0
19.28179318196799 16.8813382284733 0 0
19.82022756079607 19.63043556811092 0 0
22.18472115602513 20.06607872258785 0 0
24.68750087508631 22.33396399304185 0 0
26.66454762366088 26.39750920059506 0 0
30.49907031608783 29.45688867824245 0 0
38.83475775265222 38.5595366656543 0 0
45.56084499461869 41.10975404013683 0 0
47.61297357711089 45.58245883380648 0 0
51.58881135253807 47.75763885170733 0 0
55.01821570470963 54.95967501820919 0 0
56.48728808160966 56.16455443120497 0 0
58.07489577366113 57.27987917685179 0 0
59.43678939320672 59.28230206027551 0 0
60.29597060727266 59.44225402164884 0 0
63.088304725622 62.69847696764079 0 0
63.8876891286172 63.42401803733562 0 0
66.57161595639379 64.50027365229039 0 0
67.96909109779367 66.78609444902111 0 0
69.4391807665411 68.4560047797217 0 0
71.61907803877565 69.83485264044948 0 0
74.44558225756137 74.42221821849354 0 0
78.31615582478418 77.65984667270963 0 0
81.12726220989587 78.88229507418602 0 0
83.41084575489755 82.64835421679979 0 0
85.30614716936988 83.63538804570514 0 0
87.02505876135281 85.38120629382935 0 0
88.95760723113777 87.62150681436027 0 0
89.93161601461398 89.62568435855461 0 0
92.24964353747554 90.45462508012498 0 0
93.1404583335745 92.30530928449392 0 0
95.53008319981913 93.56504095561786 0 0
97.45071028049254 95.59275608985989 0 0
98.30939032538272 98.26400730010418 0 0
99.43545264707039 98.84287476395538 0 0
99.87317057992136 99.44288098794335 0 0
