# Status file for ctqmc. Used to save all times t_s, t_e.
2
41
0.8757691246737238 0.3451536764183487 0 0
1.845838894632791 1.44833975422091 0 0
4.613686965881778 2.855065955691763 0 0
5.045050036170926 4.706261733133606 0 0
8.544114091347017 8.181804838485411 0 0
9.442627947355005 9.196129064900834 0 0
10.4701700130183 9.485839711004447 0 0
11.61815038875715 10.53902156438961 0 0
11.70709459719734 11.64728627960409 0 0
12.37185046740301 11.75082904291025 0 0
14.68853808858604 13.83601403716346 0 0
17.21059841946494 15.06319624478512 0 0
17.88259276472685 17.43022657104884 0 0
20.33682706759952 19.20553247864122 0 0
20.82385362582298 20.38604329275448 0 0
30.64645132043959 23.84279371160442 0 0
34.35952577361838 34.14214823217569 0 0
35.53268128262278 34.80236220531341 0 0
37.13186457584568 37.12554686811158 0 0
38.76088070203816 38.59202400683039 0 0
50.54828007177762 46.56779755855725 0 0
51.26089615085287 50.54927507659687 0 0
52.74962087977021 51.48957959573253 0 0
54.33738013860373 53.01868787499225 0 0
54.7474669104523 54.3845294488384 0 0
55.89462218200903 55.66326980481684 0 0
56.997756650156 56.49676400991533 0 0
62.44754030013432 62.34490352402948 0 0
67.83479881721374 67.2875994894128 0 0
72.4210528831216 70.51607405627709 0 0
73.14959316450259 72.91264341846238 0 0
74.49210829032728 74.04022091749044 0 0
78.56188384414541 76.38055486055205 0 0
82.94027744374458 78.9822099714461 0 0
85.72943983420618 83.50096613628983 0 0
90.83280033002323 85.85601471677074 0 0
91.86283760646931 91.6122801286925 0 0
92.80632332143271 92.54719346923702 0 0
93.69283413824787 93.6097115973341 0 0
96.11007923004328 96.07338318583804 0 0
98.55507364416121 96.45849152691726 0 0
47
3.69797191271571 5.302290315679246 0 0
5.48995427160795 6.299740862852181 0 0
7.10747458061581 7.121959301074793 0 0
7.820722273093942 7.869798979915318 0 0
8.129778449336195 11.03029455605468 0 0
11.43936996440554 11.85834309753084 0 0
12.92023557807621 13.33294760808476 0 0
14.29086600557238 14.70196386645208 0 0
14.97772960421873 15.9329478248018 0 0
16.79387129111565 17.69290301370106 0 0
19.34274113178606 20.11189965898992 0 0
20.39802859366795 20.49781522808162 0 0
20.98582857057151 21.25320944460635 0 0
22.50426966273447 23.21811603313273 0 0
23.45273000043112 25.42697244694828 0 0
25.69502279762577 28.17246896993877 0 0
29.03314866802822 29.37427528781708 0 0
32.21041314708738 32.41689085458243 0 0
35.21314582517547 36.04243371451635 0 0
38.0860698032718 38.2164320546741 0 0
38.45448126364764 38.89485572794529 0 0
39.48920437735541 39.55562437750951 0 0
46.78738803101398 50.91515851448307 0 0
51.65732941894959 52.91300912189411 0 0
53.07486438842591 55.56522131266681 0 0
56.01768311165656 56.03997215539471 0 0
58.0813232439306 58.1579482070503 0 0
65.10838530000245 65.71787611854917 0 0
70.83828150131244 72.11417778824016 0 0
74.70368909647271 74.86995393011571 0 0
75.22859380013958 75.24560886698706 0 0
76.15602325964983 77.12763633334241 0 0
77.20138571871787 77.42678544242254 0 0
77.5798886953559 78.72898515350738 0 0
78.78616400180792 81.77456671004576 0 0
81.7759638019341 84.34959394451647 0 0
84.93812590688084 85.03868657319701 0 0
85.18498814577367 85.4436112258159 0 0
85.66299159601139 85.69234802255369 0 0
86.11475361113658 91.15712048847033 0 0
91.75182945087668 92.14136724489546 0 0
92.23742461850325 92.30704708543449 0 0
93.00600054291394 93.11198803287122 0 0
93.37207261805732 93.95703162525471 0 0
95.8717420601694 96.47787615746972 0 0
97.63498216177008 98.09542498133038 0 0
98.30295063059702 98.91699242570067 0 0
