0.0314159265359 -1.79499720148 -0.635083665921
0.0942477796077 -1.63051275223 -0.618548955771
0.157079632679 -1.49819943605 -0.622582311587
0.219911485751 -1.3908216925 -0.631540630868
0.282743338823 -1.30143452582 -0.640824204494
0.345575191895 -1.22362938361 -0.648594339419
0.408407044967 -1.15496188838 -0.65471862678
0.471238898038 -1.09371725703 -0.659303698145
0.53407075111 -1.03848177197 -0.662450986438
0.596902604182 -0.988158505972 -0.66427022024
0.659734457254 -0.941933983086 -0.664892533583
0.722566310326 -0.89920772163 -0.664462587888
0.785398163397 -0.859526000971 -0.663124935139
0.848230016469 -0.822533640007 -0.661013608434
0.911061869541 -0.787942659222 -0.658246792316
0.973893722613 -0.755512852656 -0.654925486407
1.03672557568 -0.72503977108 -0.65113455492
1.09955742876 -0.696347029248 -0.64694487818
1.16238928183 -0.669281070652 -0.642415785959
1.2252211349 -0.643707343865 -0.637597330426
1.28805298797 -0.619507332149 -0.632532209286
1.35088484104 -0.596576144916 -0.627257297132
1.41371669412 -0.574820516997 -0.621804817685
1.47654854719 -0.554157128665 -0.616203219179
1.53938040026 -0.534511190619 -0.610477819673
1.60221225333 -0.515815253047 -0.60465128223
1.6650441064 -0.498008205007 -0.598743968241
1.72787595947 -0.481034435194 -0.592774205951
1.79070781255 -0.46484312852 -0.586758500946
1.85353966562 -0.449387676263 -0.58071170746
1.91637151869 -0.434625180519 -0.574647173296
1.97920337176 -0.420516036523 -0.568576866698
2.04203522483 -0.407023579073 -0.562511490613
2.10486707791 -0.394113781547 -0.556460587561
2.16769893098 -0.38175499807 -0.550432637089
2.23053078405 -0.369917741122 -0.544435146879
2.29336263712 -0.358574488304 -0.538474738074
2.35619449019 -0.347699513214 -0.532557225121
2.41902634326 -0.337268736365 -0.526687690272
2.48185819634 -0.327259592879 -0.520870552853
2.54469004941 -0.317650914324 -0.515109633384
2.60752190248 -0.308422822586 -0.509408212691
2.67035375555 -0.299556634079 -0.503769086177
2.73318560862 -0.291034772892 -0.498194613432
2.79601746169 -0.28284069176 -0.492686763447
2.85884931477 -0.274958799906 -0.487247155673
2.92168116784 -0.267374397001 -0.481877097198
2.98451302091 -0.260073612555 -0.476577616332
3.04734487398 -0.253043350219 -0.471349492895
3.11017672705 -0.246271236483 -0.466193285455
3.17300858013 -0.239745573381 -0.461109355827
3.2358404332 -0.233455294818 -0.45609789105
3.29867228627 -0.22738992621 -0.451158923115
3.36150413934 -0.221539547134 -0.446292346641
3.42433599241 -0.215894756745 -0.441497934728
3.48716784548 -0.210446641715 -0.436775353157
3.54999969856 -0.205186746484 -0.432124173125
3.61283155163 -0.200107045649 -0.427543882651
3.6756634047 -0.195199918292 -0.423033896813
3.73849525777 -0.190458124106 -0.418593566933
3.80132711084 -0.185874781177 -0.414222188803
3.86415896392 -0.181443345279 -0.409919010097
3.92699081699 -0.177157590571 -0.405683237004
3.98982267006 -0.173011591582 -0.401514040204
4.05265452313 -0.168999706395 -0.397410560237
4.1154863762 -0.165116560917 -0.393371912329
4.17831822927 -0.161357034175 -0.389397190731
4.24115008235 -0.157716244552 -0.385485472631
4.30398193542 -0.154189536881 -0.381635821665
4.36681378849 -0.150772470359 -0.377847291075
4.42964564156 -0.147460807197 -0.374118926557
4.49247749463 -0.144250501968 -0.370449768814
4.55530934771 -0.1411376916 -0.366838855848
4.61814120078 -0.13811868596 -0.363285225022
4.68097305385 -0.135189959004 -0.359787914908
4.74380490692 -0.132348140439 -0.356345966937
4.80663675999 -0.129590007869 -0.352958426879
4.86946861306 -0.126912479395 -0.349624346161
4.93230046614 -0.124312606633 -0.346342783038
4.99513231921 -0.121787568125 -0.343112803637
5.05796417228 -0.119334663121 -0.339933482878
5.12079602535 -0.1169513057 -0.336803905283
5.18362787842 -0.114635019216 -0.333723165689
5.24645973149 -0.112383431051 -0.330690369873
5.30929158457 -0.110194267642 -0.327704635084
5.37212343764 -0.108065349779 -0.324765090509
5.43495529071 -0.105994588158 -0.321870877669
5.49778714378 -0.103979979157 -0.319021150747
5.56061899685 -0.102019600845 -0.316215076863
5.62345084993 -0.100111609193 -0.313451836298
5.686282703 -0.0982542344785 -0.310730622669
5.74911455607 -0.0964457778812 -0.308050643061
5.81194640914 -0.0946846082477 -0.305411118118
5.87477826221 -0.0929691590218 -0.302811282108
5.93761011528 -0.0912979253298 -0.300250382941
6.00044196836 -0.0896694612118 -0.297727682174
6.06327382143 -0.0880823769909 -0.295242454978
6.1261056745 -0.0865353367733 -0.292793990086
6.18893752757 -0.0850270560713 -0.290381589725
6.25176938064 -0.0835562995434 -0.288004569517
6.31460123372 -0.0821218788444 -0.285662258378
6.37743308679 -0.08072265058 -0.28335399839
6.44026493986 -0.0793575143606 -0.281079144664
6.50309679293 -0.0780254109487 -0.278837065196
6.565928646 -0.0767253204943 -0.276627140703
6.62876049907 -0.0754562608557 -0.274448764462
6.69159235215 -0.0742172859985 -0.272301342128
6.75442420522 -0.0730074844717 -0.270184291559
6.81725605829 -0.0718259779541 -0.268097042624
6.88008791136 -0.0706719198696 -0.266039037014
6.94291976443 -0.0695444940668 -0.264009728045
7.00575161751 -0.0684429135596 -0.262008580461
7.06858347058 -0.0673664193263 -0.260035070231
7.13141532365 -0.0663142791637 -0.258088684347
7.19424717672 -0.0652857865939 -0.256168920623
7.25707902979 -0.0642802598204 -0.254275287486
7.31991088286 -0.0632970407321 -0.252407303778
7.38274273594 -0.0623354939523 -0.250564498546
7.44557458901 -0.0613950059299 -0.24874641084
7.50840644208 -0.060474984072 -0.246952589515
7.57123829515 -0.0595748559148 -0.245182593026
7.63407014822 -0.0586940683312 -0.243435989229
7.69690200129 -0.0578320867738 -0.241712355186
7.75973385437 -0.0569883945509 -0.240011276969
7.82256570744 -0.0561624921345 -0.238332349466
7.88539756051 -0.0553538964981 -0.236675176192
7.94822941358 -0.0545621404834 -0.235039369101
8.01106126665 -0.0537867721947 -0.2334245484
8.07389311973 -0.0530273544192 -0.231830342369
8.1367249728 -0.0522834640716 -0.230256387179
8.19955682587 -0.0515546916633 -0.228702326717
8.26238867894 -0.0508406407934 -0.227167812416
8.32522053201 -0.0501409276616 -0.225652503078
8.38805238508 -0.0494551806018 -0.224156064715
8.45088423816 -0.0487830396343 -0.222678170378
8.51371609123 -0.0481241560381 -0.221218500003
8.5765479443 -0.0474781919394 -0.219776740248
8.63937979737 -0.0468448199186 -0.218352584345
8.70221165044 -0.0462237226324 -0.216945731943
8.76504350352 -0.0456145924516 -0.215555888964
8.82787535659 -0.0450171311143 -0.214182767457
8.89070720966 -0.0444310493922 -0.212826085457
8.95353906273 -0.0438560667709 -0.211485566848
9.0163709158 -0.0432919111434 -0.210160941225
9.07920276887 -0.0427383185151 -0.208851943764
9.14203462195 -0.0421950327211 -0.207558315092
9.20486647502 -0.0416618051543 -0.206279801159
9.26769832809 -0.0411383945049 -0.20501615312
9.33053018116 -0.0406245665094 -0.203767127207
9.39336203423 -0.0401200937099 -0.202532484618
9.45619388731 -0.0396247552223 -0.201311991398
9.51902574038 -0.0391383365141 -0.200105418329
9.58185759345 -0.0386606291904 -0.198912540819
9.64468944652 -0.0381914307881 -0.197733138798
9.70752129959 -0.037730544578 -0.196566996608
9.77035315266 -0.0372777793745 -0.195413902907
9.83318500574 -0.0368329493525 -0.194273650567
9.89601685881 -0.0363958738713 -0.193146036579
9.95884871188 -0.0359663773046 -0.192030861954
10.021680565 -0.0355442888777 -0.190927931637
10.084512418 -0.0351294425098 -0.189837054411
10.1473442711 -0.0347216766632 -0.188758042813
10.2101761242 -0.0343208341968 -0.187690713049
10.2730079772 -0.0339267622263 -0.186634884907
10.3358398303 -0.0335393119884 -0.185590381678
10.3986716834 -0.0331583387104 -0.184557030076
10.4615035365 -0.032783701485 -0.18353466016
10.5243353895 -0.0324152631484 -0.182523105261
10.5871672426 -0.0320528901641 -0.181522201903
10.6499990957 -0.0316964525098 -0.180531789738
10.7128309487 -0.0313458235691 -0.17955171147
10.7756628018 -0.0310008800262 -0.178581812788
10.8384946549 -0.0306615017654 -0.177621942303
10.901326508 -0.0303275717731 -0.176671951478
10.964158361 -0.0299989760437 -0.175731694569
11.0269902141 -0.0296756034886 -0.174801028558
11.0898220672 -0.0293573458492 -0.173879813099
11.1526539202 -0.0290440976105 -0.17296791045
11.2154857733 -0.0287357559218 -0.172065185431
11.2783176264 -0.0284322205141 -0.171171505346
11.3411494795 -0.0281333936287 -0.170286739954
11.4039813325 -0.027839179937 -0.169410761388
11.4668131856 -0.0275494864771 -0.168543444133
11.5296450387 -0.027264222576 -0.167684664946
11.5924768917 -0.0269832997919 -0.166834302827
11.6553087448 -0.0267066318426 -0.165992238969
11.7181405979 -0.0264341345472 -0.165158356689
11.780972451 -0.0261657257665 -0.164332541424
11.843804304 -0.0259013253393 -0.163514680635
11.9066361571 -0.0256408550354 -0.162704663808
11.9694680102 -0.025384238491 -0.161902382389
12.0322998632 -0.0251314011632 -0.161107729736
12.0951317163 -0.0248822702773 -0.160320601105
12.1579635694 -0.0246367747734 -0.15954089358
12.2207954225 -0.0243948452661 -0.158768506052
12.2836272755 -0.0241564139915 -0.158003339184
12.3464591286 -0.0239214147644 -0.157245295357
12.4092909817 -0.023689782939 -0.156494278651
12.4721228348 -0.0234614553594 -0.155750194803
12.5349546878 -0.0232363703246 -0.155012951171
12.5977865409 -0.023014690744 -0.154282405822
12.660618394 -0.0227961267633 -0.153558525363
12.723450247 -0.0225806210242 -0.152841221583
12.7862821001 -0.0223681174655 -0.152130407773
12.8491139532 -0.0221585612884 -0.151425998696
12.9119458063 -0.0219518989229 -0.150727910557
12.9747776593 -0.0217480779955 -0.150036060974
13.0376095124 -0.0215470472976 -0.149350368948
13.1004413655 -0.0213487567548 -0.148670754835
13.1632732185 -0.0211531573974 -0.147997140322
13.2261050716 -0.0209602013315 -0.147329448394
13.2889369247 -0.0207698417114 -0.146667603317
13.3517687778 -0.0205820327121 -0.146011530601
13.4146006308 -0.0203967295035 -0.145361156985
13.4774324839 -0.0202138882243 -0.144716410409
13.540264337 -0.020033465958 -0.144077219989
13.60309619 -0.0198554207082 -0.143443515994
13.6659280431 -0.0196797113759 -0.142815229827
13.7287598962 -0.0195062977363 -0.142192293997
13.7915917493 -0.0193351404172 -0.141574642104
13.8544236023 -0.0191662008774 -0.140962208809
13.9172554554 -0.0189994413863 -0.140354929824
13.9800873085 -0.0188348250034 -0.139752741883
14.0429191615 -0.0186723155588 -0.139155582725
14.1057510146 -0.0185118776345 -0.138563391078
14.1685828677 -0.0183534765456 -0.137976106633
14.2314147208 -0.0181970783226 -0.137393670034
14.2942465738 -0.0180426496936 -0.136816022852
14.3570784269 -0.0178901580677 -0.136243107574
14.41991028 -0.0177395715185 -0.135674867579
14.482742133 -0.0175908587677 -0.135111247128
14.5455739861 -0.0174439891702 -0.134552191343
14.6084058392 -0.0172989326981 -0.13399764619
14.6712376923 -0.0171556599268 -0.133447558467
14.7340695453 -0.0170141420202 -0.132901875788
14.7969013984 -0.0168743507166 -0.132360546563
14.8597332515 -0.0167362583158 -0.131823519989
14.9225651046 -0.0165998376653 -0.131290746032
14.9853969576 -0.0164650621478 -0.130762175415
15.0482288107 -0.0163319056686 -0.130237759603
15.1110606638 -0.0162003426433 -0.129717450787
15.1738925168 -0.0160703479863 -0.129201201877
15.2367243699 -0.0159418970993 -0.128688966482
15.299556223 -0.0158149658595 -0.128180698902
15.3623880761 -0.0156895306095 -0.127676354113
15.4252199291 -0.0155655681462 -0.127175887756
15.4880517822 -0.0154430557104 -0.126679256126
15.5508836353 -0.0153219709772 -0.126186416158
15.6137154883 -0.0152022920456 -0.125697325415
15.6765473414 -0.0150839974295 -0.125211942081
15.7393791945 -0.0149670660479 -0.124730224946
15.8022110476 -0.0148514772163 -0.124252133397
15.8650429006 -0.0147372106376 -0.123777627407
15.9278747537 -0.0146242463933 -0.123306667525
15.9907066068 -0.0145125649358 -0.122839214865
16.0535384598 -0.0144021470795 -0.122375231099
16.1163703129 -0.0142929739932 -0.121914678441
16.179202166 -0.0141850271923 -0.121457519645
16.2420340191 -0.0140782885312 -0.121003717992
16.3048658721 -0.0139727401961 -0.120553237279
16.3676977252 -0.0138683646973 -0.120106041814
16.4305295783 -0.013765144863 -0.119662096406
16.4933614313 -0.0136630638316 -0.119221366355
16.5561932844 -0.0135621050458 -0.118783817443
16.6190251375 -0.0134622522455 -0.11834941593
16.6818569906 -0.0133634894618 -0.117918128542
16.7446888436 -0.0132658010108 -0.117489922464
16.8075206967 -0.0131691714873 -0.117064765333
16.8703525498 -0.0130735857595 -0.11664262523
16.9331844028 -0.0129790289623 -0.116223470672
16.9960162559 -0.0128854864929 -0.115807270606
17.058848109 -0.0127929440042 -0.1153939944
17.1216799621 -0.0127013874002 -0.114983611837
17.1845118151 -0.0126108028305 -0.11457609311
17.2473436682 -0.0125211766855 -0.114171408811
17.3101755213 -0.0124324955908 -0.113769529929
17.3730073744 -0.0123447464031 -0.113370427838
17.4358392274 -0.0122579162051 -0.112974074298
17.4986710805 -0.0121719923008 -0.112580441442
17.5615029336 -0.0120869622114 -0.112189501773
17.6243347866 -0.0120028136702 -0.111801228157
17.6871666397 -0.0119195346192 -0.11141559382
17.7499984928 -0.0118371132041 -0.111032572337
17.8128303459 -0.0117555377707 -0.110652137631
17.8756621989 -0.0116747968606 -0.110274263965
17.938494052 -0.0115948792074 -0.109898925938
18.0013259051 -0.0115157737332 -0.109526098477
18.0641577581 -0.0114374695442 -0.109155756835
18.1269896112 -0.0113599559275 -0.108787876584
18.1898214643 -0.0112832223476 -0.108422433611
18.2526533174 -0.0112072584425 -0.108059404112
18.3154851704 -0.0111320540208 -0.107698764587
18.3783170235 -0.011057599058 -0.107340491837
18.4411488766 -0.0109838836934 -0.106984562956
18.5039807296 -0.0109108982269 -0.10663095533
18.5668125827 -0.0108386331158 -0.106279646631
18.6296444358 -0.010767078972 -0.105930614813
18.6924762889 -0.0106962265589 -0.105583838105
18.7553081419 -0.0106260667882 -0.10523929501
18.818139995 -0.0105565907176 -0.1048969643
18.8809718481 -0.0104877895477 -0.104556825013
18.9438037011 -0.0104196546191 -0.104218856443
19.0066355542 -0.0103521774104 -0.103883038145
19.0694674073 -0.0102853495349 -0.103549349925
19.1322992604 -0.0102191627384 -0.103217771837
19.1951311134 -0.0101536088966 -0.102888284181
19.2579629665 -0.0100886800128 -0.102560867498
19.3207948196 -0.0100243682154 -0.102235502567
19.3836266726 -0.0099606657556 -0.101912170399
19.4464585257 -0.00989756500521 -0.101590852239
19.5092903788 -0.00983505845426 -0.101271529558
19.5721222319 -0.00977313870891 -0.100954184048
19.6349540849 -0.00971179848935 -0.100638797625
19.697785938 -0.00965103062762 -0.100325352421
19.7606177911 -0.00959082806561 -0.100013830782
19.8234496442 -0.00953118385311 -0.0997042152639
19.8862814972 -0.00947209114573 -0.0993964886312
19.9491133503 -0.00941354320308 -0.0990906338532
20.0119452034 -0.00935553338686 -0.0987866341003
20.0747770564 -0.009298055159 -0.0984844727423
20.1376089095 -0.00924110207993 -0.0981841333442
20.2004407626 -0.00918466780669 -0.0978855996644
20.2632726157 -0.00912874609131 -0.0975888556516
20.3261044687 -0.00907333077911 -0.0972938854415
20.3889363218 -0.00901841580696 -0.0970006733552
20.4517681749 -0.00896399520179 -0.0967092038955
20.5146000279 -0.00891006307888 -0.0964194617449
20.577431881 -0.00885661364032 -0.0961314317629
20.6402637341 -0.00880364117361 -0.0958450989832
20.7030955872 -0.00875114004996 -0.0955604486119
20.7659274402 -0.00869910472303 -0.0952774660242
20.8287592933 -0.00864752972732 -0.0949961367628
20.8915911464 -0.00859640967693 -0.0947164465348
20.9544229994 -0.00854573926401 -0.0944383812103
21.0172548525 -0.00849551325756 -0.0941619268191
21.0800867056 -0.00844572650206 -0.0938870695492
21.1429185587 -0.0083963739161 -0.0936137957444
21.2057504117 -0.00834745049124 -0.0933420919019
21.2685822648 -0.00829895129063 -0.0930719446705
21.3314141179 -0.0082508714479 -0.0928033408485
21.3942459709 -0.0082032061659 -0.0925362673813
21.457077824 -0.00815595071554 -0.0922707113596
21.5199096771 -0.00810910043467 -0.0920066600174
21.5827415302 -0.00806265072691 -0.0917441007302
21.6455733832 -0.00801659706055 -0.0914830210127
21.7084052363 -0.00797093496751 -0.0912234085171
21.7712370894 -0.00792566004221 -0.0909652510314
21.8340689424 -0.00788076794059 -0.0907085364773
21.8969007955 -0.00783625437906 -0.0904532529083
21.9597326486 -0.00779211513346 -0.0901993885085
22.0225645017 -0.00774834603817 -0.0899469315901
22.0853963547 -0.00770494298506 -0.0896958705922
22.1482282078 -0.00766190192256 -0.0894461940791
22.2110600609 -0.00761921885479 -0.0891978907379
22.273891914 -0.00757688984056 -0.088950949378
22.336723767 -0.00753491099254 -0.0887053589288
22.3995556201 -0.00749327847637 -0.088461108438
22.4623874732 -0.00745198850979 -0.0882181870704
22.5252193262 -0.00741103736182 -0.0879765841062
22.5880511793 -0.00737042135189 -0.0877362889394
22.6508830324 -0.00733013684905 -0.0874972910767
22.7137148855 -0.0072901802712 -0.0872595801352
22.7765467385 -0.00725054808426 -0.0870231458421
22.8393785916 -0.00721123680147 -0.086787978032
22.9022104447 -0.00717224298251 -0.0865540666467
22.9650422977 -0.00713356323292 -0.086321401733
23.0278741508 -0.00709519420326 -0.0860899734417
23.0907060039 -0.00705713258843 -0.085859772026
23.153537857 -0.00701937512699 -0.0856307878405
23.21636971 -0.00698191860042 -0.0854030113399
23.2792015631 -0.00694475983255 -0.0851764330772
23.3420334162 -0.00690789568878 -0.0849510437031
23.4048652692 -0.00687132307547 -0.0847268339643
23.4676971223 -0.00683503893934 -0.0845037947027
23.5305289754 -0.00679904026682 -0.0842819168535
23.5933608285 -0.00676332408341 -0.0840611914448
23.6561926815 -0.0067278874531 -0.083841609596
23.7190245346 -0.00669272747778 -0.0836231625168
23.7818563877 -0.00665784129662 -0.0834058415059
23.8446882407 -0.00662322608558 -0.0831896379501
23.9075200938 -0.00658887905675 -0.0829745433229
23.9703519469 -0.00655479745785 -0.0827605491837
24.0331838 -0.00652097857168 -0.0825476471769
24.096015653 -0.00648741971559 -0.0823358290301
24.1588475061 -0.00645411824096 -0.0821250865539
24.2216793592 -0.00642107153266 -0.0819154116403
24.2845112122 -0.00638827700856 -0.0817067962623
24.3473430653 -0.00635573211906 -0.081499232472
24.4101749184 -0.00632343434654 -0.0812927124007
24.4730067715 -0.00629138120498 -0.0810872282568
24.5358386245 -0.00625957023934 -0.0808827723261
24.5986704776 -0.00622799902529 -0.0806793369696
24.6615023307 -0.00619666516853 -0.0804769146237
24.7243341838 -0.00616556630455 -0.0802754977983
24.7871660368 -0.00613470009807 -0.0800750790768
24.8499978899 -0.00610406424265 -0.0798756511145
24.912829743 -0.00607365646025 -0.0796772066382
24.975661596 -0.00604347450081 -0.0794797384453
25.0384934491 -0.00601351614189 -0.0792832394023
25.1013253022 -0.00598377918816 -0.0790877024451
25.1641571553 -0.00595426147109 -0.0788931205773
25.2269890083 -0.00592496084861 -0.0786994868696
25.2898208614 -0.00589587520454 -0.0785067944594
25.3526527145 -0.00586700244843 -0.0783150365491
25.4154845675 -0.00583834051504 -0.0781242064065
25.4783164206 -0.00580988736401 -0.0779342973631
25.5411482737 -0.00578164097956 -0.0777453028139
25.6039801268 -0.00575359937008 -0.0775572162162
25.6668119798 -0.00572576056779 -0.0773700310893
25.7296438329 -0.00569812262841 -0.0771837410135
25.792475686 -0.00567068363083 -0.0769983396295
25.855307539 -0.00564344167678 -0.0768138206376
25.9181393921 -0.00561639489049 -0.0766301777973
25.9809712452 -0.0055895414184 -0.0764474049261
26.0438030983 -0.00556287942877 -0.0762654958994
26.1066349513 -0.00553640711151 -0.0760844446495
26.1694668044 -0.00551012267779 -0.0759042451646
26.2322986575 -0.00548402435968 -0.0757248914891
26.2951305105 -0.00545811040998 -0.0755463777223
26.3579623636 -0.00543237910187 -0.0753686980176
26.4207942167 -0.00540682872865 -0.0751918465824
26.4836260698 -0.00538145760341 -0.0750158176773
26.5464579228 -0.00535626405881 -0.0748406056151
26.6092897759 -0.00533124644678 -0.0746662047611
26.672121629 -0.00530640313828 -0.0744926095315
26.734953482 -0.00528173252301 -0.0743198143935
26.7977853351 -0.00525723300915 -0.0741478138645
26.8606171882 -0.00523290302316 -0.0739766025115
26.9234490413 -0.00520874100945 -0.0738061749505
26.9862808943 -0.00518474543017 -0.0736365258464
27.0491127474 -0.00516091476506 -0.0734676499115
27.1119446005 -0.00513724751101 -0.0732995419063
27.1747764536 -0.005113742182 -0.0731321966376
27.2376083066 -0.00509039730883 -0.0729656089589
27.3004401597 -0.00506721143883 -0.0727997737697
27.3632720128 -0.00504418313571 -0.0726346860147
27.4261038658 -0.00502131097932 -0.0724703406834
27.4889357189 -0.00499859356539 -0.0723067328102
27.551767572 -0.00497602950539 -0.0721438574728
27.6145994251 -0.00495361742624 -0.0719817097928
27.6774312781 -0.0049313559702 -0.0718202849343
27.7402631312 -0.00490924379458 -0.0716595781044
27.8030949843 -0.00488727957159 -0.0714995845519
27.8659268373 -0.0048654619881 -0.0713402995673
27.9287586904 -0.00484378974552 -0.071181718482
27.9915905435 -0.00482226155949 -0.0710238366684
28.0544223966 -0.00480087615986 -0.0708666495388
28.1172542496 -0.0047796322903 -0.0707101525457
28.1800861027 -0.00475852870831 -0.0705543411806
28.2429179558 -0.00473756418495 -0.070399210974
28.3057498088 -0.00471673750463 -0.0702447574951
28.3685816619 -0.00469604746496 -0.0700909763514
28.431413515 -0.00467549287666 -0.0699378631874
28.4942453681 -0.0046550725633 -0.0697854136857
28.5570772211 -0.00463478536116 -0.0696336235652
28.6199090742 -0.004614630119 -0.069482488582
28.6827409273 -0.00459460569809 -0.0693320045275
28.7455727803 -0.00457471097181 -0.0691821672296
28.8084046334 -0.00455494482565 -0.0690329725512
28.8712364865 -0.00453530615703 -0.0688844163903
28.9340683396 -0.00451579387513 -0.0687364946795
28.9969001926 -0.00449640690069 -0.0685892033857
29.0597320457 -0.00447714416598 -0.0684425385098
29.1225638988 -0.00445800461454 -0.0682964960861
29.1853957518 -0.00443898720112 -0.0681510721822
29.2482276049 -0.00442009089147 -0.0680062628987
29.311059458 -0.00440131466227 -0.0678620643685
29.3738913111 -0.00438265750093 -0.0677184727568
29.4367231641 -0.0043641184055 -0.0675754842606
29.4995550172 -0.00434569638449 -0.0674330951088
29.5623868703 -0.00432739045682 -0.0672913015608
29.6252187234 -0.00430919965158 -0.0671500999076
29.6880505764 -0.00429112300802 -0.0670094864702
29.7508824295 -0.00427315957534 -0.0668694576003
29.8137142826 -0.00425530841254 -0.0667300096794
29.8765461356 -0.00423756858845 -0.0665911391185
29.9393779887 -0.00421993918145 -0.0664528423582
30.0022098418 -0.00420241927941 -0.0663151158678
30.0650416949 -0.00418500797959 -0.0661779561457
30.1278735479 -0.00416770438852 -0.0660413597186
30.190705401 -0.00415050762186 -0.0659053231414
30.2535372541 -0.00413341680429 -0.0657698429968
30.3163691071 -0.00411643106946 -0.0656349158954
30.3792009602 -0.00409954955979 -0.0655005384747
30.4420328133 -0.00408277142643 -0.0653667073996
30.5048646664 -0.00406609582913 -0.0652334193617
30.5676965194 -0.00404952193614 -0.0651006710791
30.6305283725 -0.00403304892411 -0.0649684592961
30.6933602256 -0.00401667597799 -0.0648367807831
30.7561920786 -0.00400040229088 -0.0647056323362
30.8190239317 -0.00398422706404 -0.064575010777
30.8818557848 -0.00396814950669 -0.0644449129523
30.9446876379 -0.00395216883598 -0.0643153357338
31.0075194909 -0.00393628427683 -0.0641862760183
31.070351344 -0.00392049506191 -0.0640577307266
31.1331831971 -0.00390480043151 -0.0639296968041
31.1960150501 -0.00388919963343 -0.0638021712202
31.2588469032 -0.00387369192296 -0.0636751509679
31.3216787563 -0.0038582765627 -0.0635486330639
31.3845106094 -0.00384295282256 -0.0634226145482
31.4473424624 -0.00382771997958 -0.0632970924838
31.5101743155 -0.00381257731797 -0.0631720639567
31.5730061686 -0.0037975241289 -0.0630475260756
31.6358380216 -0.00378255971049 -0.0629234759714
31.6986698747 -0.00376768336772 -0.0627999107975
31.7615017278 -0.00375289441237 -0.0626768277291
31.8243335809 -0.00373819216285 -0.0625542239632
31.8871654339 -0.00372357594424 -0.0624320967186
31.949997287 -0.00370904508813 -0.0623104432352
32.0128291401 -0.0036945989326 -0.0621892607741
32.0756609932 -0.00368023682209 -0.0620685466177
32.1384928462 -0.00366595810738 -0.0619482980689
32.2013246993 -0.00365176214548 -0.0618285124511
32.2641565524 -0.00363764829956 -0.0617091871084
32.3269884054 -0.00362361593894 -0.0615903194047
32.3898202585 -0.00360966443891 -0.0614719067241
32.4526521116 -0.00359579318075 -0.0613539464707
32.5154839647 -0.00358200155164 -0.0612364360677
32.5783158177 -0.00356828894457 -0.0611193729583
32.6411476708 -0.0035546547583 -0.0610027546047
32.7039795239 -0.0035410983973 -0.0608865784881
32.7668113769 -0.00352761927163 -0.0607708421087
32.82964323 -0.00351421679694 -0.0606555429856
32.8924750831 -0.00350089039441 -0.060540678656
32.9553069362 -0.00348763949061 -0.0604262466759
33.0181387892 -0.00347446351752 -0.0603122446193
33.0809706423 -0.00346136191246 -0.0601986700783
33.1438024954 -0.00344833411798 -0.0600855206628
33.2066343484 -0.00343537958184 -0.0599727940005
33.2694662015 -0.00342249775694 -0.0598604877367
33.3322980546 -0.00340968810129 -0.0597485995337
33.3951299077 -0.0033969500779 -0.0596371270716
33.4579617607 -0.00338428315479 -0.059526068047
33.5207936138 -0.00337168680484 -0.059415420174
33.5836254669 -0.00335916050587 -0.0593051811829
33.6464573199 -0.00334670374045 -0.0591953488209
33.709289173 -0.00333431599595 -0.0590859208516
33.7721210261 -0.00332199676443 -0.0589768950549
33.8349528792 -0.00330974554259 -0.0588682692267
33.8977847322 -0.00329756183176 -0.0587600411793
33.9606165853 -0.00328544513781 -0.0586522087404
34.0234484384 -0.00327339497111 -0.0585447697538
34.0862802914 -0.00326141084649 -0.0584377220786
34.1491121445 -0.00324949228318 -0.0583310635894
34.2119439976 -0.00323763880481 -0.0582247921762
34.2747758507 -0.00322584993922 -0.0581189057444
34.3376077037 -0.00321412521863 -0.0580134022137
34.4004395568 -0.00320246417942 -0.0579082795194
34.4632714099 -0.00319086636211 -0.0578035356114
34.526103263 -0.00317933131144 -0.0576991684539
34.588935116 -0.00316785857616 -0.0575951760259
34.6517669691 -0.00315644770908 -0.0574915563208
34.7145988222 -0.00314509826701 -0.057388307346
34.7774306752 -0.0031338098107 -0.0572854271234
34.8402625283 -0.00312258190483 -0.0571829136885
34.9030943814 -0.00311141411796 -0.0570807650909
34.9659262345 -0.00310030602244 -0.0569789793939
35.0287580875 -0.00308925719444 -0.0568775546745
35.0915899406 -0.00307826721387 -0.0567764890229
35.1544217937 -0.00306733566435 -0.0566757805431
35.2172536467 -0.00305646213316 -0.0565754273522
35.2800854998 -0.0030456462112 -0.0564754275807
35.3429173529 -0.003034887493 -0.0563757793716
35.405749206 -0.00302418557663 -0.0562764808812
35.468581059 -0.00301354006368 -0.0561775302785
35.5314129121 -0.00300295055917 -0.0560789257456
35.5942447652 -0.00299241667163 -0.0559806654766
35.6570766182 -0.00298193801299 -0.0558827476785
35.7199084713 -0.00297151419853 -0.0557851705704
35.7827403244 -0.00296114484685 -0.0556879323842
35.8455721775 -0.00295082957994 -0.055591031363
35.9084040305 -0.00294056802293 -0.0554944657633
35.9712358836 -0.0029303598043 -0.0553982338523
36.0340677367 -0.00292020455565 -0.0553023339099
36.0968995897 -0.00291010191183 -0.0552067642274
36.1597314428 -0.00290005151074 -0.0551115231078
36.2225632959 -0.00289005299345 -0.0550166088657
36.285395149 -0.00288010600405 -0.0549220198273
36.348227002 -0.00287021018974 -0.0548277543299
36.4110588551 -0.00286036520065 -0.0547338107222
36.4738907082 -0.00285057068993 -0.0546401873642
36.5367225612 -0.0028408263137 -0.0545468826268
36.5995544143 -0.00283113173095 -0.054453894892
36.6623862674 -0.00282148660359 -0.0543612225525
36.7252181205 -0.00281189059639 -0.0542688640123
36.7880499735 -0.00280234337693 -0.0541768176856
36.8508818266 -0.00279284461563 -0.0540850819972
36.9137136797 -0.00278339398564 -0.053993655383
36.9765455328 -0.00277399116288 -0.0539025362889
37.0393773858 -0.00276463582597 -0.0538117231712
37.1022092389 -0.00275532765627 -0.0537212144966
37.165041092 -0.00274606633775 -0.0536310087419
37.227872945 -0.00273685155703 -0.053541104394
37.2907047981 -0.00272768300338 -0.05345149995
37.3535366512 -0.00271856036859 -0.0533621939168
37.4163685043 -0.00270948334706 -0.0532731848112
37.4792003573 -0.00270045163571 -0.0531844711597
37.5420322104 -0.00269146493396 -0.0530960514985
37.6048640635 -0.00268252294371 -0.0530079243736
37.6676959165 -0.00267362536938 -0.0529200883402
37.7305277696 -0.00266477191773 -0.0528325419635
37.7933596227 -0.00265596229796 -0.0527452838177
37.8561914758 -0.00264719622174 -0.0526583124862
37.9190233288 -0.002638473403 -0.0525716265619
37.9818551819 -0.00262979355803 -0.0524852246469
38.044687035 -0.00262115640551 -0.0523991053522
38.107518888 -0.00261256166634 -0.0523132672977
38.1703507411 -0.00260400906371 -0.0522277091127
38.2331825942 -0.00259549832307 -0.0521424294349
38.2960144473 -0.00258702917211 -0.052057426911
38.3588463003 -0.00257860134069 -0.0519727001965
38.4216781534 -0.0025702145609 -0.0518882479554
38.4845100065 -0.00256186856698 -0.0518040688603
38.5473418595 -0.00255356309528 -0.0517201615925
38.6101737126 -0.00254529788434 -0.0516365248414
38.6730055657 -0.00253707267474 -0.0515531573052
38.7358374188 -0.00252888720917 -0.0514700576901
38.7986692718 -0.00252074123237 -0.0513872247109
38.8615011249 -0.00251263449117 -0.0513046570898
38.924332978 -0.00250456673434 -0.0512223535583
38.987164831 -0.00249653771272 -0.051140312855
39.0499966841 -0.00248854717913 -0.0510585337267
39.1128285372 -0.0024805948883 -0.0509770149286
39.1756603903 -0.00247268059699 -0.050895755223
39.2384922433 -0.00246480406381 -0.0508147533809
39.3013240964 -0.00245696504934 -0.05073400818
39.3641559495 -0.00244916331602 -0.0506535184067
39.4269878026 -0.00244139862817 -0.0505732828542
39.4898196556 -0.00243367075197 -0.0504933003239
39.5526515087 -0.00242597945544 -0.0504135696243
39.6154833618 -0.00241832450841 -0.0503340895715
39.6783152148 -0.00241070568255 -0.0502548589889
39.7411470679 -0.00240312275126 -0.0501758767074
39.803978921 -0.00239557548977 -0.0500971415649
39.8668107741 -0.00238806367502 -0.0500186524069
39.9296426271 -0.00238058708571 -0.0499404080857
39.9924744802 -0.00237314550226 -0.0498624074609
40.0553063333 -0.00236573870681 -0.0497846493989
40.1181381863 -0.00235836648315 -0.0497071327736
40.1809700394 -0.00235102861676 -0.0496298564654
40.2438018925 -0.00234372489481 -0.0495528193617
40.3066337456 -0.0023364551061 -0.0494760203567
40.3694655986 -0.00232921904102 -0.0493994583516
40.4322974517 -0.00232201649161 -0.0493231322541
40.4951293048 -0.0023148472515 -0.0492470409787
40.5579611578 -0.00230771111591 -0.0491711834466
40.6207930109 -0.00230060788163 -0.0490955585851
40.683624864 -0.00229353734698 -0.0490201653288
40.7464567171 -0.00228649931185 -0.0489450026183
40.8092885701 -0.00227949357765 -0.0488700694004
40.8721204232 -0.00227251994729 -0.0487953646291
40.9349522763 -0.00226557822516 -0.048720887264
40.9977841293 -0.00225866821721 -0.0486466362711
41.0606159824 -0.00225178973078 -0.048572610623
41.1234478355 -0.00224494257471 -0.0484988092981
41.1862796886 -0.00223812655928 -0.0484252312811
41.2491115416 -0.00223134149619 -0.048351875563
41.3119433947 -0.00222458719857 -0.0482787411403
41.3747752478 -0.00221786348096 -0.0482058270162
41.4376071008 -0.00221117015928 -0.0481331321994
41.5004389539 -0.00220450705084 -0.0480606557048
41.563270807 -0.00219787397433 -0.0479883965527
41.6261026601 -0.00219127074975 -0.0479163537699
41.6889345131 -0.00218469719851 -0.0478445263885
41.7517663662 -0.0021781531433 -0.0477729134465
41.8145982193 -0.00217163840817 -0.0477015139876
41.8774300724 -0.00216515281843 -0.0476303270613
41.9402619254 -0.00215869620073 -0.0475593517226
42.0030937785 -0.002152268383 -0.0474885870317
42.0659256316 -0.00214586919442 -0.0474180320552
42.1287574846 -0.00213949846547 -0.0473476858643
42.1915893377 -0.00213315602783 -0.0472775475364
42.2544211908 -0.00212684171447 -0.0472076161536
42.3172530439 -0.00212055535956 -0.0471378908041
42.3800848969 -0.00211429679849 -0.0470683705811
42.44291675 -0.00210806586791 -0.0469990545827
42.5057486031 -0.00210186240556 -0.0469299419131
42.5685804561 -0.00209568625045 -0.0468610316811
42.6314123092 -0.00208953724279 -0.0467923230008
42.6942441623 -0.00208341522385 -0.0467238149916
42.7570760154 -0.00207732003617 -0.0466555067779
42.8199078684 -0.00207125152336 -0.0465873974892
42.8827397215 -0.00206520953019 -0.0465194862599
42.9455715746 -0.00205919390255 -0.0464517722299
43.0084034276 -0.00205320448748 -0.0463842545433
43.0712352807 -0.00204724113308 -0.0463169323497
43.1340671338 -0.00204130368858 -0.0462498048034
43.1968989869 -0.00203539200428 -0.0461828710635
43.2597308399 -0.00202950593154 -0.0461161302942
43.322562693 -0.00202364532283 -0.0460495816643
43.3853945461 -0.00201781003167 -0.0459832243469
43.4482263991 -0.00201199991262 -0.0459170575207
43.5110582522 -0.00200621482128 -0.0458510803686
43.5738901053 -0.00200045461428 -0.0457852920781
43.6367219584 -0.00199471914926 -0.0457196918416
43.6995538114 -0.00198900828495 -0.0456542788556
43.7623856645 -0.00198332188099 -0.0455890523216
43.8252175176 -0.00197765979805 -0.0455240114458
43.8880493706 -0.00197202189783 -0.0454591554383
43.9508812237 -0.00196640804297 -0.0453944835139
44.0137130768 -0.00196081809709 -0.0453299948921
44.0765449299 -0.00195525192478 -0.0452656887963
44.1393767829 -0.00194970939158 -0.0452015644546
44.202208636 -0.00194419036397 -0.0451376210998
44.2650404891 -0.00193869470939 -0.045073857968
44.3278723422 -0.00193322229619 -0.0450102743006
44.3907041952 -0.0019277729937 -0.0449468693424
44.4535360483 -0.00192234667205 -0.0448836423435
44.5163679014 -0.00191694320243 -0.0448205925567
44.5791997544 -0.00191156245681 -0.0447577192402
44.6420316075 -0.00190620430811 -0.0446950216559
44.7048634606 -0.00190086863012 -0.0446324990698
44.7676953137 -0.00189555529751 -0.0445701507519
44.8305271667 -0.00189026418582 -0.0445079759764
44.8933590198 -0.00188499517149 -0.0444459740211
44.9561908729 -0.00187974813174 -0.0443841441687
45.0190227259 -0.00187452294473 -0.0443224857048
45.081854579 -0.00186931948937 -0.0442609979197
45.1446864321 -0.00186413764548 -0.0441996801073
45.2075182852 -0.0018589772937 -0.0441385315651
45.2703501382 -0.00185383831546 -0.0440775515951
45.3331819913 -0.001848720593 -0.0440167395027
45.3960138444 -0.00184362400944 -0.043956094597
45.4588456974 -0.00183854844862 -0.0438956161912
45.5216775505 -0.00183349379519 -0.0438353036024
45.5845094036 -0.00182845993463 -0.0437751561507
45.6473412567 -0.00182344675318 -0.0437151731605
45.7101731097 -0.00181845413784 -0.0436553539598
45.7730049628 -0.00181348197641 -0.0435956978799
45.8358368159 -0.00180853015741 -0.0435362042564
45.8986686689 -0.0018035985702 -0.0434768724276
45.961500522 -0.00179868710478 -0.0434177017362
46.0243323751 -0.00179379565199 -0.0433586915279
46.0871642282 -0.00178892410334 -0.0432998411524
46.1499960812 -0.00178407235112 -0.0432411499623
46.2128279343 -0.00177924028832 -0.0431826173144
46.2756597874 -0.00177442780868 -0.0431242425681
46.3384916404 -0.00176963480663 -0.0430660250871
46.4013234935 -0.0017648611773 -0.043007964238
46.4641553466 -0.00176010681657 -0.0429500593908
46.5269871997 -0.00175537162096 -0.0428923099191
46.5898190527 -0.00175065548771 -0.0428347151998
46.6526509058 -0.00174595831476 -0.042777274613
46.7154827589 -0.00174128000073 -0.0427199875419
46.778314612 -0.00173662044488 -0.0426628533735
46.841146465 -0.0017319795472 -0.0426058714976
46.9039783181 -0.00172735720826 -0.0425490413077
46.9668101712 -0.00172275332941 -0.0424923621996
47.0296420242 -0.00171816781254 -0.0424358335735
47.0924738773 -0.00171360056025 -0.0423794548318
47.1553057304 -0.00170905147575 -0.0423232253809
47.2181375835 -0.00170452046293 -0.0422671446294
47.2809694365 -0.00170000742631 -0.0422112119895
47.3438012896 -0.00169551227099 -0.0421554268767
47.4066331427 -0.00169103490276 -0.042099788709
47.4694649957 -0.00168657522796 -0.0420442969083
47.5322968488 -0.00168213315362 -0.0419889508983
47.5951287019 -0.00167770858733 -0.0419337501068
47.657960555 -0.00167330143726 -0.0418786939644
47.720792408 -0.00166891161229 -0.0418237819038
47.7836242611 -0.00166453902174 -0.0417690133621
47.8464561142 -0.00166018357567 -0.0417143877779
47.9092879672 -0.00165584518463 -0.0416599045937
47.9721198203 -0.00165152375976 -0.0416055632546
48.0349516734 -0.00164721921286 -0.041551363208
48.0977835265 -0.00164293145617 -0.0414973039053
48.1606153795 -0.00163866040261 -0.0414433847999
48.2234472326 -0.00163440596562 -0.041389605348
48.2862790857 -0.00163016805918 -0.0413359650093
48.3491109387 -0.0016259465979 -0.0412824632449
48.4119427918 -0.00162174149681 -0.0412290995208
48.4747746449 -0.00161755267163 -0.0411758733036
48.537606498 -0.0016133800385 -0.0411227840643
48.600438351 -0.00160922351422 -0.041069831275
48.6632702041 -0.00160508301602 -0.0410170144119
48.7261020572 -0.00160095846169 -0.0409643329534
48.7889339102 -0.00159684976956 -0.0409117863804
48.8517657633 -0.00159275685851 -0.0408593741762
48.9145976164 -0.00158867964787 -0.0408070958277
48.9774294695 -0.00158461805752 -0.0407549508234
49.0402613225 -0.00158057200785 -0.0407029386547
49.1030931756 -0.0015765414198 -0.0406510588155
49.1659250287 -0.00157252621468 -0.0405993108032
49.2287568818 -0.00156852631445 -0.0405476941162
49.2915887348 -0.00156454164148 -0.0404962082564
49.3544205879 -0.00156057211866 -0.040444852728
49.417252441 -0.00155661766932 -0.040393627038
49.480084294 -0.00155267821735 -0.0403425306952
49.5429161471 -0.00154875368708 -0.0402915632112
49.6057480002 -0.00154484400331 -0.0402407241002
49.6685798533 -0.0015409490913 -0.040190012879
49.7314117063 -0.00153706887682 -0.0401394290663
49.7942435594 -0.00153320328608 -0.0400889721834
49.8570754125 -0.00152935224574 -0.0400386417543
49.9199072655 -0.00152551568297 -0.0399884373048
49.9827391186 -0.00152169352532 -0.0399383583635
50.0455709717 -0.00151788570085 -0.0398884044616
50.1084028248 -0.00151409213806 -0.0398385751316
50.1712346778 -0.00151031276586 -0.0397888699095
50.2340665309 -0.00150654751365 -0.0397392883328
50.296898384 -0.00150279631123 -0.0396898299416
50.359730237 -0.00149905908885 -0.0396404942784
50.4225620901 -0.00149533577722 -0.0395912808875
50.4853939432 -0.0014916263074 -0.0395421893161
50.5482257963 -0.00148793061096 -0.0394932191131
50.6110576493 -0.00148424861985 -0.0394443698298
50.6738895024 -0.00148058026646 -0.0393956410197
50.7367213555 -0.00147692548357 -0.0393470322385
50.7995532085 -0.00147328420438 -0.0392985430441
50.8623850616 -0.00146965636253 -0.0392501729964
50.9252169147 -0.00146604189202 -0.0392019216579
50.9880487678 -0.00146244072731 -0.0391537885926
51.0508806208 -0.00145885280319 -0.0391057733671
51.1137124739 -0.0014552780549 -0.0390578755499
51.176544327 -0.00145171641809 -0.0390100947118
51.23937618 -0.00144816782874 -0.0389624304254
51.3022080331 -0.00144463222327 -0.0389148822657
51.3650398862 -0.00144110953847 -0.0388674498094
51.4278717393 -0.00143759971151 -0.0388201326355
51.4907035923 -0.00143410267997 -0.0387729303248
51.5535354454 -0.00143061838175 -0.0387258424608
51.6163672985 -0.00142714675517 -0.0386788686282
51.6791991516 -0.00142368773893 -0.0386320084137
51.7420310046 -0.00142024127207 -0.0385852614068
51.8048628577 -0.00141680729399 -0.0385386271984
51.8676947108 -0.00141338574452 -0.0384921053811
51.9305265638 -0.00140997656377 -0.0384456955501
51.9933584169 -0.00140657969225 -0.0383993973023
52.05619027 -0.00140319507085 -0.0383532102362
52.1190221231 -0.00139982264078 -0.0383071339524
52.1818539761 -0.00139646234358 -0.038261168054
52.2446858292 -0.0013931141212 -0.038215312145
52.3075176823 -0.0013897779159 -0.0381695658319
52.3703495353 -0.00138645367028 -0.0381239287232
52.4331813884 -0.0013831413273 -0.0380784004287
52.4960132415 -0.00137984083025 -0.0380329805604
52.5588450946 -0.00137655212278 -0.037987668732
52.6216769476 -0.00137327514882 -0.0379424645594
52.6845088007 -0.00137000985267 -0.03789736766
52.7473406538 -0.00136675617897 -0.0378523776528
52.8101725068 -0.00136351407267 -0.0378074941591
52.8730043599 -0.00136028347905 -0.0377627168015
52.935836213 -0.00135706434372 -0.0377180452046
52.9986680661 -0.00135385661258 -0.037673478995
53.0614999191 -0.00135066023186 -0.037629017801
53.1243317722 -0.00134747514817 -0.0375846612519
53.1871636253 -0.00134430130833 -0.0375404089797
53.2499954783 -0.00134113865955 -0.0374962606175
53.3128273314 -0.00133798714929 -0.0374522158006
53.3756591845 -0.00133484672538 -0.0374082741658
53.4384910376 -0.00133171733592 -0.0373644353512
53.5013228906 -0.00132859892933 -0.0373206989968
53.5641547437 -0.00132549145427 -0.0372770647451
53.6269865968 -0.0013223948598 -0.0372335322389
53.6898184498 -0.0013193090952 -0.0371901011237
53.7526503029 -0.00131623411004 -0.0371467710462
53.815482156 -0.00131316985427 -0.0371035416546
53.8783140091 -0.00131011627804 -0.0370604125993
53.9411458621 -0.00130707333183 -0.0370173835314
54.0039777152 -0.00130404096637 -0.0369744541048
54.0668095683 -0.00130101913274 -0.0369316239739
54.1296414214 -0.00129800778222 -0.0368888927954
54.1924732744 -0.00129500686646 -0.0368462602272
54.2553051275 -0.00129201633731 -0.0368037259288
54.3181369806 -0.00128903614696 -0.0367612895615
54.3809688336 -0.00128606624782 -0.0367189507881
54.4438006867 -0.00128310659262 -0.0366767092725
54.5066325398 -0.00128015713432 -0.0366345646808
54.5694643929 -0.00127721782615 -0.0365925166806
54.6322962459 -0.00127428862168 -0.0365505649401
54.695128099 -0.00127136947466 -0.0365087091299
54.7579599521 -0.00126846033913 -0.0364669489219
54.8207918051 -0.00126556116942 -0.0364252839895
54.8836236582 -0.00126267192006 -0.0363837140076
54.9464555113 -0.00125979254592 -0.0363422386521
55.0092873644 -0.00125692300206 -0.0363008576011
55.0721192174 -0.0012540632438 -0.0362595705339
55.1349510705 -0.00125121322676 -0.0362183771309
55.1977829236 -0.00124837290678 -0.0361772770744
55.2606147766 -0.00124554223994 -0.0361362700478
55.3234466297 -0.00124272118257 -0.0360953557364
55.3862784828 -0.00123990969128 -0.0360545338263
55.4491103359 -0.0012371077229 -0.0360138040054
55.5119421889 -0.00123431523447 -0.0359731659629
55.574774042 -0.00123153218335 -0.0359326193896
55.6376058951 -0.00122875852707 -0.0358921639772
55.7004377481 -0.00122599422343 -0.0358517994192
55.7632696012 -0.00122323923045 -0.0358115254105
55.8261014543 -0.00122049350642 -0.0357713416468
55.8889333074 -0.0012177570098 -0.035731247826
55.9517651604 -0.00121502969935 -0.0356912436467
56.0145970135 -0.00121231153403 -0.0356513288092
56.0774288666 -0.001209602473 -0.0356115030149
56.1402607196 -0.00120690247573 -0.0355717659664
56.2030925727 -0.00120421150181 -0.0355321173682
56.2659244258 -0.00120152951114 -0.0354925569255
56.3287562789 -0.00119885646378 -0.0354530843454
56.3915881319 -0.00119619232007 -0.0354136993355
56.454419985 -0.00119353704051 -0.0353744016054
56.5172518381 -0.00119089058587 -0.0353351908657
56.5800836912 -0.00118825291711 -0.0352960668282
56.6429155442 -0.00118562399542 -0.0352570292062
56.7057473973 -0.00118300378217 -0.035218077714
56.7685792504 -0.00118039223899 -0.0351792120674
56.8314111034 -0.00117778932769 -0.0351404319832
56.8942429565 -0.00117519501029 -0.0351017371799
56.9570748096 -0.00117260924906 -0.0350631273762
57.0199066627 -0.00117003200639 -0.0350246022936
57.0827385157 -0.00116746324498 -0.0349861616533
57.1455703688 -0.00116490292766 -0.0349478051788
57.2084022219 -0.00116235101749 -0.0349095325941
57.2712340749 -0.00115980747773 -0.0348713436248
57.334065928 -0.00115727227183 -0.0348332379976
57.3968977811 -0.00115474536344 -0.0347952154404
57.4597296342 -0.00115222671645 -0.0347572756821
57.5225614872 -0.00114971629489 -0.034719418453
57.5853933403 -0.00114721406301 -0.0346816434845
57.6482251934 -0.00114471998524 -0.0346439505091
57.7110570464 -0.00114223402625 -0.0346063392605
57.7738888995 -0.00113975615082 -0.0345688094737
57.8367207526 -0.00113728632398 -0.0345313608846
57.8995526057 -0.00113482451096 -0.0344939932304
57.9623844587 -0.00113237067712 -0.0344567062492
58.0252163118 -0.00112992478805 -0.0344194996807
58.0880481649 -0.0011274868095 -0.0343823732651
58.1508800179 -0.00112505670746 -0.0343453267442
58.213711871 -0.00112263444802 -0.0343083598606
58.2765437241 -0.00112021999749 -0.0342714723585
58.3393755772 -0.00111781332238 -0.0342346639826
58.4022074302 -0.00111541438938 -0.0341979344788
58.4650392833 -0.00111302316531 -0.0341612835943
58.5278711364 -0.00111063961721 -0.0341247110775
58.5907029894 -0.00110826371227 -0.0340882166773
58.6535348425 -0.0011058954179 -0.0340518001444
58.7163666956 -0.00110353470163 -0.0340154612298
58.7791985487 -0.00110118153116 -0.0339791996865
58.8420304017 -0.00109883587444 -0.0339430152675
58.9048622548 -0.00109649769951 -0.0339069077274
58.9676941079 -0.0010941669746 -0.033870876822
59.030525961 -0.00109184366813 -0.0338349223077
59.093357814 -0.00108952774865 -0.0337990439425
59.1561896671 -0.00108721918493 -0.0337632414845
59.2190215202 -0.00108491794585 -0.0337275146937
59.2818533732 -0.00108262400048 -0.033691863331
59.3446852263 -0.00108033731806 -0.0336562871577
59.4075170794 -0.00107805786796 -0.0336207859368
59.4703489325 -0.00107578561976 -0.0335853594318
59.5331807855 -0.00107352054315 -0.0335500074076
59.5960126386 -0.00107126260801 -0.0335147296297
59.6588444917 -0.00106901178439 -0.0334795258648
59.7216763447 -0.00106676804244 -0.0334443958805
59.7845081978 -0.00106453135253 -0.0334093394456
59.8473400509 -0.00106230168514 -0.0333743563296
59.910171904 -0.00106007901094 -0.0333394463026
59.973003757 -0.00105786330072 -0.0333046091366
60.0358356101 -0.00105565452544 -0.0332698446041
60.0986674632 -0.00105345265622 -0.0332351524778
60.1614993162 -0.00105125766431 -0.0332005325327
60.2243311693 -0.0010490695211 -0.0331659845439
60.2871630224 -0.00104688819818 -0.0331315082874
60.3499948755 -0.00104471366722 -0.0330971035405
60.4128267285 -0.00104254590009 -0.033062770081
60.4756585816 -0.00104038486879 -0.0330285076882
60.5384904347 -0.00103823054543 -0.0329943161417
60.6013222877 -0.00103608290234 -0.0329601952222
60.6641541408 -0.00103394191191 -0.0329261447116
60.7269859939 -0.00103180754671 -0.0328921643923
60.789817847 -0.00102967977948 -0.032858254048
60.8526497 -0.00102755858304 -0.0328244134628
60.9154815531 -0.00102544393038 -0.0327906424221
60.9783134062 -0.00102333579465 -0.0327569407119
61.0411452592 -0.0010212341491 -0.0327233081192
61.1039771123 -0.00101913896714 -0.0326897444318
61.1668089654 -0.0010170502223 -0.0326562494387
61.2296408185 -0.00101496788826 -0.0326228229291
61.2924726715 -0.00101289193883 -0.0325894646939
61.3553045246 -0.00101082234796 -0.0325561745238
61.4181363777 -0.0010087590897 -0.0325229522117
61.4809682308 -0.00100670213828 -0.03248979755
61.5438000838 -0.00100465146802 -0.0324567103328
61.6066319369 -0.00100260705342 -0.0324236903544
61.66946379 -0.00100056886904 -0.0323907374107
61.732295643 -0.000998536889603 -0.0323578512982
61.7951274961 -0.000996511089994 -0.0323250318136
61.8579593492 -0.000994491445178 -0.0322922787552
61.9207912023 -0.000992477930268 -0.0322595919213
61.9836230553 -0.000990470520499 -0.032226971112
62.0464549084 -0.000988469191225 -0.0321944161274
62.1092867615 -0.000986473917925 -0.0321619267689
62.1721186145 -0.000984484676206 -0.0321295028385
62.2349504676 -0.000982501441797 -0.032097144139
62.2977823207 -0.000980524190552 -0.0320648504737
62.3606141738 -0.000978552898447 -0.0320326216472
62.4234460268 -0.000976587541558 -0.0320004574648
62.4862778799 -0.000974628096117 -0.0319683577321
62.549109733 -0.000972674538436 -0.0319363222561
62.611941586 -0.000970726844974 -0.0319043508441
62.6747734391 -0.000968784992293 -0.0318724433045
62.7376052922 -0.000966848957073 -0.0318405994463
62.8004371453 -0.000964918716118 -0.0318088190792
62.8632689983 -0.000962994246348 -0.0317771020137
62.9261008514 -0.000961075524786 -0.0317454480611
62.9889327045 -0.000959162528578 -0.0317138570336
63.0517645575 -0.000957255234991 -0.0316823287436
63.1145964106 -0.000955353621374 -0.0316508630051
63.1774282637 -0.000953457665216 -0.031619459632
63.2402601168 -0.000951567344114 -0.0315881184396
63.3030919698 -0.000949682635791 -0.031556839243
63.3659238229 -0.000947803518024 -0.0315256218594
63.428755676 -0.000945929968762 -0.0314944661056
63.491587529 -0.000944061966026 -0.0314633717994
63.5544193821 -0.000942199487972 -0.0314323387595
63.6172512352 -0.000940342512833 -0.0314013668053
63.6800830883 -0.000938491018963 -0.0313704557569
63.7429149413 -0.000936644984836 -0.0313396054348
63.8057467944 -0.000934804389014 -0.0313088156605
63.8685786475 -0.000932969210165 -0.0312780862562
63.9314105006 -0.000931139427067 -0.0312474170446
63.9942423536 -0.000929315018602 -0.0312168078493
64.0570742067 -0.000927495963755 -0.0311862584946
64.1199060598 -0.000925682241615 -0.0311557688052
64.1827379128 -0.000923873831351 -0.0311253386068
64.2455697659 -0.000922070712273 -0.0310949677257
64.308401619 -0.000920272863759 -0.0310646559887
64.3712334721 -0.000918480265315 -0.0310344032234
64.4340653251 -0.000916692896505 -0.0310042092582
64.4968971782 -0.00091491073704 -0.0309740739219
64.5597290313 -0.000913133766698 -0.0309439970443
64.6225608843 -0.000911361965367 -0.0309139784553
64.6853927374 -0.000909595313028 -0.0308840179862
64.7482245905 -0.000907833789769 -0.0308541154681
64.8110564436 -0.00090607737574 -0.0308242707338
64.8738882966 -0.000904326051236 -0.0307944836158
64.9367201497 -0.000902579796621 -0.0307647539475
64.9995520028 -0.000900838592353 -0.0307350815632
65.0623838558 -0.000899102418985 -0.0307054662977
65.1252157089 -0.000897371257165 -0.0306759079864
65.188047562 -0.000895645087639 -0.0306464064652
65.2508794151 -0.000893923891218 -0.0306169615711
65.3137112681 -0.000892207648862 -0.0305875731412
65.3765431212 -0.000890496341554 -0.0305582410134
65.4393749743 -0.000888789950436 -0.0305289650261
65.5022068273 -0.000887088456676 -0.0304997450188
65.5650386804 -0.00088539184158 -0.0304705808309
65.6278705335 -0.00088370008652 -0.030441472303
65.6907023866 -0.000882013172959 -0.030412419276
65.7535342396 -0.000880331082446 -0.0303834215916
65.8163660927 -0.000878653796624 -0.030354479092
65.8791979458 -0.000876981297229 -0.0303255916198
65.9420297988 -0.000875313566084 -0.0302967590183
66.0048616519 -0.000873650585058 -0.030267981132
66.067693505 -0.000871992336164 -0.0302392578051
66.1305253581 -0.000870338801481 -0.0302105888826
66.1933572111 -0.000868689963133 -0.0301819742108
66.2561890642 -0.000867045803405 -0.0301534136353
66.3190209173 -0.000865406304595 -0.0301249070035
66.3818527704 -0.000863771449107 -0.0300964541629
66.4446846234 -0.000862141219453 -0.0300680549611
66.5075164765 -0.000860515598194 -0.0300397092473
66.5703483296 -0.000858894567988 -0.0300114168702
66.6331801826 -0.000857278111571 -0.02998317768
66.6960120357 -0.000855666211767 -0.0299549915266
66.7588438888 -0.00085405885148 -0.0299268582611
66.8216757419 -0.000852456013665 -0.0298987777351
66.8845075949 -0.000850857681403 -0.0298707498003
66.947339448 -0.000849263837831 -0.0298427743092
67.0101713011 -0.000847674466145 -0.0298148511154
67.0730031541 -0.00084608954967 -0.0297869800721
67.1358350072 -0.000844509071747 -0.0297591610337
67.1986668603 -0.000842933015872 -0.0297313938544
67.2614987134 -0.000841361365521 -0.0297036783903
67.3243305664 -0.000839794104319 -0.0296760144968
67.3871624195 -0.000838231215955 -0.0296484020302
67.4499942726 -0.000836672684186 -0.0296208408474
67.5128261256 -0.000835118492826 -0.0295933308059
67.5756579787 -0.000833568625789 -0.0295658717636
67.6384898318 -0.000832023067069 -0.0295384635789
67.7013216849 -0.000830481800701 -0.0295111061108
67.7641535379 -0.000828944810814 -0.029483799219
67.826985391 -0.000827412081633 -0.0294565427631
67.8898172441 -0.000825883597403 -0.0294293366041
67.9526490971 -0.000824359342486 -0.0294021806028
68.0154809502 -0.000822839301299 -0.0293750746208
68.0783128033 -0.000821323458335 -0.0293480185203
68.1411446564 -0.000819811798143 -0.0293210121637
68.2039765094 -0.000818304305382 -0.029294055414
68.2668083625 -0.000816800964738 -0.0292671481349
68.3296402156 -0.000815301760974 -0.0292402901907
68.3924720686 -0.000813806678956 -0.0292134814456
68.4553039217 -0.000812315703581 -0.029186721765
68.5181357748 -0.00081082881984 -0.0291600110141
68.5809676279 -0.000809346012771 -0.0291333490593
68.6437994809 -0.000807867267497 -0.0291067357671
68.706631334 -0.000806392569203 -0.0290801710043
68.7694631871 -0.000804921903141 -0.0290536546388
68.8322950402 -0.000803455254647 -0.029027186538
68.8951268932 -0.000801992609091 -0.0290007665709
68.9579587463 -0.000800533951927 -0.0289743946063
69.0207905994 -0.000799079268682 -0.0289480705135
69.0836224524 -0.000797628544932 -0.0289217941626
69.1464543055 -0.000796181766336 -0.0288955654237
69.2092861586 -0.000794738918599 -0.0288693841681
69.2721180117 -0.000793299987523 -0.0288432502664
69.3349498647 -0.000791864958927 -0.028817163591
69.3977817178 -0.000790433818726 -0.0287911240138
69.4606135709 -0.000789006552898 -0.0287651314076
69.5234454239 -0.000787583147463 -0.0287391856458
69.586277277 -0.000786163588544 -0.0287132866013
69.6491091301 -0.00078474786228 -0.0286874341487
69.7119409832 -0.00078333595489 -0.0286616281626
69.7747728362 -0.000781927852684 -0.0286358685175
69.8376046893 -0.000780523541964 -0.0286101550893
69.9004365424 -0.000779123009178 -0.0285844877535
69.9632683954 -0.000777726240776 -0.0285588663865
70.0261002485 -0.000776333223289 -0.028533290865
70.0889321016 -0.000774943943286 -0.0285077610665
70.1517639547 -0.000773558387459 -0.028482276868
70.2145958077 -0.000772176542466 -0.0284568381482
70.2774276608 -0.000770798395109 -0.0284314447851
70.3402595139 -0.000769423932201 -0.0284060966577
70.4030913669 -0.000768053140618 -0.0283807936456
70.46592322 -0.000766686007325 -0.0283555356282
70.5287550731 -0.000765322519299 -0.0283303224862
70.5915869262 -0.0007639626636 -0.0283051540998
70.6544187792 -0.000762606427356 -0.0282800303503
70.7172506323 -0.000761253797727 -0.0282549511191
70.7800824854 -0.000759904761955 -0.0282299162881
70.8429143384 -0.000758559307319 -0.0282049257395
70.9057461915 -0.000757217421155 -0.028179979356
70.9685780446 -0.000755879090873 -0.028155077021
71.0314098977 -0.000754544303935 -0.0281302186175
71.0942417507 -0.000753213047825 -0.0281054040302
71.1570736038 -0.00075188531011 -0.028080633143
71.2199054569 -0.000750561078425 -0.0280559058407
71.28273731 -0.000749240340423 -0.0280312220086
71.345569163 -0.000747923083846 -0.028006581532
71.4084010161 -0.000746609296463 -0.0279819842974
71.4712328692 -0.000745298966119 -0.0279574301906
71.5340647222 -0.000743992080696 -0.0279329190988
71.5968965753 -0.000742688628133 -0.027908450909
71.6597284284 -0.000741388596418 -0.0278840255088
71.7225602815 -0.000740091973613 -0.027859642786
71.7853921345 -0.000738798747792 -0.0278353026294
71.8482239876 -0.000737508907136 -0.0278110049269
71.9110558407 -0.000736222439811 -0.0277867495685
71.9738876937 -0.000734939334094 -0.0277625364435
72.0367195468 -0.000733659578275 -0.0277383654413
72.0995513999 -0.000732383160723 -0.0277142364526
72.162383253 -0.000731110069826 -0.027690149368
72.225215106 -0.000729840294047 -0.0276661040786
72.2880469591 -0.000728573821893 -0.0276421004755
72.3508788122 -0.000727310641918 -0.0276181384509
72.4137106652 -0.000726050742718 -0.0275942178967
72.4765425183 -0.000724794112975 -0.0275703387052
72.5393743714 -0.000723540741333 -0.0275465007701
72.6022062245 -0.000722290616603 -0.0275227039839
72.6650380775 -0.000721043727563 -0.0274989482405
72.7278699306 -0.000719800063061 -0.0274752334339
72.7907017837 -0.000718559611986 -0.0274515594585
72.8535336367 -0.000717322363285 -0.027427926209
72.9163654898 -0.000716088305976 -0.0274043335804
72.9791973429 -0.00071485742905 -0.0273807814684
73.042029196 -0.000713629721609 -0.0273572697687
73.104861049 -0.000712405172809 -0.0273337983774
73.1676929021 -0.000711183771803 -0.0273103671911
73.2305247552 -0.000709965507833 -0.0272869761065
73.2933566082 -0.000708750370157 -0.0272636250211
73.3561884613 -0.0007075383481 -0.0272403138323
73.4190203144 -0.000706329431018 -0.027217042438
73.4818521675 -0.00070512360832 -0.0271938107368
73.5446840205 -0.000703920869481 -0.0271706186265
73.6075158736 -0.000702721203971 -0.027147466007
73.6703477267 -0.000701524601339 -0.0271243527772
73.7331795798 -0.00070033105115 -0.0271012788372
73.7960114328 -0.000699140543094 -0.027078244086
73.8588432859 -0.000697953066786 -0.0270552484248
73.921675139 -0.000696768611982 -0.0270322917538
73.984506992 -0.000695587168429 -0.0270093739744
74.0473388451 -0.000694408725938 -0.0269864949876
74.1101706982 -0.000693233274339 -0.0269636546954
74.1730025513 -0.000692060803558 -0.0269408529993
74.2358344043 -0.000690891303501 -0.0269180898022
74.2986662574 -0.000689724764156 -0.0268953650064
74.3614981105 -0.000688561175538 -0.0268726785149
74.4243299635 -0.000687400527706 -0.0268500302314
74.4871618166 -0.000686242810782 -0.0268274200591
74.5499936697 -0.000685088014898 -0.0268048479018
74.6128255228 -0.000683936130213 -0.0267823136646
74.6756573758 -0.000682787146989 -0.0267598172514
74.7384892289 -0.000681641055489 -0.0267373585673
74.801321082 -0.00068049784601 -0.0267149375176
74.864152935 -0.000679357508901 -0.0266925540079
74.9269847881 -0.000678220034573 -0.0266702079437
74.9898166412 -0.00067708541342 -0.0266478992319
75.0526484943 -0.000675953635943 -0.0266256277785
75.1154803473 -0.000674824692619 -0.0266033934906
75.1783122004 -0.00067369857404 -0.026581196275
75.2411440535 -0.000672575270764 -0.026559036039
75.3039759065 -0.000671454773408 -0.0265369126913
75.3668077596 -0.000670337072679 -0.0265148261387
75.4296396127 -0.000669222159238 -0.0264927762905
75.4924714658 -0.000668110023858 -0.026470763055
75.5553033188 -0.00066700065731 -0.0264487863409
75.6181351719 -0.000665894050415 -0.0264268460579
75.680967025 -0.000664790194042 -0.0264049421152
75.743798878 -0.000663689079072 -0.0263830744228
75.8066307311 -0.000662590696432 -0.0263612428913
75.8694625842 -0.000661495037107 -0.0263394474306
75.9322944373 -0.000660402092114 -0.0263176879515
75.9951262903 -0.000659311852483 -0.026295964365
76.0579581434 -0.000658224309302 -0.0262742765828
76.1207899965 -0.000657139453679 -0.0262526245163
76.1836218496 -0.000656057276786 -0.0262310080773
76.2464537026 -0.000654977769803 -0.0262094271783
76.3092855557 -0.00065390092397 -0.0261878817317
76.3721174088 -0.000652826730529 -0.0261663716501
76.4349492618 -0.000651755180803 -0.0261448968467
76.4977811149 -0.000650686266121 -0.0261234572347
76.560612968 -0.000649619977837 -0.0261020527283
76.6234448211 -0.000648556307388 -0.0260806832406
76.6862766741 -0.000647495246195 -0.0260593486863
76.7491085272 -0.000646436785721 -0.02603804898
76.8119403803 -0.000645380917506 -0.0260167840359
76.8747722333 -0.000644327633076 -0.0259955537697
76.9376040864 -0.000643276924025 -0.0259743580961
77.0004359395 -0.000642228781956 -0.025953196931
77.0632677926 -0.000641183198517 -0.0259320701903
77.1260996456 -0.000640140165403 -0.02591097779
77.1889314987 -0.000639099674312 -0.0258899196466
77.2517633518 -0.000638061717008 -0.0258688956768
77.3145952048 -0.000637026285266 -0.0258479057974
77.3774270579 -0.000635993370908 -0.0258269499257
77.440258911 -0.000634962965769 -0.0258060279794
77.5030907641 -0.00063393506175 -0.0257851398759
77.5659226171 -0.00063290965076 -0.0257642855334
77.6287544702 -0.000631886724743 -0.02574346487
77.6915863233 -0.000630866275683 -0.0257226778045
77.7544181763 -0.000629848295583 -0.0257019242556
77.8172500294 -0.000628832776503 -0.0256812041422
77.8800818825 -0.000627819710516 -0.0256605173838
77.9429137356 -0.000626809089709 -0.0256398639002
78.0057455886 -0.00062580090626 -0.0256192436107
78.0685774417 -0.000624795152311 -0.0255986564359
78.1314092948 -0.000623791820062 -0.025578102296
78.1942411478 -0.000622790901785 -0.0255575811114
78.2570730009 -0.000621792389711 -0.0255370928031
78.319904854 -0.000620796276137 -0.0255166372925
78.3827367071 -0.000619802553399 -0.0254962145007
78.4455685601 -0.000618811213853 -0.0254758243494
78.5084004132 -0.000617822249912 -0.02545546676
78.5712322663 -0.000616835653949 -0.0254351416554
78.6340641194 -0.000615851418433 -0.0254148489577
78.6968959724 -0.000614869535864 -0.0253945885891
78.7597278255 -0.00061388999872 -0.0253743604731
78.8225596786 -0.000612912799558 -0.0253541645323
78.8853915316 -0.000611937930933 -0.0253340006905
78.9482233847 -0.000610965385454 -0.0253138688707
79.0110552378 -0.000609995155739 -0.0252937689974
79.0738870909 -0.000609027234451 -0.0252737009942
79.1367189439 -0.000608061614288 -0.0252536647854
79.199550797 -0.000607098287941 -0.025233660296
79.2623826501 -0.000606137248159 -0.0252136874504
79.3252145031 -0.000605178487726 -0.0251937461737
79.3880463562 -0.000604221999446 -0.0251738363911
79.4508782093 -0.000603267776104 -0.0251539580286
79.5137100624 -0.000602315810587 -0.0251341110116
79.5765419154 -0.000601366095817 -0.0251142952656
79.6393737685 -0.000600418624652 -0.0250945107174
79.7022056216 -0.000599473390042 -0.0250747572936
79.7650374746 -0.000598530384985 -0.0250550349202
79.8278693277 -0.000597589602457 -0.0250353435245
79.8907011808 -0.000596651035486 -0.0250156830335
79.9535330339 -0.000595714677095 -0.024996053375
80.0163648869 -0.000594780520414 -0.0249764544758
80.07919674 -0.000593848558509 -0.0249568862644
80.1420285931 -0.000592918784548 -0.0249373486682
80.2048604461 -0.000591991191644 -0.0249178416162
80.2676922992 -0.000591065773012 -0.0248983650364
80.3305241523 -0.000590142521855 -0.0248789188577
80.3933560054 -0.000589221431421 -0.0248595030088
80.4561878584 -0.000588302494988 -0.0248401174189
80.5190197115 -0.000587385705818 -0.0248207620174
80.5818515646 -0.000586471057233 -0.0248014367342
80.6446834176 -0.000585558542599 -0.0247821414986
80.7075152707 -0.000584648155264 -0.0247628762409
80.7703471238 -0.000583739888626 -0.0247436408915
80.8331789769 -0.000582833736113 -0.0247244353805
80.8960108299 -0.000581929691159 -0.0247052596389
80.958842683 -0.000581027747261 -0.0246861135974
81.0216745361 -0.000580127897891 -0.0246669971871
81.0845063892 -0.000579230136574 -0.0246479103394
81.1473382422 -0.000578334456869 -0.0246288529856
81.2101700953 -0.000577440852338 -0.0246098250579
81.2730019484 -0.000576549316588 -0.0245908264878
81.3358338014 -0.000575659843233 -0.0245718572074
81.3986656545 -0.00057477242591 -0.0245529171496
81.4614975076 -0.000573887058309 -0.0245340062465
81.5243293607 -0.000573003734104 -0.0245151244312
81.5871612137 -0.000572122447031 -0.0244962716365
81.6499930668 -0.000571243190812 -0.0244774477957
81.7128249199 -0.000570365959246 -0.0244586528418
81.7756567729 -0.000569490746102 -0.0244398867089
81.838488626 -0.000568617545189 -0.0244211493307
81.9013204791 -0.000567746350358 -0.0244024406413
81.9641523322 -0.000566877155472 -0.0243837605745
82.0269841852 -0.000566009954403 -0.0243651090651
82.0898160383 -0.000565144741077 -0.0243464860474
82.1526478914 -0.000564281509412 -0.0243278914566
82.2154797444 -0.000563420253373 -0.0243093252273
82.2783115975 -0.000562560966934 -0.0242907872948
82.3411434506 -0.000561703644096 -0.0242722775947
82.4039753037 -0.000560848278875 -0.0242537960627
82.4668071567 -0.000559994865335 -0.0242353426341
82.5296390098 -0.000559143397523 -0.0242169172455
82.5924708629 -0.000558293869558 -0.0241985198324
82.6553027159 -0.000557446275525 -0.0241801503318
82.718134569 -0.000556600609571 -0.0241618086801
82.7809664221 -0.000555756865871 -0.0241434948137
82.8437982752 -0.000554915038594 -0.0241252086698
82.9066301282 -0.000554075121931 -0.0241069501857
82.9694619813 -0.000553237110104 -0.0240887192989
83.0322938344 -0.000552400997384 -0.0240705159462
83.0951256875 -0.000551566778042 -0.0240523400656
83.1579575405 -0.000550734446336 -0.0240341915955
83.2207893936 -0.000549903996589 -0.0240160704736
83.2836212467 -0.000549075423144 -0.023997976638
83.3464530997 -0.000548248720342 -0.0239799100276
83.4092849528 -0.000547423882576 -0.0239618705805
83.4721168059 -0.000546600904225 -0.0239438582359
83.534948659 -0.000545779779709 -0.0239258729329
83.597780512 -0.00054496050346 -0.0239079146106
83.6606123651 -0.000544143069967 -0.0238899832079
83.7234442182 -0.000543327473676 -0.0238720786649
83.7862760712 -0.000542513709106 -0.0238542009212
83.8491079243 -0.000541701770767 -0.0238363499168
83.9119397774 -0.000540891653217 -0.0238185255915
83.9747716305 -0.000540083350983 -0.023800727886
84.0376034835 -0.000539276858677 -0.0237829567405
84.1004353366 -0.000538472170899 -0.0237652120955
84.1632671897 -0.00053766928226 -0.0237474938923
84.2260990427 -0.000536868187415 -0.0237298020711
84.2889308958 -0.000536068881028 -0.0237121365736
84.3517627489 -0.000535271357754 -0.0236944973413
84.414594602 -0.000534475612333 -0.023676884315
84.477426455 -0.000533681639449 -0.0236592974374
84.5402583081 -0.000532889433882 -0.0236417366492
84.6030901612 -0.000532098990354 -0.0236242018933
84.6659220142 -0.00053131030368 -0.0236066931113
84.7287538673 -0.000530523368629 -0.0235892102462
84.7915857204 -0.000529738180034 -0.0235717532401
84.8544175735 -0.00052895473274 -0.0235543220355
84.9172494265 -0.00052817302159 -0.023536916576
84.9800812796 -0.00052739304147 -0.0235195368038
85.0429131327 -0.000526614787252 -0.0235021826631
85.1057449857 -0.000525838253876 -0.0234848540963
85.1685768388 -0.000525063436264 -0.0234675510475
85.2314086919 -0.00052429032936 -0.0234502734604
85.294240545 -0.000523518928147 -0.0234330212786
85.357072398 -0.000522749227608 -0.0234157944463
85.4199042511 -0.000521981222745 -0.0233985929076
85.4827361042 -0.000521214908586 -0.0233814166072
85.5455679573 -0.000520450280173 -0.0233642654893
85.6083998103 -0.000519687332567 -0.0233471394985
85.6712316634 -0.000518926060828 -0.0233300385803
85.7340635165 -0.000518166460106 -0.0233129626786
85.7968953695 -0.000517408525454 -0.0232959117398
85.8597272226 -0.000516652252034 -0.0232788857086
85.9225590757 -0.000515897634987 -0.0232618845306
85.9853909288 -0.000515144669491 -0.0232449081515
86.0482227818 -0.000514393350752 -0.0232279565165
86.1110546349 -0.000513643673932 -0.0232110295726
86.173886488 -0.000512895634266 -0.0231941272654
86.236718341 -0.000512149226989 -0.0231772495415
86.2995501941 -0.000511404447376 -0.0231603963466
86.3623820472 -0.000510661290674 -0.023143567628
86.4252139003 -0.000509919752177 -0.0231267633326
86.4880457533 -0.000509179827219 -0.0231099834064
86.5508776064 -0.000508441511099 -0.0230932277971
86.6137094595 -0.000507704799142 -0.0230764964521
86.6765413125 -0.000506969686748 -0.0230597893183
86.7393731656 -0.000506236169274 -0.0230431063432
86.8022050187 -0.000505504242074 -0.0230264474752
86.8650368718 -0.000504773900604 -0.0230098126613
86.9278687248 -0.000504045140266 -0.0229932018499
86.9907005779 -0.000503317956527 -0.0229766149885
87.053532431 -0.000502592344817 -0.022960052026
87.116364284 -0.000501868300605 -0.0229435129109
87.1791961371 -0.000501145819396 -0.0229269975914
87.2420279902 -0.000500424896696 -0.0229105060164
87.3048598433 -0.000499705528011 -0.0228940381348
87.3676916963 -0.000498987708889 -0.0228775938955
87.4305235494 -0.000498271434898 -0.0228611732475
87.4933554025 -0.000497556701589 -0.0228447761404
87.5561872555 -0.000496843504548 -0.0228284025236
87.6190191086 -0.000496131839395 -0.0228120523464
87.6818509617 -0.000495421701724 -0.0227957255591
87.7446828148 -0.000494713087192 -0.0227794221108
87.8075146678 -0.00049400599143 -0.0227631419521
87.8703465209 -0.00049330041011 -0.0227468850328
87.933178374 -0.000492596338888 -0.022730651304
87.9960102271 -0.000491893773502 -0.0227144407152
88.0588420801 -0.000491192709643 -0.022698253217
88.1216739332 -0.000490493143025 -0.0226820887608
88.1845057863 -0.00048979506939 -0.0226659472972
88.2473376393 -0.000489098484511 -0.022649828777
88.3101694924 -0.00048840338415 -0.0226337331515
88.3730013455 -0.000487709764084 -0.0226176603721
88.4358331986 -0.000487017620133 -0.02260161039
88.4986650516 -0.000486326948102 -0.0225855831567
88.5614969047 -0.000485637743813 -0.0225695786243
88.6243287578 -0.000484950003119 -0.0225535967445
88.6871606108 -0.00048426372188 -0.0225376374691
88.7499924639 -0.00048357889599 -0.0225217007499
88.812824317 -0.000482895521303 -0.0225057865398
88.8756561701 -0.000482213593741 -0.0224898947909
88.9384880231 -0.000481533109219 -0.0224740254558
89.0013198762 -0.000480854063687 -0.0224581784865
89.0641517293 -0.000480176453062 -0.0224423538368
89.1269835823 -0.000479500273337 -0.0224265514587
89.1898154354 -0.000478825520442 -0.0224107713062
89.2526472885 -0.000478152190416 -0.0223950133315
89.3154791416 -0.000477480279223 -0.0223792774888
89.3783109946 -0.00047680978292 -0.0223635637304
89.4411428477 -0.000476140697499 -0.0223478720113
89.5039747008 -0.000475473019018 -0.0223322022842
89.5668065538 -0.000474806743564 -0.0223165545026
89.6296384069 -0.000474141867172 -0.0223009286216
89.69247026 -0.000473478385956 -0.0222853245944
89.7553021131 -0.000472816295981 -0.0222697423759
89.8181339661 -0.000472155593412 -0.0222541819197
89.8809658192 -0.00047149627433 -0.0222386431808
89.9437976723 -0.000470838334915 -0.0222231261133
90.0066295253 -0.000470181771274 -0.0222076306728
90.0694613784 -0.000469526579621 -0.0221921568133
90.1322932315 -0.00046887275612 -0.02217670449
90.1951250846 -0.000468220296957 -0.022161273658
90.2579569376 -0.000467569198354 -0.0221458642726
90.3207887907 -0.000466919456514 -0.0221304762892
90.3836206438 -0.000466271067688 -0.0221151096632
90.4464524969 -0.00046562402812 -0.0220997643501
90.5092843499 -0.000464978334068 -0.0220844403056
90.572116203 -0.000464333981799 -0.0220691374858
90.6349480561 -0.000463690967591 -0.0220538558467
90.6977799091 -0.000463049287789 -0.0220385953436
90.7606117622 -0.000462408938649 -0.0220233559336
90.8234436153 -0.000461769916526 -0.0220081375727
90.8862754684 -0.000461132217747 -0.0219929402171
90.9491073214 -0.00046049583865 -0.0219777638242
91.0119391745 -0.000459860775626 -0.0219626083495
91.0747710276 -0.000459227025012 -0.0219474737511
91.1376028806 -0.000458594583242 -0.0219323599845
91.2004347337 -0.00045796344668 -0.0219172670076
91.2632665868 -0.000457333611751 -0.0219021947776
91.3260984399 -0.00045670507488 -0.0218871432515
91.3889302929 -0.000456077832488 -0.0218721123869
91.451762146 -0.000455451881034 -0.0218571021413
91.5145939991 -0.000454827217004 -0.0218421124717
91.5774258521 -0.000454203836826 -0.0218271433369
91.6402577052 -0.000453581737011 -0.021812194694
91.7030895583 -0.000452960914068 -0.021797266501
91.7659214114 -0.000452341364476 -0.0217823587164
91.8287532644 -0.000451723084767 -0.0217674712984
91.8915851175 -0.000451106071469 -0.021752604205
91.9544169706 -0.00045049032115 -0.0217377573946
92.0172488236 -0.000449875830353 -0.0217229308257
92.0800806767 -0.000449262595633 -0.0217081244575
92.1429125298 -0.000448650613584 -0.0216933382482
92.2057443829 -0.000448039880801 -0.0216785721569
92.2685762359 -0.000447430393857 -0.0216638261429
92.331408089 -0.000446822149417 -0.0216491001645
92.3942399421 -0.000446215144085 -0.0216343941812
92.4570717951 -0.000445609374467 -0.0216197081532
92.5199036482 -0.000445004837248 -0.021605042039
92.5827355013 -0.000444401529066 -0.0215903957985
92.6455673544 -0.000443799446625 -0.0215757693911
92.7083992074 -0.000443198586585 -0.0215611627767
92.7712310605 -0.000442598945642 -0.0215465759151
92.8340629136 -0.000442000520486 -0.0215320087668
92.8968947667 -0.000441403307876 -0.0215174612908
92.9597266197 -0.000440807304487 -0.0215029334485
93.0225584728 -0.000440212507112 -0.0214884251991
93.0853903259 -0.000439618912445 -0.0214739365041
93.1482221789 -0.000439026517282 -0.0214594673234
93.211054032 -0.000438435318391 -0.0214450176175
93.2738858851 -0.000437845312554 -0.0214305873472
93.3367177382 -0.00043725649653 -0.0214161764741
93.3995495912 -0.000436668867177 -0.021401784958
93.4623814443 -0.000436082421268 -0.0213874127607
93.5252132974 -0.000435497155653 -0.0213730598428
93.5880451504 -0.000434913067148 -0.0213587261663
93.6508770035 -0.000434330152625 -0.0213444116916
93.7137088566 -0.000433748408912 -0.021330116381
93.7765407097 -0.000433167832892 -0.0213158401958
93.8393725627 -0.000432588421441 -0.0213015830974
93.9022044158 -0.000432010171462 -0.0212873450475
93.9650362689 -0.00043143307982 -0.0212731260087
94.0278681219 -0.000430857143448 -0.0212589259423
94.090699975 -0.000430282359263 -0.0212447448106
94.1535318281 -0.000429708724174 -0.021230582576
94.2163636812 -0.000429136235161 -0.0212164392001
94.2791955342 -0.000428564889133 -0.0212023146461
94.3420273873 -0.000427994683084 -0.0211882088756
94.4048592404 -0.000427425613958 -0.021174121852
94.4676910934 -0.000426857678756 -0.0211600535373
94.5305229465 -0.000426290874439 -0.0211460038952
94.5933547996 -0.000425725198029 -0.0211319728877
94.6561866527 -0.000425160646544 -0.0211179604778
94.7190185057 -0.000424597216987 -0.0211039666289
94.7818503588 -0.000424034906386 -0.0210899913044
94.8446822119 -0.000423473711804 -0.0210760344669
94.9075140649 -0.00042291363027 -0.02106209608
94.970345918 -0.000422354658848 -0.0210481761074
95.0331777711 -0.00042179679461 -0.0210342745123
95.0960096242 -0.000421240034628 -0.0210203912588
95.1588414772 -0.000420684375985 -0.0210065263106
95.2216733303 -0.000420129815806 -0.0209926796309
95.2845051834 -0.000419576351162 -0.0209788511844
95.3473370365 -0.000419023979208 -0.0209650409344
95.4101688895 -0.000418472697045 -0.0209512488455
95.4730007426 -0.000417922501805 -0.0209374748822
95.5358325957 -0.000417373390644 -0.0209237190083
95.5986644487 -0.000416825360727 -0.0209099811882
95.6614963018 -0.000416278409197 -0.0208962613866
95.7243281549 -0.000415732533238 -0.0208825595682
95.787160008 -0.00041518773003 -0.0208688756974
95.849991861 -0.000414643996774 -0.020855209739
95.9128237141 -0.000414101330662 -0.020841561658
95.9756555672 -0.00041355972889 -0.0208279314197
96.0384874202 -0.000413019188716 -0.0208143189882
96.1013192733 -0.000412479707311 -0.0208007243298
96.1641511264 -0.000411941281967 -0.0207871474089
96.2269829795 -0.000411403909899 -0.0207735881912
96.2898148325 -0.000410867588391 -0.0207600466417
96.3526466856 -0.000410332314651 -0.0207465227269
96.4154785387 -0.000409798086009 -0.0207330164113
96.4783103917 -0.000409264899736 -0.0207195276608
96.5411422448 -0.000408732753103 -0.0207060564415
96.6039740979 -0.000408201643418 -0.0206926027192
96.666805951 -0.000407671568015 -0.0206791664594
96.729637804 -0.000407142524146 -0.0206657476292
96.7924696571 -0.000406614509203 -0.0206523461936
96.8553015102 -0.000406087520487 -0.0206389621195
96.9181333632 -0.00040556155535 -0.0206255953728
96.9809652163 -0.000405036611153 -0.02061224592
97.0437970694 -0.000404512685226 -0.020598913728
97.1066289225 -0.000403989774972 -0.0205855987627
97.1694607755 -0.000403467877748 -0.0205723009911
97.2322926286 -0.00040294699095 -0.0205590203798
97.2951244817 -0.000402427111949 -0.0205457568959
97.3579563347 -0.000401908238189 -0.0205325105057
97.4207881878 -0.000401390367038 -0.020519281177
97.4836200409 -0.000400873495944 -0.0205060688764
97.546451894 -0.000400357622336 -0.0204928735708
97.609283747 -0.000399842743633 -0.0204796952279
97.6721156001 -0.000399328857273 -0.0204665338152
97.7349474532 -0.000398815960712 -0.0204533892999
97.7977793063 -0.000398304051444 -0.0204402616489
97.8606111593 -0.0003977931269 -0.0204271508306
97.9234430124 -0.000397283184562 -0.0204140568122
97.9862748655 -0.000396774221924 -0.0204009795618
98.0491067185 -0.000396266236473 -0.0203879190469
98.1119385716 -0.000395759225708 -0.0203748752357
98.1747704247 -0.00039525318715 -0.0203618480958
98.2376022778 -0.000394748118315 -0.0203488375955
98.3004341308 -0.000394244016701 -0.0203358437032
98.3632659839 -0.000393740879867 -0.0203228663866
98.426097837 -0.000393238705325 -0.0203099056149
98.48892969 -0.000392737490679 -0.0202969613553
98.5517615431 -0.00039223723342 -0.0202840335772
98.6145933962 -0.00039173793117 -0.0202711222484
98.6774252493 -0.000391239581443 -0.0202582273386
98.7402571023 -0.000390742181851 -0.0202453488156
98.8030889554 -0.000390245729984 -0.0202324866485
98.8659208085 -0.00038975022343 -0.0202196408061
98.9287526615 -0.000389255659788 -0.0202068112575
98.9915845146 -0.00038876203666 -0.020193997972
99.0544163677 -0.000388269351681 -0.020181200918
99.1172482208 -0.000387777602462 -0.0201684200653
99.1800800738 -0.000387286786648 -0.0201556553827
99.2429119269 -0.000386796901863 -0.0201429068399
99.30574378 -0.000386307945779 -0.020130174406
99.368575633 -0.000385819916017 -0.020117458051
99.4314074861 -0.000385332810254 -0.0201047577444
99.4942393392 -0.000384846626173 -0.0200920734553
99.5570711923 -0.000384361361441 -0.0200794051537
99.6199030453 -0.000383877013742 -0.0200667528095
99.6827348984 -0.00038339358075 -0.0200541163928
99.7455667515 -0.000382911060188 -0.0200414958732
99.8083986045 -0.000382429449764 -0.0200288912208
99.8712304576 -0.00038194874719 -0.0200163024053
99.9340623107 -0.000381468950136 -0.0200037293985
99.9968941638 -0.000380990056397 -0.0199911721688
100.059726017 -0.000380512063681 -0.019978630687
100.12255787 -0.000380034969724 -0.0199661049242
100.185389723 -0.000379558772278 -0.0199535948504
100.248221576 -0.000379083469107 -0.0199411004361
100.311053429 -0.000378609057967 -0.0199286216519
100.373885282 -0.00037813553664 -0.0199161584684
100.436717135 -0.000377662902866 -0.0199037108571
100.499548988 -0.000377191154467 -0.0198912787881
100.562380841 -0.00037672028922 -0.0198788622326
100.625212694 -0.000376250304926 -0.0198664611615
100.688044548 -0.000375781199364 -0.0198540755464
100.750876401 -0.000375312970395 -0.0198417053573
100.813708254 -0.000374845615802 -0.0198293505662
100.876540107 -0.000374379133412 -0.0198170111444
100.93937196 -0.00037391352107 -0.019804687063
101.002203813 -0.000373448776594 -0.0197923782936
101.065035666 -0.000372984897851 -0.0197800848075
101.127867519 -0.000372521882662 -0.0197678065768
101.190699372 -0.00037205972894 -0.0197555435721
101.253531225 -0.000371598434486 -0.0197432957662
101.316363078 -0.000371137997206 -0.0197310631304
101.379194931 -0.000370678414988 -0.0197188456361
101.442026784 -0.000370219685692 -0.0197066432559
101.504858637 -0.000369761807219 -0.0196944559617
101.567690491 -0.000369304777459 -0.0196822837254
101.630522344 -0.00036884859433 -0.019670126519
101.693354197 -0.000368393255743 -0.0196579843148
101.75618605 -0.000367938759599 -0.0196458570851
101.819017903 -0.000367485103834 -0.0196337448022
101.881849756 -0.000367032286385 -0.0196216474384
101.944681609 -0.00036658030514 -0.019609564967
102.007513462 -0.000366129158131 -0.0195974973589
102.070345315 -0.000365678843224 -0.0195854445881
102.133177168 -0.00036522935842 -0.0195734066264
102.196009021 -0.000364780701647 -0.0195613834475
102.258840874 -0.000364332870914 -0.019549375023
102.321672727 -0.000363885864166 -0.0195373813265
102.38450458 -0.000363439679382 -0.0195254023312
102.447336434 -0.000362994314577 -0.019513438009
102.510168287 -0.000362549767706 -0.019501488334
102.57300014 -0.000362106036788 -0.0194895532794
102.635831993 -0.000361663119829 -0.0194776328175
102.698663846 -0.000361221014823 -0.0194657269226
102.761495699 -0.000360779719818 -0.0194538355669
102.824327552 -0.000360339232816 -0.0194419587245
102.887159405 -0.000359899551843 -0.0194300963689
102.949991258 -0.000359460674937 -0.0194182484734
103.012823111 -0.000359022600133 -0.019406415012
103.075654964 -0.000358585325511 -0.0193945959575
103.138486817 -0.000358148849088 -0.0193827912843
103.20131867 -0.000357713168932 -0.0193710009662
103.264150523 -0.000357278283106 -0.0193592249768
103.326982377 -0.000356844189701 -0.0193474632898
103.38981423 -0.000356410886777 -0.0193357158794
103.452646083 -0.000355978372396 -0.0193239827201
103.515477936 -0.000355546644681 -0.0193122637852
103.578309789 -0.000355115701709 -0.0193005590493
103.641141642 -0.000354685541582 -0.0192888684866
103.703973495 -0.000354256162413 -0.0192771920711
103.766805348 -0.000353827562301 -0.0192655297775
103.829637201 -0.000353399739344 -0.0192538815805
103.892469054 -0.000352972691727 -0.0192422474533
103.955300907 -0.000352546417517 -0.019230627372
104.01813276 -0.000352120914894 -0.0192190213099
104.080964613 -0.000351696181948 -0.0192074292427
104.143796467 -0.000351272216859 -0.0191958511444
104.20662832 -0.000350849017774 -0.0191842869898
104.269460173 -0.000350426582836 -0.0191727367542
104.332292026 -0.000350004910222 -0.0191612004123
104.395123879 -0.000349583998079 -0.0191496779391
104.457955732 -0.000349163844604 -0.0191381693092
104.520787585 -0.000348744447952 -0.0191266744984
104.583619438 -0.000348325806338 -0.0191151934809
104.646451291 -0.000347907917918 -0.0191037262329
104.709283144 -0.000347490780907 -0.0190922727289
104.772114997 -0.000347074393489 -0.0190808329448
104.83494685 -0.000346658753896 -0.0190694068551
104.897778703 -0.000346243860307 -0.0190579944362
104.960610556 -0.000345829710953 -0.0190465956633
105.02344241 -0.000345416304061 -0.0190352105117
105.086274263 -0.000345003637849 -0.0190238389572
105.149106116 -0.000344591710543 -0.0190124809756
105.211937969 -0.000344180520423 -0.0190011365416
105.274769822 -0.000343770065656 -0.018989805633
105.337601675 -0.000343360344553 -0.0189784882239
105.400433528 -0.000342951355355 -0.0189671842906
105.463265381 -0.000342543096299 -0.0189558938094
105.526097234 -0.00034213556564 -0.0189446167566
105.588929087 -0.000341728761696 -0.0189333531072
105.65176094 -0.000341322682703 -0.0189221028382
105.714592793 -0.00034091732694 -0.0189108659256
105.777424646 -0.000340512692705 -0.0188996423453
105.840256499 -0.000340108778284 -0.0188884320739
105.903088353 -0.00033970558197 -0.0188772350879
105.965920206 -0.000339303102062 -0.0188660513632
106.028752059 -0.00033890133685 -0.0188548808768
106.091583912 -0.00033850028466 -0.0188437236051
106.154415765 -0.000338099943826 -0.0188325795238
106.217247618 -0.000337700312602 -0.0188214486115
106.280079471 -0.000337301389375 -0.0188103308431
106.342911324 -0.000336903172453 -0.0187992261957
106.405743177 -0.000336505660157 -0.0187881346467
106.46857503 -0.000336108850853 -0.0187770561722
106.531406883 -0.000335712742859 -0.0187659907497
106.594238736 -0.000335317334531 -0.0187549383564
106.657070589 -0.000334922624245 -0.0187438989677
106.719902442 -0.000334528610328 -0.0187328725627
106.782734296 -0.00033413529115 -0.0187218591174
106.845566149 -0.000333742665087 -0.0187108586092
106.908398002 -0.000333350730511 -0.0186998710151
106.971229855 -0.000332959485788 -0.0186888963133
107.034061708 -0.000332568929318 -0.0186779344797
107.096893561 -0.000332179059483 -0.0186669854927
107.159725414 -0.000331789874679 -0.0186560493293
107.222557267 -0.000331401373271 -0.0186451259677
107.28538912 -0.000331013553705 -0.0186342153843
107.348220973 -0.000330626414353 -0.0186233175576
107.411052826 -0.000330239953648 -0.0186124324649
107.473884679 -0.000329854169995 -0.0186015600839
107.536716532 -0.000329469061811 -0.0185907003925
107.599548385 -0.000329084627508 -0.0185798533687
107.662380239 -0.000328700865553 -0.0185690189896
107.725212092 -0.000328317774349 -0.0185581972337
107.788043945 -0.000327935352328 -0.0185473880792
107.850875798 -0.000327553597963 -0.0185365915035
107.913707651 -0.000327172509684 -0.0185258074848
107.976539504 -0.000326792085942 -0.0185150360015
108.039371357 -0.000326412325179 -0.0185042770319
108.10220321 -0.000326033225896 -0.0184935305534
108.165035063 -0.000325654786512 -0.0184827965452
108.227866916 -0.000325277005518 -0.0184720749852
108.290698769 -0.000324899881393 -0.0184613658514
108.353530622 -0.000324523412613 -0.018450669123
108.416362475 -0.000324147597661 -0.0184399847778
108.479194328 -0.000323772435013 -0.0184293127947
108.542026182 -0.000323397923172 -0.018418653152
108.604858035 -0.000323024060622 -0.0184080058287
108.667689888 -0.000322650845881 -0.018397370803
108.730521741 -0.000322278277443 -0.0183867480538
108.793353594 -0.000321906353814 -0.0183761375601
108.856185447 -0.000321535073508 -0.0183655393005
108.9190173 -0.00032116443505 -0.0183549532539
108.981849153 -0.000320794436952 -0.0183443793991
109.044681006 -0.000320425077757 -0.0183338177148
109.107512859 -0.000320056355979 -0.0183232681807
109.170344712 -0.000319688270142 -0.0183127307757
109.233176565 -0.000319320818802 -0.0183022054788
109.296008418 -0.000318954000527 -0.0182916922683
109.358840271 -0.0003185878138 -0.018281191125
109.421672125 -0.000318222257248 -0.0182707020264
109.484503978 -0.000317857329355 -0.0182602249535
109.547335831 -0.000317493028717 -0.0182497598844
109.610167684 -0.000317129353871 -0.0182393067997
109.672999537 -0.000316766303454 -0.0182288656772
109.73583139 -0.000316403875952 -0.0182184364977
109.798663243 -0.000316042070004 -0.01820801924
109.861495096 -0.00031568088415 -0.0181976138841
109.924326949 -0.000315320316996 -0.0181872204095
109.987158802 -0.000314960367118 -0.0181768387957
110.049990655 -0.000314601033116 -0.0181664690228
110.112822508 -0.000314242313592 -0.0181561110699
110.175654361 -0.000313884207122 -0.0181457649177
110.238486214 -0.000313526712327 -0.0181354305456
110.301318068 -0.00031316982782 -0.0181251079332
110.364149921 -0.0003128135522 -0.0181147970609
110.426981774 -0.000312457884086 -0.0181044979086
110.489813627 -0.000312102822118 -0.018094210456
110.55264548 -0.000311748364888 -0.0180839346836
110.615477333 -0.000311394511047 -0.0180736705712
110.678309186 -0.00031104125922 -0.0180634180992
110.741141039 -0.000310688608024 -0.0180531772482
110.803972892 -0.000310336556132 -0.0180429479975
110.866804745 -0.000309985102159 -0.0180327303281
110.929636598 -0.000309634244755 -0.0180225242204
110.992468451 -0.000309283982593 -0.0180123296543
111.055300304 -0.00030893431431 -0.0180021466106
111.118132157 -0.000308585238573 -0.0179919750698
111.180964011 -0.000308236754043 -0.0179818150121
111.243795864 -0.000307888859361 -0.0179716664187
111.306627717 -0.000307541553223 -0.0179615292694
111.36945957 -0.000307194834305 -0.0179514035455
111.432291423 -0.000306848701274 -0.0179412892276
111.495123276 -0.000306503152813 -0.017931186296
111.557955129 -0.000306158187607 -0.017921094732
111.620786982 -0.000305813804332 -0.0179110145166
111.683618835 -0.000305470001707 -0.0179009456298
111.746450688 -0.000305126778407 -0.0178908880531
111.809282541 -0.00030478413314 -0.0178808417677
111.872114394 -0.000304442064609 -0.017870806754
111.934946247 -0.000304100571512 -0.0178607829937
111.9977781 -0.000303759652564 -0.0178507704673
112.060609954 -0.000303419306483 -0.0178407691562
112.123441807 -0.000303079531986 -0.0178307790415
112.18627366 -0.000302740327788 -0.0178208001046
112.249105513 -0.00030240169262 -0.0178108323265
112.311937366 -0.000302063625204 -0.0178008756886
112.374769219 -0.00030172612429 -0.0177909301722
112.437601072 -0.000301389188579 -0.017780995759
112.500432925 -0.000301052816834 -0.0177710724302
112.563264778 -0.000300717007802 -0.0177611601668
112.626096631 -0.000300381760196 -0.0177512589515
112.688928484 -0.000300047072813 -0.0177413687645
112.751760337 -0.000299712944373 -0.0177314895882
112.81459219 -0.000299379373638 -0.0177216214039
112.877424043 -0.00029904635938 -0.0177117641934
112.940255897 -0.000298713900342 -0.0177019179385
113.00308775 -0.000298381995292 -0.017692082621
113.065919603 -0.000298050643036 -0.0176822582221
113.128751456 -0.000297719842312 -0.0176724447242
113.191583309 -0.000297389591892 -0.0176626421095
113.254415162 -0.000297059890584 -0.017652850359
113.317247015 -0.000296730737139 -0.0176430694555
113.380078868 -0.00029640213038 -0.0176332993804
113.442910721 -0.000296074069081 -0.0176235401157
113.505742574 -0.000295746552032 -0.017613791644
113.568574427 -0.000295419578032 -0.0176040539469
113.63140628 -0.000295093145875 -0.0175943270073
113.694238133 -0.000294767254361 -0.0175846108068
113.757069986 -0.00029444190233 -0.0175749053272
113.81990184 -0.000294117088567 -0.0175652105515
113.882733693 -0.000293792811881 -0.0175555264618
113.945565546 -0.000293469071094 -0.0175458530406
114.008397399 -0.000293145865022 -0.0175361902701
114.071229252 -0.000292823192497 -0.0175265381329
114.134061105 -0.000292501052359 -0.0175168966108
114.196892958 -0.00029217944341 -0.0175072656871
114.259724811 -0.000291858364485 -0.0174976453443
114.322556664 -0.000291537814441 -0.0174880355644
114.385388517 -0.000291217792114 -0.0174784363303
114.44822037 -0.00029089829633 -0.0174688476249
114.511052223 -0.000290579325924 -0.017459269431
114.573884076 -0.000290260879792 -0.0174497017306
114.636715929 -0.000289942956751 -0.017440144507
114.699547783 -0.000289625555648 -0.0174305977431
114.762379636 -0.000289308675364 -0.0174210614215
114.825211489 -0.00028899231476 -0.0174115355249
114.888043342 -0.000288676472687 -0.0174020200368
114.950875195 -0.000288361148017 -0.0173925149396
115.013707048 -0.000288046339622 -0.0173830202166
115.076538901 -0.000287732046381 -0.0173735358508
115.139370754 -0.000287418267158 -0.0173640618252
115.202202607 -0.000287105000856 -0.0173545981225
115.26503446 -0.00028679224632 -0.0173451447271
115.327866313 -0.000286480002483 -0.0173357016206
115.390698166 -0.000286168268202 -0.0173262687872
115.453530019 -0.000285857042371 -0.01731684621
115.516361872 -0.000285546323889 -0.0173074338722
115.579193726 -0.000285236111659 -0.0172980317571
115.642025579 -0.000284926404584 -0.0172886398479
115.704857432 -0.000284617201557 -0.0172792581285
115.767689285 -0.000284308501487 -0.0172698865818
115.830521138 -0.000284000303298 -0.0172605251917
115.893352991 -0.00028369260588 -0.0172511739414
115.956184844 -0.000283385408172 -0.0172418328145
116.019016697 -0.000283078709082 -0.0172325017945
116.08184855 -0.000282772507527 -0.0172231808652
116.144680403 -0.000282466802448 -0.0172138700097
116.207512256 -0.000282161592747 -0.0172045692129
116.270344109 -0.000281856877374 -0.0171952784574
116.333175962 -0.00028155265526 -0.0171859977273
116.396007816 -0.00028124892533 -0.0171767270066
116.458839669 -0.000280945686528 -0.0171674662788
116.521671522 -0.000280642937805 -0.0171582155279
116.584503375 -0.000280340678093 -0.017148974738
116.647335228 -0.000280038906362 -0.017139743892
116.710167081 -0.000279737621538 -0.0171305229753
116.772998934 -0.000279436822587 -0.017121311971
116.835830787 -0.000279136508451 -0.0171121108635
116.89866264 -0.000278836678103 -0.0171029196369
116.961494493 -0.000278537330504 -0.0170937382748
117.024326346 -0.000278238464613 -0.0170845667619
117.087158199 -0.0002779400794 -0.017075405082
117.149990052 -0.000277642173817 -0.0170662532199
117.212821905 -0.000277344746877 -0.0170571111587
117.275653759 -0.000277047797518 -0.0170479788837
117.338485612 -0.00027675132473 -0.0170388563789
117.401317465 -0.000276455327507 -0.0170297436285
117.464149318 -0.000276159804824 -0.0170206406167
117.526981171 -0.000275864755656 -0.0170115473283
117.589813024 -0.000275570178998 -0.0170024637478
117.652644877 -0.000275276073846 -0.0169933898593
117.71547673 -0.000274982439182 -0.0169843256478
117.778308583 -0.000274689274048 -0.0169752710968
117.841140436 -0.000274396577382 -0.016966226192
117.903972289 -0.000274104348213 -0.0169571909176
117.966804142 -0.000273812585578 -0.0169481652576
118.029635995 -0.00027352128841 -0.0169391491983
118.092467848 -0.000273230455781 -0.0169301427228
118.155299702 -0.000272940086704 -0.0169211458161
118.218131555 -0.000272650180169 -0.0169121584633
118.280963408 -0.000272360735198 -0.0169031806496
118.343795261 -0.000272071750806 -0.0168942123594
118.406627114 -0.000271783226058 -0.0168852535767
118.469458967 -0.000271495159927 -0.0168763042879
118.53229082 -0.000271207551463 -0.0168673644772
118.595122673 -0.000270920399695 -0.0168584341296
118.657954526 -0.00027063370368 -0.0168495132297
118.720786379 -0.000270347462417 -0.0168406017632
118.783618232 -0.000270061674964 -0.0168316997148
118.846450085 -0.000269776340367 -0.0168228070696
118.909281938 -0.00026949145765 -0.016813923813
118.972113791 -0.000269207025875 -0.0168050499296
119.034945645 -0.000268923044098 -0.0167961854051
119.097777498 -0.000268639511357 -0.0167873302243
119.160609351 -0.000268356426704 -0.0167784843728
119.223441204 -0.000268073789193 -0.0167696478357
119.286273057 -0.000267791597901 -0.0167608205984
119.34910491 -0.000267509851879 -0.0167520026459
119.411936763 -0.000267228550202 -0.0167431939637
119.474768616 -0.000266947691925 -0.016734394537
119.537600469 -0.000266667276105 -0.0167256043521
119.600432322 -0.000266387301827 -0.0167168233937
119.663264175 -0.000266107768166 -0.0167080516475
119.726096028 -0.000265828674198 -0.0166992890986
119.788927881 -0.00026555001899 -0.0166905357335
119.851759734 -0.00026527180164 -0.0166817915367
119.914591588 -0.000264994021217 -0.0166730564945
119.977423441 -0.000264716676816 -0.0166643305923
120.040255294 -0.000264439767524 -0.0166556138158
120.103087147 -0.000264163292426 -0.0166469061505
120.165919 -0.000263887250621 -0.0166382075825
120.228750853 -0.000263611641198 -0.0166295180973
120.291582706 -0.000263336463259 -0.0166208376807
120.354414559 -0.000263061715922 -0.0166121663184
120.417246412 -0.000262787398234 -0.016603503997
120.480078265 -0.000262513509346 -0.0165948507017
120.542910118 -0.000262240048362 -0.0165862064182
120.605741971 -0.00026196701439 -0.0165775711327
120.668573824 -0.000261694406536 -0.0165689448311
120.731405677 -0.000261422223892 -0.0165603275
120.794237531 -0.000261150465623 -0.0165517191242
120.857069384 -0.000260879130808 -0.016543119691
120.919901237 -0.000260608218572 -0.0165345291858
120.98273309 -0.000260337728051 -0.0165259475949
121.045564943 -0.000260067658373 -0.0165173749042
121.108396796 -0.000259798008644 -0.0165088111002
121.171228649 -0.000259528778021 -0.0165002561689
121.234060502 -0.000259259965616 -0.0164917100965
121.296892355 -0.000258991570569 -0.0164831728692
121.359724208 -0.00025872359202 -0.0164746444736
121.422556061 -0.000258456029114 -0.0164661248956
121.485387914 -0.000258188880968 -0.0164576141219
121.548219767 -0.000257922146753 -0.0164491121387
121.61105162 -0.000257655825593 -0.0164406189324
121.673883474 -0.000257389916653 -0.0164321344893
121.736715327 -0.000257124419072 -0.016423658796
121.79954718 -0.000256859332006 -0.0164151918389
121.862379033 -0.00025659465461 -0.0164067336046
121.925210886 -0.000256330386044 -0.0163982840792
121.988042739 -0.000256066525447 -0.0163898432502
122.050874592 -0.000255803072005 -0.0163814111032
122.113706445 -0.000255540024855 -0.0163729876258
122.176538298 -0.000255277383191 -0.0163645728035
122.239370151 -0.000255015146169 -0.0163561666236
122.302202004 -0.000254753312957 -0.0163477690727
122.365033857 -0.000254491882711 -0.0163393801379
122.42786571 -0.000254230854619 -0.0163309998056
122.490697563 -0.000253970227871 -0.0163226280623
122.553529417 -0.000253710001621 -0.0163142648951
122.61636127 -0.000253450175058 -0.016305910291
122.679193123 -0.000253190747364 -0.0162975642368
122.742024976 -0.000252931717726 -0.016289226719
122.804856829 -0.000252673085323 -0.0162808977251
122.867688682 -0.00025241484935 -0.0162725772416
122.930520535 -0.000252157008999 -0.0162642652554
122.993352388 -0.000251899563452 -0.0162559617541
123.056184241 -0.000251642511921 -0.0162476667239
123.119016094 -0.000251385853587 -0.0162393801523
123.181847947 -0.000251129587644 -0.0162311020265
123.2446798 -0.000250873713313 -0.0162228323334
123.307511653 -0.000250618229775 -0.0162145710603
123.370343506 -0.000250363136256 -0.0162063181939
123.43317536 -0.000250108431954 -0.0161980737216
123.496007213 -0.000249854116059 -0.0161898376312
123.558839066 -0.000249600187812 -0.016181609909
123.621670919 -0.00024934664641 -0.0161733905428
123.684502772 -0.000249093491064 -0.0161651795198
123.747334625 -0.000248840720997 -0.0161569768273
123.810166478 -0.000248588335435 -0.0161487824524
123.872998331 -0.000248336333591 -0.0161405963826
123.935830184 -0.000248084714682 -0.0161324186055
123.998662037 -0.000247833477936 -0.0161242491084
124.06149389 -0.000247582622581 -0.0161160878788
124.124325743 -0.000247332147859 -0.0161079349036
124.187157596 -0.000247082052977 -0.0160997901711
124.249989449 -0.00024683233718 -0.0160916536683
124.312821303 -0.000246582999696 -0.0160835253829
124.375653156 -0.000246334039777 -0.0160754053023
124.438485009 -0.000246085456638 -0.0160672934147
124.501316862 -0.000245837249527 -0.016059189707
124.564148715 -0.000245589417709 -0.0160510941667
124.626980568 -0.000245341960398 -0.0160430067822
124.689812421 -0.000245094876856 -0.0160349275407
124.752644274 -0.000244848166327 -0.01602685643
124.815476127 -0.000244601828051 -0.016018793438
124.87830798 -0.000244355861297 -0.0160107385522
124.941139833 -0.000244110265298 -0.0160026917607
125.003971686 -0.000243865039335 -0.0159946530508
125.066803539 -0.000243620182651 -0.0159866224108
125.129635392 -0.000243375694488 -0.0159785998285
125.192467246 -0.000243131574132 -0.0159705852918
125.255299099 -0.000242887820841 -0.0159625787883
125.318130952 -0.000242644433884 -0.0159545803061
125.380962805 -0.000242401412512 -0.0159465898331
125.443794658 -0.000242158756001 -0.0159386073576
125.506626511 -0.000241916463618 -0.0159306328674
125.569458364 -0.000241674534643 -0.0159226663504
125.632290217 -0.000241432968342 -0.0159147077948
