0.0314159265359 -1.79489928123 -0.634077501346
0.0942477796077 -1.63021118946 -0.617670494059
0.157079632679 -1.49835532358 -0.621627111114
0.219911485751 -1.39147773178 -0.631126189777
0.282743338823 -1.30089661241 -0.640228808394
0.345575191895 -1.22352925093 -0.648234352362
0.408407044967 -1.15540825685 -0.654591632862
0.471238898038 -1.09427555494 -0.659226127764
0.53407075111 -1.03886747496 -0.662300001321
0.596902604182 -0.988315032667 -0.664022578486
0.659734457254 -0.941925140652 -0.664583603633
0.722566310326 -0.899122598632 -0.664142847809
0.785398163397 -0.859432830295 -0.662835165183
0.848230016469 -0.822468729038 -0.660776635068
0.911061869541 -0.787915883819 -0.658068694433
0.973893722613 -0.755517776277 -0.654800537094
1.03672557568 -0.72506274836 -0.651050579514
1.09955742876 -0.696373494564 -0.646887558599
1.16238928183 -0.669299048338 -0.642371531492
1.2252211349 -0.643708867796 -0.637554858406
1.28805298797 -0.619488538458 -0.632483162213
1.35088484104 -0.596536656463 -0.627196232992
1.41371669412 -0.574762546354 -0.621728849219
1.47654854719 -0.554084558959 -0.616111499728
1.53938040026 -0.534428770631 -0.610371002763
1.60221225333 -0.515727962085 -0.604531027446
1.6650441064 -0.497920795039 -0.598612527852
1.72787595947 -0.480951132365 -0.592634102257
1.79070781255 -0.464767465464 -0.586612290155
1.85353966562 -0.449322424359 -0.580561818692
1.91637151869 -0.434572353618 -0.57449580864
1.97920337176 -0.420476942087 -0.56842594825
2.04203522483 -0.406998897604 -0.562362641796
2.10486707791 -0.394103659924 -0.556315138081
2.16769893098 -0.381759146505 -0.550291642991
2.23053078405 -0.369935526796 -0.544299419211
2.29336263712 -0.358605021367 -0.5383448754
2.35619449019 -0.347741722781 -0.532433646574
2.41902634326 -0.337321435553 -0.526570666987
2.48185819634 -0.327321532862 -0.520760236471
2.54469004941 -0.317720828034 -0.51500608099
2.60752190248 -0.308499459022 -0.509311407969
2.67035375555 -0.299638784367 -0.503678956885
2.73318560862 -0.291121289298 -0.498111045484
2.79601746169 -0.282930500809 -0.492609611995
2.85884931477 -0.27505091069 -0.487176253614
2.92168116784 -0.267467905628 -0.481812261555
2.98451302091 -0.260167703586 -0.476518652917
3.04734487398 -0.253137295797 -0.471296199615
3.11017672705 -0.246364393762 -0.466145454604
3.17300858013 -0.239837380727 -0.46106677562
3.2358404332 -0.233545267194 -0.456060346635
3.29867228627 -0.22747765004 -0.451126197232
3.36150413934 -0.221624674905 -0.446264220072
3.42433599241 -0.215977001519 -0.441474186635
3.48716784548 -0.210525771698 -0.436755761391
3.54999969856 -0.205262579755 -0.432108514541
3.61283155163 -0.200179445105 -0.427531933473
3.6756634047 -0.19526878687 -0.423025433056
3.73849525777 -0.19052340031 -0.418588364883
3.80132711084 -0.18593643491 -0.414220025566
3.86415896392 -0.181501373997 -0.40991966419
3.92699081699 -0.177212015749 -0.40568648899
3.98982267006 -0.17306245549 -0.401519673346
4.05265452313 -0.16904706915 -0.397418361165
4.1154863762 -0.165160497828 -0.3933816717
4.17831822927 -0.161397633333 -0.389408703876
4.24115008235 -0.157753604662 -0.385498540167
4.30398193542 -0.154223765324 -0.381650250072
4.36681378849 -0.150803681452 -0.377862893228
4.42964564156 -0.147489120643 -0.374135522198
4.49247749463 -0.144276041484 -0.370467184975
4.55530934771 -0.141160583692 -0.366856927207
4.61814120078 -0.138139058854 -0.363303794204
4.68097305385 -0.135207941698 -0.359806832716
4.74380490692 -0.132363861878 -0.356365092529
4.80663675999 -0.129603596226 -0.352977627882
4.86946861306 -0.126924061448 -0.349643498729
4.93230046614 -0.124322307231 -0.346361771862
4.99513231921 -0.121795509731 -0.343131521895
5.05796417228 -0.119340965423 -0.339951832148
5.12079602535 -0.116956085291 -0.336821795411
5.18362787842 -0.114638389328 -0.333740514623
5.24645973149 -0.112385501339 -0.330707103457
5.30929158457 -0.110195144013 -0.327720686831
5.37212343764 -0.108065134265 -0.324780401346
5.43495529071 -0.105993378819 -0.321885395659
5.49778714378 -0.103977870019 -0.319034830798
5.56061899685 -0.102016681868 -0.316227880423
5.62345084993 -0.100107966258 -0.313463731038
5.686282703 -0.0982499493999 -0.31074158216
5.74911455607 -0.0964409284389 -0.308060646446
5.81194640914 -0.0946792682323 -0.305420149785
5.87477826221 -0.0929633982959 -0.302819331359
5.93761011528 -0.0912918099007 -0.300257443668
6.00044196836 -0.0896630533147 -0.297733752538
6.06327382143 -0.0880757351804 -0.295247537091
6.1261056745 -0.0865285160222 -0.292798089707
6.18893752757 -0.085020107875 -0.290384715956
6.25176938064 -0.0835492720289 -0.288006734517
6.31460123372 -0.0821148168832 -0.28566347708
6.37743308679 -0.0807155959031 -0.283354288232
6.44026493986 -0.0793505056756 -0.281078525336
6.50309679293 -0.0780184840577 -0.278835558387
6.565928646 -0.0767185084122 -0.276624769874
6.62876049907 -0.0754495939283 -0.274445554619
6.69159235215 -0.0742107920202 -0.272297319616
6.75442420522 -0.0730011888011 -0.270179483863
6.81725605829 -0.071819903629 -0.268091478183
6.88008791136 -0.0706660877199 -0.266032745047
6.94291976443 -0.0695389228244 -0.264002738391
7.00575161751 -0.0684376199671 -0.262000923424
7.06858347058 -0.0673614182422 -0.260026776444
7.13141532365 -0.066309583665 -0.25807978464
7.19424717672 -0.0652814080757 -0.256159445904
7.25707902979 -0.0642762080929 -0.254265268634
7.31991088286 -0.0632933241139 -0.252396771538
7.38274273594 -0.0623321193607 -0.25055348344
7.44557458901 -0.0613919789682 -0.248734943089
7.50840644208 -0.0604723091132 -0.246940698956
7.57123829515 -0.0595725361822 -0.245170309052
7.63407014822 -0.0586921059758 -0.243423340726
7.69690200129 -0.0578304829485 -0.241699370481
7.75973385437 -0.0569871494815 -0.239997983784
7.82256570744 -0.0561616051874 -0.238318774877
7.88539756051 -0.0553533662448 -0.236661346595
7.94822941358 -0.0545619647629 -0.235025310183
8.01106126665 -0.0537869481717 -0.233410285111
8.07389311973 -0.0530278786399 -0.231815898907
8.1367249728 -0.0522843325171 -0.23024178697
8.19955682587 -0.0515558997996 -0.228687592407
8.26238867894 -0.0508421836193 -0.227152965857
8.32522053201 -0.0501427997537 -0.225637565328
8.38805238508 -0.0494573761567 -0.224141056033
8.45088423816 -0.0487855525094 -0.222663110227
8.51371609123 -0.0481269797889 -0.221203407049
8.5765479443 -0.0474813198558 -0.219761632369
8.63937979737 -0.0468482450577 -0.218337478637
8.70221165044 -0.0462274378504 -0.216930644728
8.76504350352 -0.0456185904332 -0.215540835801
8.82787535659 -0.0450214044001 -0.214167763157
8.89070720966 -0.0444355904047 -0.212811144092
8.95353906273 -0.0438608678385 -0.211470701769
9.0163709158 -0.0432969645227 -0.210146165074
9.07920276887 -0.0427436164119 -0.208837268494
9.14203462195 -0.0422005673096 -0.207543751979
9.20486647502 -0.0416675685953 -0.206265360826
9.26769832809 -0.0411443789622 -0.205001845548
9.33053018116 -0.040630764165 -0.20375296176
9.39336203423 -0.0401264967782 -0.202518470055
9.45619388731 -0.0396313559632 -0.201298135897
9.51902574038 -0.0391451272447 -0.200091729503
9.58185759345 -0.0386676022958 -0.198899025736
9.64468944652 -0.0381985787313 -0.197719803997
9.70752129959 -0.0377378599088 -0.196553848124
9.77035315266 -0.0372852547379 -0.195400946283
9.83318500574 -0.0368405774955 -0.194260890878
9.89601685881 -0.0364036476497 -0.193133478445
9.95884871188 -0.0359742896888 -0.192018509563
10.021680565 -0.0355523329576 -0.190915788758
10.084512418 -0.0351376114997 -0.189825124416
10.1473442711 -0.0347299639052 -0.188746328691
10.2101761242 -0.0343292331646 -0.187679217424
10.2730079772 -0.0339352665279 -0.186623610054
10.3358398303 -0.0335479153682 -0.185579329538
10.3986716834 -0.0331670350518 -0.184546202274
10.4615035365 -0.0327924848112 -0.183524058018
10.5243353895 -0.0324241276238 -0.182512729814
10.5871672426 -0.0320618300952 -0.181512053914
10.6499990957 -0.0317054623455 -0.180521869708
10.7128309487 -0.0313548979008 -0.179542019655
10.7756628018 -0.0310100135878 -0.178572349214
10.8384946549 -0.0306706894329 -0.177612706774
10.901326508 -0.0303368085638 -0.176662943591
10.964158361 -0.0300082571154 -0.175722913722
11.0269902141 -0.029684924139 -0.17479247397
11.0898220672 -0.0293667015135 -0.173871483808
11.1526539202 -0.0290534838619 -0.172959805341
11.2154857733 -0.0287451684674 -0.172057303224
11.2783176264 -0.0284416551966 -0.171163844631
11.3411494795 -0.0281428464206 -0.170279299171
11.4039813325 -0.027848646943 -0.169403538872
11.4668131856 -0.0275589639279 -0.168536438084
11.5296450387 -0.0272737068296 -0.167677873469
11.5924768917 -0.0269927873304 -0.166827723925
11.6553087448 -0.0267161192674 -0.16598587054
11.7181405979 -0.0264436185833 -0.165152196573
11.780972451 -0.0261752032507 -0.164326587349
11.843804304 -0.0259107932284 -0.163508930288
11.9066361571 -0.025650310395 -0.162699114795
11.9694680102 -0.0253936784975 -0.161897032253
12.0322998632 -0.0251408231025 -0.161102575984
12.0951317163 -0.0248916715373 -0.160315641177
12.1579635694 -0.0246461528476 -0.159536124884
12.2207954225 -0.0244041977473 -0.158763925961
12.2836272755 -0.0241657385695 -0.157998945027
12.3464591286 -0.0239307092266 -0.157241084445
12.4092909817 -0.0236990451642 -0.156490248266
12.4721228348 -0.023470683318 -0.155746342205
12.5349546878 -0.0232455620757 -0.155009273606
12.5977865409 -0.0230237390883 -0.154278802923
12.660618394 -0.0228050347565 -0.153554995229
12.723450247 -0.0225893916416 -0.152837762371
12.7862821001 -0.0223767536044 -0.152127017695
12.8491139532 -0.0221670657704 -0.151422676017
12.9119458063 -0.0219602744965 -0.150724653596
12.9747776593 -0.0217563273381 -0.150032868098
13.0376095124 -0.0215551730177 -0.149347238572
13.1004413655 -0.0213567613941 -0.148667685422
13.1632732185 -0.0211610434328 -0.147994130378
13.2261050716 -0.0209679711774 -0.147326496471
13.2889369247 -0.0207774977209 -0.146664708007
13.3517687778 -0.0205895771794 -0.146008690537
13.4146006308 -0.0204041646653 -0.145358370841
13.4774324839 -0.0202212162617 -0.144713676894
13.540264337 -0.0200406889982 -0.14407453785
13.60309619 -0.0198625408258 -0.143440884015
13.6659280431 -0.0196867305945 -0.142812646825
13.7287598962 -0.0195132180301 -0.142189758822
13.7915917493 -0.0193419637125 -0.141572153638
13.8544236023 -0.0191729290538 -0.140959765966
13.9172554554 -0.0190060762779 -0.140352531548
13.9800873085 -0.0188413684006 -0.139750387146
14.0429191615 -0.018678769209 -0.139153270529
14.1057510146 -0.0185182432437 -0.13856112045
14.1685828677 -0.0183597557794 -0.13797387663
14.2314147208 -0.0182032728071 -0.137391479735
14.2942465738 -0.0180487610171 -0.136813871364
14.3570784269 -0.0178961877811 -0.136240994024
14.41991028 -0.0177455211367 -0.135672791122
14.482742133 -0.0175967297707 -0.135109206938
14.5455739861 -0.0174497830036 -0.134550186617
14.6084058392 -0.0173046507746 -0.133995676147
14.6712376923 -0.0171613036265 -0.133445622347
14.7340695453 -0.0170197126919 -0.132899972849
14.7969013984 -0.0168798496787 -0.132358676083
14.8597332515 -0.0167416868568 -0.131821681266
14.9225651046 -0.0166051970447 -0.131288938381
14.9853969576 -0.0164703535971 -0.130760398169
15.0482288107 -0.0163371303917 -0.130236012112
15.1110606638 -0.0162055018175 -0.129715732418
15.1738925168 -0.0160754427629 -0.129199512012
15.2367243699 -0.0159469286041 -0.12868730452
15.299556223 -0.0158199351939 -0.128179064257
15.3623880761 -0.0156944388507 -0.127674746213
15.4252199291 -0.0155704163481 -0.127174306045
15.4880517822 -0.015447844904 -0.126677700059
15.5508836353 -0.0153267021714 -0.126184885205
15.6137154883 -0.0152069662276 -0.125695819061
15.6765473414 -0.0150886155654 -0.125210459821
15.7393791945 -0.0149716290834 -0.124728766288
15.8022110476 -0.0148559860768 -0.124250697863
15.8650429006 -0.0147416662291 -0.123776214528
15.9278747537 -0.0146286496029 -0.123305276845
15.9907066068 -0.0145169166318 -0.122837845939
16.0535384598 -0.0144064481122 -0.122373883491
16.1163703129 -0.0142972251952 -0.121913351727
16.179202166 -0.0141892293791 -0.121456213412
16.2420340191 -0.0140824425015 -0.121002431834
16.3048658721 -0.013976846732 -0.120551970802
16.3676977252 -0.0138724245652 -0.120104794633
16.4305295783 -0.0137691588134 -0.119660868145
16.4933614313 -0.0136670326001 -0.119220156645
16.5561932844 -0.013566029353 -0.118782625926
16.6190251375 -0.0134661327975 -0.118348242256
16.6818569906 -0.0133673269506 -0.117916972368
16.7446888436 -0.0132695961145 -0.117488783455
16.8075206967 -0.0131729248707 -0.117063643163
16.8703525498 -0.013077298074 -0.116641519579
16.9331844028 -0.0129827008467 -0.116222381229
16.9960162559 -0.0128891185733 -0.115806197065
17.058848109 -0.0127965368945 -0.115392936463
17.1216799621 -0.0127049417023 -0.114982569213
17.1845118151 -0.0126143191347 -0.114575065514
17.2473436682 -0.0125246555705 -0.114170395965
17.3101755213 -0.0124359376243 -0.113768531559
17.3730073744 -0.0123481521419 -0.11336944368
17.4358392274 -0.0122612861953 -0.112973104091
17.4986710805 -0.0121753270782 -0.112579484932
17.5615029336 -0.0120902623014 -0.11218855871
17.6243347866 -0.0120060795885 -0.111800298299
17.6871666397 -0.0119227668716 -0.111414676928
17.7499984928 -0.0118403122871 -0.111031668178
17.8128303459 -0.0117587041713 -0.110651245978
17.8756621989 -0.0116779310569 -0.110273384594
17.938494052 -0.0115979816687 -0.109898058631
18.0013259051 -0.0115188449199 -0.109525243021
18.0641577581 -0.0114405099083 -0.109154913021
18.1269896112 -0.0113629659128 -0.108787044207
18.1898214643 -0.0112862023896 -0.108421612472
18.2526533174 -0.0112102089689 -0.108058594014
18.3154851704 -0.0111349754516 -0.107697965339
18.3783170235 -0.0110604918054 -0.10733970325
18.4411488766 -0.0109867481623 -0.106983784847
18.5039807296 -0.010913734815 -0.10663018752
18.5668125827 -0.0108414422136 -0.106278888943
18.6296444358 -0.010769860963 -0.105929867073
18.6924762889 -0.0106989818198 -0.105583100145
18.7553081419 -0.010628795689 -0.105238566665
18.818139995 -0.010559293622 -0.104896245408
18.8809718481 -0.0104904668127 -0.104556115414
18.9438037011 -0.0104223065957 -0.104218155983
19.0066355542 -0.0103548044434 -0.103882346671
19.0694674073 -0.010287951963 -0.103548667287
19.1322992604 -0.0102217408944 -0.103217097889
19.1951311134 -0.0101561631078 -0.102887618779
19.2579629665 -0.0100912106007 -0.102560210502
19.3207948196 -0.0100268754961 -0.102234853838
19.3836266726 -0.00996315003966 -0.101911529804
19.4464585257 -0.00990002659797 -0.101590219645
19.5092903788 -0.00983749765588 -0.101270904834
19.5721222319 -0.00977555581448 -0.100953567068
19.6349540849 -0.00971419378896 -0.100638188265
19.697785938 -0.00965340440652 -0.100324750558
19.7606177911 -0.00959318060428 -0.100013236296
19.8234496442 -0.00953351542734 -0.0997036280368
19.8862814972 -0.00947440202673 -0.0993959085484
19.9491133503 -0.00941583365756 -0.0990900608016
20.0119452034 -0.00935780367715 -0.0987860679691
20.0747770564 -0.00930030554311 -0.0984839134226
20.1376089095 -0.00924333281162 -0.0981835807294
20.2004407626 -0.00918687913559 -0.0978850536499
20.2632726157 -0.00913093826299 -0.0975883161346
20.3261044687 -0.00907550403514 -0.0972933523216
20.3889363218 -0.00902057038504 -0.0970001465334
20.4517681749 -0.00896613133575 -0.0967086832748
20.5146000279 -0.00891218099881 -0.0964189472302
20.577431881 -0.00885871357262 -0.0961309232609
20.6402637341 -0.00880572334107 -0.0958445964023
20.7030955872 -0.00875320467184 -0.095559951862
20.7659274402 -0.00870115201507 -0.0952769750173
20.8287592933 -0.00864955990193 -0.0949956514119
20.8915911464 -0.00859842294309 -0.0947159667552
20.9544229994 -0.00854773582748 -0.0944379069183
21.0172548525 -0.00849749332088 -0.0941614579328
21.0800867056 -0.00844769026458 -0.0938866059881
21.1429185587 -0.00839832157409 -0.0936133374295
21.2057504117 -0.0083493822379 -0.0933416387557
21.2685822648 -0.00830086731623 -0.0930714966168
21.3314141179 -0.00825277193974 -0.0928028978125
21.3942459709 -0.00820509130842 -0.0925358292894
21.457077824 -0.00815782069036 -0.0922702781398
21.5199096771 -0.00811095542065 -0.0920062315988
21.5827415302 -0.00806449090019 -0.091743677043
21.6455733832 -0.00801842259459 -0.0914826019886
21.7084052363 -0.00797274603315 -0.091222994089
21.7712370894 -0.00792745680774 -0.0909648411332
21.8340689424 -0.00788255057176 -0.0907081310442
21.8969007955 -0.00783802303914 -0.0904528518767
21.9597326486 -0.0077938699833 -0.0901989918157
22.0225645017 -0.0077500872362 -0.0899465391748
22.0853963547 -0.00770667068741 -0.0896954823937
22.1482282078 -0.00766361628304 -0.0894458100379
22.2110600609 -0.00762092002491 -0.0891975107959
22.273891914 -0.00757857796963 -0.0889505734778
22.336723767 -0.0075365862277 -0.0887049870138
22.3995556201 -0.00749494096261 -0.0884607404529
22.4623874732 -0.00745363838999 -0.0882178229608
22.5252193262 -0.00741267477677 -0.0879762238184
22.5880511793 -0.00737204644036 -0.0877359324208
22.6508830324 -0.00733174974783 -0.0874969382754
22.7137148855 -0.0072917811151 -0.0872592310005
22.7765467385 -0.00725213700617 -0.0870228003238
22.8393785916 -0.00721281393233 -0.086787636081
22.9022104447 -0.0071738084515 -0.0865537282145
22.9650422977 -0.00713511716729 -0.0863210667721
23.0278741508 -0.00709673672851 -0.0860896419051
23.0907060039 -0.00705866382828 -0.0858594438679
23.153537857 -0.00702089520342 -0.0856304630156
23.21636971 -0.00698342763372 -0.0854026898036
23.2792015631 -0.0069462579413 -0.0851761147858
23.3420334162 -0.0069093829899 -0.0849507286134
23.4048652692 -0.00687279968431 -0.0847265220341
23.4676971223 -0.00683650496963 -0.08450348589
23.5305289754 -0.00680049583069 -0.0842816111175
23.5933608285 -0.00676476929148 -0.0840608887451
23.6561926815 -0.00672932241446 -0.0838413098929
23.7190245346 -0.00669415230002 -0.0836228657713
23.7818563877 -0.00665925608588 -0.0834055476795
23.8446882407 -0.00662463094655 -0.0831893470049
23.9075200938 -0.0065902740927 -0.0829742552217
23.9703519469 -0.00655618277063 -0.0827602638901
24.0331838 -0.00652235426184 -0.0825473646544
24.096015653 -0.00648878588227 -0.0823355492433
24.1588475061 -0.00645547498195 -0.0821248094681
24.2216793592 -0.00642241894449 -0.0819151372211
24.2845112122 -0.00638961518646 -0.0817065244757
24.3473430653 -0.00635706115701 -0.0814989632847
24.4101749184 -0.00632475433725 -0.0812924457799
24.4730067715 -0.00629269223993 -0.0810869641704
24.5358386245 -0.00626087240885 -0.0808825107421
24.5986704776 -0.00622929241845 -0.0806790778567
24.6615023307 -0.00619794987327 -0.0804766579511
24.7243341838 -0.00616684240768 -0.0802752435357
24.7871660368 -0.00613596768525 -0.0800748271942
24.8499978899 -0.00610532339844 -0.0798754015825
24.912829743 -0.00607490726809 -0.079676959428
24.975661596 -0.00604471704307 -0.0794794935281
25.0384934491 -0.0060147504999 -0.0792829967501
25.1013253022 -0.00598500544219 -0.0790874620303
25.1641571553 -0.00595547970041 -0.0788928823725
25.2269890083 -0.00592617113142 -0.0786992508481
25.2898208614 -0.00589707761813 -0.0785065605944
25.3526527145 -0.00586819706904 -0.0783148048148
25.4154845675 -0.00583952741796 -0.0781239767772
25.4783164206 -0.00581106662358 -0.0779340698136
25.5411482737 -0.00578281266922 -0.077745077319
25.6039801268 -0.00575476356229 -0.0775569927516
25.6668119798 -0.00572691733415 -0.0773698096307
25.7296438329 -0.0056992720396 -0.077183521537
25.792475686 -0.00567182575667 -0.0769981221117
25.855307539 -0.00564457658622 -0.0768136050554
25.9181393921 -0.00561752265162 -0.0766299641277
25.9809712452 -0.00559066209845 -0.0764471931469
26.0438030983 -0.0055639930942 -0.0762652859883
26.1066349513 -0.00553751382792 -0.0760842365845
26.1694668044 -0.00551122250997 -0.0759040389245
26.2322986575 -0.00548511737165 -0.0757246870526
26.2951305105 -0.00545919666498 -0.0755461750685
26.3579623636 -0.00543345866238 -0.0753684971258
26.4207942167 -0.00540790165637 -0.0751916474323
26.4836260698 -0.00538252395929 -0.0750156202489
26.5464579228 -0.00535732390311 -0.0748404098888
26.6092897759 -0.00533229983902 -0.0746660107171
26.672121629 -0.00530745013724 -0.0744924171509
26.734953482 -0.00528277318677 -0.0743196236573
26.7977853351 -0.00525826739515 -0.0741476247541
26.8606171882 -0.00523393118809 -0.0739764150084
26.9234490413 -0.00520976300937 -0.0738059890367
26.9862808943 -0.0051857613205 -0.0736363415039
27.0491127474 -0.0051619246005 -0.0734674671227
27.1119446005 -0.00513825134565 -0.0732993606539
27.1747764536 -0.00511474006932 -0.0731320169043
27.2376083066 -0.00509138930165 -0.072965430728
27.3004401597 -0.00506819758937 -0.0727995970244
27.3632720128 -0.00504516349558 -0.0726345107385
27.4261038658 -0.00502228559953 -0.0724701668602
27.4889357189 -0.00499956249633 -0.072306560424
27.551767572 -0.00497699279694 -0.0721436865077
27.6145994251 -0.00495457512765 -0.0719815402332
27.6774312781 -0.00493230813019 -0.071820116765
27.7402631312 -0.00491019046127 -0.0716594113103
27.8030949843 -0.00488822079259 -0.0714994191179
27.8659268373 -0.00486639781045 -0.0713401354786
27.9287586904 -0.00484472021574 -0.0711815557242
27.9915905435 -0.00482318672358 -0.071023675227
28.0544223966 -0.00480179606327 -0.0708664893998
28.1172542496 -0.00478054697802 -0.070709993695
28.1800861027 -0.00475943822478 -0.0705541836044
28.2429179558 -0.0047384685741 -0.0703990546589
28.3057498088 -0.00471763680994 -0.0702446024275
28.3685816619 -0.00469694172941 -0.070090822518
28.431413515 -0.00467638214276 -0.0699377105752
28.4942453681 -0.00465595687307 -0.0697852622817
28.5570772211 -0.00463566475613 -0.069633473357
28.6199090742 -0.00461550464032 -0.0694823395567
28.6827409273 -0.00459547538639 -0.0693318566728
28.7455727803 -0.0045755758673 -0.0691820205333
28.8084046334 -0.00455580496809 -0.0690328270012
28.8712364865 -0.00453616158576 -0.0688842719747
28.9340683396 -0.00451664462904 -0.0687363513864
28.9969001926 -0.00449725301826 -0.0685890612036
29.0597320457 -0.00447798568527 -0.0684423974271
29.1225638988 -0.00445884157319 -0.0682963560917
29.1853957518 -0.00443981963638 -0.0681509332647
29.2482276049 -0.00442091884019 -0.068006125047
29.311059458 -0.00440213816089 -0.0678619275718
29.3738913111 -0.00438347658549 -0.0677183370044
29.4367231641 -0.00436493311167 -0.067575349542
29.4995550172 -0.00434650674758 -0.0674329614132
29.5623868703 -0.00432819651174 -0.067291168878
29.6252187234 -0.00431000143287 -0.0671499682273
29.6880505764 -0.00429192054984 -0.0670093557825
29.7508824295 -0.00427395291151 -0.0668693278951
29.8137142826 -0.00425609757654 -0.0667298809468
29.8765461356 -0.00423835361338 -0.0665910113488
29.9393779887 -0.00422072010006 -0.0664527155418
30.0022098418 -0.00420319612414 -0.0663149899952
30.0650416949 -0.00418578078252 -0.0661778312075
30.1278735479 -0.00416847318138 -0.0660412357057
30.190705401 -0.00415127243607 -0.0659052000445
30.2535372541 -0.00413417767095 -0.0657697208069
30.3163691071 -0.00411718801934 -0.0656347946036
30.3792009602 -0.00410030262335 -0.0655004180722
30.4420328133 -0.00408352063381 -0.0653665878777
30.5048646664 -0.00406684121015 -0.0652333007118
30.5676965194 -0.00405026352035 -0.0651005532927
30.6305283725 -0.00403378674072 -0.0649683423648
30.6933602256 -0.00401741005593 -0.0648366646985
30.7561920786 -0.00400113265878 -0.0647055170903
30.8190239317 -0.00398495375026 -0.0645748963616
30.8818557848 -0.00396887253928 -0.0644447993593
30.9446876379 -0.00395288824271 -0.0643152229556
31.0075194909 -0.00393700008519 -0.0641861640469
31.070351344 -0.00392120729913 -0.0640576195543
31.1331831971 -0.00390550912453 -0.0639295864234
31.1960150501 -0.00388990480894 -0.0638020616235
31.2588469032 -0.00387439360736 -0.0636750421477
31.3216787563 -0.00385897478215 -0.0635485250129
31.3845106094 -0.00384364760292 -0.0634225072591
31.4473424624 -0.00382841134652 -0.0632969859494
31.5101743155 -0.00381326529686 -0.06317195817
31.5730061686 -0.00379820874485 -0.0630474210295
31.6358380216 -0.00378324098842 -0.062923371659
31.6986698747 -0.00376836133225 -0.062799807212
31.7615017278 -0.0037535690879 -0.0626767248636
31.8243335809 -0.00373886357353 -0.0625541218111
31.8871654339 -0.00372424411399 -0.0624319952733
31.949997287 -0.00370971004066 -0.0623103424901
32.0128291401 -0.00369526069136 -0.0621891607229
32.0756609932 -0.00368089541033 -0.0620684472539
32.1384928462 -0.0036666135481 -0.0619481993861
32.2013246993 -0.00365241446146 -0.0618284144432
32.2641565524 -0.00363829751341 -0.061709089769
32.3269884054 -0.00362426207298 -0.0615902227279
32.3898202585 -0.00361030751529 -0.0614718107038
32.4526521116 -0.00359643322141 -0.0613538511009
32.5154839647 -0.00358263857828 -0.0612363413426
32.5783158177 -0.00356892297873 -0.0611192788721
32.6411476708 -0.00355528582127 -0.0610026611515
32.7039795239 -0.0035417265102 -0.0608864856622
32.7668113769 -0.00352824445537 -0.0607707499046
32.82964323 -0.00351483907222 -0.0606554513977
32.8924750831 -0.00350150978176 -0.0605405876787
32.9553069362 -0.00348825601036 -0.0604261563038
33.0181387892 -0.00347507718982 -0.0603121548469
33.0809706423 -0.00346197275724 -0.0601985809003
33.1438024954 -0.003448942155 -0.0600854320741
33.2066343484 -0.00343598483069 -0.0599727059957
33.2694662015 -0.00342310023701 -0.0598604003107
33.3322980546 -0.0034102878318 -0.0597485126815
33.3951299077 -0.0033975470779 -0.059637040788
33.4579617607 -0.00338487744313 -0.0595259823272
33.5207936138 -0.00337227840023 -0.0594153350129
33.5836254669 -0.00335974942682 -0.0593050965758
33.6464573199 -0.00334729000532 -0.0591952647628
33.709289173 -0.00333489962292 -0.0590858373378
33.7721210261 -0.00332257777151 -0.0589768120807
33.8349528792 -0.00331032394766 -0.0588681867874
33.8977847322 -0.00329813765249 -0.0587599592703
33.9606165853 -0.00328601839175 -0.0586521273571
34.0234484384 -0.00327396567562 -0.0585446888917
34.0862802914 -0.0032619790188 -0.0584376417332
34.1491121445 -0.00325005794037 -0.0583309837563
34.2119439976 -0.00323820196374 -0.0582247128512
34.2747758507 -0.00322641061671 -0.0581188269228
34.3376077037 -0.00321468343125 -0.0580133238915
34.4004395568 -0.00320301994364 -0.0579082016922
34.4632714099 -0.00319141969426 -0.057803458275
34.526103263 -0.00317988222769 -0.0576990916042
34.588935116 -0.00316840709251 -0.0575950996589
34.6517669691 -0.00315699384144 -0.0574914804323
34.7145988222 -0.00314564203112 -0.057388231932
34.7774306752 -0.00313435122218 -0.0572853521799
34.8402625283 -0.00312312097915 -0.0571828392117
34.9030943814 -0.00311195087044 -0.0570806910768
34.9659262345 -0.00310084046829 -0.0569789058386
35.0287580875 -0.00308978934873 -0.0568774815742
35.0915899406 -0.00307879709153 -0.056776416374
35.1544217937 -0.00306786328018 -0.0566757083419
35.2172536467 -0.00305698750184 -0.0565753555949
35.2800854998 -0.00304616934731 -0.0564753562634
35.3429173529 -0.00303540841096 -0.0563757084908
35.405749206 -0.00302470429073 -0.0562764104334
35.468581059 -0.00301405658808 -0.0561774602603
35.5314129121 -0.00300346490795 -0.0560788561532
35.5942447652 -0.00299292885874 -0.0559805963067
35.6570766182 -0.00298244805223 -0.0558826789276
35.7199084713 -0.0029720221036 -0.0557851022351
35.7827403244 -0.00296165063136 -0.055687864461
35.8455721775 -0.00295133325732 -0.0555909638488
35.9084040305 -0.00294106960656 -0.0554943986546
35.9712358836 -0.00293085930741 -0.0553981671461
36.0340677367 -0.0029207019914 -0.0553022676026
36.0968995897 -0.0029105972932 -0.0552066983161
36.1597314428 -0.00290054485066 -0.0551114575891
36.2225632959 -0.00289054430471 -0.0550165437367
36.285395149 -0.00288059529937 -0.0549219550847
36.348227002 -0.00287069748167 -0.0548276899707
36.4110588551 -0.0028608505017 -0.0547337467434
36.4738907082 -0.00285105401248 -0.0546401237626
36.5367225612 -0.00284130767003 -0.0545468193995
36.5995544143 -0.00283161113323 -0.054453832036
36.6623862674 -0.00282196406388 -0.0543611600652
36.7252181205 -0.00281236612668 -0.0542688018904
36.7880499735 -0.00280281698911 -0.0541767559263
36.8508818266 -0.00279331632145 -0.0540850205979
36.9137136797 -0.00278386379681 -0.0539935943406
36.9765455328 -0.00277445909096 -0.0539024756008
37.0393773858 -0.00276510188249 -0.0538116628345
37.1022092389 -0.0027557918526 -0.0537211545087
37.165041092 -0.00274652868521 -0.0536309490999
37.227872945 -0.00273731206683 -0.0535410450954
37.2907047981 -0.00272814168662 -0.0534514409922
37.3535366512 -0.00271901723632 -0.0533621352971
37.4163685043 -0.00270993841023 -0.0532731265269
37.4792003573 -0.00270090490517 -0.0531844132082
37.5420322104 -0.00269191642048 -0.0530959938774
37.6048640635 -0.00268297265798 -0.0530078670803
37.6676959165 -0.00267407332198 -0.0529200313723
37.7305277696 -0.00266521811917 -0.0528324853185
37.7933596227 -0.0026564067587 -0.0527452274929
37.8561914758 -0.00264763895211 -0.0526582564794
37.9190233288 -0.00263891441325 -0.0525715708706
37.9818551819 -0.00263023285837 -0.0524851692687
38.044687035 -0.00262159400601 -0.0523990502848
38.107518888 -0.00261299757704 -0.0523132125387
38.1703507411 -0.00260444329454 -0.0522276546599
38.2331825942 -0.0025959308839 -0.0521423752858
38.2960144473 -0.00258746007272 -0.0520573730635
38.3588463003 -0.00257903059081 -0.0519726466482
38.4216781534 -0.00257064217016 -0.051888194704
38.4845100065 -0.00256229454492 -0.0518040159038
38.5473418595 -0.00255398745141 -0.0517201089286
38.6101737126 -0.00254572062804 -0.0516364724681
38.6730055657 -0.00253749381536 -0.0515531052202
38.7358374188 -0.00252930675597 -0.0514700058913
38.7986692718 -0.00252115919457 -0.0513871731961
38.8615011249 -0.00251305087786 -0.0513046058571
38.924332978 -0.00250498155458 -0.0512223026055
38.987164831 -0.00249695097551 -0.0511402621799
39.0499966841 -0.00248895889336 -0.0510584833276
39.1128285372 -0.00248100506285 -0.0509769648031
39.1756603903 -0.00247308924061 -0.0508957053694
39.2384922433 -0.00246521118522 -0.0508147037969
39.3013240964 -0.00245737065718 -0.050733958864
39.3641559495 -0.00244956741886 -0.0506534693566
39.4269878026 -0.00244180123454 -0.0505732340681
39.4898196556 -0.00243407187031 -0.0504932517999
39.5526515087 -0.00242637909414 -0.0504135213604
39.6154833618 -0.0024187226758 -0.0503340415659
39.6783152148 -0.00241110238687 -0.0502548112397
39.7411470679 -0.00240351800072 -0.0501758292128
39.803978921 -0.0023959692925 -0.0500970943232
39.8668107741 -0.0023884560391 -0.0500186054161
39.9296426271 -0.00238097801916 -0.049940361344
39.9924744802 -0.00237353501302 -0.0498623609667
40.0553063333 -0.00236612680277 -0.0497846031503
40.1181381863 -0.00235875317216 -0.0497070867689
40.1809700394 -0.00235141390661 -0.0496298107029
40.2438018925 -0.00234410879322 -0.0495527738395
40.3066337456 -0.0023368376207 -0.0494759750735
40.3694655986 -0.00232960017944 -0.0493994133054
40.4322974517 -0.00232239626141 -0.0493230874433
40.4951293048 -0.00231522566018 -0.0492469964015
40.5579611578 -0.00230808817091 -0.0491711391014
40.6207930109 -0.00230098359031 -0.0490955144706
40.683624864 -0.00229391171669 -0.0490201214431
40.7464567171 -0.00228687234986 -0.0489449589598
40.8092885701 -0.0022798652912 -0.0488700259677
40.8721204232 -0.00227289034353 -0.0487953214206
40.9349522763 -0.00226594731124 -0.048720844278
40.9977841293 -0.00225903600017 -0.0486465935061
41.0606159824 -0.00225215621766 -0.0485725680775
41.1234478355 -0.00224530777248 -0.0484987669705
41.1862796886 -0.00223849047485 -0.04842518917
41.2491115416 -0.00223170413642 -0.0483518336669
41.3119433947 -0.00222494857029 -0.0482786994578
41.3747752478 -0.00221822359094 -0.0482057855457
41.4376071008 -0.00221152901424 -0.0481330909394
41.5004389539 -0.00220486465745 -0.0480606146539
41.563270807 -0.0021982303392 -0.0479883557097
41.6261026601 -0.00219162587948 -0.0479163131332
41.6889345131 -0.00218505109962 -0.0478444859567
41.7517663662 -0.00217850582228 -0.0477728732183
41.8145982193 -0.00217198987146 -0.0477014739616
41.8774300724 -0.00216550307242 -0.047630287236
41.9402619254 -0.00215904525178 -0.0475593120966
42.0030937785 -0.00215261623742 -0.0474885476039
42.0659256316 -0.00214621585845 -0.0474179928241
42.1287574846 -0.00213984394533 -0.0473476468286
42.1915893377 -0.00213350032969 -0.0472775086948
42.2544211908 -0.00212718484447 -0.0472075775049
42.3172530439 -0.00212089732378 -0.0471378523469
42.3800848969 -0.00211463760297 -0.0470683323142
42.44291675 -0.00210840551865 -0.0469990165049
42.5057486031 -0.00210220090853 -0.0469299040229
42.5685804561 -0.00209602361158 -0.0468609939774
42.6314123092 -0.00208987346792 -0.0467922854824
42.6942441623 -0.00208375031885 -0.0467237776573
42.7570760154 -0.00207765400682 -0.0466554696264
42.8199078684 -0.00207158437542 -0.0465873605193
42.8827397215 -0.0020655412694 -0.0465194494705
42.9455715746 -0.00205952453458 -0.0464517356196
43.0084034276 -0.00205353401794 -0.0463842181112
43.0712352807 -0.0020475695676 -0.0463168960944
43.1340671338 -0.00204163103271 -0.0462497687238
43.1968989869 -0.00203571826353 -0.0461828351587
43.2597308399 -0.00202983111143 -0.0461160945627
43.322562693 -0.00202396942881 -0.046049546105
43.3853945461 -0.00201813306913 -0.045983188959
43.4482263991 -0.00201232188694 -0.0459170223029
43.5110582522 -0.00200653573779 -0.0458510453198
43.5738901053 -0.0020007744783 -0.0457852571972
43.6367219584 -0.00199503796607 -0.0457196571274
43.6995538114 -0.00198932605975 -0.0456542443073
43.7623856645 -0.00198363861901 -0.045589017938
43.8252175176 -0.00197797550445 -0.0455239772258
43.8880493706 -0.00197233657774 -0.0454591213808
43.9508812237 -0.00196672170146 -0.045394449618
44.0137130768 -0.00196113073924 -0.0453299611566
44.0765449299 -0.0019555635556 -0.0452656552204
44.1393767829 -0.00195002001607 -0.0452015310374
44.202208636 -0.00194449998709 -0.0451375878399
44.2650404891 -0.00193900333607 -0.0450738248646
44.3278723422 -0.00193352993135 -0.0450102413526
44.3907041952 -0.00192807964216 -0.0449468365491
44.4535360483 -0.00192265233868 -0.0448836097034
44.5163679014 -0.001917247892 -0.0448205600693
44.5791997544 -0.00191186617409 -0.0447576869044
44.6420316075 -0.00190650705784 -0.0446949894709
44.7048634606 -0.00190117041699 -0.0446324670345
44.7676953137 -0.00189585612621 -0.0445701188654
44.8305271667 -0.001890564061 -0.0445079442377
44.8933590198 -0.00188529409775 -0.0444459424294
44.9561908729 -0.00188004611368 -0.0443841127229
45.0190227259 -0.00187481998688 -0.0443224544041
45.081854579 -0.00186961559628 -0.044260966763
45.1446864321 -0.00186443282164 -0.0441996490939
45.2075182852 -0.00185927154356 -0.0441385006942
45.2703501382 -0.00185413164347 -0.0440775208657
45.3331819913 -0.00184901300357 -0.0440167089139
45.3960138444 -0.00184391550693 -0.0439560641482
45.4588456974 -0.00183883903738 -0.0438955858815
45.5216775505 -0.00183378347957 -0.0438352734306
45.5845094036 -0.00182874871893 -0.043775126116
45.6473412567 -0.00182373464165 -0.0437151432623
45.7101731097 -0.00181874113473 -0.0436553241971
45.7730049628 -0.00181376808594 -0.0435956682519
45.8358368159 -0.00180881538377 -0.0435361747623
45.8986686689 -0.00180388291753 -0.0434768430667
45.961500522 -0.00179897057723 -0.0434176725075
46.0243323751 -0.00179407825364 -0.0433586624309
46.0871642282 -0.00178920583832 -0.0432998121859
46.1499960812 -0.00178435322347 -0.0432411211257
46.2128279343 -0.00177952030209 -0.0431825886067
46.2756597874 -0.00177470696785 -0.0431242139889
46.3384916404 -0.00176991311518 -0.0430659966355
46.4013234935 -0.00176513863919 -0.0430079359131
46.4641553466 -0.00176038343573 -0.0429500311921
46.5269871997 -0.0017556474013 -0.0428922818457
46.5898190527 -0.00175093043312 -0.0428346872509
46.6526509058 -0.00174623242909 -0.0427772467879
46.7154827589 -0.00174155328783 -0.0427199598397
46.778314612 -0.00173689290855 -0.0426628257937
46.841146465 -0.00173225119121 -0.0426058440395
46.9039783181 -0.00172762803641 -0.0425490139703
46.9668101712 -0.00172302334542 -0.0424923349824
47.0296420242 -0.00171843702012 -0.0424358064757
47.0924738773 -0.0017138689631 -0.0423794278529
47.1553057304 -0.00170931907755 -0.0423231985199
47.2181375835 -0.00170478726734 -0.0422671178857
47.2809694365 -0.00170027343693 -0.0422111853625
47.3438012896 -0.00169577749145 -0.0421554003655
47.4066331427 -0.0016912993366 -0.0420997623135
47.4694649957 -0.0016868388788 -0.042044270627
47.5322968488 -0.00168239602496 -0.0419889247311
47.5951287019 -0.00167797068267 -0.0419337240532
47.657960555 -0.00167356276016 -0.041878668023
47.720792408 -0.00166917216615 -0.0418237560747
47.7836242611 -0.00166479881009 -0.0417689876441
47.8464561142 -0.0016604426019 -0.0417143621706
47.9092879672 -0.00165610345215 -0.0416598790965
47.9721198203 -0.00165178127198 -0.0416055378666
48.0349516734 -0.00164747597313 -0.0415513379289
48.0977835265 -0.00164318746785 -0.0414972787345
48.1606153795 -0.00163891566904 -0.0414433597364
48.2234472326 -0.00163466049011 -0.0413895803915
48.2862790857 -0.00163042184503 -0.0413359401588
48.3491109387 -0.00162619964834 -0.0412824385005
48.4119427918 -0.00162199381514 -0.0412290748812
48.4747746449 -0.00161780426106 -0.0411758487686
48.537606498 -0.00161363090227 -0.0411227596329
48.600438351 -0.00160947365549 -0.0410698069471
48.6632702041 -0.00160533243796 -0.0410169901869
48.7261020572 -0.00160120716749 -0.0409643088303
48.7889339102 -0.00159709776236 -0.0409117623587
48.8517657633 -0.00159300414141 -0.0408593502556
48.9145976164 -0.00158892622398 -0.0408070720073
48.9774294695 -0.00158486392992 -0.0407549271028
49.0402613225 -0.00158081717962 -0.0407029150334
49.1030931756 -0.00157678589395 -0.040651035293
49.1659250287 -0.00157276999428 -0.0405992873787
49.2287568818 -0.00156876940249 -0.0405476707894
49.2915887348 -0.00156478404094 -0.0404961850268
49.3544205879 -0.00156081383254 -0.0404448295948
49.417252441 -0.0015568587006 -0.0403936040006
49.480084294 -0.00155291856894 -0.0403425077532
49.5429161471 -0.00154899336192 -0.0402915403641
49.6057480002 -0.00154508300429 -0.0402407013476
49.6685798533 -0.00154118742131 -0.0401899902203
49.7314117063 -0.00153730653876 -0.0401394065008
49.7942435594 -0.00153344028278 -0.0400889497108
49.8570754125 -0.00152958858009 -0.0400386193737
49.9199072655 -0.00152575135774 -0.0399884150162
49.9827391186 -0.00152192854334 -0.0399383361663
50.0455709717 -0.00151812006491 -0.0398883823549
50.1084028248 -0.00151432585094 -0.0398385531152
50.1712346778 -0.00151054583033 -0.0397888479829
50.2340665309 -0.00150677993245 -0.0397392664954
50.296898384 -0.00150302808708 -0.0396898081931
50.359730237 -0.00149929022449 -0.0396404726181
50.4225620901 -0.00149556627531 -0.0395912593151
50.4853939432 -0.00149185617064 -0.0395421678311
50.5482257963 -0.00148815984204 -0.0394931977149
50.6110576493 -0.00148447722141 -0.0394443485179
50.6738895024 -0.00148080824112 -0.0393956197938
50.7367213555 -0.00147715283396 -0.0393470110982
50.7995532085 -0.00147351093312 -0.0392985219887
50.8623850616 -0.00146988247221 -0.0392501520256
50.9252169147 -0.00146626738523 -0.0392019007709
50.9880487678 -0.00146266560658 -0.0391537677895
51.0508806208 -0.0014590770711 -0.039105752647
51.1137124739 -0.001455501714 -0.0390578549126
51.176544327 -0.00145193947085 -0.0390100741569
51.23937618 -0.00144839027772 -0.0389624099522
51.3022080331 -0.00144485407094 -0.0389148618738
51.3650398862 -0.00144133078732 -0.0388674294984
51.4278717393 -0.001437820364 -0.0388201124051
51.4907035923 -0.00143432273855 -0.0387729101747
51.5535354454 -0.00143083784885 -0.0387258223903
51.6163672985 -0.00142736563325 -0.0386788486367
51.6791991516 -0.00142390603036 -0.0386319885013
51.7420310046 -0.00142045897927 -0.0385852415727
51.8048628577 -0.00141702441936 -0.0385386074421
51.8676947108 -0.0014136022904 -0.0384920857027
51.9305265638 -0.00141019253255 -0.0384456759487
51.9933584169 -0.00140679508627 -0.0383993777776
52.05619027 -0.00140340989244 -0.0383531907879
52.1190221231 -0.00140003689223 -0.0383071145803
52.1818539761 -0.00139667602724 -0.0382611487573
52.2446858292 -0.00139332723935 -0.0382152929234
52.3075176823 -0.00138999047083 -0.0381695466853
52.3703495353 -0.00138666566425 -0.0381239096508
52.4331813884 -0.00138335276258 -0.0380783814302
52.4960132415 -0.00138005170909 -0.0380329616356
52.5588450946 -0.00137676244739 -0.0379876498805
52.6216769476 -0.00137348492144 -0.0379424457806
52.6845088007 -0.00137021907551 -0.0378973489537
52.7473406538 -0.00136696485422 -0.0378523590186
52.8101725068 -0.00136372220253 -0.0378074755965
52.8730043599 -0.0013604910657 -0.0377626983101
52.935836213 -0.00135727138929 -0.0377180267844
52.9986680661 -0.00135406311923 -0.0376734606455
53.0614999191 -0.00135086620175 -0.0376289995216
53.1243317722 -0.00134768058342 -0.0375846430423
53.1871636253 -0.00134450621106 -0.0375403908396
53.2499954783 -0.00134134303186 -0.0374962425466
53.3128273314 -0.00133819099327 -0.0374521977988
53.3756591845 -0.00133505004313 -0.037408256232
53.4384910376 -0.0013319201295 -0.0373644174855
53.5013228906 -0.00132880120078 -0.0373206811991
53.5641547437 -0.00132569320567 -0.0372770470148
53.6269865968 -0.00132259609318 -0.0372335145757
53.6898184498 -0.00131950981258 -0.0371900835272
53.7526503029 -0.00131643431347 -0.037146753516
53.815482156 -0.00131336954573 -0.0371035241906
53.8783140091 -0.00131031545954 -0.0370603952007
53.9411458621 -0.00130727200533 -0.0370173661985
54.0039777152 -0.00130423913387 -0.036974436837
54.0668095683 -0.0013012167962 -0.0369316067706
54.1296414214 -0.00129820494361 -0.0368888756565
54.1924732744 -0.00129520352771 -0.0368462431523
54.2553051275 -0.00129221250035 -0.0368037089178
54.3181369806 -0.00128923181372 -0.0367612726139
54.3809688336 -0.00128626142022 -0.0367189339034
54.4438006867 -0.00128330127255 -0.0366766924509
54.5066325398 -0.00128035132369 -0.0366345479216
54.5694643929 -0.00127741152685 -0.0365924999834
54.6322962459 -0.00127448183558 -0.0365505483047
54.695128099 -0.00127156220361 -0.0365086925562
54.7579599521 -0.001268652585 -0.0364669324096
54.8207918051 -0.00126575293405 -0.036425267538
54.8836236582 -0.00126286320529 -0.0363836976168
54.9464555113 -0.00125998335358 -0.0363422223216
55.0092873644 -0.00125711333396 -0.0363008413306
55.0721192174 -0.00125425310177 -0.036259554323
55.1349510705 -0.00125140261259 -0.0362183609795
55.1977829236 -0.00124856182225 -0.0361772609821
55.2606147766 -0.00124573068682 -0.0361362540146
55.3234466297 -0.00124290916266 -0.0360953397616
55.3862784828 -0.00124009720634 -0.0360545179097
55.4491103359 -0.00123729477467 -0.0360137881468
55.5119421889 -0.00123450182472 -0.035973150162
55.574774042 -0.00123171831378 -0.0359326036463
55.6376058951 -0.00122894419943 -0.0358921482909
55.7004377481 -0.00122617943942 -0.0358517837899
55.7632696012 -0.00122342399181 -0.0358115098375
55.8261014543 -0.00122067781482 -0.0357713261304
55.8889333074 -0.00121794086697 -0.0357312323655
55.9517651604 -0.00121521310694 -0.0356912282421
56.0145970135 -0.00121249449374 -0.0356513134599
56.0774288666 -0.00120978498649 -0.035611487721
56.1402607196 -0.00120708454465 -0.0355717507275
56.2030925727 -0.00120439312781 -0.035532102184
56.2659244258 -0.00120171069586 -0.0354925417958
56.3287562789 -0.00119903720888 -0.0354530692696
56.3915881319 -0.00119637262714 -0.0354136843139
56.454419985 -0.00119371691121 -0.0353743866373
56.5172518381 -0.00119107002178 -0.035335175951
56.5800836912 -0.00118843191985 -0.0352960519666
56.6429155442 -0.00118580256656 -0.0352570143975
56.7057473973 -0.00118318192332 -0.0352180629578
56.7685792504 -0.00118056995171 -0.0351791973638
56.8314111034 -0.00117796661357 -0.0351404173317
56.8942429565 -0.0011753718709 -0.0351017225799
56.9570748096 -0.00117278568591 -0.0350631128281
57.0199066627 -0.00117020802106 -0.0350245877969
57.0827385157 -0.00116763883901 -0.0349861472077
57.1455703688 -0.00116507810257 -0.0349477907842
57.2084022219 -0.0011625257748 -0.0349095182502
57.2712340749 -0.00115998181899 -0.034871329331
57.334065928 -0.00115744619852 -0.0348332237541
57.3968977811 -0.00115491887708 -0.0347952012469
57.4597296342 -0.00115239981853 -0.0347572615383
57.5225614872 -0.00114988898689 -0.0347194043587
57.5853933403 -0.00114738634642 -0.0346816294392
57.6482251934 -0.00114489186153 -0.0346439365129
57.7110570464 -0.00114240549687 -0.0346063253133
57.7738888995 -0.00113992721724 -0.034568795575
57.8367207526 -0.00113745698767 -0.0345313470341
57.8995526057 -0.00113499477334 -0.0344939794281
57.9623844587 -0.00113254053963 -0.0344566924948
58.0252163118 -0.00113009425214 -0.0344194859736
58.0880481649 -0.00112765587659 -0.0343823596057
58.1508800179 -0.00112522537895 -0.0343453131319
58.213711871 -0.00112280272533 -0.0343083462955
58.2765437241 -0.00112038788204 -0.03427145884
58.3393755772 -0.00111798081555 -0.0342346505106
58.4022074302 -0.00111558149256 -0.0341979210531
58.4650392833 -0.00111318987988 -0.0341612702149
58.5278711364 -0.00111080594455 -0.034124697744
58.5907029894 -0.00110842965377 -0.0340882033895
58.6535348425 -0.00110606097489 -0.034051786902
58.7163666956 -0.00110369987548 -0.0340154480328
58.7791985487 -0.00110134632326 -0.0339791865343
58.8420304017 -0.00109900028609 -0.0339430021602
58.9048622548 -0.00109666173205 -0.0339068946649
58.9676941079 -0.00109433062937 -0.0338708638039
59.030525961 -0.00109200694647 -0.0338349093338
59.093357814 -0.00108969065188 -0.0337990310124
59.1561896671 -0.00108738171434 -0.0337632285983
59.2190215202 -0.00108508010275 -0.0337275018514
59.2818533732 -0.00108278578618 -0.0336918505319
59.3446852263 -0.00108049873384 -0.0336562744021
59.4075170794 -0.00107821891513 -0.0336207732242
59.4703489325 -0.00107594629958 -0.0335853467621
59.5331807855 -0.00107368085692 -0.0335499947805
59.5960126386 -0.00107142255699 -0.0335147170451
59.6588444917 -0.00106917136983 -0.0334795133223
59.7216763447 -0.00106692726561 -0.0334443833804
59.7845081978 -0.00106469021469 -0.0334093269872
59.8473400509 -0.00106246018754 -0.0333743439127
59.910171904 -0.00106023715481 -0.0333394339274
59.973003757 -0.00105802108729 -0.0333045968028
60.0358356101 -0.00105581195596 -0.0332698323113
60.0986674632 -0.0010536097319 -0.033235140226
60.1614993162 -0.00105141438636 -0.0332005203218
60.2243311693 -0.00104922589076 -0.0331659723734
60.2871630224 -0.00104704421663 -0.0331314961573
60.3499948755 -0.00104486933567 -0.0330970914507
60.4128267285 -0.00104270121974 -0.0330627580313
60.4756585816 -0.00104053984082 -0.0330284956783
60.5384904347 -0.00103838517105 -0.0329943041714
60.6013222877 -0.00103623718269 -0.0329601832917
60.6641541408 -0.0010340958482 -0.0329261328203
60.7269859939 -0.0010319611401 -0.0328921525402
60.789817847 -0.00102983303112 -0.0328582422348
60.8526497 -0.00102771149409 -0.0328244016885
60.9154815531 -0.001025596502 -0.0327906306865
60.9783134062 -0.00102348802798 -0.0327569290147
61.0411452592 -0.00102138604529 -0.0327232964603
61.1039771123 -0.00101929052733 -0.032689732811
61.1668089654 -0.00101720144763 -0.0326562378558
61.2296408185 -0.00101511877984 -0.0326228113842
61.2924726715 -0.00101304249779 -0.0325894531865
61.3553045246 -0.0010109725754 -0.0325561630541
61.4181363777 -0.00100890898675 -0.0325229407792
61.4809682308 -0.00100685170604 -0.0324897861546
61.5438000838 -0.0010048007076 -0.0324566989743
61.6066319369 -0.00100275596589 -0.0324236790329
61.66946379 -0.0010007174555 -0.032390726126
61.732295643 -0.000998685151163 -0.0323578400499
61.7951274961 -0.000996659027733 -0.0323250206015
61.8579593492 -0.000994639060163 -0.0322922675792
61.9207912023 -0.000992625223563 -0.0322595807816
61.9836230553 -0.000990617493181 -0.032226960008
62.0464549084 -0.000988615844351 -0.0321944050593
62.1092867615 -0.000986620252552 -0.0321619157363
62.1721186145 -0.000984630693396 -0.0321294918413
62.2349504676 -0.000982647142605 -0.0320971331768
62.2977823207 -0.000980669576002 -0.0320648395469
62.3606141738 -0.000978697969587 -0.0320326107553
62.4234460268 -0.000976732299428 -0.0320004466076
62.4862778799 -0.000974772541731 -0.0319683469097
62.549109733 -0.000972818672828 -0.0319363114682
62.611941586 -0.000970870669164 -0.0319043400907
62.6747734391 -0.000968928507297 -0.0318724325853
62.7376052922 -0.000966992163909 -0.0318405887611
62.8004371453 -0.000965061615794 -0.0318088084278
62.8632689983 -0.000963136839864 -0.0317770913961
62.9261008514 -0.000961217813144 -0.0317454374771
62.9889327045 -0.000959304512763 -0.0317138464831
63.0517645575 -0.000957396915989 -0.0316823182266
63.1145964106 -0.000955495000183 -0.0316508525212
63.1774282637 -0.000953598742824 -0.0316194491811
63.2402601168 -0.000951708121489 -0.0315881080214
63.3030919698 -0.000949823113885 -0.031556828858
63.3659238229 -0.000947943697826 -0.031525611507
63.428755676 -0.000946069851238 -0.0314944557856
63.491587529 -0.000944201552132 -0.0314633615118
63.5544193821 -0.000942338778663 -0.0314323285041
63.6172512352 -0.000940481509063 -0.031401356582
63.6800830883 -0.000938629721688 -0.0313704455654
63.7429149413 -0.000936783394981 -0.0313395952752
63.8057467944 -0.000934942507522 -0.0313088055326
63.8685786475 -0.000933107037983 -0.0312780761597
63.9314105006 -0.000931276965116 -0.0312474069796
63.9942423536 -0.000929452267811 -0.0312167978156
64.0570742067 -0.000927632925041 -0.0311862484921
64.1199060598 -0.000925818915899 -0.0311557588338
64.1827379128 -0.000924010219559 -0.0311253286663
64.2455697659 -0.0009222068153 -0.031094957816
64.308401619 -0.000920408682533 -0.0310646461096
64.3712334721 -0.000918615800721 -0.0310343933749
64.4340653251 -0.000916828149455 -0.0310041994401
64.4968971782 -0.00091504570842 -0.0309740641342
64.5597290313 -0.000913268457408 -0.0309439872866
64.6225608843 -0.000911496376297 -0.0309139687276
64.6853927374 -0.000909729445058 -0.0308840082883
64.7482245905 -0.00090796764377 -0.0308541058002
64.8110564436 -0.000906210952606 -0.0308242610954
64.8738882966 -0.000904459351827 -0.0307944740069
64.9367201497 -0.000902712821814 -0.0307647443681
64.9995520028 -0.000900971343012 -0.030735072013
65.0623838558 -0.000899234895974 -0.0307054567766
65.1252157089 -0.000897503461334 -0.0306758984944
65.188047562 -0.000895777019843 -0.0306463970023
65.2508794151 -0.000894055552321 -0.0306169521369
65.3137112681 -0.000892339039695 -0.0305875637356
65.3765431212 -0.00089062746299 -0.0305582316362
65.4393749743 -0.000888920803283 -0.0305289556776
65.5022068273 -0.000887219041795 -0.0304997356984
65.5650386804 -0.000885522159789 -0.0304705715388
65.6278705335 -0.000883830138654 -0.030441463039
65.6907023866 -0.000882142959829 -0.0304124100402
65.7535342396 -0.000880460604901 -0.0303834123836
65.8163660927 -0.000878783055475 -0.0303544699117
65.8791979458 -0.000877110293281 -0.0303255824672
65.9420297988 -0.000875442300154 -0.0302967498934
66.0048616519 -0.000873779057962 -0.0302679720344
66.067693505 -0.000872120548709 -0.0302392487347
66.1305253581 -0.000870466754459 -0.0302105798396
66.1933572111 -0.000868817657355 -0.0301819651948
66.2561890642 -0.000867173239655 -0.0301534046464
66.3190209173 -0.000865533483675 -0.0301248980413
66.3818527704 -0.000863898371819 -0.0300964452273
66.4446846234 -0.000862267886556 -0.0300680460525
66.5075164765 -0.000860642010482 -0.0300397003652
66.5703483296 -0.000859020726246 -0.0300114080146
66.6331801826 -0.00085740401656 -0.0299831688508
66.6960120357 -0.000855791864279 -0.0299549827236
66.7588438888 -0.000854184252268 -0.0299268494843
66.8216757419 -0.000852581163505 -0.0298987689844
66.8845075949 -0.000850982581064 -0.0298707410754
66.947339448 -0.000849388488065 -0.0298427656102
67.0101713011 -0.000847798867719 -0.0298148424421
67.0730031541 -0.000846213703334 -0.0297869714242
67.1358350072 -0.000844632978262 -0.0297591524112
67.1986668603 -0.000843056675961 -0.0297313852577
67.2614987134 -0.00084148477994 -0.0297036698189
67.3243305664 -0.000839917273823 -0.0296760059505
67.3871624195 -0.000838354141272 -0.029648393509
67.4499942726 -0.000836795366042 -0.0296208323513
67.5128261256 -0.000835240931969 -0.0295933223347
67.5756579787 -0.000833690822964 -0.029565863317
67.6384898318 -0.000832145022968 -0.0295384551572
67.7013216849 -0.000830603516073 -0.0295110977137
67.7641535379 -0.000829066286374 -0.0294837908464
67.826985391 -0.000827533318079 -0.0294565344152
67.8898172441 -0.000826004595489 -0.0294293282803
67.9526490971 -0.000824480102913 -0.0294021723032
68.0154809502 -0.000822959824755 -0.0293750663455
68.0783128033 -0.000821443745554 -0.0293480102688
68.1411446564 -0.000819931849811 -0.0293210039363
68.2039765094 -0.000818424122209 -0.0292940472104
68.2668083625 -0.00081692054742 -0.0292671399551
68.3296402156 -0.00081542111021 -0.0292402820345
68.3924720686 -0.000813925795419 -0.0292134733133
68.4553039217 -0.000812434587984 -0.029186713656
68.5181357748 -0.000810947472861 -0.0291600029286
68.5809676279 -0.000809464435084 -0.0291333409973
68.6437994809 -0.000807985459814 -0.029106727728
68.706631334 -0.000806510532183 -0.0290801629885
68.7694631871 -0.000805039637475 -0.0290536466457
68.8322950402 -0.000803572760985 -0.0290271785682
68.8951268932 -0.000802109888125 -0.0290007586237
68.9579587463 -0.0008006510043 -0.0289743866822
69.0207905994 -0.000799196095086 -0.0289480626119
69.0836224524 -0.000797745146024 -0.0289217862836
69.1464543055 -0.000796298142772 -0.0288955575673
69.2092861586 -0.000794855071048 -0.0288693763338
69.2721180117 -0.000793415916622 -0.0288432424547
69.3349498647 -0.000791980665336 -0.0288171558015
69.3977817178 -0.000790549303088 -0.0287911162467
69.4606135709 -0.000789121815884 -0.0287651236624
69.5234454239 -0.000787698189699 -0.0287391779225
69.586277277 -0.000786278410677 -0.0287132789001
69.6491091301 -0.000784862464944 -0.0286874264693
69.7119409832 -0.000783450338743 -0.0286616205048
69.7747728362 -0.000782042018329 -0.0286358608816
69.8376046893 -0.000780637490053 -0.028610147475
69.9004365424 -0.000779236740343 -0.0285844801606
69.9632683954 -0.000777839755633 -0.0285588588152
70.0261002485 -0.000776446522474 -0.0285332833149
70.0889321016 -0.000775057027436 -0.0285077535375
70.1517639547 -0.00077367125716 -0.0284822693604
70.2145958077 -0.000772289198363 -0.0284568306615
70.2774276608 -0.000770910837804 -0.0284314373195
70.3402595139 -0.000769536162311 -0.0284060892131
70.4030913669 -0.000768165158753 -0.0283807862219
70.46592322 -0.000766797814082 -0.0283555282254
70.5287550731 -0.000765434115296 -0.0283303151041
70.5915869262 -0.000764074049444 -0.0283051467384
70.6544187792 -0.000762717603651 -0.0282800230093
70.7172506323 -0.000761364765071 -0.0282549437985
70.7800824854 -0.00076001552093 -0.0282299089879
70.8429143384 -0.000758669858529 -0.0282049184597
70.9057461915 -0.000757327765212 -0.0281799720963
70.9685780446 -0.000755989228342 -0.0281550697814
71.0314098977 -0.000754654235403 -0.0281302113982
71.0942417507 -0.000753322773873 -0.0281053968309
71.1570736038 -0.000751994831343 -0.0280806259635
71.2199054569 -0.000750670395407 -0.0280558986811
71.28273731 -0.000749349453743 -0.0280312148688
71.345569163 -0.000748031994068 -0.0280065744122
71.4084010161 -0.00074671800418 -0.0279819771969
71.4712328692 -0.000745407471893 -0.0279574231098
71.5340647222 -0.000744100385079 -0.0279329120377
71.5968965753 -0.000742796731707 -0.0279084438674
71.6597284284 -0.000741496499765 -0.0278840184864
71.7225602815 -0.000740199677279 -0.0278596357829
71.7853921345 -0.000738906252361 -0.0278352956452
71.8482239876 -0.000737616213128 -0.0278109979622
71.9110558407 -0.000736329547815 -0.0277867426228
71.9738876937 -0.00073504624465 -0.0277625295166
72.0367195468 -0.000733766291938 -0.0277383585336
72.0995513999 -0.000732489678047 -0.0277142295636
72.162383253 -0.000731216391342 -0.0276901424982
72.225215106 -0.000729946420323 -0.0276660972273
72.2880469591 -0.000728679753485 -0.0276420936427
72.3508788122 -0.000727416379341 -0.0276181316368
72.4137106652 -0.000726156286522 -0.0275942111011
72.4765425183 -0.000724899463701 -0.0275703319281
72.5393743714 -0.000723645899521 -0.0275464940113
72.6022062245 -0.000722395582787 -0.0275226972434
72.6650380775 -0.000721148502269 -0.0274989415182
72.7278699306 -0.000719904646822 -0.0274752267299
72.7907017837 -0.000718664005329 -0.0274515527726
72.8535336367 -0.000717426566746 -0.0274279195411
72.9163654898 -0.000716192320044 -0.0274043269308
72.9791973429 -0.000714961254284 -0.0273807748366
73.042029196 -0.00071373335853 -0.0273572631547
73.104861049 -0.00071250862193 -0.0273337917811
73.1676929021 -0.000711287033642 -0.0273103606126
73.2305247552 -0.0007100685829 -0.0272869695457
73.2933566082 -0.000708853258969 -0.0272636184778
73.3561884613 -0.00070764105116 -0.0272403073065
73.4190203144 -0.000706431948847 -0.0272170359297
73.4818521675 -0.000705225941422 -0.0271938042458
73.5446840205 -0.00070402301834 -0.0271706121533
73.6075158736 -0.000702823169113 -0.0271474595509
73.6703477267 -0.000701626383246 -0.0271243463386
73.7331795798 -0.000700432650364 -0.0271012724152
73.7960114328 -0.000699241960065 -0.0270782376815
73.8588432859 -0.000698054302038 -0.0270552420373
73.921675139 -0.000696869666006 -0.0270322853833
73.984506992 -0.000695688041714 -0.0270093676206
74.0473388451 -0.000694509418967 -0.0269864886509
74.1101706982 -0.00069333378762 -0.0269636483754
74.1730025513 -0.000692161137567 -0.0269408466961
74.2358344043 -0.000690991458725 -0.0269180835156
74.2986662574 -0.000689824741073 -0.0268953587365
74.3614981105 -0.000688660974635 -0.0268726722618
74.4243299635 -0.000687500149478 -0.0268500239944
74.4871618166 -0.000686342255689 -0.0268274138386
74.5499936697 -0.000685187283405 -0.026804841698
74.6128255228 -0.00068403522283 -0.0267823074769
74.6756573758 -0.000682886064173 -0.0267598110799
74.7384892289 -0.000681739797699 -0.026737352412
74.801321082 -0.000680596413728 -0.0267149313784
74.864152935 -0.000679455902591 -0.0266925478849
74.9269847881 -0.000678318254695 -0.026670201837
74.9898166412 -0.000677183460452 -0.0266478931411
75.0526484943 -0.000676051510326 -0.0266256217038
75.1154803473 -0.000674922394859 -0.0266033874314
75.1783122004 -0.000673796104549 -0.0265811902317
75.2411440535 -0.000672672630019 -0.0265590300118
75.3039759065 -0.000671551961871 -0.0265369066795
75.3668077596 -0.000670434090809 -0.0265148201426
75.4296396127 -0.000669319007487 -0.0264927703098
75.4924714658 -0.000668206702664 -0.0264707570897
75.5553033188 -0.000667097167123 -0.0264487803914
75.6181351719 -0.00066599039169 -0.0264268401238
75.680967025 -0.000664886367216 -0.0264049361966
75.743798878 -0.000663785084611 -0.0263830685195
75.8066307311 -0.000662686534774 -0.0263612370031
75.8694625842 -0.000661590708686 -0.0263394415576
75.9322944373 -0.000660497597376 -0.0263176820935
75.9951262903 -0.000659407191866 -0.0262959585223
76.0579581434 -0.000658319483218 -0.0262742707554
76.1207899965 -0.00065723446259 -0.026252618704
76.1836218496 -0.000656152121123 -0.02623100228
76.2464537026 -0.000655072450015 -0.0262094213957
76.3092855557 -0.000653995440452 -0.026187875964
76.3721174088 -0.000652921083746 -0.0261663658971
76.4349492618 -0.00065184937116 -0.0261448911085
76.4977811149 -0.000650780294052 -0.0261234515113
76.560612968 -0.000649713843782 -0.0261020470192
76.6234448211 -0.000648650011741 -0.0260806775465
76.6862766741 -0.00064758878937 -0.0260593430069
76.7491085272 -0.000646530168188 -0.0260380433147
76.8119403803 -0.000645474139654 -0.0260167783852
76.8747722333 -0.000644420695325 -0.0259955481333
76.9376040864 -0.000643369826775 -0.0259743524743
77.0004359395 -0.00064232152566 -0.0259531913233
77.0632677926 -0.000641275783556 -0.0259320645971
77.1260996456 -0.000640232592207 -0.0259109722109
77.1889314987 -0.000639191943284 -0.0258899140817
77.2517633518 -0.000638153828549 -0.025868890126
77.3145952048 -0.000637118239781 -0.0258479002609
77.3774270579 -0.000636085168825 -0.0258269444031
77.440258911 -0.000635054607489 -0.0258060224707
77.5030907641 -0.00063402654767 -0.0257851343809
77.5659226171 -0.000633000981275 -0.0257642800524
77.6287544702 -0.000631977900268 -0.0257434594028
77.6915863233 -0.000630957296612 -0.025722672351
77.7544181763 -0.000629939162308 -0.0257019188158
77.8172500294 -0.000628923489417 -0.0256811987163
77.8800818825 -0.000627910270017 -0.0256605119714
77.9429137356 -0.000626899496202 -0.0256398585014
78.0057455886 -0.00062589116012 -0.0256192382256
78.0685774417 -0.000624885253932 -0.0255986510642
78.1314092948 -0.00062388176986 -0.0255780969375
78.1942411478 -0.000622880700111 -0.0255575757665
78.2570730009 -0.000621882036962 -0.0255370874719
78.319904854 -0.000620885772715 -0.0255166319744
78.3827367071 -0.000619891899687 -0.0254962091957
78.4455685601 -0.000618900410226 -0.0254758190576
78.5084004132 -0.000617911296733 -0.0254554614816
78.5712322663 -0.000616924551623 -0.0254351363901
78.6340641194 -0.000615940167329 -0.0254148437056
78.6968959724 -0.000614958136356 -0.0253945833502
78.7597278255 -0.000613978451201 -0.0253743552469
78.8225596786 -0.000613001104391 -0.0253541593192
78.8853915316 -0.000612026088496 -0.0253339954901
78.9482233847 -0.000611053396119 -0.0253138636834
79.0110552378 -0.00061008301988 -0.0252937638228
79.0738870909 -0.000609114952432 -0.0252736958325
79.1367189439 -0.000608149186471 -0.0252536596367
79.199550797 -0.000607185714701 -0.02523365516
79.2623826501 -0.000606224529878 -0.0252136823267
79.3252145031 -0.000605265624742 -0.0251937410629
79.3880463562 -0.00060430899212 -0.025173831293
79.4508782093 -0.000603354624837 -0.0251539529427
79.5137100624 -0.000602402515735 -0.025134105938
79.5765419154 -0.000601452657692 -0.0251142902049
79.6393737685 -0.000600505043655 -0.025094505669
79.7022056216 -0.000599559666526 -0.0250747522573
79.7650374746 -0.00059861651929 -0.0250550298966
79.8278693277 -0.000597675594941 -0.0250353385132
79.8907011808 -0.0005967368865 -0.0250156780346
79.9535330339 -0.00059580038702 -0.0249960483881
80.0163648869 -0.000594866089579 -0.0249764495012
80.07919674 -0.000593933987277 -0.0249568813018
80.1420285931 -0.000593004073233 -0.0249373437181
80.2048604461 -0.000592076340644 -0.0249178366778
80.2676922992 -0.00059115078264 -0.0248983601102
80.3305241523 -0.000590227392489 -0.0248789139431
80.3933560054 -0.000589306163394 -0.0248594981062
80.4561878584 -0.00058838708862 -0.0248401125282
80.5190197115 -0.000587470161473 -0.0248207571386
80.5818515646 -0.000586555375237 -0.0248014318673
80.6446834176 -0.000585642723299 -0.0247821366436
80.7075152707 -0.000584732199009 -0.0247628713975
80.7703471238 -0.00058382379574 -0.0247436360598
80.8331789769 -0.000582917506937 -0.0247244305607
80.8960108299 -0.000582013326033 -0.0247052548307
80.958842683 -0.000581111246521 -0.0246861088006
81.0216745361 -0.000580211261865 -0.0246669924018
81.0845063892 -0.000579313365598 -0.0246479055658
81.1473382422 -0.000578417551272 -0.0246288482235
81.2101700953 -0.000577523812463 -0.0246098203068
81.2730019484 -0.000576632142733 -0.0245908217485
81.3358338014 -0.000575742535744 -0.0245718524796
81.3986656545 -0.000574854985113 -0.0245529124331
81.4614975076 -0.00057396948453 -0.0245340015413
81.5243293607 -0.000573086027663 -0.0245151197374
81.5871612137 -0.000572204608264 -0.0244962669537
81.6499930668 -0.000571325220043 -0.024477443124
81.7128249199 -0.000570447856782 -0.0244586481816
81.7756567729 -0.000569572512263 -0.0244398820598
81.838488626 -0.000568699180297 -0.0244211446928
81.9013204791 -0.000567827854748 -0.0244024360141
81.9641523322 -0.000566958529454 -0.0243837559582
82.0269841852 -0.000566091198297 -0.0243651044597
82.0898160383 -0.000565225855175 -0.0243464814533
82.1526478914 -0.000564362494058 -0.024327886873
82.2154797444 -0.000563501108855 -0.0243093206549
82.2783115975 -0.000562641693581 -0.0242907827332
82.3411434506 -0.0005617842422 -0.0242722730442
82.4039753037 -0.00056092874878 -0.0242537915225
82.4668071567 -0.000560075207326 -0.0242353381047
82.5296390098 -0.000559223611899 -0.0242169127271
82.5924708629 -0.00055837395664 -0.0241985153246
82.6553027159 -0.000557526235615 -0.0241801458346
82.718134569 -0.00055668044299 -0.0241618041933
82.7809664221 -0.000555836572914 -0.0241434903375
82.8437982752 -0.000554994619549 -0.0241252042042
82.9066301282 -0.000554154577112 -0.0241069457307
82.9694619813 -0.000553316439826 -0.024088714854
83.0322938344 -0.000552480201933 -0.0240705115119
83.0951256875 -0.000551645857698 -0.0240523356421
83.1579575405 -0.000550813401418 -0.0240341871823
83.2207893936 -0.000549982827402 -0.0240160660707
83.2836212467 -0.000549154129985 -0.0239979722452
83.3464530997 -0.000548327303483 -0.0239799056453
83.4092849528 -0.000547502342335 -0.0239618662084
83.4721168059 -0.000546679240881 -0.0239438538741
83.534948659 -0.000545857993557 -0.0239258685813
83.597780512 -0.000545038594809 -0.023907910269
83.6606123651 -0.000544221039069 -0.0238899788768
83.7234442182 -0.000543405320867 -0.0238720743437
83.7862760712 -0.000542591434655 -0.0238541966099
83.8491079243 -0.000541779374948 -0.0238363456157
83.9119397774 -0.000540969136329 -0.0238185213002
83.9747716305 -0.000540160713317 -0.0238007236048
84.0376034835 -0.000539354100534 -0.0237829524689
84.1004353366 -0.000538549292542 -0.023765207834
84.1632671897 -0.000537746283981 -0.0237474896404
84.2260990427 -0.000536945069479 -0.0237297978293
84.2889308958 -0.000536145643728 -0.0237121323415
84.3517627489 -0.000535348001378 -0.023694493119
84.414594602 -0.000534552137156 -0.0236768801024
84.477426455 -0.00053375804575 -0.0236592932343
84.5402583081 -0.00053296572192 -0.023641732456
84.6030901612 -0.000532175160422 -0.02362419771
84.6659220142 -0.000531386356063 -0.0236066889374
84.7287538673 -0.000530599303597 -0.0235892060819
84.7915857204 -0.000529813997868 -0.0235717490853
84.8544175735 -0.000529030433704 -0.0235543178904
84.9172494265 -0.000528248605962 -0.0235369124401
84.9800812796 -0.000527468509501 -0.0235195326778
85.0429131327 -0.000526690139236 -0.0235021785464
85.1057449857 -0.000525913490077 -0.0234848499891
85.1685768388 -0.000525138556973 -0.0234675469494
85.2314086919 -0.000524365334826 -0.0234502693716
85.294240545 -0.000523593818635 -0.0234330171992
85.357072398 -0.000522824003386 -0.0234157903762
85.4199042511 -0.000522055884084 -0.0233985888468
85.4827361042 -0.000521289455746 -0.0233814125556
85.5455679573 -0.000520524713421 -0.0233642614469
85.6083998103 -0.000519761652156 -0.0233471354656
85.6712316634 -0.000519000267051 -0.0233300345562
85.7340635165 -0.000518240553191 -0.023312958664
85.7968953695 -0.000517482505673 -0.0232959077342
85.8597272226 -0.000516726119671 -0.0232788817118
85.9225590757 -0.000515971390284 -0.023261880543
85.9853909288 -0.000515218312703 -0.0232449041727
86.0482227818 -0.00051446688213 -0.023227952547
86.1110546349 -0.000513717093727 -0.0232110256123
86.173886488 -0.000512968942755 -0.023194123314
86.236718341 -0.000512222424433 -0.0231772455987
86.2995501941 -0.000511477534024 -0.0231603924127
86.3623820472 -0.000510734266777 -0.0231435637029
86.4252139003 -0.000509992617994 -0.0231267594161
86.4880457533 -0.000509252582973 -0.0231099794992
86.5508776064 -0.00050851415706 -0.0230932238988
86.6137094595 -0.000507777335582 -0.0230764925623
86.6765413125 -0.000507042113894 -0.0230597854372
86.7393731656 -0.000506308487372 -0.0230431024709
86.8022050187 -0.000505576451394 -0.0230264436114
86.8650368718 -0.000504846001387 -0.0230098088061
86.9278687248 -0.00050411713277 -0.0229931980031
86.9907005779 -0.000503389840954 -0.0229766111508
87.053532431 -0.000502664121454 -0.0229600481967
87.116364284 -0.000501939969684 -0.0229435090901
87.1791961371 -0.00050121738116 -0.0229269937792
87.2420279902 -0.000500496351379 -0.0229105022128
87.3048598433 -0.000499776875886 -0.0228940343393
87.3676916963 -0.000499058950171 -0.0228775901086
87.4305235494 -0.000498342569829 -0.0228611694692
87.4933554025 -0.000497627730407 -0.0228447723706
87.5561872555 -0.000496914427519 -0.022828398762
87.6190191086 -0.000496202656735 -0.0228120485932
87.6818509617 -0.000495492413682 -0.0227957218139
87.7446828148 -0.000494783693993 -0.0227794183742
87.8075146678 -0.00049407649332 -0.0227631382237
87.8703465209 -0.000493370807327 -0.0227468813126
87.933178374 -0.000492666631663 -0.0227306475921
87.9960102271 -0.000491963962081 -0.022714437011
88.0588420801 -0.000491262794227 -0.0226982495216
88.1216739332 -0.000490563123865 -0.0226820850736
88.1845057863 -0.000489864946722 -0.0226659436182
88.2473376393 -0.000489168258572 -0.022649825106
88.3101694924 -0.000488473055171 -0.0226337294885
88.3730013455 -0.000487779332305 -0.0226176567169
88.4358331986 -0.000487087085767 -0.0226016067428
88.4986650516 -0.000486396311365 -0.0225855795178
88.5614969047 -0.000485707004958 -0.0225695749934
88.6243287578 -0.000485019162356 -0.0225535931217
88.6871606108 -0.000484332779462 -0.0225376338538
88.7499924639 -0.000483647852114 -0.0225216971427
88.812824317 -0.000482964376209 -0.0225057829405
88.8756561701 -0.000482282347648 -0.0224898911996
88.9384880231 -0.000481601762365 -0.022474021872
89.0013198762 -0.000480922616285 -0.0224581749107
89.0641517293 -0.000480244905334 -0.0224423502688
89.1269835823 -0.000479568625488 -0.0224265478989
89.1898154354 -0.000478893772739 -0.0224107677536
89.2526472885 -0.000478220343042 -0.0223950097868
89.3154791416 -0.000477548332418 -0.0223792739516
89.3783109946 -0.000476877736897 -0.0223635602011
89.4411428477 -0.00047620855246 -0.0223478684898
89.5039747008 -0.000475540775218 -0.0223321987699
89.5668065538 -0.0004748744012 -0.0223165509962
89.6296384069 -0.000474209426459 -0.0223009251228
89.69247026 -0.000473545847101 -0.0222853211032
89.7553021131 -0.00047288365923 -0.022269738892
89.8181339661 -0.000472222858942 -0.0222541784436
89.8809658192 -0.000471563442395 -0.022238639712
89.9437976723 -0.000470905405687 -0.0222231226523
90.0066295253 -0.000470248744999 -0.022207627219
90.0694613784 -0.0004695934565 -0.022192153367
90.1322932315 -0.000468939536364 -0.022176701051
90.1951250846 -0.000468286980772 -0.0221612702267
90.2579569376 -0.000467635785966 -0.0221458608485
90.3207887907 -0.00046698594813 -0.0221304728724
90.3836206438 -0.00046633746351 -0.0221151062538
90.4464524969 -0.00046569032836 -0.022099760948
90.5092843499 -0.000465044538936 -0.0220844369107
90.572116203 -0.0004644000915 -0.0220691340983
90.6349480561 -0.000463756982341 -0.0220538524662
90.6977799091 -0.000463115207762 -0.0220385919708
90.7606117622 -0.000462474764092 -0.0220233525677
90.8234436153 -0.000461835647613 -0.0220081342142
90.8862754684 -0.0004611978547 -0.0219929368659
90.9491073214 -0.000460561381687 -0.0219777604796
91.0119391745 -0.000459926224924 -0.0219626050124
91.0747710276 -0.000459292380795 -0.0219474704207
91.1376028806 -0.000458659845699 -0.0219323566613
91.2004347337 -0.000458028616011 -0.0219172636917
91.2632665868 -0.000457398688165 -0.0219021914684
91.3260984399 -0.000456770058561 -0.0218871399497
91.3889302929 -0.000456142723653 -0.021872109092
91.451762146 -0.000455516679872 -0.0218570988534
91.5145939991 -0.000454891923715 -0.0218421091909
91.5774258521 -0.000454268451628 -0.0218271400628
91.6402577052 -0.000453646260095 -0.0218121914267
91.7030895583 -0.0004530253456 -0.021797263241
91.7659214114 -0.000452405704674 -0.0217823554634
91.8287532644 -0.000451787333831 -0.021767468052
91.8915851175 -0.000451170229599 -0.0217526009653
91.9544169706 -0.000450554388536 -0.0217377541617
92.0172488236 -0.000449939807177 -0.0217229275999
92.0800806767 -0.000449326482099 -0.0217081212384
92.1429125298 -0.000448714409889 -0.0216933350359
92.2057443829 -0.000448103587134 -0.0216785689511
92.2685762359 -0.000447494010417 -0.0216638229438
92.331408089 -0.000446885676372 -0.0216490969724
92.3942399421 -0.000446278581633 -0.0216343909961
92.4570717951 -0.000445672722814 -0.0216197049745
92.5199036482 -0.000445068096576 -0.021605038867
92.5827355013 -0.000444464699572 -0.021590392633
92.6455673544 -0.000443862528485 -0.0215757662322
92.7083992074 -0.000443261579986 -0.0215611596246
92.7712310605 -0.000442661850788 -0.0215465727694
92.8340629136 -0.000442063337561 -0.0215320056274
92.8968947667 -0.000441466037049 -0.0215174581583
92.9597266197 -0.000440869945959 -0.0215029303225
93.0225584728 -0.000440275061054 -0.0214884220798
93.0853903259 -0.000439681379067 -0.0214739333911
93.1482221789 -0.000439088896751 -0.0214594642169
93.211054032 -0.000438497610897 -0.0214450145173
93.2738858851 -0.000437907518264 -0.0214305842538
93.3367177382 -0.00043731861566 -0.0214161733867
93.3995495912 -0.000436730899877 -0.0214017818772
93.4623814443 -0.000436144367753 -0.0213874096859
93.5252132974 -0.000435559016069 -0.021373056775
93.5880451504 -0.000434974841695 -0.0213587231045
93.6508770035 -0.000434391841478 -0.0213444086362
93.7137088566 -0.000433810012249 -0.021330113332
93.7765407097 -0.00043322935091 -0.0213158371527
93.8393725627 -0.000432649854307 -0.0213015800606
93.9022044158 -0.000432071519335 -0.0212873420174
93.9650362689 -0.000431494342897 -0.0212731229848
94.0278681219 -0.000430918321917 -0.0212589229243
94.090699975 -0.000430343453279 -0.0212447417989
94.1535318281 -0.000429769733936 -0.0212305795702
94.2163636812 -0.000429197160813 -0.021216436201
94.2791955342 -0.000428625730874 -0.021202311653
94.3420273873 -0.000428055441095 -0.0211882058884
94.4048592404 -0.000427486288388 -0.0211741188713
94.4676910934 -0.000426918269779 -0.0211600505631
94.5305229465 -0.00042635138227 -0.0211460009263
94.5933547996 -0.000425785622806 -0.021131969925
94.6561866527 -0.000425220988444 -0.0211179575213
94.7190185057 -0.000424657476189 -0.0211039636785
94.7818503588 -0.000424095083054 -0.02108998836
94.8446822119 -0.000423533806113 -0.0210760315283
94.9075140649 -0.000422973642396 -0.0210620931474
94.970345918 -0.000422414588943 -0.0210481731809
95.0331777711 -0.000421856642846 -0.0210342715922
95.0960096242 -0.000421299801193 -0.0210203883443
95.1588414772 -0.000420744061049 -0.0210065234018
95.2216733303 -0.00042018941951 -0.0209926767283
95.2845051834 -0.000419635873707 -0.0209788482875
95.3473370365 -0.00041908342073 -0.0209650380436
95.4101688895 -0.000418532057715 -0.0209512459609
95.4730007426 -0.000417981781819 -0.0209374720029
95.5358325957 -0.000417432590139 -0.020923716135
95.5986644487 -0.000416884479875 -0.0209099783207
95.6614963018 -0.000416337448164 -0.020896258525
95.7243281549 -0.000415791492211 -0.0208825567119
95.787160008 -0.000415246609132 -0.0208688728474
95.849991861 -0.000414702796193 -0.0208552068944
95.9128237141 -0.000414160050542 -0.0208415588196
95.9756555672 -0.000413618369428 -0.0208279285865
96.0384874202 -0.000413077750033 -0.0208143161612
96.1013192733 -0.000412538189614 -0.0208007215081
96.1641511264 -0.000411999685395 -0.0207871445929
96.2269829795 -0.00041146223462 -0.0207735853807
96.2898148325 -0.00041092583452 -0.0207600438375
96.3526466856 -0.000410390482423 -0.0207465199276
96.4154785387 -0.000409856175539 -0.0207330136177
96.4783103917 -0.000409322911185 -0.0207195248729
96.5411422448 -0.000408790686638 -0.0207060536591
96.6039740979 -0.000408259499196 -0.0206925999423
96.666805951 -0.000407729346171 -0.0206791636887
96.729637804 -0.000407200224869 -0.0206657448637
96.7924696571 -0.000406672132639 -0.0206523434337
96.8553015102 -0.000406145066797 -0.0206389593649
96.9181333632 -0.000405619024678 -0.0206255926239
96.9809652163 -0.000405094003659 -0.0206122431767
97.0437970694 -0.000404570001072 -0.0205989109899
97.1066289225 -0.000404047014311 -0.02058559603
97.1694607755 -0.000403525040727 -0.0205722982641
97.2322926286 -0.00040300407773 -0.0205590176581
97.2951244817 -0.000402484122695 -0.0205457541795
97.3579563347 -0.000401965173039 -0.0205325077949
97.4207881878 -0.000401447226155 -0.0205192784714
97.4836200409 -0.000400930279482 -0.0205060661759
97.546451894 -0.000400414330428 -0.0204928708759
97.609283747 -0.000399899376438 -0.0204796925384
97.6721156001 -0.000399385414947 -0.0204665311309
97.7349474532 -0.000398872443406 -0.0204533866209
97.7977793063 -0.000398360459305 -0.0204402589752
97.8606111593 -0.000397849460069 -0.0204271481622
97.9234430124 -0.000397339443216 -0.0204140541489
97.9862748655 -0.000396830406189 -0.0204009769038
98.0491067185 -0.000396322346498 -0.0203879163944
98.1119385716 -0.000395815261645 -0.0203748725884
98.1747704247 -0.000395309149155 -0.0203618454535
98.2376022778 -0.000394804006523 -0.0203488349585
98.3004341308 -0.000394299831267 -0.0203358410714
98.3632659839 -0.000393796620935 -0.0203228637601
98.426097837 -0.000393294373055 -0.0203099029932
98.48892969 -0.000392793085196 -0.0202969587387
98.5517615431 -0.000392292754885 -0.0202840309658
98.6145933962 -0.00039179337969 -0.0202711196426
98.6774252493 -0.000391294957218 -0.0202582247374
98.7402571023 -0.000390797484995 -0.0202453462198
98.8030889554 -0.000390300960646 -0.0202324840578
98.8659208085 -0.000389805381757 -0.0202196382204
98.9287526615 -0.000389310745925 -0.0202068086768
98.9915845146 -0.000388817050749 -0.020193995396
99.0544163677 -0.00038832429384 -0.0201811983477
99.1172482208 -0.000387832472862 -0.0201684174997
99.1800800738 -0.000387341585434 -0.0201556528219
99.2429119269 -0.000386851629161 -0.0201429042843
99.30574378 -0.000386362601729 -0.0201301718555
99.368575633 -0.000385874500779 -0.0201174555051
99.4314074861 -0.000385387323955 -0.0201047552033
99.4942393392 -0.000384901068943 -0.0200920709194
99.5570711923 -0.000384415733436 -0.0200794026226
99.6199030453 -0.000383931315082 -0.0200667502835
99.6827348984 -0.000383447811585 -0.0200541138717
99.7455667515 -0.000382965220666 -0.0200414933569
99.8083986045 -0.000382483540017 -0.0200288887092
99.8712304576 -0.00038200276732 -0.0200162998994
99.9340623107 -0.000381522900347 -0.0200037268966
99.9968941638 -0.000381043936778 -0.019991169672
100.059726017 -0.000380565874382 -0.0199786281952
100.12255787 -0.000380088710881 -0.0199661024372
100.185389723 -0.000379612444045 -0.0199535923677
100.248221576 -0.000379137071584 -0.0199410979587
100.311053429 -0.000378662591316 -0.019928619179
100.373885282 -0.000378189000966 -0.0199161560007
100.436717135 -0.000377716298355 -0.0199037083936
100.499548988 -0.000377244481204 -0.0198912763297
100.562380841 -0.000376773547362 -0.0198788597789
100.625212694 -0.000376303494603 -0.0198664587123
100.688044548 -0.000375834320726 -0.0198540731014
100.750876401 -0.000375366023558 -0.0198417029172
100.813708254 -0.000374898600893 -0.0198293481308
100.876540107 -0.000374432050563 -0.0198170087138
100.93937196 -0.000373966370415 -0.0198046846369
101.002203813 -0.00037350155826 -0.0197923758724
101.065035666 -0.000373037611975 -0.0197800823909
101.127867519 -0.000372574529389 -0.0197678041646
101.190699372 -0.000372112308366 -0.0197555411647
101.253531225 -0.000371650946768 -0.0197432933634
101.316363078 -0.000371190442477 -0.0197310607319
101.379194931 -0.000370730793357 -0.0197188432424
101.442026784 -0.000370271997297 -0.0197066408667
101.504858637 -0.000369814052181 -0.0196944535771
101.567690491 -0.000369356955933 -0.019682281345
101.630522344 -0.000368900706415 -0.0196701241435
101.693354197 -0.000368445301579 -0.0196579819437
101.75618605 -0.000367990739315 -0.0196458547186
101.819017903 -0.00036753701755 -0.0196337424402
101.881849756 -0.000367084134213 -0.0196216450812
101.944681609 -0.00036663208725 -0.0196095626139
102.007513462 -0.000366180874612 -0.0195974950101
102.070345315 -0.000365730494209 -0.019585442244
102.133177168 -0.000365280944051 -0.0195734042864
102.196009021 -0.000364832222035 -0.0195613811119
102.258840874 -0.000364384326192 -0.0195493726917
102.321672727 -0.000363937254456 -0.0195373789996
102.38450458 -0.000363491004807 -0.0195254000085
102.447336434 -0.000363045575235 -0.0195134356913
102.510168287 -0.000362600963758 -0.0195014860203
102.57300014 -0.000362157168323 -0.0194895509703
102.635831993 -0.000361714186994 -0.0194776305129
102.698663846 -0.000361272017741 -0.019465724622
102.761495699 -0.000360830658605 -0.0194538332707
102.824327552 -0.000360390107602 -0.0194419564324
102.887159405 -0.000359950362724 -0.0194300940816
102.949991258 -0.000359511422047 -0.0194182461905
103.012823111 -0.000359073283622 -0.0194064127329
103.075654964 -0.000358635945464 -0.0193945936828
103.138486817 -0.000358199405639 -0.0193827890138
103.20131867 -0.000357763662204 -0.0193709986999
103.264150523 -0.00035732871322 -0.0193592227147
103.326982377 -0.00035689455675 -0.0193474610321
103.38981423 -0.000356461190909 -0.0193357136257
103.452646083 -0.000356028613734 -0.0193239804704
103.515477936 -0.000355596823308 -0.0193122615402
103.578309789 -0.000355165817783 -0.0193005568081
103.641141642 -0.0003547355952 -0.0192888662496
103.703973495 -0.000354306153691 -0.0192771898384
103.766805348 -0.000353877491354 -0.0192655275492
103.829637201 -0.000353449606319 -0.019253879356
103.892469054 -0.00035302249671 -0.019242245233
103.955300907 -0.000352596160636 -0.0192306251556
104.01813276 -0.000352170596253 -0.0192190190977
104.080964613 -0.000351745801669 -0.0192074270346
104.143796467 -0.000351321775075 -0.0191958489402
104.20662832 -0.000350898514568 -0.0191842847902
104.269460173 -0.000350476018359 -0.0191727345581
104.332292026 -0.000350054284556 -0.0191611982206
104.395123879 -0.000349633311359 -0.0191496757513
104.457955732 -0.00034921309693 -0.0191381671257
104.520787585 -0.000348793639458 -0.0191266723185
104.583619438 -0.000348374937105 -0.0191151913056
104.646451291 -0.000347956988093 -0.0191037240612
104.709283144 -0.000347539790593 -0.019092270561
104.772114997 -0.000347123342793 -0.0190808307808
104.83494685 -0.000346707642909 -0.0190694046957
104.897778703 -0.000346292689187 -0.0190579922805
104.960610556 -0.000345878479784 -0.0190465935116
105.02344241 -0.000345465012962 -0.0190352083639
105.086274263 -0.000345052286929 -0.0190238368133
105.149106116 -0.000344640299928 -0.0190124788353
105.211937969 -0.000344229050189 -0.0190011344058
105.274769822 -0.000343818535941 -0.0189898035008
105.337601675 -0.000343408755453 -0.0189784860958
105.400433528 -0.000342999706981 -0.0189671821663
105.463265381 -0.000342591388773 -0.018955891689
105.526097234 -0.000342183799076 -0.0189446146398
105.588929087 -0.000341776936183 -0.0189333509945
105.65176094 -0.000341370798348 -0.0189221007295
105.714592793 -0.000340965383886 -0.0189108638201
105.777424646 -0.000340560691027 -0.018899640244
105.840256499 -0.000340156718098 -0.0188884299765
105.903088353 -0.000339753463371 -0.0188772329944
105.965920206 -0.00033935092518 -0.0188660492734
106.028752059 -0.000338949101779 -0.0188548787909
106.091583912 -0.000338547991511 -0.018843721523
106.154415765 -0.00033814759269 -0.0188325774458
106.217247618 -0.000337747903625 -0.0188214465367
106.280079471 -0.000337348922632 -0.0188103287721
106.342911324 -0.000336950648059 -0.0187992241286
106.405743177 -0.000336553078221 -0.0187881325832
106.46857503 -0.000336156211482 -0.0187770541124
106.531406883 -0.000335760046142 -0.0187659886938
106.594238736 -0.000335364580578 -0.0187549363039
106.657070589 -0.000334969813159 -0.0187438969194
106.719902442 -0.000334575742221 -0.0187328705179
106.782734296 -0.000334182366119 -0.0187218570764
106.845566149 -0.000333789683246 -0.0187108565718
106.908398002 -0.00033339769197 -0.0186998689813
106.971229855 -0.000333006390642 -0.018688894283
107.034061708 -0.000332615777669 -0.0186779324532
107.096893561 -0.000332225851425 -0.0186669834699
107.159725414 -0.000331836610322 -0.0186560473099
107.222557267 -0.000331448052721 -0.0186451239519
107.28538912 -0.000331060177054 -0.0186342133725
107.348220973 -0.000330672981716 -0.0186233155492
107.411052826 -0.000330286465111 -0.0186124304602
107.473884679 -0.000329900625668 -0.0186015580829
107.536716532 -0.000329515461789 -0.018590698395
107.599548385 -0.000329130971917 -0.0185798513743
107.662380239 -0.000328747154464 -0.0185690169991
107.725212092 -0.000328364007865 -0.0185581952471
107.788043945 -0.000327981530562 -0.018547386096
107.850875798 -0.00032759972101 -0.0185365895237
107.913707651 -0.000327218577641 -0.0185258055087
107.976539504 -0.000326838098907 -0.0185150340288
108.039371357 -0.000326458283269 -0.0185042750625
108.10220321 -0.000326079129185 -0.0184935285876
108.165035063 -0.000325700635103 -0.018482794583
108.227866916 -0.000325322799525 -0.0184720730263
108.290698769 -0.000324945620903 -0.0184613638965
108.353530622 -0.000324569097727 -0.0184506671711
108.416362475 -0.000324193228474 -0.0184399828294
108.479194328 -0.000323818011617 -0.0184293108499
108.542026182 -0.000323443445678 -0.0184186512104
108.604858035 -0.000323069529122 -0.0184080038907
108.667689888 -0.00032269626047 -0.0183973688684
108.730521741 -0.000322323638218 -0.0183867461227
108.793353594 -0.000321951660867 -0.0183761356323
108.856185447 -0.000321580326938 -0.0183655373763
108.9190173 -0.000321209634963 -0.0183549513326
108.981849153 -0.000320839583431 -0.0183443774814
109.044681006 -0.000320470170884 -0.018333815801
109.107512859 -0.000320101395877 -0.0183232662701
109.170344712 -0.000319733256887 -0.0183127288687
109.233176565 -0.000319365752526 -0.0183022035741
109.296008418 -0.000318998881267 -0.0182916903677
109.358840271 -0.000318632641688 -0.0182811892274
109.421672125 -0.000318267032356 -0.0182707001325
109.484503978 -0.000317902051789 -0.0182602230629
109.547335831 -0.000317537698577 -0.0182497579972
109.610167684 -0.000317173971264 -0.0182393049154
109.672999537 -0.000316810868418 -0.0182288637966
109.73583139 -0.000316448388636 -0.0182184346202
109.798663243 -0.000316086530471 -0.0182080173659
109.861495096 -0.000315725292517 -0.018197612013
109.924326949 -0.000315364673328 -0.0181872185417
109.987158802 -0.000315004671528 -0.0181768369312
110.049990655 -0.000314645285676 -0.0181664671617
110.112822508 -0.000314286514401 -0.0181561092122
110.175654361 -0.000313928356274 -0.0181457630632
110.238486214 -0.000313570809925 -0.018135428694
110.301318068 -0.000313213873937 -0.0181251060851
110.364149921 -0.000312857546933 -0.0181147952159
110.426981774 -0.000312501827531 -0.0181044960667
110.489813627 -0.000312146714353 -0.0180942086174
110.55264548 -0.000311792206009 -0.0180839328484
110.615477333 -0.000311438301146 -0.018073668739
110.678309186 -0.000311084998368 -0.0180634162706
110.741141039 -0.000310732296341 -0.0180531754223
110.803972892 -0.000310380193699 -0.0180429461748
110.866804745 -0.000310028689058 -0.0180327285088
110.929636598 -0.000309677781077 -0.0180225224041
110.992468451 -0.00030932746843 -0.0180123278412
111.055300304 -0.00030897774974 -0.0180021448007
111.118132157 -0.000308628623686 -0.0179919732632
111.180964011 -0.000308280088925 -0.0179818132085
111.243795864 -0.000307932144118 -0.017971664618
111.306627717 -0.000307584787941 -0.017961527472
111.36945957 -0.000307238019053 -0.0179514017512
111.432291423 -0.000306891836146 -0.0179412874362
111.495123276 -0.000306546237908 -0.0179311845077
111.557955129 -0.000306201222998 -0.0179210929468
111.620786982 -0.000305856790116 -0.0179110127343
111.683618835 -0.000305512937964 -0.0179009438506
111.746450688 -0.000305169665218 -0.0178908862773
111.809282541 -0.000304826970599 -0.0178808399946
111.872114394 -0.000304484852788 -0.0178708049842
111.934946247 -0.000304143310511 -0.0178607812268
111.9977781 -0.000303802342468 -0.0178507687033
112.060609954 -0.00030346194738 -0.0178407673951
112.123441807 -0.000303122123942 -0.0178307772837
112.18627366 -0.000302782870907 -0.0178207983497
112.249105513 -0.000302444186978 -0.0178108305747
112.311937366 -0.000302106070895 -0.0178008739398
112.374769219 -0.000301768521371 -0.0177909284265
112.437601072 -0.000301431537176 -0.0177809940159
112.500432925 -0.000301095116993 -0.0177710706903
112.563264778 -0.000300759259623 -0.0177611584301
112.626096631 -0.000300423963773 -0.0177512572174
112.688928484 -0.000300089228206 -0.0177413670335
112.751760337 -0.000299755051682 -0.0177314878599
112.81459219 -0.000299421432952 -0.0177216196785
112.877424043 -0.000299088370748 -0.0177117624714
112.940255897 -0.000298755863867 -0.0177019162194
113.00308775 -0.000298423911079 -0.0176920809045
113.065919603 -0.000298092511125 -0.017682256509
113.128751456 -0.000297761662808 -0.0176724430138
113.191583309 -0.000297431364869 -0.0176626404021
113.254415162 -0.00029710161613 -0.0176528486546
113.317247015 -0.00029677241535 -0.0176430677537
113.380078868 -0.000296443761322 -0.0176332976813
113.442910721 -0.000296115652824 -0.0176235384198
113.505742574 -0.00029578808867 -0.0176137899507
113.568574427 -0.000295461067631 -0.017604052257
113.63140628 -0.000295134588531 -0.0175943253199
113.694238133 -0.000294808650162 -0.017584609122
113.757069986 -0.00029448325133 -0.0175749036457
113.81990184 -0.000294158390851 -0.0175652088729
113.882733693 -0.000293834067541 -0.017555524786
113.945565546 -0.00029351028021 -0.0175458513675
114.008397399 -0.000293187027685 -0.0175361885996
114.071229252 -0.000292864308771 -0.017526536465
114.134061105 -0.000292542122309 -0.017516894946
114.196892958 -0.000292220467128 -0.0175072640253
114.259724811 -0.000291899342055 -0.0174976436852
114.322556664 -0.000291578745938 -0.0174880339079
114.385388517 -0.000291258677601 -0.0174784346769
114.44822037 -0.000290939135895 -0.0174688459742
114.511052223 -0.000290620119664 -0.0174592677828
114.573884076 -0.000290301627757 -0.0174497000853
114.636715929 -0.000289983659031 -0.0174401428644
114.699547783 -0.000289666212315 -0.0174305961035
114.762379636 -0.000289349286513 -0.0174210597843
114.825211489 -0.00028903288044 -0.0174115338907
114.888043342 -0.000288716992992 -0.0174020184053
114.950875195 -0.000288401623024 -0.0173925133106
115.013707048 -0.000288086769406 -0.0173830185905
115.076538901 -0.000287772431018 -0.0173735342272
115.139370754 -0.000287458606725 -0.0173640602043
115.202202607 -0.000287145295429 -0.0173545965045
115.26503446 -0.000286832495984 -0.0173451431114
115.327866313 -0.000286520207278 -0.0173357000081
115.390698166 -0.000286208428219 -0.0173262671776
115.453530019 -0.0002858971577 -0.0173168446029
115.516361872 -0.000285586394598 -0.0173074322677
115.579193726 -0.000285276137825 -0.0172980301555
115.642025579 -0.000284966386286 -0.0172886382488
115.704857432 -0.000284657138854 -0.0172792565321
115.767689285 -0.000284348394474 -0.0172698849881
115.830521138 -0.000284040152029 -0.0172605236003
115.893352991 -0.000283732410447 -0.0172511723528
115.956184844 -0.000283425168639 -0.0172418312284
116.019016697 -0.00028311842553 -0.0172325002108
116.08184855 -0.000282812180019 -0.0172231792843
116.144680403 -0.000282506431049 -0.017213868432
116.207512256 -0.000282201177554 -0.0172045676374
116.270344109 -0.000281896418437 -0.0171952768847
116.333175962 -0.00028159215267 -0.017185996157
116.396007816 -0.000281288379152 -0.0171767254389
116.458839669 -0.000280985096858 -0.0171674647134
116.521671522 -0.000280682304679 -0.0171582139652
116.584503375 -0.000280380001612 -0.0171489731775
116.647335228 -0.000280078186575 -0.0171397423345
116.710167081 -0.00027977685852 -0.0171305214204
116.772998934 -0.000279476016412 -0.0171213104188
116.835830787 -0.000279175659199 -0.0171121093139
116.89866264 -0.000278875785845 -0.0171029180896
116.961494493 -0.000278576395297 -0.0170937367304
117.024326346 -0.00027827748654 -0.0170845652197
117.087158199 -0.000277979058525 -0.0170754035426
117.149990052 -0.000277681110236 -0.0170662516825
117.212821905 -0.000277383640627 -0.017057109624
117.275653759 -0.000277086648692 -0.0170479773516
117.338485612 -0.000276790133391 -0.0170388548492
117.401317465 -0.000276494093722 -0.0170297421012
117.464149318 -0.000276198528665 -0.0170206390918
117.526981171 -0.000275903437183 -0.0170115458062
117.589813024 -0.000275608818292 -0.0170024622282
117.652644877 -0.000275314670981 -0.0169933883422
117.71547673 -0.000275020994225 -0.0169843241331
117.778308583 -0.000274727787054 -0.0169752695846
117.841140436 -0.000274435048432 -0.0169662246824
117.903972289 -0.000274142777388 -0.0169571894102
117.966804142 -0.00027385097292 -0.016948163753
118.029635995 -0.000273559634024 -0.0169391476955
118.092467848 -0.000273268759724 -0.0169301412223
118.155299702 -0.000272978349012 -0.0169211443185
118.218131555 -0.000272688400929 -0.0169121569683
118.280963408 -0.000272398914488 -0.0169031791566
118.343795261 -0.00027210988869 -0.0168942108689
118.406627114 -0.000271821322591 -0.0168852520888
118.469458967 -0.000271533215183 -0.0168763028024
118.53229082 -0.000271245565519 -0.0168673629939
118.595122673 -0.000270958372618 -0.0168584326488
118.657954526 -0.000270671635511 -0.0168495117516
118.720786379 -0.000270385353253 -0.0168406002872
118.783618232 -0.000270099524861 -0.0168316982413
118.846450085 -0.000269814149384 -0.0168228055987
118.909281938 -0.000269529225866 -0.0168139223442
118.972113791 -0.000269244753359 -0.0168050484633
119.034945645 -0.000268960730908 -0.016796183941
119.097777498 -0.000268677157557 -0.0167873287626
119.160609351 -0.000268394032362 -0.0167784829135
119.223441204 -0.000268111354395 -0.0167696463786
119.286273057 -0.000267829122688 -0.0167608191436
119.34910491 -0.000267547336336 -0.0167520011933
119.411936763 -0.000267265994379 -0.0167431925132
119.474768616 -0.00026698509587 -0.0167343930895
119.537600469 -0.000266704639922 -0.0167256029065
119.600432322 -0.000266424625552 -0.0167168219508
119.663264175 -0.000266145051879 -0.0167080502065
119.726096028 -0.000265865917953 -0.0166992876602
119.788927881 -0.000265587222851 -0.0166905342974
119.851759734 -0.000265308965677 -0.016681790103
119.914591588 -0.000265031145504 -0.0166730550629
119.977423441 -0.000264753761408 -0.0166643291629
120.040255294 -0.00026447681248 -0.0166556123887
120.103087147 -0.000264200297825 -0.0166469047257
120.165919 -0.000263924216512 -0.01663820616
120.228750853 -0.000263648567655 -0.0166295166771
120.291582706 -0.000263373350338 -0.0166208362631
120.354414559 -0.000263098563649 -0.0166121649035
120.417246412 -0.000262824206745 -0.0166035025839
120.480078265 -0.00026255027868 -0.0165948492903
120.542910118 -0.000262276778568 -0.0165862050092
120.605741971 -0.000262003705539 -0.0165775697259
120.668573824 -0.000261731058674 -0.0165689434266
120.731405677 -0.000261458837106 -0.0165603260976
120.794237531 -0.000261187039947 -0.0165517177245
120.857069384 -0.000260915666326 -0.0165431182933
120.919901237 -0.000260644715341 -0.0165345277905
120.98273309 -0.000260374186146 -0.0165259462016
121.045564943 -0.000260104077835 -0.0165173735132
121.108396796 -0.000259834389546 -0.0165088097113
121.171228649 -0.000259565120428 -0.0165002547818
121.234060502 -0.000259296269566 -0.0164917087121
121.296892355 -0.000259027836149 -0.016483171487
121.359724208 -0.000258759819281 -0.0164746430936
121.422556061 -0.000258492218115 -0.0164661235178
121.485387914 -0.000258225031787 -0.016457612746
121.548219767 -0.000257958259433 -0.0164491107649
121.61105162 -0.000257691900203 -0.0164406175607
121.673883474 -0.000257425953243 -0.0164321331199
121.736715327 -0.00025716041771 -0.0164236574288
121.79954718 -0.000256895292753 -0.0164151904739
121.862379033 -0.000256630577511 -0.0164067322419
121.925210886 -0.00025636627117 -0.0163982827189
121.988042739 -0.000256102372869 -0.0163898418917
122.050874592 -0.000255838881774 -0.016381409747
122.113706445 -0.000255575797041 -0.0163729862712
122.176538298 -0.000255313117842 -0.0163645714512
122.239370151 -0.000255050843341 -0.0163561652736
122.302202004 -0.000254788972708 -0.0163477677248
122.365033857 -0.000254527505107 -0.0163393787922
122.42786571 -0.000254266439724 -0.0163309984619
122.490697563 -0.000254005775732 -0.0163226267207
122.553529417 -0.000253745512306 -0.0163142635557
122.61636127 -0.00025348564862 -0.0163059089538
122.679193123 -0.000253226183863 -0.0162975629015
122.742024976 -0.000252967117221 -0.016289225386
122.804856829 -0.000252708447889 -0.0162808963936
122.867688682 -0.000252450175032 -0.0162725759122
122.930520535 -0.00025219229784 -0.0162642639283
122.993352388 -0.000251934815525 -0.0162559604289
123.056184241 -0.000251677727273 -0.016247665401
123.119016094 -0.000251421032289 -0.0162393788314
123.181847947 -0.000251164729747 -0.0162311007079
123.2446798 -0.000250908818877 -0.0162228310166
123.307511653 -0.000250653298858 -0.0162145697454
123.370343506 -0.000250398168899 -0.0162063168814
123.43317536 -0.000250143428226 -0.0161980724112
123.496007213 -0.000249889076034 -0.0161898363224
123.558839066 -0.000249635111529 -0.0161816086024
123.621670919 -0.000249381533926 -0.0161733892381
123.684502772 -0.000249128342446 -0.016165178217
123.747334625 -0.000248875536286 -0.0161569755268
123.810166478 -0.00024862311469 -0.0161487811539
123.872998331 -0.000248371076869 -0.0161405950863
123.935830184 -0.000248119422044 -0.0161324173113
123.998662037 -0.000247868149438 -0.0161242478161
124.06149389 -0.000247617258288 -0.0161160865881
124.124325743 -0.000247366747803 -0.0161079336153
124.187157596 -0.000247116617228 -0.0160997888846
124.249989449 -0.000246866865794 -0.0160916523839
124.312821303 -0.000246617492737 -0.0160835241004
124.375653156 -0.000246368497282 -0.0160754040219
124.438485009 -0.000246119878678 -0.0160672921359
124.501316862 -0.000245871636166 -0.01605918843
124.564148715 -0.00024562376897 -0.016051092892
124.626980568 -0.000245376276354 -0.0160430055094
124.689812421 -0.000245129157556 -0.0160349262699
124.752644274 -0.000244882411823 -0.0160268551612
124.815476127 -0.000244636038412 -0.016018792171
124.87830798 -0.000244390036569 -0.0160107372871
124.941139833 -0.000244144405534 -0.0160026904976
125.003971686 -0.000243899144594 -0.0159946517895
125.066803539 -0.000243654252975 -0.0159866211517
125.129635392 -0.000243409729946 -0.0159785985712
125.192467246 -0.000243165574767 -0.0159705840366
125.255299099 -0.000242921786718 -0.0159625775347
125.318130952 -0.000242678365037 -0.0159545790548
125.380962805 -0.000242435309005 -0.0159465885838
125.443794658 -0.000242192617899 -0.0159386061099
125.506626511 -0.000241950290961 -0.0159306316217
125.569458364 -0.000241708327491 -0.0159226651064
125.632290217 -0.000241466726743 -0.0159147065528
