# Status file for ctqmc. Used to save all times t_s, t_e.
2
35
1.018612023166948 1.910504588402442 0 0
2.723283903324161 3.225796605122919 0 0
5.5695819392338 6.65776127757505 0 0
7.459210808109729 8.319809719551483 0 0
13.0414777370859 14.35790954086873 0 0
15.2268969611882 17.08840380439825 0 0
17.32892740672361 17.36492290955768 0 0
17.66737667657028 18.91357469094717 0 0
19.34638332157644 19.36960754098503 0 0
20.18671343018252 20.98106688031991 0 0
21.13497156864821 22.00471084252792 0 0
22.00611761678174 22.70729580883152 0 0
22.92201935032266 23.04533314253026 0 0
32.00077911254125 32.79015176391665 0 0
32.87335762475431 33.07858936510402 0 0
33.3553910537479 34.09951563118112 0 0
34.22386263723966 34.57739746079184 0 0
35.68907514990796 37.5403381719754 0 0
37.54165665485161 37.70892915167676 0 0
38.29786264054121 38.60359938381779 0 0
39.63567791617493 40.05671013348761 0 0
41.43456007833068 41.77965660607092 0 0
41.89678803963702 42.02747240425382 0 0
43.73768721188885 43.83766224517272 0 0
52.5804440587871 52.63884048717684 0 0
53.59647709500033 53.71958454943587 0 0
54.08495971452408 54.10280008956551 0 0
54.72903661003426 55.04492606697038 0 0
55.4804490656195 55.57597606360426 0 0
55.66913920646962 55.9861664630701 0 0
56.57784490280312 56.81837257590953 0 0
64.13494174958252 64.24888279420267 0 0
68.21066174647231 68.28487931837417 0 0
93.27836083696583 93.47124944707978 0 0
95.64671019162671 95.661458391773 0 0
23
22.02237811007943 0.2811065425131765 0 0
24.24384318760809 22.19051610000685 0 0
24.75460887472349 24.66303004997591 0 0
26.18327102928575 25.26851591738149 0 0
29.29596983732705 26.19428355058711 0 0
31.63148463605107 29.40387889728063 0 0
33.47790023409864 32.94212124150634 0 0
33.74093293606926 33.68683219830264 0 0
37.80784545625409 33.83499283690253 0 0
38.41621061675256 37.91553251056519 0 0
76.30310928802865 38.46970877776106 0 0
76.84784369997848 76.49455510352676 0 0
77.87277909573801 77.16700716661178 0 0
79.21153458389354 78.30707907383542 0 0
90.91553019690993 79.91927531091153 0 0
93.58312537098875 93.52023354022617 0 0
96.55172571629859 94.12827612471744 0 0
97.26753822521988 96.70968384532075 0 0
97.65451534097056 97.35871256770967 0 0
97.68863699706874 97.66890244954313 0 0
99.10197951576082 98.78360095041842 0 0
99.53784086558888 99.47228492230127 0 0
99.98071379100675 99.63778359387298 0 0
