# Status file for ctqmc. Used to save all times t_s, t_e.
2
36
2.690990093652513 3.081853077464207 0 0
3.491406986259318 4.504630327266686 0 0
6.321601295327417 6.476544927695865 0 0
6.881546918344134 6.993713368736793 0 0
7.085253522075169 7.311552113619096 0 0
7.48146867934132 7.487937351028442 0 0
7.996116643404713 8.006161481457072 0 0
8.057332389697118 8.878926855131889 0 0
9.136499620234892 9.191677663950754 0 0
9.589159617234344 9.707962911302232 0 0
11.86183981660309 12.03536416132732 0 0
12.88646585141211 13.23038862338306 0 0
13.34836772286924 15.10945623506575 0 0
16.45616279119876 17.00465800034222 0 0
17.03236079975371 17.6992757610325 0 0
18.76084938260716 19.9544044285994 0 0
23.22635010609732 23.7910121871578 0 0
25.31322173409168 26.68053501523312 0 0
30.2236367198725 30.3518876441722 0 0
30.35927965736259 30.60238404219908 0 0
44.94977493570151 45.52706277361956 0 0
66.80917922589094 67.12390592409031 0 0
67.94110278716749 68.34769415332032 0 0
68.4728481175116 68.67457309933046 0 0
69.18652215714391 69.19078280747665 0 0
69.49921411121488 69.59016726045127 0 0
74.72351203612851 74.77919618560141 0 0
83.14041876686875 83.34083850598265 0 0
84.10021040751779 84.14551594077042 0 0
86.96191423302042 87.72313500908135 0 0
87.76433337213298 88.31849629778281 0 0
89.90393557625794 90.70196157094593 0 0
94.76087278639295 94.87383748600095 0 0
94.89793408164583 95.91210547456002 0 0
96.21231758734783 96.91747408881871 0 0
96.9606272965562 97.58246151915257 0 0
25
9.176560304427582 9.527499412233359 0 0
11.5957362421564 11.683771547076 0 0
12.33436617758528 13.08152278011405 0 0
13.56567459064947 15.62771564918735 0 0
21.75511615599569 22.84880748609441 0 0
31.93210986212488 32.00167516199686 0 0
33.73454556768059 34.12741222356713 0 0
35.16336075192299 36.14403340784789 0 0
36.21843647306476 37.17257030963564 0 0
37.20253557774304 37.57895611371875 0 0
38.07676222315229 38.38093553760758 0 0
40.09427046921524 40.12075793980826 0 0
40.53783632383923 40.76144661501492 0 0
49.65931484404329 50.40212267416794 0 0
51.18654749459471 51.38422716536493 0 0
51.45702308987575 51.77477316001413 0 0
53.50965510744551 53.62409768253673 0 0
58.04032358032738 58.54323236332681 0 0
62.01206990977271 62.15914338800243 0 0
62.64543846550417 62.77630380690266 0 0
87.86642512645071 89.28217966941651 0 0
90.62715684255151 92.14110872300299 0 0
92.53217460596029 93.09847613336558 0 0
96.44229303261066 96.88636477990971 0 0
98.27474717462937 98.85228245244005 0 0
