# Status file for ctqmc. Used to save all times t_s, t_e.
2
29
16.70682083838381 16.92974876291966 0 0
21.59805983803747 22.28081272574666 0 0
24.14462551550121 25.42719468867332 0 0
32.636247597028 32.66261372012783 0 0
34.35710433392972 34.95016465102182 0 0
37.10194045839366 37.19031976921077 0 0
38.43748566572106 38.70461684453587 0 0
41.86626886322622 43.12003205797409 0 0
43.52386315366485 43.71088175549163 0 0
48.37069367616859 50.09927175279023 0 0
50.2243717001162 50.96452970761823 0 0
51.79802016680936 52.19076426929458 0 0
54.33719662631995 54.51398641548836 0 0
54.63898975263391 54.71601105799149 0 0
57.00480558243948 57.24533624968504 0 0
57.32151485108509 58.65122350986042 0 0
61.27157873128049 61.30926254174754 0 0
61.39149719952133 61.5941000078731 0 0
68.89927849870617 69.37719085083928 0 0
79.4390080315542 80.48949483658663 0 0
80.5803202550097 80.76462294926104 0 0
81.37293210924047 82.46321368354147 0 0
84.15665937312852 84.35448925715821 0 0
84.53099100880945 84.8277447566511 0 0
84.9994123851049 85.00919196324672 0 0
88.83168099170663 89.26558116463239 0 0
92.18955079855152 93.59724079643826 0 0
97.17293758727487 97.42416463556508 0 0
97.43770983633878 98.49402460852089 0 0
22
6.827104866290782 7.262652768963707 0 0
8.275365796117226 8.292548433313149 0 0
8.622407950674859 9.092155144094162 0 0
18.13217905448042 18.60023137278697 0 0
18.96240260237726 19.30003208947426 0 0
20.0649897491113 22.2719655089126 0 0
26.96802521070963 28.96083074752458 0 0
51.31726864111202 51.32974703904543 0 0
51.49257074920132 52.21040426906207 0 0
68.56765464395548 69.28564964313449 0 0
69.47221154596866 69.52519400453107 0 0
70.16371229618959 70.58515855084588 0 0
70.66047447878844 70.86375683392933 0 0
71.05062333820011 72.01245389769478 0 0
72.37234573876735 72.90670340549659 0 0
73.55314617715455 74.71330674685206 0 0
75.81764930412662 76.29381519950414 0 0
77.28620727385432 77.75003219327438 0 0
78.18013114551636 78.87704987688333 0 0
81.09753200444553 81.3453541081108 0 0
81.55212262086486 81.7311570172493 0 0
83.06967062240824 83.24551429069821 0 0
