# Status file for ctqmc. Used to save all times t_s, t_e.
2
21
6.763946756268874 6.768495696808037 0 0
7.33656531218003 8.179642808046264 0 0
8.686234467280839 8.843927551770067 0 0
10.54602344495739 10.73744183381646 0 0
11.81966648320056 12.92577577679833 0 0
21.96635187083454 23.06418353392362 0 0
24.62973800850025 25.27285266521548 0 0
25.6417377019515 25.89729249631078 0 0
30.64434006462465 30.88030120101542 0 0
31.66908328858862 32.7021229289216 0 0
32.78038045160486 32.88461644713703 0 0
33.2374194449313 33.55153614517816 0 0
39.25991042933376 39.57946031430091 0 0
39.97328968983147 39.98605450167434 0 0
48.50605801707538 48.69230810802621 0 0
50.99850417291256 51.54811635980936 0 0
52.22933188415198 52.65207272870156 0 0
52.76151878058607 53.02232317156512 0 0
77.13207129370885 77.50175593251163 0 0
80.04395227931377 80.32994939818649 0 0
81.74724712111659 82.35256057850557 0 0
34
2.120458925873121 0.9705354410192086 0 0
3.845360174650797 2.78068270481421 0 0
5.45171536848623 4.027353640884176 0 0
9.61003903925257 7.202441328797269 0 0
12.01775391933042 9.632389132366425 0 0
12.52472844612621 12.47497891089321 0 0
15.12123166295155 14.3612858780357 0 0
15.46369060685994 15.41133251951659 0 0
19.2968702424239 16.03472436232913 0 0
25.82719155934264 19.42899742016318 0 0
31.77123050870634 26.3589141933219 0 0
33.52400671175413 31.78958753939257 0 0
43.13388975597572 35.91145696348073 0 0
44.25020300501718 44.16150147072672 0 0
45.85879313989686 44.91256144610353 0 0
46.51508857666874 46.30580309453267 0 0
47.67013269279879 47.5590311895374 0 0
48.162331645784 47.70427676581841 0 0
55.16570332850232 48.21811487338223 0 0
57.03434823949222 56.58658261389516 0 0
57.81129172916367 57.45843348974156 0 0
58.27647000168285 58.01805580424914 0 0
58.44974482087549 58.32621681430079 0 0
60.43433449833296 59.09756856109608 0 0
69.65327400099163 60.46354732169154 0 0
72.53995817779159 69.8296346796493 0 0
73.86737945724815 72.96031827943894 0 0
74.50578891913129 74.18608461929857 0 0
75.37978107621929 75.17742710630729 0 0
81.93194565143044 75.76469132906477 0 0
93.64251900371679 82.29755781178433 0 0
93.99748049521641 93.88327334220844 0 0
98.49826383848404 94.06835134318224 0 0
99.3669656361099 98.92468382970907 0 0
