# Status file for ctqmc. Used to save all times t_s, t_e.
2
28
6.23731632473153 6.420123278919231 0 0
6.568042012446939 6.804148924533545 0 0
13.19844419585152 13.40799382794159 0 0
15.89989342982027 16.0734382356429 0 0
30.73927927678339 30.90028304918194 0 0
31.72607890823196 32.3218711262365 0 0
32.9356539566602 34.19359571415436 0 0
34.49685014468695 34.95954367885505 0 0
35.23637946712915 36.34519307758862 0 0
38.58271606821613 38.60993742304959 0 0
39.15728386056541 39.30207705225484 0 0
39.50597272709892 39.5475990071753 0 0
41.45651728606214 41.52564291685911 0 0
42.3605716452112 43.24449997544378 0 0
43.26843253890686 43.73896036313646 0 0
44.1535064716218 44.64635383671737 0 0
45.68028810444009 45.72686890669259 0 0
47.04600971164993 48.61673960545603 0 0
49.24784268131398 49.48567366391207 0 0
49.84486680318167 50.67047727187276 0 0
50.75888959174841 50.81477374589925 0 0
54.6815934457917 55.26308726127498 0 0
55.70730117467313 55.73179981005899 0 0
55.82299915997884 56.69729216422218 0 0
57.02957100623119 57.23422429053702 0 0
57.2680095002218 57.60137200985755 0 0
58.66029743616299 58.67743414523468 0 0
59.06453058034382 59.2637969840074 0 0
28
8.33429247581725 8.36939029066086 0 0
11.71825549269562 12.20348797879406 0 0
12.21327793920745 12.75398829279669 0 0
13.17485515543937 13.40343504586572 0 0
15.4353254429508 16.29348277389412 0 0
17.85329183435581 17.97452451760789 0 0
23.79843679157038 23.96176647446555 0 0
24.38791335372738 24.95280169905323 0 0
25.14098499060614 25.82841662268661 0 0
31.52503285535359 31.71447183982558 0 0
37.45129093496382 37.62904318957967 0 0
39.40103577593069 39.48304471058013 0 0
39.97912306123855 40.3073127520404 0 0
58.72374629405145 58.95490252459904 0 0
60.02528120353062 60.56329059429836 0 0
60.75024312072048 61.49096356474845 0 0
61.79987847987073 61.94130070870499 0 0
62.73323012296805 63.07870404193263 0 0
75.42812759137455 75.65613750122351 0 0
77.4924011771203 77.8546684730168 0 0
78.71774762206169 79.65364267028482 0 0
79.98248959528198 80.02482012774422 0 0
80.10162398091312 80.16474078635646 0 0
82.14388437104223 82.46906206463355 0 0
83.06693888623752 83.19971492515563 0 0
83.38017617376556 83.84150999351533 0 0
84.04023954542842 85.22414149112932 0 0
89.96551975344359 90.24720277585675 0 0
