# Status file for ctqmc. Used to save all times t_s, t_e.
2
27
2.008294167492338 2.258369020748376 0 0
3.050366734042128 3.955862000655789 0 0
4.308683672998358 4.494220066765699 0 0
4.881712710363985 4.925815823584014 0 0
7.701966582923339 7.921427602594229 0 0
11.03145756977353 11.16526824462133 0 0
12.66401013194259 12.96621252707155 0 0
13.22230606157723 13.30705540089759 0 0
18.93171998260353 20.41658143651033 0 0
20.84493140603442 21.51655101846809 0 0
32.72509382101924 32.82170050268851 0 0
49.18717645599538 49.37328003417706 0 0
49.52357809845834 49.63415289950558 0 0
49.66989565603348 49.76847769636026 0 0
52.45794381100183 52.99841235839195 0 0
53.50036448425761 53.79505666609002 0 0
53.84797313937779 53.91598943413315 0 0
54.00189017918097 54.1409390114416 0 0
54.35022397433798 54.61562860729137 0 0
56.3367778790243 56.34698511822797 0 0
69.10621834250816 69.1655462393859 0 0
76.5010329039327 76.64649086845088 0 0
77.27272801655332 78.0371028330528 0 0
78.06466210063329 78.42463687398481 0 0
79.28644205993521 79.45504158552401 0 0
97.49725861547388 97.72971238248758 0 0
99.2144200657532 99.48058591295319 0 0
34
4.630022642519269 6.812396768788351 0 0
13.74395343666755 14.18467953520878 0 0
28.57147850008522 29.07100372814013 0 0
31.208952728016 32.10062408690574 0 0
32.73182137702651 32.86471053174554 0 0
34.71631518241473 35.08132108169481 0 0
35.1826290072968 35.47303569608304 0 0
36.8535687026167 37.54954315146854 0 0
39.50999272050841 40.78828465716485 0 0
40.8338042307462 40.88530710578954 0 0
41.12169485053883 41.13747038013845 0 0
41.79655992428872 42.145902004978 0 0
42.52787834963897 42.57434719039367 0 0
43.28918647784091 43.61807978961268 0 0
43.79456610623736 44.98939528352357 0 0
49.42847154794198 49.46951012902471 0 0
50.02787437004968 50.0986765411508 0 0
50.70884314498316 51.75827177810967 0 0
52.25752653403301 53.34207110340378 0 0
54.78025166435068 54.78596384253606 0 0
59.68568474039129 59.75403911753921 0 0
68.18367202330967 68.81407431751309 0 0
68.91425512959744 69.8066397575584 0 0
79.68870536728247 79.84548219175969 0 0
80.45148054423639 80.75082726119767 0 0
81.92721763321455 82.5668622335407 0 0
82.78705970895842 82.83498024328446 0 0
85.15294236252339 85.66783082467516 0 0
86.21884682973833 86.25398675393221 0 0
86.57731585361941 87.26848432477125 0 0
87.85499966881511 89.50954837282111 0 0
90.46117266576728 91.62203595005974 0 0
92.15111150585204 92.72441841397443 0 0
93.43395931295645 93.67929087873273 0 0
