# Status file for ctqmc. Used to save all times t_s, t_e.
2
11
45.65063089374964 46.29253635456666 0 0
47.8858180943881 48.22800599110889 0 0
48.39869686245204 48.64043620330683 0 0
48.73833817230923 49.06180537352285 0 0
49.73328490043052 50.03420474574214 0 0
50.58736967745003 52.56056782371817 0 0
58.02117452319384 60.3767352958327 0 0
64.26789216865276 64.47265582196451 0 0
64.90001700249199 65.20280007882374 0 0
65.5617006628207 65.79665978791745 0 0
72.47249251770401 72.92771463190398 0 0
12
9.749795178292704 9.99579621202518 0 0
11.2235926536983 11.41442266274707 0 0
17.1432826653756 17.32694858480241 0 0
18.12975214610283 19.07834811654475 0 0
27.19137702876254 27.81969723927437 0 0
65.84519220491512 65.87631275987258 0 0
65.92751630207596 66.28975532951576 0 0
66.4556785505696 66.64683669147195 0 0
75.38749235507296 76.68703386640195 0 0
76.90400000690975 77.85011437808578 0 0
78.01157870468163 78.44082982044561 0 0
79.36686899918347 79.51015752243019 0 0
