-1.800000000000201084e+01 1.236160456449577980e-05
-1.768637079511795918e+01 1.415695160746553716e-01
-1.738314684757837725e+01 1.684692023845881514e-01
-1.708981328123576660e+01 6.197463354828636195e-02
-1.680588863433072433e+01 4.178113429456490474e-02
-1.653092219204418001e+01 1.862258031793355764e-02
-1.626449157056260830e+01 5.992215965756725847e-04
-1.600620052541652782e+01 1.015481398692912214e-02
-1.575567696017295916e+01 8.213959312775591566e-05
-1.551257111443442049e+01 2.437817491028768536e-03
-1.527655391258613626e+01 3.119457385256272589e-04
-1.504731545689701200e+01 2.592107899043658817e-04
-1.482456365046278535e+01 1.782314098485356790e-05
-1.460802293712368716e+01 8.803258498601653674e-05
-1.439743314692604947e+01 1.034983148719021833e-04
-1.419254843695589230e+01 8.262830228227257276e-05
-1.399313631847824624e+01 9.827159686602183878e-05
-1.379897676228727654e+01 1.958675156819834028e-05
-1.360986137502872673e+01 8.233869392103145902e-05
-1.342559264001182306e+01 3.465614919155043201e-05
-1.324598321669588152e+01 2.819875820642253256e-06
-1.307085529362816168e+01 3.155301253339019309e-05
-1.290003999013476133e+01 1.564524520580522861e-05
-1.273337680253193582e+01 4.064079016189633953e-05
-1.257071309104041035e+01 2.365335421992264888e-05
-1.241190360395464154e+01 2.846362727167659216e-05
-1.225681003594876195e+01 2.095356750950292009e-05
-1.210530061769597765e+01 9.499798091104122414e-06
-1.195724973424155202e+01 2.550610236212547897e-05
-1.181253756980619762e+01 1.254582754074595033e-05
-1.167104977690866718e+01 5.715564815756114884e-06
-1.153267716788677255e+01 3.748987147607547599e-06
-1.139731542706779699e+01 1.031873959563684314e-05
-1.126486484199332239e+01 1.896484237675743939e-05
-1.113523005224293527e+01 1.363627923324969827e-05
-1.100831981452695096e+01 2.217362699526573072e-05
-1.088404678283180083e+01 1.874147655421983164e-05
-1.076232730250476877e+01 6.555206313934371222e-06
-1.064308121725769141e+01 1.581045256126634087e-05
-1.052623168815380517e+01 1.265418636897532414e-05
-1.041170502371859463e+01 3.019619587357728556e-06
-1.029943052038521678e+01 9.920931368907331136e-06
-1.018934031254830330e+01 4.878106501456030373e-06
-1.008136923155793951e+01 5.463122036915555524e-06
-9.975454673037956965e+00 3.438344036203378373e-05
-9.871536471960840942e+00 4.090751780120528412e-06
-9.769556784955334194e+00 6.816084654826567229e-06
-9.669459979362780899e+00 6.063299505213491520e-06
-9.571192528595137361e+00 4.255427380518811658e-06
-9.474702913380864899e+00 6.359454739250752336e-06
-9.379941528515811200e+00 3.727317187620209873e-06
-9.286860594764403842e+00 2.529641094101654631e-06
-9.195414075582201363e+00 3.973614298999857535e-06
-9.105557598354884874e+00 2.022597448975469373e-06
-9.017248379870389741e+00 8.404064702481382163e-06
-8.930445155761116638e+00 1.005994903921845629e-05
-8.845108113671695804e+00 1.878149032029828108e-05
-8.761198829924738973e+00 7.076931861136524999e-06
-8.678680209472876328e+00 1.892002824622717708e-05
-8.597516428939853128e+00 4.630243374482156722e-06
-8.517672882566811765e+00 1.169611018635683891e-05
-8.439116130892410084e+00 2.277566065855811225e-06
-8.361813852006719117e+00 2.712872522372125670e-06
-8.285734795229661387e+00 7.827869366623745842e-06
-8.210848737074378789e+00 1.267771904445316244e-06
-8.137126439365120589e+00 9.599015523603707912e-06
-8.064539609387715302e+00 1.924502896964510614e-05
-7.993060861958362295e+00 1.050368471199926683e-05
-7.922663683303976967e+00 5.444836654258235578e-05
-7.853322396653874549e+00 7.933933193609055641e-06
-7.785012129448951157e+00 5.478448139464187777e-06
-7.717708782080378249e+00 5.846873066754685394e-06
-7.651388998075133507e+00 3.078155982668951271e-06
-7.586030135650944750e+00 1.220816272848513109e-06
-7.521610240567749628e+00 6.631463167098080338e-06
-7.458108020207273370e+00 2.318897461107643852e-06
-7.395502818816379609e+00 7.041163595017875146e-07
-7.333774593853726209e+00 3.862027810030717137e-06
-7.272903893382695273e+00 2.176960355047145290e-05
-7.212871834457117437e+00 3.170421183293755724e-06
-7.153660082449187385e+00 6.964371892097984639e-06
-7.095250831272068126e+00 5.153384556139635879e-06
-7.037626784452278628e+00 4.594588844259414639e-06
-6.980771137009643468e+00 9.832341073109973773e-07
-6.924667558104775189e+00 5.026159440500784814e-07
-6.869300174416541616e+00 6.651202024468567282e-06
-6.814653554213885300e+00 1.035572132619708453e-05
-6.760712692088343800e+00 4.692527802116601093e-06
-6.707462994315648963e+00 9.351705801439598819e-07
-6.654890264816202716e+00 2.558477582636497337e-06
-6.602980691686176407e+00 3.289795885194522426e-06
-6.551720834272277472e+00 1.085367545814608488e-05
-6.501097610764786872e+00 2.433663070975206993e-06
-6.451098286284775440e+00 9.475509491433210736e-06
-6.401710461442654321e+00 3.761879629687489254e-06
-6.352922061346510496e+00 6.555081724848020923e-06
-6.304721325039668756e+00 8.291040039618660988e-07
-6.257096795348075169e+00 1.867280628607663055e-06
-6.210037309119101678e+00 3.614643308769410063e-06
-6.163531987834188541e+00 1.196565179757413164e-06
-6.117570228578837366e+00 1.913788523551015025e-06
-6.072141695354100754e+00 3.816620262541962209e-06
-6.027236310714632950e+00 2.666302332245422908e-06
-5.982844247719062203e+00 1.527854922580018066e-06
-5.938955922179146363e+00 5.068338995376756372e-06
-5.895561985194874843e+00 7.079521447701377290e-06
-5.852653315963272540e+00 2.069870581886771692e-06
-5.810221014849253685e+00 5.580418108439452561e-06
-5.768256396707496236e+00 6.228140800545743659e-07
-5.726750984444712422e+00 9.291293754599381992e-06
-5.685696502812374042e+00 2.736881228245442290e-06
-5.645084872420248701e+00 7.679109701688073900e-07
-5.604908203961667112e+00 2.069701359457144758e-06
-5.565158792641851981e+00 2.516359774390083384e-06
-5.525829112800970222e+00 5.769312954458093793e-07
-5.486911812724083681e+00 1.000948728213834068e-06
-5.448399709630409760e+00 4.634713013261227872e-08
-5.410285784834729661e+00 3.534642246961084391e-06
-5.372563179074079542e+00 5.979562035723355893e-06
-5.335225187993163587e+00 1.848872828926941718e-06
-5.298265257782246884e+00 2.728738608160363766e-06
-5.261676980961550676e+00 5.945699198621138094e-06
-5.225454092306433651e+00 4.876748771933666027e-06
-5.189590464907923639e+00 4.941365462385304381e-06
-5.154080106363324809e+00 5.776946529324915512e-07
-5.118917155092023386e+00 2.868626249885568477e-06
-5.084095876771596245e+00 1.447125039218182947e-06
-5.049610660889740643e+00 5.065444925371635751e-06
-5.015456017407655231e+00 3.493197433915666940e-06
-4.981626573530626878e+00 3.211502581306087661e-06
-4.948117070581910859e+00 2.736640000617873715e-06
-4.914922360976011539e+00 1.433718503316114627e-05
-4.882037405287712239e+00 3.041116262573465343e-06
-4.849457269413337102e+00 4.639893577757379729e-06
-4.817177121820895636e+00 1.215690659395079417e-06
-4.785192230885824571e+00 1.121802464980507808e-06
-4.753497962309302771e+00 5.968477208676034806e-06
-4.722089776616123835e+00 2.992810842370790056e-06
-4.690963226729293112e+00 6.541367327726718185e-06
-4.660113955618596648e+00 6.301025363089554355e-06
-4.629537694020590344e+00 2.949052540358685905e-07
-4.599230258227382961e+00 4.628754581860136482e-06
-4.569187547941903738e+00 5.612953964802331377e-06
-4.539405544197283149e+00 5.162554099588264344e-07
-4.509880307338105077e+00 7.100498186470649640e-06
-4.480607975061465353e+00 7.636309578203278448e-08
-4.451584760515686412e+00 5.312112935571007301e-06
-4.422806950454783781e+00 1.993917847597846365e-07
-4.394270903446768628e+00 7.774491160412473674e-07
-4.365973048133954926e+00 4.767386637334680504e-07
-4.337909881543509094e+00 1.887370474453231413e-07
-4.310077967446587444e+00 3.641391784878967185e-06
-4.282473934764412071e+00 2.117140277222224086e-06
-4.255094476019731786e+00 5.373562684473800848e-06
-4.227936345832168819e+00 3.141295701644009176e-06
-4.200996359456015128e+00 6.337933163675513052e-06
-4.174271391359062555e+00 6.022910844459406023e-07
-4.147758373841154089e+00 1.152854098765687654e-06
-4.121454295691163061e+00 5.114967118027725602e-06
-4.095356200881122177e+00 1.084511498442100108e-06
-4.069461187296388616e+00 6.808913697781378754e-08
-4.043766405500584860e+00 1.951287256811696212e-06
-4.018269057534298305e+00 1.721110757727770156e-10
-3.992966395746416985e+00 1.865723120610973542e-06
-3.967855721657088441e+00 3.176717492226352973e-06
-3.942934384851309204e+00 6.375183331232084653e-06
-3.918199781902168777e+00 4.978728894439338486e-06
-3.893649355322847061e+00 6.763220536759507610e-07
-3.869280592546462394e+00 1.421016593773330683e-06
-3.845091024932894896e+00 2.506186916202455492e-06
-3.821078226801797317e+00 5.566805297381620374e-06
-3.797239814490932730e+00 1.308770472351151594e-06
-3.773573445439120100e+00 4.459275875946604387e-07
-3.750076817293014120e+00 2.272140059758335434e-06
-3.726747667036997225e+00 1.236579996237278080e-06
-3.703583770145510101e+00 3.271664958330245329e-07
-3.680582939757102157e+00 2.816257914762769313e-07
-3.657743025869630404e+00 1.602572965458134067e-06
-3.635061914555887341e+00 9.265086283004958458e-06
-3.612537527199123133e+00 2.336684414076251184e-06
-3.590167819747855482e+00 3.323308146724047280e-06
-3.567950781989368547e+00 6.948435268316472547e-07
-3.545884436841426179e+00 2.182303214229218404e-06
-3.523966839661581307e+00 2.006232562261958189e-07
-3.502196077573649369e+00 1.255946856722284314e-07
-3.480570268810808887e+00 1.039489681200657983e-07
-3.459087562074850908e+00 3.455107689210238244e-06
-3.437746135911134981e+00 1.721435080913041730e-06
-3.416544198098792506e+00 1.244146474765699892e-06
-3.395479985055740890e+00 5.107488039674970205e-06
-3.374551761258098193e+00 2.988337305514741023e-08
-3.353757818673582580e+00 8.805682999429392851e-07
-3.333096476208523118e+00 1.754073668523549848e-06
-3.312566079168071553e+00 1.386087036383686166e-06
-3.292164998729279812e+00 8.031701004008868803e-07
-3.271891631426664837e+00 5.480587478811350188e-06
-3.251744398649922374e+00 9.141259410853627075e-06
-3.231721746153456643e+00 6.280900212855662309e-07
-3.211822143577407918e+00 2.078864165096970068e-06
-3.192044083979844071e+00 1.852448968546967300e-06
-3.172386083379843402e+00 1.094943162673367441e-06
-3.152846680311138350e+00 3.336777063628639781e-06
-3.133424435386072737e+00 1.655317310190713238e-07
-3.114117930869558570e+00 2.861393117828831644e-06
-3.094925770262795250e+00 2.971494408199885260e-06
-3.075846577896469647e+00 2.396108280543711496e-07
-3.056878998533198555e+00 4.519390916564991264e-07
-3.038021696978961295e+00 1.889510178285453432e-06
-3.019273357703287086e+00 1.723725802308804822e-06
-3.000632684467968048e+00 5.728956020110681621e-07
-2.982098399964077995e+00 2.311522039251856591e-06
-2.963669245457069223e+00 1.271178645321400444e-06
-2.945343980439752762e+00 8.687583184523574078e-08
-2.927121382292947160e+00 1.537073093101390885e-06
-2.909000245953597297e+00 2.288221300513873014e-06
-2.890979383590179363e+00 6.444950362274125544e-06
-2.873057624285205058e+00 4.837366932532538460e-06
-2.855233813724623815e+00 2.009012911982377470e-06
-2.837506813893987179e+00 1.070745973778204300e-05
-2.819875502781155951e+00 5.927254309372072080e-06
-2.802338774085429751e+00 5.640078986675412437e-07
-2.784895536932901372e+00 7.193262866974176821e-06
-2.767544715597910265e+00 3.257208892057574933e-06
-2.750285249230413953e+00 1.912870714629519755e-06
-2.733116091589155250e+00 6.126157320568583649e-06
-2.716036210780464089e+00 7.290939108016201971e-06
-2.699044589002566052e+00 2.402710911084168998e-06
-2.682140222295249732e+00 8.019325407195000509e-06
-2.665322120294779662e+00 4.216610181415577212e-06
-2.648589305993904297e+00 3.041508324193591641e-07
-2.631940815506855547e+00 4.626307376785289053e-07
-2.615375697839200431e+00 2.265796289768350321e-06
-2.598893014662444045e+00 2.782274866479896377e-07
-2.582491840093254609e+00 2.022055001903009769e-06
-2.566171260477212002e+00 2.080373861634735537e-06
-2.549930374176959447e+00 5.441098920218144638e-06
-2.533768291364664638e+00 1.701846290464221222e-06
-2.517684133818677505e+00 4.656675331150051261e-06
-2.501677034724291371e+00 4.477818473280384764e-07
-2.485746138478510670e+00 8.242840448521640862e-07
-2.469890600498723998e+00 8.257421951443717816e-06
-2.454109587035200768e+00 1.779036172419819769e-07
-2.438402274987315543e+00 5.177756091959720376e-06
-2.422767851723407695e+00 7.234140744398444620e-07
-2.407205514904207533e+00 1.802487018001673126e-06
-2.391714472309731221e+00 6.465735855504936595e-06
-2.376293941669569421e+00 5.734613762804323705e-06
-2.360943150496495058e+00 2.581240984970036074e-06
-2.345661335923311608e+00 2.213004202028309138e-06
-2.330447744542858413e+00 4.248658700768452197e-06
-2.315301632251118846e+00 5.877461586702622557e-06
-2.300222264093345625e+00 1.260497471508314506e-08
-2.285208914113144640e+00 8.234435374633269026e-08
-2.270260865204440481e+00 2.655446008781912257e-06
-2.255377408966269037e+00 5.296369630755149321e-06
-2.240557845560325223e+00 2.807422654573127289e-06
-2.225801483571210770e+00 7.622267125605249008e-07
-2.211107639869315467e+00 1.028052668533000764e-07
-2.196475639476279440e+00 3.543902853382716739e-06
-2.181904815432973432e+00 5.886661633406272530e-07
-2.167394508669943320e+00 4.625903568018262311e-06
-2.152944067880271817e+00 5.365486480127534152e-06
-2.138552849394784516e+00 7.847166104056840872e-07
-2.124220217059574090e+00 1.357371656444292084e-06
-2.109945542115772454e+00 8.525132598558169090e-07
-2.095728203081529628e+00 8.970506113998134695e-07
-2.081567585636154849e+00 7.673739354052227347e-06
-2.067463082506362237e+00 1.668769373165875080e-06
-2.053414093354584136e+00 1.043745608022467501e-05
-2.039420024669305942e+00 6.548749726347185509e-07
-2.025480289657382471e+00 4.397416371914703061e-06
-2.011594308138276332e+00 1.529125932772667463e-05
-1.997761506440205226e+00 5.891206963592514348e-06
-1.983981317298131319e+00 2.912590074823275010e-06
-1.970253179753569617e+00 2.175964753263427611e-06
-1.956576539056167352e+00 8.756446273681511025e-06
-1.942950846567025547e+00 4.321296832472594382e-06
-1.929375559663717654e+00 2.315208592409585447e-06
-1.915850141646975535e+00 2.779057486997340576e-06
-1.902374061649005244e+00 7.013109186506252007e-06
-1.888946794543396868e+00 3.904269378206657537e-07
-1.875567820856598900e+00 1.679994354261477445e-06
-1.862236626680921825e+00 6.250226891563904696e-06
-1.848952703589041180e+00 1.370464436339092702e-06
-1.835715548549967879e+00 7.025329501537884205e-06
-1.822524663846452730e+00 2.758122039602794294e-06
-1.809379556993800708e+00 4.377289207379452045e-07
-1.796279740660062796e+00 3.311330544193158036e-06
-1.783224732587581407e+00 6.681068532627283866e-06
-1.770214055515849871e+00 3.480330402849996199e-06
-1.757247237105675541e+00 4.394586860872579895e-08
-1.744323809864610553e+00 9.116275707960675481e-06
-1.731443311073621372e+00 1.236036699349873668e-06
-1.718605282714980698e+00 2.204925641019577474e-07
-1.705809271401351745e+00 1.111387453008213525e-05
-1.693054828306041149e+00 2.458296820238288727e-06
-1.680341509094399610e+00 2.639372546915243055e-06
-1.667668873856344547e+00 1.762294076417648602e-06
-1.655036487039980519e+00 1.681807329135867839e-07
-1.642443917386301022e+00 2.163910794892423882e-06
-1.629890737864948980e+00 1.701986349320274063e-06
-1.617376525611005755e+00 2.087546389989854090e-06
-1.604900861862805783e+00 1.484071333218884741e-07
-1.592463331900736856e+00 5.561958654864995562e-06
-1.580063524987020074e+00 2.389650879412880254e-06
-1.567701034306447028e+00 3.048736872661780122e-06
-1.555375456908052678e+00 2.068363158603406392e-05
-1.543086393647707277e+00 9.596085376457182444e-07
-1.530833449131608237e+00 1.064689603752451202e-05
-1.518616231660659732e+00 3.230326201637509480e-06
-1.506434353175712282e+00 3.106294005745184409e-06
-1.494287429203655870e+00 4.059348444905786762e-06
-1.482175078804342627e+00 1.467726445209515766e-05
-1.470096924518329295e+00 3.442676958006819188e-06
-1.458052592315416618e+00 1.657123974757966289e-06
-1.446041711543979202e+00 4.171176919679887300e-08
-1.434063914881057000e+00 2.437307549048994194e-06
-1.422118838283209508e+00 7.532045733453298824e-06
-1.410206120938107599e+00 2.623163918852265404e-06
-1.398325405216850115e+00 2.001567863258391238e-07
-1.386476336626996986e+00 2.509041187923685238e-06
-1.374658563766294916e+00 2.976918627335118157e-06
-1.362871738277095179e+00 1.055041447323904933e-06
-1.351115514801437101e+00 4.094473950990714389e-07
-1.339389550936797013e+00 2.876769950244476342e-06
-1.327693507192477362e+00 2.881638879394213975e-06
-1.316027046946637080e+00 3.928537759563102443e-06
-1.304389836403941239e+00 3.796231791517021273e-06
-1.292781544553817996e+00 4.589814067317403970e-07
-1.281201843129320173e+00 2.138997427453419132e-06
-1.269650406566570577e+00 4.264001151023864100e-06
-1.258126911964788874e+00 2.720174599266690962e-06
-1.246631039046874889e+00 1.011663011550617749e-05
-1.235162470120555911e+00 4.510510316762476185e-06
-1.223720890040073339e+00 5.393223713601223382e-06
-1.212305986168408234e+00 9.057213317859973280e-06
-1.200917448340022453e+00 6.275913140246120817e-06
-1.189554968824123149e+00 1.208111849465849083e-06
-1.178218242288426865e+00 8.812423583990399415e-06
-1.166906965763418569e+00 3.769143768985017153e-06
-1.155620838607101852e+00 1.009595893159877159e-05
-1.144359562470215863e+00 3.456401166688993383e-07
-1.133122841261928526e+00 8.670300883500709705e-06
-1.121910381115985400e+00 1.096081220488858749e-07
-1.110721890357309283e+00 9.757700972239930881e-06
-1.099557079469039467e+00 2.800406904779206744e-06
-1.088415661060010642e+00 9.376939241386647990e-06
-1.077297349832647466e+00 7.757253751565135178e-06
-1.066201862551285018e+00 5.308804388331868495e-06
-1.055128918010896033e+00 4.313782792825871883e-06
-1.044078237006218046e+00 2.388924670358965311e-05
-1.033049542301277102e+00 6.685688079203895078e-06
-1.022042558599299822e+00 2.453252222198098548e-06
-1.011057012512998066e+00 2.400329353002570516e-07
-1.000092632535235726e+00 1.554417362787055708e-05
-9.891491490100537964e-01 4.494989770072526459e-06
-9.782262941040561488e-01 3.631129149758438319e-05
-9.673238017781481402e-01 3.248750506873590772e-06
-9.564414077596213870e-01 4.871239488655287702e-06
-9.455788495145712735e-01 2.994295824477370701e-05
-9.347358662206534108e-01 7.182352541967759437e-06
-9.239121987401626157e-01 6.294799445005758829e-07
-9.131075895934324116e-01 8.364045239276070249e-06
-9.023217829325496098e-01 1.328138419206987667e-05
-8.915545245153719822e-01 9.724375248401876068e-06
-8.808055616798529108e-01 8.247051397261044516e-06
-8.700746433186589135e-01 4.905130179703704118e-06
-8.593615198540814903e-01 1.191851919396038709e-05
-8.486659432132259706e-01 9.451169557848836949e-06
-8.379876668034880183e-01 2.411423822681900192e-07
-8.273264454882990337e-01 1.392547337658562069e-05
-8.166820355631438932e-01 4.055311668854604075e-06
-8.060541947318363709e-01 6.777621298192538306e-06
-7.954426820830584610e-01 9.664475427796629699e-06
-7.848472580671504994e-01 1.340307529468060283e-05
-7.742676844731486430e-01 1.012415582007971916e-05
-7.637037244060699281e-01 1.656529217311393092e-05
-7.531551422644284788e-01 1.797598802985693139e-05
-7.426217037179922986e-01 8.138324704300648743e-06
-7.321031756857663275e-01 1.502586301914690876e-05
-7.215993263142009839e-01 2.520555763267508882e-06
-7.111099249556180890e-01 2.535382536709016035e-05
-7.006347421468592795e-01 1.098117262647893827e-05
-6.901735495881351490e-01 7.665643194704313524e-06
-6.797261201220911042e-01 2.764907200414833642e-05
-6.692922277130706199e-01 5.443267755273543094e-05
-6.588716474265783329e-01 1.397458778969567543e-05
-6.484641554089376481e-01 4.064804207696396418e-05
-6.380695288671385246e-01 2.141384482947238408e-05
-6.276875460488731129e-01 5.405673098331370010e-05
-6.173179862227488046e-01 1.381793415418270024e-05
-6.069606296586862459e-01 3.578499124807786353e-05
-5.966152576084875481e-01 4.472959388497171592e-05
-5.862816522865772484e-01 1.144018722642312874e-05
-5.759595968509094721e-01 3.483614825637059619e-05
-5.656488753840412942e-01 5.177629791352258000e-05
-5.553492728743597562e-01 2.583394380616545855e-05
-5.450605751974718638e-01 1.580373654015512051e-05
-5.347825690977430213e-01 1.852695025831998610e-04
-5.245150421699888987e-01 1.496403243997270350e-04
-5.142577828413065211e-01 4.953000571843157589e-05
-5.040105803530536832e-01 5.401172139246709252e-05
-4.937732247429644228e-01 4.941513416814690264e-05
-4.835455068274036594e-01 6.531466528322308306e-04
-4.733272181837471781e-01 1.468231602509032321e-04
-4.631181511328986700e-01 2.694051322786264677e-05
-4.529180987219272314e-01 2.004097104431140858e-04
-4.427268547068332061e-01 8.728946147999950200e-05
-4.325442135354257145e-01 3.773106803547867272e-04
-4.223699703303245845e-01 4.351093517034369741e-04
-4.122039208720716941e-01 3.511403187477153990e-04
-4.020458615823537807e-01 1.871179469489038570e-04
-3.918955895073323314e-01 6.858134405653457761e-04
-3.817529023010813316e-01 9.951994570639539558e-04
-3.716175982091194929e-01 8.260755000476261226e-03
-3.614894760520483419e-01 5.892028867382655393e-04
-3.513683352092828449e-01 1.793304226670994206e-02
-3.412539756028758475e-01 3.451151606648401177e-02
-3.311461976814312758e-01 5.061412873461505757e-03
-3.210448024041094306e-01 2.176876250768276788e-02
-3.109495912247085547e-01 2.213780758144907879e-02
-3.008603660758366605e-01 2.406375522316239052e-02
-2.907769293531580201e-01 2.575019926200130052e-02
-2.806990838997174276e-01 9.308041976011967311e-02
-2.706266329903371237e-01 3.305709169233331801e-01
-2.605593803160889399e-01 3.909514888649891495e-01
-2.504971299688272257e-01 2.583947737448821225e-01
-2.404396864257955790e-01 7.363910458791946834e-01
-2.303868545342923901e-01 2.756671174349847875e-01
-2.203384394963986970e-01 5.387440821303697280e-01
-2.102942468537628840e-01 7.074979159275069929e-01
-2.002540824724450275e-01 7.720450343651611425e-01
-1.902177525278067050e-01 1.078029543704966953e+00
-1.801850634894590075e-01 1.213438143925993140e+00
-1.701558221062540455e-01 1.477532387354465016e+00
-1.601298353913264694e-01 1.612558896432330080e+00
-1.501069106071708514e-01 1.698932144728112714e+00
-1.400868552507662790e-01 2.264373208878982524e+00
-1.300694770387391397e-01 2.477067430809583026e+00
-1.200545838925550501e-01 3.377533230684806043e+00
-1.100419839237516545e-01 3.682349940676220346e+00
-1.000314854191983877e-01 3.678491500720075358e+00
-9.002289682638489610e-02 4.580253529631517218e+00
-8.001602673873924043e-02 3.987298731574077770e+00
-7.001068388096250150e-02 6.373392120729631571e+00
-6.000667709439190534e-02 5.928493668733030297e+00
-5.000381532237931775e-02 6.517343888342919556e+00
-4.000190759568706539e-02 6.832282386718198985e+00
-3.000076301789707939e-02 5.711081256088670344e+00
-2.000019075083557876e-02 3.891583668655698158e+00
-9.999999999999974187e-03 3.162385615382298454e+00
0.000000000000000000e+00 1.287300967010409192e+00
9.999999999999974187e-03 1.379005567355657512e-06
2.000019075083557876e-02 1.570487869075637053e-07
3.000076301789707939e-02 9.652370440333999949e-09
4.000190759568635068e-02 1.638558875449289011e-08
5.000381532237860305e-02 1.054157316917205566e-06
6.000667709439118369e-02 5.022108427562267592e-07
7.001068388096322315e-02 1.504783549619388517e-06
8.001602673873996208e-02 1.338579631063406025e-06
9.002289682638561774e-02 1.991780862915712459e-07
1.000314854191983877e-01 6.948190567022375230e-07
1.100419839237516545e-01 1.279939546231257682e-06
1.200545838925550501e-01 4.788289729535134955e-07
1.300694770387391397e-01 3.657848954572879158e-06
1.400868552507662790e-01 3.697942997964426424e-08
1.501069106071708514e-01 4.538603536481810299e-07
1.601298353913264694e-01 1.734750078333270471e-06
1.701558221062540455e-01 2.526175969425081812e-06
1.801850634894582859e-01 1.608941210245772699e-06
1.902177525278067050e-01 3.375379098561058634e-08
2.002540824724450275e-01 8.532155865556769698e-06
2.102942468537628840e-01 1.227116739811313907e-07
2.203384394963986970e-01 1.661443617486855928e-06
2.303868545342923901e-01 3.436713287933413453e-06
2.404396864257955790e-01 7.352854263950041623e-06
2.504971299688272257e-01 7.892082054658028046e-07
2.605593803160889399e-01 1.960784316741846488e-06
2.706266329903371237e-01 4.464146974364938954e-07
2.806990838997167059e-01 2.811468661747776596e-06
2.907769293531572985e-01 3.316353458802384640e-07
3.008603660758359388e-01 7.141492120288894080e-07
3.109495912247092764e-01 6.200000284348278463e-07
3.210448024041101522e-01 2.991823572069926539e-07
3.311461976814320529e-01 2.297321869344433703e-06
3.412539756028758475e-01 4.826492188861979173e-07
3.513683352092828449e-01 4.568407700890891193e-07
3.614894760520483419e-01 7.774174653841695682e-08
3.716175982091194929e-01 1.009857652891305636e-06
3.817529023010813316e-01 1.870157599634386105e-06
3.918955895073323314e-01 1.438348992763915571e-07
4.020458615823530590e-01 2.427066762662295426e-07
4.122039208720709169e-01 8.343614875068776007e-07
4.223699703303238628e-01 5.793333499358997918e-07
4.325442135354264361e-01 1.037221571384638086e-06
4.427268547068339277e-01 1.087725073120793867e-06
4.529180987219279531e-01 4.073712433859231233e-07
4.631181511328986700e-01 3.597119463851279358e-07
4.733272181837471781e-01 1.025310585955470971e-07
4.835455068274036594e-01 2.262653672603247158e-06
4.937732247429644228e-01 8.200300241997077630e-07
5.040105803530536832e-01 3.404331206828480039e-06
5.142577828413065211e-01 4.298127452643187093e-07
5.245150421699888987e-01 7.653893572293567725e-07
5.347825690977430213e-01 2.011428400328047839e-06
5.450605751974710866e-01 1.824928293529995316e-07
5.553492728743597562e-01 9.923209044887960635e-07
5.656488753840412942e-01 8.457594052392529626e-07
5.759595968509094721e-01 1.464724489553386034e-07
5.862816522865772484e-01 5.987627058363760169e-07
5.966152576084875481e-01 1.380911404181848504e-06
6.069606296586862459e-01 1.614640084176674448e-07
6.173179862227488046e-01 3.265604486213131370e-07
6.276875460488731129e-01 5.400542408981974928e-07
6.380695288671385246e-01 4.777424294589412561e-06
6.484641554089369819e-01 9.774927456228642003e-07
6.588716474265774448e-01 2.011051036265508034e-07
6.692922277130698427e-01 3.710564048870649623e-07
6.797261201220904381e-01 4.477530836861093226e-07
6.901735495881360372e-01 1.425150802647192435e-06
7.006347421468600567e-01 2.076504582455120375e-06
7.111099249556188662e-01 7.514549780494661691e-07
7.215993263142009839e-01 3.100438509653642229e-07
7.321031756857663275e-01 4.316961314341441714e-07
7.426217037179922986e-01 1.581751995866861429e-06
7.531551422644284788e-01 5.478706525225337031e-07
7.637037244060699281e-01 1.603200214121477539e-06
7.742676844731486430e-01 9.488989646714688327e-07
7.848472580671498333e-01 1.027479876201583425e-06
7.954426820830577949e-01 4.627491353440938702e-07
8.060541947318363709e-01 2.110117760311700897e-07
8.166820355631446704e-01 3.794192082231576900e-07
8.273264454882999219e-01 1.107680640020227645e-07
8.379876668034880183e-01 6.914268676937612852e-07
8.486659432132259706e-01 3.490720082620530083e-08
8.593615198540814903e-01 1.773531546004504862e-06
8.700746433186589135e-01 6.618412410701063274e-07
8.808055616798529108e-01 5.494070195846307498e-07
8.915545245153719822e-01 5.100088078498735375e-07
9.023217829325496098e-01 3.973638790442483609e-07
9.131075895934324116e-01 3.357294396955915671e-06
9.239121987401619496e-01 5.265208286636504383e-07
9.347358662206525226e-01 3.322992980961243630e-06
9.455788495145712735e-01 1.777037216239667968e-06
9.564414077596213870e-01 1.366928067401693783e-06
9.673238017781488063e-01 1.505015865722668865e-06
9.782262941040561488e-01 3.508091875706488358e-06
9.891491490100537964e-01 3.080780201564909854e-07
1.000092632535235726e+00 2.331550195109903487e-07
1.011057012512998066e+00 4.232512778532312249e-07
1.022042558599299822e+00 1.504921863126079994e-06
1.033049542301277102e+00 1.509889277438117311e-06
1.044078237006217380e+00 6.130748738419370033e-07
1.055128918010895367e+00 8.034630576350408709e-07
1.066201862551284352e+00 5.444880305751838915e-07
1.077297349832648132e+00 3.136235287326097025e-06
1.088415661060011308e+00 7.939085929803245609e-07
1.099557079469040355e+00 3.062308403082327771e-06
1.110721890357309283e+00 2.049112880325481438e-06
1.121910381115985400e+00 2.457781989141589807e-07
1.133122841261928526e+00 1.260677771000703882e-06
1.144359562470215863e+00 3.343166338523415217e-07
1.155620838607101852e+00 5.434254396072543460e-07
1.166906965763418569e+00 7.027215393740709844e-07
1.178218242288425976e+00 7.524451791870418945e-07
1.189554968824123149e+00 2.856421495065172860e-06
1.200917448340022453e+00 8.689015817310059203e-07
1.212305986168408900e+00 1.085203559923741200e-06
1.223720890040074227e+00 9.267864147889927850e-07
1.235162470120555911e+00 7.778492855060154122e-07
1.246631039046874889e+00 1.282069067369868684e-06
1.258126911964788874e+00 1.080735805454613757e-07
1.269650406566570577e+00 2.862270571141523297e-06
1.281201843129320173e+00 1.779518869175475808e-07
1.292781544553817996e+00 1.109934906361845642e-06
1.304389836403941239e+00 3.059255838125423321e-06
1.316027046946637080e+00 6.119534072663146707e-07
1.327693507192476696e+00 3.224213084902725371e-06
1.339389550936796125e+00 1.128647219449942798e-06
1.351115514801436435e+00 1.139396940412520255e-06
1.362871738277095179e+00 6.548257040616567210e-07
1.374658563766295805e+00 1.101274661514723533e-06
1.386476336626997652e+00 1.515794027091761613e-06
1.398325405216850559e+00 1.339952720431515745e-06
1.410206120938107599e+00 1.193959521109911354e-06
1.422118838283209508e+00 3.111795628068074160e-07
1.434063914881057000e+00 5.436932959166103592e-07
1.446041711543979202e+00 1.254497429870296186e-06
1.458052592315416618e+00 6.474490853244485657e-08
1.470096924518328407e+00 2.044709025936608488e-07
1.482175078804341739e+00 2.074217749375318487e-06
1.494287429203654982e+00 2.075516447434443114e-06
1.506434353175713392e+00 1.284873725538230414e-06
1.518616231660660620e+00 3.061859852162100416e-07
1.530833449131608681e+00 1.043493284502003854e-06
1.543086393647707277e+00 2.073498392996338408e-07
1.555375456908052678e+00 3.904890637644507690e-08
1.567701034306447028e+00 3.947699680303563079e-07
1.580063524987019630e+00 1.862997983700423596e-06
1.592463331900736190e+00 2.525787258724703887e-07
1.604900861862805117e+00 1.271173362495472491e-07
1.617376525611005755e+00 2.964548026057936094e-07
1.629890737864948091e+00 2.584640013549705731e-06
1.642443917386300800e+00 7.800135476333731846e-07
1.655036487039980742e+00 6.781581152872804591e-07
1.667668873856345213e+00 1.385766362468283739e-06
1.680341509094400276e+00 7.587345004131466037e-07
1.693054828306040926e+00 2.155727665868516503e-06
1.705809271401351079e+00 1.274685210573023059e-07
1.718605282714980920e+00 4.266841614441858901e-06
1.731443311073621594e+00 2.027030088439948186e-06
1.744323809864610997e+00 3.668840395798497985e-07
1.757247237105675541e+00 1.432143697343366645e-06
1.770214055515848983e+00 5.989449202956142820e-08
1.783224732587580741e+00 9.960803978965630075e-07
1.796279740660062352e+00 1.108667405493792359e-06
1.809379556993800708e+00 2.343310493949124901e-06
1.822524663846453397e+00 5.269935560448738117e-07
1.835715548549968767e+00 4.087979529479505604e-07
1.848952703589041624e+00 1.703825313164857515e-08
1.862236626680921825e+00 9.174624685598539608e-08
1.875567820856598900e+00 9.124642391108214802e-07
1.888946794543396868e+00 3.093016459109045603e-07
1.902374061649005244e+00 1.468813394904315785e-06
1.915850141646975535e+00 1.191664186224351138e-06
1.929375559663716988e+00 2.267451972341079255e-07
1.942950846567024437e+00 5.048915027761477156e-06
1.956576539056166242e+00 3.570104160240251554e-07
1.970253179753570727e+00 1.053930009284475269e-06
1.983981317298132430e+00 2.845368421743719926e-06
1.997761506440205892e+00 2.272585189250387613e-09
2.011594308138276332e+00 3.913269171794131033e-07
2.025480289657382471e+00 5.884136545117492814e-07
2.039420024669305942e+00 1.309374401754030326e-06
2.053414093354583247e+00 1.473130143651816945e-06
2.067463082506361793e+00 2.110629251311173730e-07
2.081567585636154405e+00 3.291946151874113438e-07
2.095728203081529628e+00 7.324921523599954489e-07
2.109945542115771566e+00 3.155148626875387665e-07
2.124220217059573645e+00 1.282527514296495484e-07
2.138552849394784072e+00 3.572746668874680946e-06
2.152944067880272261e+00 1.157317811461027582e-06
2.167394508669943765e+00 2.003966715073533748e-07
2.181904815432972988e+00 6.613859773814649802e-07
2.196475639476278996e+00 9.170670955426198304e-07
2.211107639869315911e+00 2.163506995761954291e-07
2.225801483571211214e+00 6.009340781706033325e-07
2.240557845560325667e+00 1.594217174344186501e-06
2.255377408966268149e+00 6.150104279337989391e-07
2.270260865204440481e+00 1.350282219545658619e-06
2.285208914113143308e+00 4.359072855365027164e-07
2.300222264093344737e+00 1.291271706048459909e-06
2.315301632251118846e+00 3.776429926061011880e-07
2.330447744542859301e+00 2.208073544708313769e-07
2.345661335923311608e+00 2.128809776863703135e-07
2.360943150496495946e+00 2.112820627162802155e-06
2.376293941669568088e+00 1.009615955289396008e-06
2.391714472309731221e+00 6.704930213302883919e-07
2.407205514904206645e+00 1.746684976923282290e-06
2.422767851723407695e+00 2.283463915353934730e-06
2.438402274987316432e+00 6.004433283725222818e-07
2.454109587035200768e+00 3.191091424829312435e-07
2.469890600498723998e+00 4.945760522092862219e-07
2.485746138478509337e+00 1.187358470314694943e-06
2.501677034724291371e+00 8.884762615814800863e-08
2.517684133818678394e+00 3.180679194316883931e-07
2.533768291364664638e+00 1.496951384314386296e-06
2.549930374176959891e+00 3.371881737378460663e-07
2.566171260477213334e+00 1.576902569588739349e-06
2.582491840093254609e+00 4.944650247595400110e-07
2.598893014662444489e+00 8.576752885766833186e-07
2.615375697839199987e+00 5.328561540409855882e-08
2.631940815506855991e+00 9.500575500321673253e-07
2.648589305993903409e+00 7.166766929274794781e-08
2.665322120294779218e+00 8.097733912694524004e-07
2.682140222295247955e+00 7.038246585535780860e-07
2.699044589002565164e+00 1.142183397807929554e-07
2.716036210780464977e+00 4.209113133703745001e-07
2.733116091589157026e+00 8.804013498995275945e-08
2.750285249230413953e+00 1.040921460057231457e-06
2.767544715597911598e+00 3.492206159418276938e-07
2.784895536932901372e+00 4.630736678398931388e-07
2.802338774085429751e+00 1.528084019841241124e-06
2.819875502781155063e+00 1.061993631269960026e-06
2.837506813893987179e+00 1.121897397646589365e-06
2.855233813724622927e+00 2.823120303768112112e-06
2.873057624285204170e+00 1.063750183772608511e-06
2.890979383590180252e+00 2.992707667237573389e-07
2.909000245953595520e+00 3.924947075986250523e-06
2.927121382292947160e+00 4.000162660468863562e-07
2.945343980439754095e+00 2.104251043930612108e-06
2.963669245457068335e+00 4.896142007751797680e-07
2.982098399964077995e+00 1.353247567882017830e-06
3.000632684467967159e+00 1.158264850381686772e-06
3.019273357703287086e+00 4.619003903791672169e-07
3.038021696978962627e+00 1.472166184341696275e-06
3.056878998533198555e+00 5.732033105005248054e-07
3.075846577896470535e+00 9.776670087496702602e-07
3.094925770262794362e+00 4.329925229623068832e-07
3.114117930869559014e+00 1.033003117207734278e-06
3.133424435386071849e+00 2.879106522528846967e-06
3.152846680311138350e+00 7.043593336053375530e-07
3.172386083379844290e+00 1.060193011570866097e-06
3.192044083979846292e+00 7.634805653449938620e-07
3.211822143577407918e+00 4.589938381984395521e-07
3.231721746153457975e+00 7.792837320363874360e-07
3.251744398649921930e+00 1.111115922223823576e-07
3.271891631426665281e+00 1.787271398778242468e-07
3.292164998729279368e+00 1.242938717124860851e-06
3.312566079168071553e+00 2.383682931639048836e-08
3.333096476208521786e+00 2.437172587172059410e-06
3.353757818673582580e+00 2.046803638710896435e-06
3.374551761258096416e+00 8.843614470938586296e-08
3.395479985055740446e+00 6.804569096323836320e-07
3.416544198098793395e+00 9.771162027893420007e-07
3.437746135911136314e+00 3.999822607896608693e-08
3.459087562074850908e+00 5.188991068175385790e-08
3.480570268810810663e+00 5.382929595883728797e-07
3.502196077573649369e+00 4.722634707259999422e-07
3.523966839661581307e+00 1.674068336304305169e-08
3.545884436841424847e+00 6.116338628386843905e-07
3.567950781989368547e+00 2.804753901594180994e-07
3.590167819747851929e+00 1.481458799456337164e-07
3.612537527199123133e+00 4.841806577633346434e-08
3.635061914555887341e+00 4.298980804992717403e-07
3.657743025869628628e+00 7.009977539456652146e-07
3.680582939757102157e+00 1.659599843094800057e-06
3.703583770145510101e+00 1.025805345151630545e-06
3.726747667036997225e+00 9.366895994063275611e-07
3.750076817293014120e+00 1.338105820102523902e-06
3.773573445439117879e+00 1.601759033519281175e-06
3.797239814490932730e+00 1.364648126335814800e-06
3.821078226801799538e+00 1.003240787810648460e-06
3.845091024932894896e+00 3.784196426777355669e-07
3.869280592546462394e+00 2.000325650782640459e-06
3.893649355322847061e+00 2.884154183437991190e-06
3.918199781902168777e+00 7.143431472463801891e-07
3.942934384851307872e+00 2.115480215872876161e-06
3.967855721657088441e+00 1.921344690758384852e-07
3.992966395746416985e+00 2.884812241205866843e-06
4.018269057534300082e+00 3.679665330247370170e-07
4.043766405500584860e+00 2.120762955492891508e-08
4.069461187296391280e+00 1.023054267713665716e-06
4.095356200881122177e+00 6.175812820821302140e-07
4.121454295691163061e+00 2.508551370557153914e-07
4.147758373841154089e+00 1.386422818657772489e-07
4.174271391359062555e+00 1.576845709504272582e-06
4.200996359456013352e+00 1.332206593442767010e-06
4.227936345832168819e+00 1.627940709274574077e-06
4.255094476019727345e+00 1.597368894153069204e-06
4.282473934764413848e+00 3.528080812426412908e-09
4.310077967446587444e+00 1.232654810840633873e-06
4.337909881543510870e+00 4.617628567598566976e-07
4.365973048133954926e+00 1.687448799703750042e-07
4.394270903446770404e+00 3.402320614058405932e-06
4.422806950454781116e+00 1.671828398027586084e-07
4.451584760515686412e+00 1.176953375474645369e-06
4.480607975061463577e+00 1.831263725043112668e-06
4.509880307338105077e+00 1.104321778786960493e-06
4.539405544197283149e+00 8.427928653511931560e-07
4.569187547941903738e+00 3.542511799855821010e-07
4.599230258227382961e+00 4.387548779220895970e-06
4.629537694020593008e+00 3.115036845764869444e-08
4.660113955618596648e+00 3.583902813596146491e-07
4.690963226729293112e+00 2.711445965515144869e-06
4.722089776616123835e+00 5.842188038125563491e-07
4.753497962309302771e+00 9.682129837676876457e-07
4.785192230885826348e+00 1.189722680620908313e-06
4.817177121820895636e+00 2.197627280616046003e-07
4.849457269413340654e+00 6.220532018153466155e-08
4.882037405287709575e+00 8.744515923222928631e-07
4.914922360976011539e+00 1.574450515891284789e-07
4.948117070581908195e+00 5.362125016808787278e-07
4.981626573530626878e+00 2.094114327308145480e-07
5.015456017407652567e+00 8.654949081129613387e-07
5.049610660889745972e+00 8.131600581046312889e-07
5.084095876771596245e+00 1.246205572614509398e-06
5.118917155092026050e+00 5.502103248309146635e-07
5.154080106363324809e+00 2.083495430020517449e-07
5.189590464907923639e+00 8.581854296897106320e-07
5.225454092306433651e+00 3.058432913726261802e-06
5.261676980961550676e+00 7.458766513698103832e-07
5.298265257782244220e+00 1.273873397544309035e-06
5.335225187993163587e+00 1.474428131990208089e-07
5.372563179074077766e+00 5.344796213878513115e-07
5.410285784834729661e+00 2.659848918565640268e-06
5.448399709630405319e+00 9.781885275966375176e-07
5.486911812724086346e+00 2.587596332098015521e-07
5.525829112800970222e+00 1.206370578403401772e-06
5.565158792641854646e+00 2.495043819024232835e-06
5.604908203961667112e+00 5.929596377201682606e-07
5.645084872420248701e+00 2.415171956621611746e-07
5.685696502812371378e+00 3.609438394187735169e-07
5.726750984444712422e+00 2.343677079505043896e-06
5.768256396707492684e+00 4.768202382251182432e-07
5.810221014849253685e+00 7.693924006144956332e-06
5.852653315963272540e+00 2.041602272077397901e-06
5.895561985194872179e+00 2.369476946779207577e-06
5.938955922179146363e+00 4.154542937355584216e-07
5.982844247719065756e+00 4.829125109735936725e-07
6.027236310714632950e+00 9.385695922400313713e-07
6.072141695354100754e+00 3.734815807581639385e-07
6.117570228578833813e+00 3.141024074228878844e-06
6.163531987834188541e+00 4.397385677931184353e-08
6.210037309119105231e+00 6.105036175653649642e-07
6.257096795348075169e+00 1.630452930254536398e-06
6.304721325039668756e+00 1.684086668449079740e-06
6.352922061346506943e+00 3.852778176824137873e-06
6.401710461442654321e+00 1.053083308995107157e-06
6.451098286284771888e+00 1.319576791090904444e-06
6.501097610764786872e+00 2.574037392537475812e-06
6.551720834272277472e+00 2.873705650964676577e-06
6.602980691686179959e+00 6.341754851174497060e-07
6.654890264816202716e+00 1.704613312921895373e-07
6.707462994315653404e+00 1.087387416398395218e-08
6.760712692088343800e+00 1.746804466111286840e-06
6.814653554213885300e+00 2.362484823577969902e-06
6.869300174416541616e+00 4.609429214515901679e-07
6.924667558104775189e+00 1.100720900133077672e-06
6.980771137009639027e+00 6.196806842098488067e-07
7.037626784452278628e+00 6.672562144758581714e-07
7.095250831272059244e+00 4.702580403855542709e-07
7.153660082449184721e+00 1.872526103834114211e-06
7.212871834457117437e+00 2.686454460106852363e-06
7.272903893382699714e+00 2.375795516634102859e-07
7.333774593853726209e+00 2.774548012099550473e-07
7.395502818816384050e+00 2.995246162996424450e-07
7.458108020207268929e+00 6.661282804337125839e-07
7.521610240567749628e+00 7.549791611344462329e-07
7.586030135650939421e+00 1.487355990187918664e-06
7.651388998075133507e+00 1.117666440830457074e-07
7.717708782080382690e+00 1.167942273228622029e-06
7.785012129448951157e+00 3.535485754260816121e-07
7.853322396653874549e+00 1.211009387353555777e-06
7.922663683303971638e+00 2.780503677207413799e-07
7.993060861958362295e+00 9.690092429396032948e-07
8.064539609387720631e+00 2.718215848070371997e-08
8.137126439365120589e+00 2.133956977187254763e-06
8.210848737074378789e+00 1.993421787538674192e-06
8.285734795229668492e+00 7.459971730379074228e-07
8.361813852006719117e+00 1.806491410836802011e-06
8.439116130892415413e+00 1.087770840397821394e-06
8.517672882566811765e+00 8.839713312503662147e-08
8.597516428939853128e+00 8.004691692858152508e-07
8.678680209472870999e+00 4.761609519835780732e-06
8.761198829924738973e+00 9.686260078582628370e-07
8.845108113671690475e+00 5.809674901620834439e-06
8.930445155761116638e+00 2.868004286871780698e-06
9.017248379870389741e+00 1.332107968237054898e-07
9.105557598354891979e+00 8.355246392151082519e-08
9.195414075582201363e+00 2.352518360812631582e-06
9.286860594764410948e+00 3.111681622757253208e-06
9.379941528515811200e+00 1.781432598126327856e-06
9.474702913380864899e+00 8.285528661912893794e-07
9.571192528595130256e+00 4.492519486264421172e-06
9.669459979362780899e+00 1.552235062650001082e-06
9.769556784955327089e+00 6.066412661131947545e-07
9.871536471960840942e+00 3.876544902600327511e-07
9.975454673037942754e+00 2.151374876756534021e-07
1.008136923155793063e+01 1.259258563148952110e-06
1.018934031254830330e+01 4.574146035906094209e-06
1.029943052038522566e+01 9.098753285446189298e-07
1.041170502371859463e+01 1.408706572862009627e-06
1.052623168815380517e+01 2.967500558733729667e-07
1.064308121725768252e+01 1.532611170038221534e-06
1.076232730250476877e+01 3.750576115728713457e-07
1.088404678283179194e+01 2.289290980554268862e-06
1.100831981452695096e+01 7.654519677155994942e-06
1.113523005224294415e+01 4.959716742251091150e-07
1.126486484199331350e+01 3.567587178205935963e-06
1.139731542706779699e+01 3.337307999310801070e-07
1.153267716788676189e+01 2.185544458974514575e-06
1.167104977690866718e+01 3.986178970759647734e-07
1.181253756980620828e+01 2.258898757290009816e-06
1.195724973424156268e+01 3.216662410568923086e-07
1.210530061769597765e+01 1.387062570265742809e-06
1.225681003594877438e+01 5.854030015722303447e-06
1.241190360395464154e+01 2.392827981213328584e-07
1.257071309104042101e+01 9.638839968535556990e-07
1.273337680253192516e+01 3.153801402297984908e-06
1.290003999013476133e+01 8.695445081188305750e-06
1.307085529362815102e+01 8.322159547587673604e-07
1.324598321669588152e+01 3.300952225552381577e-06
1.342559264001181063e+01 1.388345097561995683e-06
1.360986137502873916e+01 5.673123466954827359e-06
1.379897676228727654e+01 3.593835895021805683e-06
1.399313631847826045e+01 2.528625248196495893e-06
1.419254843695589230e+01 2.478264491450844824e-06
1.439743314692606369e+01 3.988696783767352034e-06
1.460802293712368716e+01 5.006095839836877936e-07
1.482456365046278535e+01 5.350912036313601160e-06
1.504731545689699779e+01 6.117220162263851331e-06
1.527655391258613626e+01 1.148383391374989071e-05
1.551257111443440273e+01 1.365136902408837491e-06
1.575567696017295916e+01 8.022342212692925109e-06
1.600620052541652782e+01 1.302120030462320977e-06
1.626449157056262607e+01 2.021716277323727650e-06
1.653092219204418001e+01 6.925940500909801475e-06
1.680588863433074565e+01 4.698133497903632353e-07
1.708981328123576660e+01 2.032314851047515274e-05
1.738314684757837725e+01 1.293419572455283037e-05
1.768637079511793431e+01 1.027195993701058782e-05
1.800000000000201084e+01 1.617919111888259499e-06
