0.000000000000000000e+00 -1.006572401933644306e-01
1.249999999999917566e-01 -9.972115190037117438e-02
2.499999999999835132e-01 -9.881208374934868921e-02
3.749999999999752420e-01 -9.792984166619972397e-02
4.999999999999670264e-01 -9.707349500201933878e-02
6.249999999999588107e-01 -9.624225747532777486e-02
7.499999999999504841e-01 -9.543538310154625615e-02
8.749999999999422684e-01 -9.465215540629501323e-02
9.999999999999340528e-01 -9.389188453450053595e-02
1.124999999999925837e+00 -9.315390575912613214e-02
1.249999999999917621e+00 -9.243757836700422503e-02
1.374999999999909406e+00 -9.174228468713518936e-02
1.499999999999900968e+00 -9.106742919400073744e-02
1.624999999999892752e+00 -9.041243766044076979e-02
1.749999999999884537e+00 -8.977675635163417933e-02
1.874999999999876321e+00 -8.915985125423386837e-02
1.999999999999868106e+00 -8.856120733784694776e-02
2.124999999999859668e+00 -8.798032784677400908e-02
2.249999999999851674e+00 -8.741673362009927395e-02
2.374999999999843237e+00 -8.686996243902189718e-02
2.499999999999835243e+00 -8.633956840109380249e-02
2.624999999999826805e+00 -8.582512131814695744e-02
2.749999999999818812e+00 -8.532620613877572868e-02
2.874999999999810374e+00 -8.484242239328593227e-02
2.999999999999801936e+00 -8.437338366100050058e-02
3.124999999999793943e+00 -8.391871705806430715e-02
3.249999999999785505e+00 -8.347806274536945237e-02
3.374999999999777511e+00 -8.305107345647089190e-02
3.499999999999769074e+00 -8.263741404305124938e-02
3.624999999999761080e+00 -8.223676103882454624e-02
3.749999999999752642e+00 -8.184880224021368056e-02
3.874999999999744649e+00 -8.147323630371061665e-02
3.999999999999736211e+00 -8.110977235868299662e-02
4.124999999999728217e+00 -8.075812963487888352e-02
4.249999999999719336e+00 -8.041803710507017255e-02
4.374999999999711342e+00 -8.008923314140531380e-02
4.499999999999703348e+00 -7.977146518448441359e-02
4.624999999999695355e+00 -7.946448942629419365e-02
4.749999999999686473e+00 -7.916807050427027148e-02
4.874999999999678479e+00 -7.888198120834738480e-02
4.999999999999670486e+00 -7.860600219804536604e-02
5.124999999999661604e+00 -7.833992173151155258e-02
5.249999999999653610e+00 -7.808353540385687408e-02
5.374999999999645617e+00 -7.783664589733335637e-02
5.499999999999637623e+00 -7.759906273895400552e-02
5.624999999999628741e+00 -7.737060206914009308e-02
5.749999999999620748e+00 -7.715108641789175659e-02
5.874999999999612754e+00 -7.694034449049513835e-02
5.999999999999603872e+00 -7.673821096093497163e-02
6.124999999999595879e+00 -7.654452627332092307e-02
6.249999999999587885e+00 -7.635913645111835901e-02
6.374999999999579892e+00 -7.618189291301097343e-02
6.499999999999571010e+00 -7.601265229491066533e-02
6.624999999999563016e+00 -7.585127628288718116e-02
6.749999999999555023e+00 -7.569763144694985346e-02
6.874999999999547029e+00 -7.555158908428710740e-02
6.999999999999538147e+00 -7.541302506762209701e-02
7.124999999999530154e+00 -7.528181970021119440e-02
7.249999999999522160e+00 -7.515785757527898570e-02
7.374999999999513278e+00 -7.504102743996077240e-02
7.499999999999505285e+00 -7.493122206702818033e-02
7.624999999999497291e+00 -7.482833812895589576e-02
7.749999999999489297e+00 -7.473227607798854644e-02
7.874999999999480416e+00 -7.464294003048060899e-02
7.999999999999472422e+00 -7.456023765498465128e-02
8.124999999999463540e+00 -7.448408006564122275e-02
8.249999999999456435e+00 -7.441438171876191277e-02
8.374999999999447553e+00 -7.435106031367461066e-02
8.499999999999438671e+00 -7.429403669697626222e-02
8.624999999999431566e+00 -7.424323477082817035e-02
8.749999999999422684e+00 -7.419858140407947777e-02
8.874999999999415579e+00 -7.416000634751718223e-02
8.999999999999406697e+00 -7.412744215151667593e-02
9.124999999999397815e+00 -7.410082408690049638e-02
9.249999999999390710e+00 -7.408009007048593775e-02
9.374999999999381828e+00 -7.406518059014532973e-02
9.499999999999372946e+00 -7.405603863561871503e-02
9.624999999999365841e+00 -7.405260963032184174e-02
9.749999999999356959e+00 -7.405484136674650442e-02
9.874999999999348077e+00 -7.406268394338855199e-02
9.999999999999340972e+00 -7.407608970477130850e-02
1.012499999999933209e+01 -7.409501318316480400e-02
1.024999999999932321e+01 -7.411941104308611417e-02
1.037499999999931610e+01 -7.414924202731965064e-02
1.049999999999930722e+01 -7.418446690600205562e-02
1.062499999999930012e+01 -7.422504842631799660e-02
1.074999999999929123e+01 -7.427095126494037691e-02
1.087499999999928235e+01 -7.432214198198672239e-02
1.099999999999927525e+01 -7.437858897739862973e-02
1.112499999999926636e+01 -7.444026244818874316e-02
1.124999999999925748e+01 -7.450713434785827260e-02
1.137499999999925038e+01 -7.457917834678567948e-02
1.149999999999924150e+01 -7.465636979502715542e-02
1.162499999999923261e+01 -7.473868568654262745e-02
1.174999999999922551e+01 -7.482610462347016878e-02
1.187499999999921663e+01 -7.491860678356809800e-02
1.199999999999920774e+01 -7.501617388807946263e-02
1.212499999999920064e+01 -7.511878917101910691e-02
1.224999999999919176e+01 -7.522643734978218255e-02
1.237499999999918465e+01 -7.533910459693976547e-02
1.249999999999917577e+01 -7.545677851291232585e-02
1.262499999999916689e+01 -7.557944810022931836e-02
1.274999999999915978e+01 -7.570710373860134457e-02
1.287499999999915090e+01 -7.583973716191794168e-02
1.299999999999914202e+01 -7.597734143455819877e-02
1.312499999999913491e+01 -7.611991092911796208e-02
1.324999999999912603e+01 -7.626744130745877204e-02
1.337499999999911715e+01 -7.641992949937592705e-02
1.349999999999911005e+01 -7.657737368405675982e-02
1.362499999999910116e+01 -7.673977327212810895e-02
1.374999999999909406e+01 -7.690712888817285986e-02
1.387499999999908518e+01 -7.707944235465147287e-02
1.399999999999907629e+01 -7.725671667592493019e-02
1.412499999999906919e+01 -7.743895602372230513e-02
1.424999999999906031e+01 -7.762616572223085543e-02
1.437499999999905143e+01 -7.781835223626221154e-02
1.449999999999904432e+01 -7.801552315804899385e-02
1.462499999999903544e+01 -7.821768719387811597e-02
1.474999999999902656e+01 -7.842485415461425413e-02
1.487499999999901945e+01 -7.863703494453522236e-02
1.499999999999901057e+01 -7.885424155088233134e-02
1.512499999999900169e+01 -7.907648703503711296e-02
1.524999999999899458e+01 -7.930378552304573336e-02
1.537499999999898570e+01 -7.953615219813114923e-02
1.549999999999897859e+01 -7.977360329443888842e-02
1.562499999999896971e+01 -8.001615608563228399e-02
1.574999999999896083e+01 -8.026382888295224838e-02
1.587499999999895373e+01 -8.051664102739319873e-02
1.599999999999894484e+01 -8.077461288430504149e-02
1.612499999999893774e+01 -8.103776583828753433e-02
1.624999999999892708e+01 -8.130612228904238181e-02
1.637499999999891998e+01 -8.157970564729338792e-02
1.649999999999891287e+01 -8.185854033165701482e-02
1.662499999999890221e+01 -8.214265176534341073e-02
1.674999999999889511e+01 -8.243206637382177737e-02
1.687499999999888800e+01 -8.272681158214501007e-02
1.699999999999887734e+01 -8.302691581381821395e-02
1.712499999999887024e+01 -8.333240848979039939e-02
1.724999999999886313e+01 -8.364332002732038918e-02
1.737499999999885247e+01 -8.395968183946278529e-02
1.749999999999884537e+01 -8.428152633514041092e-02
1.762499999999883826e+01 -8.460888691992524135e-02
1.774999999999883116e+01 -8.494179799701589983e-02
1.787499999999882050e+01 -8.528029496827083111e-02
1.799999999999881339e+01 -8.562441423552341613e-02
1.812499999999880629e+01 -8.597419320247062791e-02
1.824999999999879563e+01 -8.632967027798243986e-02
1.837499999999878852e+01 -8.669088487792608877e-02
1.849999999999878142e+01 -8.705787742896198278e-02
1.862499999999877076e+01 -8.743068937202991275e-02
1.874999999999876366e+01 -8.780936316571158473e-02
1.887499999999875655e+01 -8.819394229098448390e-02
1.899999999999874589e+01 -8.858447125549850920e-02
1.912499999999873879e+01 -8.898099559907574063e-02
1.924999999999873168e+01 -8.938356189818852382e-02
1.937499999999872102e+01 -8.979221777170259822e-02
1.949999999999871392e+01 -9.020701188836216522e-02
1.962499999999870681e+01 -9.062799397139559288e-02
1.974999999999869615e+01 -9.105521480565353931e-02
1.987499999999868905e+01 -9.148872624536735776e-02
1.999999999999868194e+01 -9.192858122051689174e-02
2.012499999999867129e+01 -9.237483374549299020e-02
2.024999999999866418e+01 -9.282753892671208318e-02
2.037499999999865707e+01 -9.328675297126087784e-02
2.049999999999864642e+01 -9.375253319546339448e-02
2.062499999999863931e+01 -9.422493803443099392e-02
2.074999999999863221e+01 -9.470402705014713263e-02
2.087499999999862510e+01 -9.518986094314968449e-02
2.099999999999861444e+01 -9.568250156202445789e-02
2.112499999999860734e+01 -9.618201191387243387e-02
2.124999999999860023e+01 -9.668845617427107575e-02
2.137499999999858957e+01 -9.720189969928150209e-02
2.149999999999858247e+01 -9.772240903688989011e-02
2.162499999999857536e+01 -9.825005194018820998e-02
2.174999999999856470e+01 -9.878489737888174194e-02
2.187499999999855760e+01 -9.932701554739142846e-02
2.199999999999855049e+01 -9.987647788603642995e-02
2.212499999999853983e+01 -1.004333570904261674e-01
2.224999999999853273e+01 -1.009977271223023165e-01
2.237499999999852562e+01 -1.015696632270723376e-01
2.249999999999851497e+01 -1.021492419483696623e-01
2.262499999999850786e+01 -1.027365411421706232e-01
2.274999999999850075e+01 -1.033316399914513961e-01
2.287499999999849010e+01 -1.039346190219078148e-01
2.299999999999848299e+01 -1.045455601184067107e-01
2.312499999999847589e+01 -1.051645465412098246e-01
2.324999999999846523e+01 -1.057916629428520272e-01
2.337499999999845812e+01 -1.064269953855926376e-01
2.349999999999845102e+01 -1.070706313579187774e-01
2.362499999999844036e+01 -1.077226597932415819e-01
2.374999999999843325e+01 -1.083831710885995170e-01
2.387499999999842615e+01 -1.090522571231404281e-01
2.399999999999841549e+01 -1.097300112773412217e-01
2.412499999999840838e+01 -1.104165284527893753e-01
2.424999999999840128e+01 -1.111119050920412188e-01
2.437499999999839417e+01 -1.118162391998914762e-01
2.449999999999838352e+01 -1.125296303646913798e-01
2.462499999999837641e+01 -1.132521797774314609e-01
2.474999999999836930e+01 -1.139839902565614738e-01
2.487499999999835865e+01 -1.147251662690006446e-01
2.499999999999835154e+01 -1.154758139537477302e-01
2.512499999999834444e+01 -1.162360411445541586e-01
2.524999999999833378e+01 -1.170059573945280706e-01
2.537499999999832667e+01 -1.177856739998771607e-01
2.549999999999831957e+01 -1.185753040255995150e-01
2.562499999999830891e+01 -1.193749623302892693e-01
2.574999999999830180e+01 -1.201847655936308934e-01
2.587499999999829470e+01 -1.210048323400009784e-01
2.599999999999828404e+01 -1.218352829680487970e-01
2.612499999999827693e+01 -1.226762397781245295e-01
2.624999999999826983e+01 -1.235278269998212330e-01
2.637499999999825917e+01 -1.243901708211014867e-01
2.649999999999825206e+01 -1.252633994176076682e-01
2.662499999999824496e+01 -1.261476429827917967e-01
2.674999999999823430e+01 -1.270430337589549263e-01
2.687499999999822720e+01 -1.279497060682609488e-01
2.699999999999822009e+01 -1.288677963439104901e-01
2.712499999999820943e+01 -1.297974431638611592e-01
2.724999999999820233e+01 -1.307387872838717269e-01
2.737499999999819522e+01 -1.316919716713388366e-01
2.749999999999818812e+01 -1.326571415401660015e-01
2.762499999999817746e+01 -1.336344443856123387e-01
2.774999999999817035e+01 -1.346240300202197204e-01
2.787499999999816325e+01 -1.356260506113176056e-01
2.799999999999815259e+01 -1.366406607194526335e-01
2.812499999999814548e+01 -1.376680173368301507e-01
2.824999999999813838e+01 -1.387082799223635643e-01
2.837499999999812772e+01 -1.397616104448213825e-01
2.849999999999812061e+01 -1.408281734288178710e-01
2.862499999999811351e+01 -1.419081359864788339e-01
2.874999999999810285e+01 -1.430016678653477369e-01
2.887499999999809575e+01 -1.441089414927770873e-01
2.899999999999808864e+01 -1.452301320188593703e-01
2.912499999999807798e+01 -1.463654173617945364e-01
2.924999999999807088e+01 -1.475149782530777998e-01
2.937499999999806377e+01 -1.486789982858779391e-01
2.949999999999805311e+01 -1.498576639632036578e-01
2.962499999999804601e+01 -1.510511647479814146e-01
2.974999999999803890e+01 -1.522596931109682084e-01
2.987499999999802824e+01 -1.534834445837771066e-01
2.999999999999802114e+01 -1.547226178108583317e-01
3.012499999999801403e+01 -1.559774146031772113e-01
3.024999999999800337e+01 -1.572480399927563832e-01
3.037499999999799627e+01 -1.585347022888861646e-01
3.049999999999798916e+01 -1.598376131343260398e-01
3.062499999999798206e+01 -1.611569875646788885e-01
3.074999999999797140e+01 -1.624930440672801568e-01
3.087499999999796430e+01 -1.638460046411870374e-01
3.099999999999795719e+01 -1.652160948619917913e-01
3.112499999999794653e+01 -1.666035439431111653e-01
3.124999999999793943e+01 -1.680085848008451288e-01
3.137499999999793232e+01 -1.694314541217508130e-01
3.149999999999792166e+01 -1.708723924298913843e-01
3.162499999999791456e+01 -1.723316441564698986e-01
3.174999999999790745e+01 -1.738094577101785276e-01
3.187499999999789679e+01 -1.753060855503122406e-01
3.199999999999788969e+01 -1.768217842610027013e-01
3.212499999999788258e+01 -1.783568146261234610e-01
3.224999999999787548e+01 -1.799114417080723283e-01
3.237499999999786837e+01 -1.814859349259319021e-01
3.249999999999785416e+01 -1.830805681366348692e-01
3.262499999999784706e+01 -1.846956197184984050e-01
3.274999999999783995e+01 -1.863313726564149730e-01
3.287499999999783284e+01 -1.879881146285479199e-01
3.299999999999782574e+01 -1.896661380947241571e-01
3.312499999999781863e+01 -1.913657403874722274e-01
3.324999999999780442e+01 -1.930872238052974699e-01
3.337499999999779732e+01 -1.948308957086765103e-01
3.349999999999779021e+01 -1.965970686173427184e-01
3.362499999999778311e+01 -1.983860603093146047e-01
3.374999999999777600e+01 -2.001981939243487885e-01
3.387499999999776890e+01 -2.020337980683979406e-01
3.399999999999775468e+01 -2.038932069214315357e-01
3.412499999999774758e+01 -2.057767603471099549e-01
3.424999999999774047e+01 -2.076848040056298306e-01
3.437499999999773337e+01 -2.096176894688269177e-01
3.449999999999772626e+01 -2.115757743388279599e-01
3.462499999999771916e+01 -2.135594223694924354e-01
3.474999999999770495e+01 -2.155690035939498705e-01
3.487499999999769784e+01 -2.176048944443060851e-01
3.499999999999769074e+01 -2.196674778901834268e-01
3.512499999999768363e+01 -2.217571435704885907e-01
3.524999999999767653e+01 -2.238742879299659982e-01
3.537499999999766942e+01 -2.260193143616220368e-01
3.549999999999766231e+01 -2.281926333507904303e-01
3.562499999999764810e+01 -2.303946626246418106e-01
3.574999999999764100e+01 -2.326258273060824444e-01
3.587499999999763389e+01 -2.348865600668699205e-01
3.599999999999762679e+01 -2.371773012915159295e-01
3.612499999999761968e+01 -2.394984992434854854e-01
3.624999999999761258e+01 -2.418506102323657592e-01
3.637499999999759837e+01 -2.442340987898021232e-01
3.649999999999759126e+01 -2.466494378483735650e-01
3.662499999999758415e+01 -2.490971089262914440e-01
3.674999999999757705e+01 -2.515776023164693620e-01
3.687499999999756994e+01 -2.540914172815080252e-01
3.699999999999756284e+01 -2.566390622538256006e-01
3.712499999999754863e+01 -2.592210550411687686e-01
3.724999999999754152e+01 -2.618379230409420000e-01
3.737499999999753442e+01 -2.644902034549678760e-01
3.749999999999752731e+01 -2.671784435150019732e-01
3.762499999999752021e+01 -2.699032007155306445e-01
3.774999999999751310e+01 -2.726650430502092215e-01
3.787499999999749889e+01 -2.754645492569303133e-01
3.799999999999749178e+01 -2.783023090700446067e-01
3.812499999999748468e+01 -2.811789234809268789e-01
3.824999999999747757e+01 -2.840950050058372867e-01
3.837499999999747047e+01 -2.870511779621127135e-01
3.849999999999746336e+01 -2.900480787529945981e-01
3.862499999999745626e+01 -2.930863561615574819e-01
3.874999999999744205e+01 -2.961666716524018472e-01
3.887499999999743494e+01 -2.992896996862723924e-01
3.899999999999742784e+01 -3.024561280418772702e-01
3.912499999999742073e+01 -3.056666581481625733e-01
3.924999999999741362e+01 -3.089220054288082662e-01
3.937499999999740652e+01 -3.122228996572769533e-01
3.949999999999739231e+01 -3.155700853242875970e-01
3.962499999999738520e+01 -3.189643220164035675e-01
3.974999999999737810e+01 -3.224063848077763916e-01
3.987499999999737099e+01 -3.258970646646379143e-01
3.999999999999736389e+01 -3.294371688666456466e-01
4.012499999999735678e+01 -3.330275214381753779e-01
4.024999999999734257e+01 -3.366689635977164752e-01
4.037499999999733546e+01 -3.403623542217241171e-01
4.049999999999732836e+01 -3.441085703253162764e-01
4.062499999999732125e+01 -3.479085075599280819e-01
4.074999999999731415e+01 -3.517630807293959938e-01
4.087499999999730704e+01 -3.556732243238559521e-01
4.099999999999729283e+01 -3.596398930739514443e-01
4.112499999999728573e+01 -3.636640625223691581e-01
4.124999999999727862e+01 -3.677467296243204231e-01
4.137499999999727152e+01 -3.718889133612808262e-01
4.149999999999726441e+01 -3.760916553829222742e-01
4.162499999999725731e+01 -3.803560206731991800e-01
4.174999999999725020e+01 -3.846830982408019906e-01
4.187499999999723599e+01 -3.890740018373395337e-01
4.199999999999722888e+01 -3.935298707025275400e-01
4.212499999999722178e+01 -3.980518703396611624e-01
4.224999999999721467e+01 -4.026411933209604888e-01
4.237499999999720757e+01 -4.072990601263505872e-01
4.249999999999720046e+01 -4.120267200138559849e-01
4.262499999999718625e+01 -4.168254519276976544e-01
4.274999999999717915e+01 -4.216965654429776778e-01
4.287499999999717204e+01 -4.266414017473535436e-01
4.299999999999716493e+01 -4.316613346687769859e-01
4.312499999999715783e+01 -4.367577717370996759e-01
4.324999999999715072e+01 -4.419321553005404746e-01
4.337499999999713651e+01 -4.471859636855891607e-01
4.349999999999712941e+01 -4.525207124051676133e-01
4.362499999999712230e+01 -4.579379554197793301e-01
4.374999999999711520e+01 -4.634392864533350975e-01
4.387499999999710809e+01 -4.690263403756576577e-01
4.399999999999710099e+01 -4.747007946286061486e-01
4.412499999999708677e+01 -4.804643707298785205e-01
4.424999999999707967e+01 -4.863188358412520174e-01
4.437499999999707256e+01 -4.922660044059236073e-01
4.449999999999706546e+01 -4.983077398615751163e-01
4.462499999999705835e+01 -5.044459564319728750e-01
4.474999999999705125e+01 -5.106826210015186218e-01
4.487499999999704414e+01 -5.170197550784420004e-01
4.499999999999702993e+01 -5.234594368475610215e-01
4.512499999999702283e+01 -5.300038033248294367e-01
4.524999999999701572e+01 -5.366550526080913208e-01
4.537499999999700862e+01 -5.434154462408475883e-01
4.549999999999700151e+01 -5.502873116883350013e-01
4.562499999999699440e+01 -5.572730449350116189e-01
4.574999999999698019e+01 -5.643751132075208732e-01
4.587499999999697309e+01 -5.715960578330120390e-01
4.599999999999696598e+01 -5.789384972382841665e-01
4.612499999999695888e+01 -5.864051300999276739e-01
4.624999999999695177e+01 -5.939987386532009639e-01
4.637499999999694467e+01 -6.017221921643750582e-01
4.649999999999693046e+01 -6.095784505844292767e-01
4.662499999999692335e+01 -6.175705683872836360e-01
4.674999999999691624e+01 -6.257016986056067598e-01
4.687499999999690914e+01 -6.339750970763393667e-01
4.699999999999690203e+01 -6.423941269069554094e-01
4.712499999999689493e+01 -6.509622631765051848e-01
4.724999999999688072e+01 -6.596830978830355852e-01
4.737499999999687361e+01 -6.685603451544792630e-01
4.749999999999686651e+01 -6.775978467377172798e-01
4.762499999999685940e+01 -6.867995777795232737e-01
4.774999999999685230e+01 -6.961696529204618455e-01
4.787499999999684519e+01 -7.057123327195120588e-01
4.799999999999683098e+01 -7.154320304274505160e-01
4.812499999999682387e+01 -7.253333191299350391e-01
4.824999999999681677e+01 -7.354209392849490046e-01
4.837499999999680966e+01 -7.456998066761653110e-01
4.849999999999680256e+01 -7.561750208075947999e-01
4.862499999999679545e+01 -7.668518737657701312e-01
4.874999999999678835e+01 -7.777358595770319516e-01
4.887499999999677414e+01 -7.888326840892294634e-01
4.899999999999676703e+01 -8.001482754082041016e-01
4.912499999999675993e+01 -8.116887949096402988e-01
4.924999999999675282e+01 -8.234606488467967056e-01
4.937499999999674571e+01 -8.354705005250626648e-01
4.949999999999673861e+01 -8.477252828574266541e-01
4.962499999999672440e+01 -8.602322103430160016e-01
4.974999999999671729e+01 -8.729987841037853968e-01
4.987499999999671019e+01 -8.860327054104598643e-01
4.999999999999670308e+01 -8.993427598054787309e-01
