0.000000000000000000e+00 -5.012134950399578237e-01
2.500000000000000555e-01 -3.639748422206661171e-01
5.000000000000001110e-01 -2.744458535163285529e-01
7.500000000000002220e-01 -2.135186754075437121e-01
1.000000000000000222e+00 -1.706803311311106408e-01
1.250000000000000222e+00 -1.397283948550470667e-01
1.500000000000000444e+00 -1.168269335266095832e-01
1.750000000000000444e+00 -9.951758108275846060e-02
2.000000000000000444e+00 -8.617886152924730814e-02
2.250000000000000444e+00 -7.571505095102462612e-02
2.500000000000000444e+00 -6.736995689249308805e-02
2.750000000000000444e+00 -6.061186967795852143e-02
3.000000000000000888e+00 -5.506057036923626968e-02
3.250000000000000888e+00 -5.043995093108580990e-02
3.500000000000000888e+00 -4.654663665499995245e-02
3.750000000000000888e+00 -4.322883145467741606e-02
4.000000000000000888e+00 -4.037182344651477767e-02
4.250000000000000888e+00 -3.788790670640242164e-02
4.500000000000000888e+00 -3.570927817714680819e-02
4.750000000000000888e+00 -3.378296825511033219e-02
5.000000000000000888e+00 -3.206718022978483074e-02
5.250000000000000888e+00 -3.052861789615966825e-02
5.500000000000000888e+00 -2.914051432915786347e-02
5.750000000000000888e+00 -2.788116358491684113e-02
6.000000000000001776e+00 -2.673281683211361365e-02
6.250000000000001776e+00 -2.568084510846049134e-02
6.500000000000001776e+00 -2.471309893271643465e-02
6.750000000000001776e+00 -2.381941452488433100e-02
7.000000000000001776e+00 -2.299123011875910463e-02
7.250000000000001776e+00 -2.222128560133021860e-02
7.500000000000001776e+00 -2.150338569940322964e-02
7.750000000000001776e+00 -2.083221198184283252e-02
8.000000000000001776e+00 -2.020317262332908814e-02
8.250000000000001776e+00 -1.961228157540109013e-02
8.500000000000001776e+00 -1.905606078746477361e-02
8.750000000000001776e+00 -1.853146060792960556e-02
9.000000000000001776e+00 -1.803579461124153738e-02
9.250000000000001776e+00 -1.756668593877588891e-02
9.500000000000001776e+00 -1.712202288137216338e-02
9.750000000000001776e+00 -1.669992192033270539e-02
1.000000000000000178e+01 -1.629869681970082945e-02
1.025000000000000178e+01 -1.591683265336131525e-02
1.050000000000000178e+01 -1.555296387653956440e-02
1.075000000000000178e+01 -1.520585572794936127e-02
1.100000000000000178e+01 -1.487438838764547702e-02
1.125000000000000178e+01 -1.455754342523863688e-02
1.150000000000000178e+01 -1.425439216009306495e-02
1.175000000000000178e+01 -1.396408562445249774e-02
1.200000000000000355e+01 -1.368584587595994898e-02
1.225000000000000355e+01 -1.341895845069786437e-02
1.250000000000000355e+01 -1.316276578395744051e-02
1.275000000000000355e+01 -1.291666145522089339e-02
1.300000000000000355e+01 -1.268008513768894771e-02
1.325000000000000355e+01 -1.245251815219276456e-02
1.350000000000000355e+01 -1.223347954134614349e-02
1.375000000000000355e+01 -1.202252259299583376e-02
1.400000000000000355e+01 -1.181923175294887288e-02
1.425000000000000355e+01 -1.162321987602352169e-02
1.450000000000000355e+01 -1.143412577202522137e-02
1.475000000000000355e+01 -1.125161200956490901e-02
1.500000000000000355e+01 -1.107536294593487389e-02
1.525000000000000355e+01 -1.090508295571607916e-02
1.550000000000000355e+01 -1.074049483455409570e-02
1.575000000000000355e+01 -1.058133835772857509e-02
1.600000000000000355e+01 -1.042736897584802501e-02
1.625000000000000355e+01 -1.027835663230754551e-02
1.650000000000000355e+01 -1.013408468911756836e-02
1.675000000000000355e+01 -9.994348949398934590e-03
1.700000000000000355e+01 -9.858956766289428061e-03
1.725000000000000355e+01 -9.727726229255570164e-03
1.750000000000000355e+01 -9.600485419881224156e-03
1.775000000000000355e+01 -9.477071730138156638e-03
1.800000000000000355e+01 -9.357331236953246936e-03
1.825000000000000355e+01 -9.241118127591593095e-03
1.850000000000000355e+01 -9.128294170988988931e-03
1.875000000000000355e+01 -9.018728230703508542e-03
1.900000000000000355e+01 -8.912295815626403855e-03
1.925000000000000355e+01 -8.808878665004581804e-03
1.950000000000000355e+01 -8.708364364689781534e-03
1.975000000000000355e+01 -8.610645991849217445e-03
2.000000000000000355e+01 -8.515621785654646503e-03
2.025000000000000355e+01 -8.423194841716543854e-03
2.050000000000000355e+01 -8.333272828251338249e-03
2.075000000000000355e+01 -8.245767722166189029e-03
2.100000000000000355e+01 -8.160595563420480064e-03
2.125000000000000355e+01 -8.077676226179188873e-03
2.150000000000000355e+01 -7.996933205412060097e-03
2.175000000000000355e+01 -7.918293417716959839e-03
2.200000000000000355e+01 -7.841687015256993548e-03
2.225000000000000355e+01 -7.767047211800914494e-03
2.250000000000000355e+01 -7.694310119945792226e-03
2.275000000000000355e+01 -7.623414598681856058e-03
2.300000000000000355e+01 -7.554302110531710239e-03
2.325000000000000355e+01 -7.486916587562113257e-03
2.350000000000000355e+01 -7.421204305625196847e-03
2.375000000000000355e+01 -7.357113766240042096e-03
2.400000000000000711e+01 -7.294595585573663415e-03
2.425000000000000711e+01 -7.233602390024644960e-03
2.450000000000000711e+01 -7.174088717952533702e-03
2.475000000000000711e+01 -7.116010927132353399e-03
2.500000000000000711e+01 -7.059327107546768156e-03
2.525000000000000711e+01 -7.003996999158342181e-03
2.550000000000000711e+01 -6.949981914332051952e-03
2.575000000000000711e+01 -6.897244664602938079e-03
2.600000000000000711e+01 -6.845749491507101443e-03
2.625000000000000711e+01 -6.795462001214843707e-03
2.650000000000000711e+01 -6.746349102724280913e-03
2.675000000000000711e+01 -6.698378949391107021e-03
2.700000000000000711e+01 -6.651520883586540048e-03
2.725000000000000711e+01 -6.605745384290264213e-03
2.750000000000000711e+01 -6.561024017438771283e-03
2.775000000000000711e+01 -6.517329388862218992e-03
2.800000000000000711e+01 -6.474635099654318937e-03
2.825000000000000711e+01 -6.432915703830569334e-03
2.850000000000000711e+01 -6.392146668139994312e-03
2.875000000000000711e+01 -6.352304333904465299e-03
2.900000000000000711e+01 -6.313365880768336338e-03
2.925000000000000711e+01 -6.275309292248709356e-03
2.950000000000000711e+01 -6.238113322983851461e-03
2.975000000000000711e+01 -6.201757467584095157e-03
3.000000000000000711e+01 -6.166221930995484206e-03
3.025000000000000711e+01 -6.131487600292388415e-03
3.050000000000000711e+01 -6.097536017820469681e-03
3.075000000000000711e+01 -6.064349355616383691e-03
3.100000000000000711e+01 -6.031910391035193511e-03
3.125000000000000711e+01 -6.000202483520695323e-03
3.150000000000000711e+01 -5.969209552457886356e-03
3.175000000000000711e+01 -5.938916056050470502e-03
3.200000000000000711e+01 -5.909306971169731026e-03
3.225000000000000711e+01 -5.880367774124385313e-03
3.250000000000000711e+01 -5.852084422303898900e-03
3.275000000000000711e+01 -5.824443336650739732e-03
3.300000000000000711e+01 -5.797431384919443133e-03
3.325000000000000711e+01 -5.771035865682989582e-03
3.350000000000000711e+01 -5.745244493049174450e-03
3.375000000000000711e+01 -5.720045382051803379e-03
3.400000000000000711e+01 -5.695427034683626065e-03
3.425000000000000711e+01 -5.671378326539663721e-03
3.450000000000000711e+01 -5.647888494041493693e-03
3.475000000000000711e+01 -5.624947122214554382e-03
3.500000000000000711e+01 -5.602544132992232778e-03
3.525000000000000711e+01 -5.580669774021784074e-03
3.550000000000000711e+01 -5.559314607948661127e-03
3.575000000000000711e+01 -5.538469502156981653e-03
3.600000000000000711e+01 -5.518125618945149066e-03
3.625000000000000711e+01 -5.498274406116707147e-03
3.650000000000000711e+01 -5.478907587967651871e-03
3.675000000000000711e+01 -5.460017156652377870e-03
3.700000000000000711e+01 -5.441595363911356370e-03
3.725000000000000711e+01 -5.423634713144587748e-03
3.750000000000000711e+01 -5.406127951815737492e-03
3.775000000000000711e+01 -5.389068064172480160e-03
3.800000000000000711e+01 -5.372448264269625434e-03
3.825000000000000711e+01 -5.356261989281968158e-03
3.850000000000000711e+01 -5.340502893094727088e-03
3.875000000000000711e+01 -5.325164840159946240e-03
3.900000000000000711e+01 -5.310241899607863296e-03
3.925000000000000711e+01 -5.295728339602792482e-03
3.950000000000000711e+01 -5.281618621933607122e-03
3.975000000000000711e+01 -5.267907396829442195e-03
4.000000000000000711e+01 -5.254589497991677891e-03
4.025000000000000711e+01 -5.241659937833712674e-03
4.050000000000000711e+01 -5.229113902920512306e-03
4.075000000000000711e+01 -5.216946749600286440e-03
4.100000000000000711e+01 -5.205153999821032079e-03
4.125000000000000711e+01 -5.193731337125074426e-03
4.150000000000000711e+01 -5.182674602815058248e-03
4.175000000000000711e+01 -5.171979792285215892e-03
4.200000000000000711e+01 -5.161643051512003477e-03
4.225000000000000711e+01 -5.151660673698488235e-03
4.250000000000000711e+01 -5.142029096067288890e-03
4.275000000000000711e+01 -5.132744896796907416e-03
4.300000000000000711e+01 -5.123804792096820458e-03
4.325000000000000711e+01 -5.115205633416700440e-03
4.350000000000000711e+01 -5.106944404785571795e-03
4.375000000000000711e+01 -5.099018220276779756e-03
4.400000000000000711e+01 -5.091424321595019488e-03
4.425000000000000711e+01 -5.084160075781698519e-03
4.450000000000000711e+01 -5.077222973035285317e-03
4.475000000000000711e+01 -5.070610624643374920e-03
4.500000000000000711e+01 -5.064320761023409848e-03
4.525000000000000711e+01 -5.058351229869206996e-03
4.550000000000000711e+01 -5.052699994400547054e-03
4.575000000000000711e+01 -5.047365131713319776e-03
4.600000000000000711e+01 -5.042344831227817299e-03
4.625000000000000711e+01 -5.037637393232949866e-03
4.650000000000000711e+01 -5.033241227524284933e-03
4.675000000000000711e+01 -5.029154852134006676e-03
4.700000000000000711e+01 -5.025376892150932792e-03
4.725000000000000711e+01 -5.021906078628951900e-03
4.750000000000000711e+01 -5.018741247582359302e-03
4.775000000000000711e+01 -5.015881339066635691e-03
4.800000000000001421e+01 -5.013325396343408513e-03
4.825000000000001421e+01 -5.011072565128410310e-03
4.850000000000001421e+01 -5.009122092921416622e-03
4.875000000000001421e+01 -5.007473328417184205e-03
4.900000000000001421e+01 -5.006125720996633215e-03
4.925000000000001421e+01 -5.005078820297492737e-03
4.950000000000001421e+01 -5.004332275863871901e-03
4.975000000000001421e+01 -5.003885836874274323e-03
5.000000000000001421e+01 -5.003739351947633467e-03
5.025000000000001421e+01 -5.003892769027143417e-03
5.050000000000001421e+01 -5.004346135341723734e-03
5.075000000000001421e+01 -5.005099597445014301e-03
5.100000000000001421e+01 -5.006153401332051958e-03
5.125000000000001421e+01 -5.007507892633673158e-03
5.150000000000001421e+01 -5.009163516889004325e-03
5.175000000000001421e+01 -5.011120819896380807e-03
5.200000000000001421e+01 -5.013380448143164511e-03
5.225000000000001421e+01 -5.015943149315088209e-03
5.250000000000001421e+01 -5.018809772885794371e-03
5.275000000000001421e+01 -5.021981270787442830e-03
5.300000000000001421e+01 -5.025458698163265056e-03
5.325000000000001421e+01 -5.029243214203124937e-03
5.350000000000001421e+01 -5.033336083063321212e-03
5.375000000000001421e+01 -5.037738674871791202e-03
5.400000000000001421e+01 -5.042452466820272761e-03
5.425000000000001421e+01 -5.047479044344870339e-03
5.450000000000001421e+01 -5.052820102396727783e-03
5.475000000000001421e+01 -5.058477446804616334e-03
5.500000000000001421e+01 -5.064452995731376361e-03
5.525000000000001421e+01 -5.070748781226310994e-03
5.550000000000001421e+01 -5.077366950875754695e-03
5.575000000000001421e+01 -5.084309769554182928e-03
5.600000000000001421e+01 -5.091579621278485845e-03
5.625000000000001421e+01 -5.099179011168001978e-03
5.650000000000001421e+01 -5.107110567513290476e-03
5.675000000000001421e+01 -5.115377043956636019e-03
5.700000000000001421e+01 -5.123981321787552876e-03
5.725000000000001421e+01 -5.132926412356695126e-03
5.750000000000001421e+01 -5.142215459611846305e-03
5.775000000000001421e+01 -5.151851742759769315e-03
5.800000000000001421e+01 -5.161838679058007064e-03
5.825000000000001421e+01 -5.172179826740909078e-03
5.850000000000001421e+01 -5.182878888084406499e-03
5.875000000000001421e+01 -5.193939712614286872e-03
5.900000000000001421e+01 -5.205366300463013310e-03
5.925000000000001421e+01 -5.217162805880393682e-03
5.950000000000001421e+01 -5.229333540903654404e-03
5.975000000000001421e+01 -5.241882979192862869e-03
6.000000000000001421e+01 -5.254815760037853320e-03
6.025000000000001421e+01 -5.268136692543209931e-03
6.050000000000001421e+01 -5.281850759998193978e-03
6.075000000000001421e+01 -5.295963124438888767e-03
6.100000000000001421e+01 -5.310479131410155221e-03
6.125000000000001421e+01 -5.325404314935474129e-03
6.150000000000001421e+01 -5.340744402703183867e-03
6.175000000000001421e+01 -5.356505321477966763e-03
6.200000000000001421e+01 -5.372693202747060894e-03
6.225000000000001421e+01 -5.389314388611084368e-03
6.250000000000001421e+01 -5.406375437929906470e-03
6.275000000000001421e+01 -5.423883132734608897e-03
6.300000000000001421e+01 -5.441844484917090358e-03
6.325000000000001421e+01 -5.460266743209605915e-03
6.350000000000001421e+01 -5.479157400467105782e-03
6.375000000000001421e+01 -5.498524201265969462e-03
6.400000000000001421e+01 -5.518375149833535179e-03
6.425000000000001421e+01 -5.538718518323536635e-03
6.450000000000001421e+01 -5.559562855453420438e-03
6.475000000000001421e+01 -5.580916995520447330e-03
6.500000000000001421e+01 -5.602790067814417130e-03
6.525000000000001421e+01 -5.625191506445761935e-03
6.550000000000001421e+01 -5.648131060609007208e-03
6.575000000000001421e+01 -5.671618805302524116e-03
6.600000000000001421e+01 -5.695665152526877342e-03
6.625000000000001421e+01 -5.720280862985234818e-03
6.650000000000001421e+01 -5.745477058310731813e-03
6.675000000000001421e+01 -5.771265233847105991e-03
6.700000000000001421e+01 -5.797657272010489984e-03
6.725000000000001421e+01 -5.824665456261869136e-03
6.750000000000001421e+01 -5.852302485721500545e-03
6.775000000000001421e+01 -5.880581490458435326e-03
6.800000000000001421e+01 -5.909516047490334656e-03
6.825000000000001421e+01 -5.939120197530832826e-03
6.850000000000001421e+01 -5.969408462524101316e-03
6.875000000000001421e+01 -6.000395864008576004e-03
6.900000000000001421e+01 -6.032097942354578204e-03
6.925000000000001421e+01 -6.064530776923198786e-03
6.950000000000001421e+01 -6.097711007196975237e-03
6.975000000000001421e+01 -6.131655854935964649e-03
7.000000000000001421e+01 -6.166383147416387364e-03
7.025000000000001421e+01 -6.201911341812629472e-03
7.050000000000001421e+01 -6.238259550787374381e-03
7.075000000000001421e+01 -6.275447569358989612e-03
7.100000000000001421e+01 -6.313495903119765301e-03
7.125000000000001421e+01 -6.352425797883601288e-03
7.150000000000001421e+01 -6.392259270847097316e-03
7.175000000000001421e+01 -6.433019143353613592e-03
7.200000000000001421e+01 -6.474729075356153857e-03
7.225000000000001421e+01 -6.517413601681542809e-03
7.250000000000001421e+01 -6.561098170205543686e-03
7.275000000000001421e+01 -6.605809182056344639e-03
7.300000000000001421e+01 -6.651574033972280225e-03
7.325000000000001421e+01 -6.698421162948689674e-03
7.350000000000001421e+01 -6.746380093318656360e-03
7.375000000000001421e+01 -6.795481486423153410e-03
7.400000000000001421e+01 -6.845757193037529595e-03
7.425000000000001421e+01 -6.897240308733944454e-03
7.450000000000001421e+01 -6.949965232373031196e-03
7.475000000000001421e+01 -7.003967727932818021e-03
7.500000000000001421e+01 -7.059284989899217155e-03
7.525000000000001421e+01 -7.115955712459944536e-03
7.550000000000001421e+01 -7.174020162762915695e-03
7.575000000000001421e+01 -7.233520258521261050e-03
7.600000000000001421e+01 -7.294499650269863425e-03
7.625000000000001421e+01 -7.357003808603553019e-03
7.650000000000001421e+01 -7.421080116754406528e-03
7.675000000000001421e+01 -7.486777968895835973e-03
7.700000000000001421e+01 -7.554148874594126400e-03
7.725000000000001421e+01 -7.623246569864341668e-03
7.750000000000001421e+01 -7.694127135327559312e-03
7.775000000000001421e+01 -7.766849122010315194e-03
7.800000000000001421e+01 -7.841473685375594666e-03
7.825000000000001421e+01 -7.918064728228382809e-03
7.850000000000001421e+01 -7.996689053197877928e-03
7.875000000000001421e+01 -8.077416525564005967e-03
7.900000000000001421e+01 -8.160320247268669502e-03
7.925000000000001421e+01 -8.245476743032560674e-03
7.950000000000001421e+01 -8.332966159588329341e-03
7.975000000000001421e+01 -8.422872479140336432e-03
8.000000000000001421e+01 -8.515283748272917813e-03
8.025000000000001421e+01 -8.610292323652943280e-03
8.050000000000001421e+01 -8.707995136011817752e-03
8.075000000000001421e+01 -8.808493974047558461e-03
8.100000000000001421e+01 -8.911895790062452499e-03
8.125000000000001421e+01 -9.018313029348237406e-03
8.150000000000001421e+01 -9.127863985551978518e-03
8.175000000000001421e+01 -9.240673184505526772e-03
8.200000000000001421e+01 -9.356871799283461577e-03
8.225000000000001421e+01 -9.476598099574094769e-03
8.250000000000001421e+01 -9.599997938810621995e-03
8.275000000000001421e+01 -9.727225282921952293e-03
8.300000000000001421e+01 -9.858442785032357075e-03
8.325000000000001421e+01 -9.993822410975714693e-03
8.350000000000001421e+01 -1.013354612110395868e-02
8.375000000000001421e+01 -1.027780661457341690e-02
8.400000000000001421e+01 -1.042680814310234863e-02
8.425000000000001421e+01 -1.058076740212574376e-02
8.450000000000001421e+01 -1.073991450835107969e-02
8.475000000000001421e+01 -1.090449407396673967e-02
8.500000000000001421e+01 -1.107476638920370030e-02
8.525000000000001421e+01 -1.125100872663795451e-02
8.550000000000001421e+01 -1.143351678259025249e-02
8.575000000000001421e+01 -1.162260627328444429e-02
8.600000000000001421e+01 -1.181861470613155413e-02
8.625000000000001421e+01 -1.202190334969213160e-02
8.650000000000001421e+01 -1.223285942963128758e-02
8.675000000000001421e+01 -1.245189858243673023e-02
8.700000000000001421e+01 -1.267946760396507395e-02
8.725000000000001421e+01 -1.291604753619436143e-02
8.750000000000001421e+01 -1.316215714311097171e-02
8.775000000000001421e+01 -1.341835683572192503e-02
8.800000000000001421e+01 -1.368525311709845212e-02
8.825000000000001421e+01 -1.396350363155125958e-02
8.850000000000001421e+01 -1.425382291804579149e-02
8.875000000000001421e+01 -1.455698898746160541e-02
8.900000000000001421e+01 -1.487385086713600459e-02
8.925000000000001421e+01 -1.520533728539092896e-02
8.950000000000001421e+01 -1.555246670480567653e-02
8.975000000000001421e+01 -1.591635895763622577e-02
9.000000000000001421e+01 -1.629824879227408096e-02
9.025000000000001421e+01 -1.669950170892974678e-02
9.050000000000001421e+01 -1.712163254964831072e-02
9.075000000000001421e+01 -1.756632741731806863e-02
9.100000000000001421e+01 -1.803546963708074075e-02
9.125000000000001421e+01 -1.853117065015558174e-02
9.150000000000001421e+01 -1.905580695604004726e-02
9.175000000000001421e+01 -1.961206450967607762e-02
9.200000000000001421e+01 -2.020299235604746529e-02
9.225000000000001421e+01 -2.083206777357285433e-02
9.250000000000001421e+01 -2.150327583731475450e-02
9.275000000000001421e+01 -2.222120715503191762e-02
9.300000000000001421e+01 -2.299117864449199550e-02
9.325000000000001421e+01 -2.381938370771108371e-02
9.350000000000001421e+01 -2.471308015443710385e-02
9.375000000000001421e+01 -2.568082692682256002e-02
9.400000000000001421e+01 -2.673278435449305546e-02
9.425000000000001421e+01 -2.788109771710300944e-02
9.450000000000001421e+01 -2.914039087733018632e-02
9.475000000000001421e+01 -3.052840649787848595e-02
9.500000000000001421e+01 -3.206684308831223018e-02
9.525000000000001421e+01 -3.378245865141851767e-02
9.550000000000001421e+01 -3.570853873681695267e-02
9.575000000000001421e+01 -3.788686740621118737e-02
9.600000000000002842e+01 -4.037039936077643776e-02
9.625000000000002842e+01 -4.322692026861454234e-02
9.650000000000002842e+01 -4.654411601744636029e-02
9.675000000000002842e+01 -5.043667578911889549e-02
9.700000000000002842e+01 -5.505637053060326302e-02
9.725000000000002842e+01 -6.060654798652462261e-02
9.750000000000002842e+01 -6.736328856194355452e-02
9.775000000000002842e+01 -7.570678471091595030e-02
9.800000000000002842e+01 -8.616872306860258457e-02
9.825000000000002842e+01 -9.950527819149018738e-02
9.850000000000002842e+01 -1.168121586032826731e-01
9.875000000000002842e+01 -1.397108093810140728e-01
9.900000000000002842e+01 -1.706594852799170059e-01
9.925000000000002842e+01 -2.134937261878206982e-01
9.950000000000002842e+01 -2.744146771928398509e-01
9.975000000000002842e+01 -3.639312680217761109e-01
1.000000000000000142e+02 -5.011381096621480014e-01
