0.0314159265359 -0.893294893187 -1.73308052921
0.0942477796077 -0.847017118408 -1.64950621523
0.157079632679 -0.8018798413 -1.57293074041
0.219911485751 -0.758356870268 -1.50280673696
0.282743338823 -0.716204442258 -1.43833806639
0.345575191895 -0.676233421553 -1.3794612303
0.408407044967 -0.638402064594 -1.32541187367
0.471238898038 -0.602755307975 -1.27564522522
0.53407075111 -0.56932493729 -1.2297176418
0.596902604182 -0.538069093625 -1.18721384259
0.659734457254 -0.508892042392 -1.14774957361
0.722566310326 -0.481675122833 -1.11098454397
0.785398163397 -0.456295752631 -1.0766260844
0.848230016469 -0.432635218674 -1.04442507914
0.911061869541 -0.410580527555 -1.01416893143
0.973893722613 -0.390024114182 -0.98567456919
1.03672557568 -0.370863235666 -0.958782672642
1.09955742876 -0.352999653617 -0.933353291815
1.16238928183 -0.336339647391 -0.909262613646
1.2252211349 -0.320794223562 -0.88640055985
1.28805298797 -0.30627937761 -0.864668946195
1.35088484104 -0.292716307596 -0.843980008481
1.41371669412 -0.280031528608 -0.824255170177
1.47654854719 -0.268156873912 -0.805423977988
1.53938040026 -0.257029390501 -0.78742316159
1.60221225333 -0.246591148904 -0.770195796635
1.6650441064 -0.236788989524 -0.75369055596
1.72787595947 -0.227574227904 -0.737861042658
1.79070781255 -0.218902337666 -0.722665198283
1.85353966562 -0.210732626322 -0.708064780986
1.91637151869 -0.203027915309 -0.694024908151
1.97920337176 -0.195754232053 -0.680513657068
2.04203522483 -0.188880519415 -0.667501718613
2.10486707791 -0.182378365363 -0.654962097319
2.16769893098 -0.176221754291 -0.642869852595
2.23053078405 -0.170386840148 -0.631201875635
2.29336263712 -0.164851740762 -0.619936697118
2.35619449019 -0.159596352239 -0.609054321322
2.41902634326 -0.154602182017 -0.598536082859
2.48185819634 -0.149852199021 -0.588364522472
2.54469004941 -0.145330699322 -0.578523279128
2.60752190248 -0.141023185741 -0.568996995695
2.67035375555 -0.136916259952 -0.559771236321
2.73318560862 -0.132997525684 -0.550832413459
2.79601746169 -0.129255501831 -0.542167723215
2.85884931477 -0.125679544309 -0.533765087709
2.92168116784 -0.122259775692 -0.525613103368
2.98451302091 -0.118987021733 -0.517700994306
3.04734487398 -0.115852753993 -0.510018570108
3.11017672705 -0.112849037891 -0.502556187367
3.17300858013 -0.109968485576 -0.495304714516
3.2358404332 -0.107204213095 -0.488255499517
3.29867228627 -0.104549801392 -0.481400340123
3.36150413934 -0.101999260739 -0.47473145633
3.42433599241 -0.0995469982369 -0.468241464901
3.48716784548 -0.097187788087 -0.461923355642
3.54999969856 -0.094916744346 -0.455770469361
3.61283155163 -0.0927292959309 -0.44977647728
3.6756634047 -0.0906211636601 -0.44393536183
3.73849525777 -0.0885883391394 -0.438241398697
3.80132711084 -0.0866270653236 -0.432689139999
3.86415896392 -0.0847338186086 -0.427273398569
3.92699081699 -0.082905292315 -0.421989233191
3.98982267006 -0.081138381446 -0.416831934784
4.05265452313 -0.079430168611 -0.411797013428
4.1154863762 -0.0777779110166 -0.4068801862
4.17831822927 -0.0761790284396 -0.402077365759
4.24115008235 -0.0746310920986 -0.397384649619
4.30398193542 -0.0731318143543 -0.392798310087
4.36681378849 -0.0716790391733 -0.388314784815
4.42964564156 -0.0702707332921 -0.383930667911
4.49247749463 -0.0689049780297 -0.379642701606
4.55530934771 -0.0675799616966 -0.375447768405
4.61814120078 -0.0662939725552 -0.371342883726
4.68097305385 -0.0650453922879 -0.367325188966
4.74380490692 -0.0638326899372 -0.363391944991
4.80663675999 -0.062654416277 -0.359540526003
4.86946861306 -0.0615091985886 -0.355768413777
4.93230046614 -0.0603957358052 -0.352073192237
4.99513231921 -0.0593127940016 -0.348452542343
5.05796417228 -0.0582592021999 -0.344904237285
5.12079602535 -0.0572338484705 -0.341426137945
5.18362787842 -0.0562356763044 -0.338016188633
5.24645973149 -0.0552636812372 -0.334672413055
5.30929158457 -0.0543169077067 -0.331392910516
5.37212343764 -0.0533944461263 -0.328175852341
5.43495529071 -0.0524954301585 -0.325019478487
5.49778714378 -0.0516190341732 -0.321922094354
5.56061899685 -0.0507644708788 -0.318882067766
5.62345084993 -0.0499309891116 -0.315897826119
5.686282703 -0.0491178717731 -0.312967853683
5.74911455607 -0.0483244339039 -0.310090689055
5.81194640914 -0.0475500208855 -0.307264922742
5.87477826221 -0.0467940067585 -0.304489194874
5.93761011528 -0.0460557926512 -0.301762193039
6.00044196836 -0.0453348053089 -0.299082650231
6.06327382143 -0.0446304957183 -0.296449342903
6.1261056745 -0.0439423378183 -0.29386108912
6.18893752757 -0.0432698272931 -0.291316746806
6.25176938064 -0.0426124804407 -0.288815212081
6.31460123372 -0.0419698331107 -0.286355417677
6.37743308679 -0.0413414397092 -0.28393633144
6.44026493986 -0.0407268722629 -0.281556954894
6.50309679293 -0.0401257195409 -0.279216321888
6.565928646 -0.0395375862286 -0.276913497299
6.62876049907 -0.0389620921511 -0.274647575799
6.69159235215 -0.0383988715422 -0.272417680686
6.75442420522 -0.0378475723563 -0.270222962758
6.81725605829 -0.0373078556196 -0.268062599254
6.88008791136 -0.0367793948193 -0.265935792834
6.94291976443 -0.0362618753271 -0.263841770608
7.00575161751 -0.0357549938546 -0.261779783211
7.06858347058 -0.03525845794 -0.259749103917
7.13141532365 -0.0347719854627 -0.257749027797
7.19424717672 -0.034295304184 -0.255778870908
7.25707902979 -0.0338281513134 -0.253837969524
7.31991088286 -0.0333702730979 -0.251925679396
7.38274273594 -0.0329214244324 -0.250041375048
7.44557458901 -0.032481368492 -0.248184449098
7.50840644208 -0.0320498763817 -0.246354311615
7.57123829515 -0.0316267268059 -0.244550389496
7.63407014822 -0.0312117057532 -0.242772125874
7.69690200129 -0.0308046061982 -0.241018979551
7.75973385437 -0.0304052278177 -0.239290424449
7.82256570744 -0.030013376721 -0.237585949092
7.88539756051 -0.0296288651938 -0.235905056102
7.94822941358 -0.029251511454 -0.234247261718
8.01106126665 -0.0288811394196 -0.232612095337
8.07389311973 -0.0285175784874 -0.230999099068
8.1367249728 -0.0281606633226 -0.229407827307
8.19955682587 -0.0278102336577 -0.227837846334
8.26238867894 -0.0274661341011 -0.226288733911
8.32522053201 -0.0271282139543 -0.224760078914
8.38805238508 -0.0267963270374 -0.223251480966
8.45088423816 -0.0264703315224 -0.221762550087
8.51371609123 -0.0261500897745 -0.220292906365
8.5765479443 -0.0258354681993 -0.218842179628
8.63937979737 -0.0255263370981 -0.217410009135
8.70221165044 -0.0252225705282 -0.21599604328
8.76504350352 -0.02492404617 -0.214599939303
8.82787535659 -0.0246306451996 -0.213221363013
8.89070720966 -0.0243422521667 -0.211859988524
8.95353906273 -0.0240587548776 -0.210515497995
9.0163709158 -0.0237800442836 -0.209187581386
9.07920276887 -0.0235060143728 -0.20787593622
9.14203462195 -0.0232365620679 -0.206580267349
9.20486647502 -0.0229715871267 -0.205300286739
9.26769832809 -0.0227109920478 -0.204035713253
9.33053018116 -0.0224546819793 -0.202786272446
9.39336203423 -0.0222025646315 -0.201551696365
9.45619388731 -0.0219545501925 -0.200331723361
9.51902574038 -0.0217105512483 -0.199126097904
9.58185759345 -0.0214704827046 -0.197934570398
9.64468944652 -0.0212342617122 -0.19675689702
9.70752129959 -0.021001807596 -0.195592839544
9.77035315266 -0.0207730417851 -0.194442165184
9.83318500574 -0.0205478877471 -0.193304646443
9.89601685881 -0.0203262709238 -0.192180060956
9.95884871188 -0.0201081186698 -0.19106819135
10.021680565 -0.0198933601935 -0.189968825105
10.084512418 -0.0196819264996 -0.188881754413
10.1473442711 -0.0194737503344 -0.187806776054
10.2101761242 -0.0192687661328 -0.186743691267
10.2730079772 -0.0190669099671 -0.185692305626
10.3358398303 -0.0188681194978 -0.184652428924
10.3986716834 -0.018672333926 -0.18362387506
10.4615035365 -0.0184794939479 -0.182606461923
10.5243353895 -0.01828954171 -0.181600011291
10.5871672426 -0.0181024207671 -0.180604348724
10.6499990957 -0.0179180760406 -0.179619303464
10.7128309487 -0.0177364537789 -0.178644708339
10.7756628018 -0.0175575015191 -0.177680399667
10.8384946549 -0.0173811680498 -0.176726217166
10.901326508 -0.0172074033751 -0.175782003868
10.964158361 -0.0170361586802 -0.174847606029
11.0269902141 -0.0168673862979 -0.173922873048
11.0898220672 -0.0167010396763 -0.173007657387
11.1526539202 -0.0165370733469 -0.172101814495
11.2154857733 -0.0163754428958 -0.171205202728
11.2783176264 -0.016216104932 -0.170317683283
11.3411494795 -0.0160590170632 -0.169439120112
11.4039813325 -0.0159041378608 -0.168569379879
11.4668131856 -0.0157514268471 -0.167708331859
11.5296450387 -0.0156008444477 -0.166855847914
11.5924768917 -0.0154523519976 -0.166011802382
11.6553087448 -0.0153059116784 -0.165176072067
11.7181405979 -0.0151614865378 -0.164348536137
11.780972451 -0.0150190404272 -0.163529076089
11.843804304 -0.0148785380074 -0.162717575698
11.9066361571 -0.0147399447203 -0.161913920932
11.9694680102 -0.0146032267534 -0.161117999944
12.0322998632 -0.0144683510492 -0.160329702979
12.0951317163 -0.0143352852579 -0.159548922347
12.1579635694 -0.0142039977295 -0.158775552383
12.2207954225 -0.0140744575084 -0.158009489361
12.2836272755 -0.0139466342891 -0.1572506315
12.3464591286 -0.0138204984197 -0.156498878884
12.4092909817 -0.013696020887 -0.155754133418
12.4721228348 -0.013573173279 -0.155016298819
12.5349546878 -0.0134519277906 -0.154285280539
12.5977865409 -0.0133334537577 -0.15356050621
12.660618394 -0.0132164670169 -0.152842389842
12.723450247 -0.0131009441733 -0.152130840764
12.7862821001 -0.0129868622536 -0.151425769948
12.8491139532 -0.0128741986986 -0.150727089978
12.9119458063 -0.0127629313552 -0.150034715013
12.9747776593 -0.0126530384687 -0.149348560745
13.0376095124 -0.0125444986757 -0.148668544372
13.1004413655 -0.0124372909963 -0.147994584559
13.1632732185 -0.012331394827 -0.147326601407
13.2261050716 -0.0122267899336 -0.146664516418
13.2889369247 -0.0121234564441 -0.146008252471
13.3517687778 -0.0120213748416 -0.145357733783
13.4146006308 -0.0119205259581 -0.144712885887
13.4774324839 -0.0118208909671 -0.144073635596
13.540264337 -0.0117224513775 -0.143439910983
13.60309619 -0.0116251890271 -0.142811641346
13.6659280431 -0.011529086076 -0.14218875719
13.7287598962 -0.011434125001 -0.141571190191
13.7915917493 -0.0113402885888 -0.140958873182
13.8544236023 -0.0112475599304 -0.140351740119
13.9172554554 -0.0111559224153 -0.139749726063
13.9800873085 -0.0110653597255 -0.139152767155
14.0429191615 -0.0109758558302 -0.138560800593
14.1057510146 -0.0108873949797 -0.137973764612
14.1685828677 -0.0107999617006 -0.137391598459
14.2314147208 -0.01071354079 -0.136814242375
14.2942465738 -0.0106281173105 -0.136241637573
14.3570784269 -0.0105436765851 -0.135673726221
14.41991028 -0.0104602041919 -0.135110451417
14.482742133 -0.0103776859597 -0.134551757177
14.5455739861 -0.0102961079624 -0.133997588411
14.6084058392 -0.0102154565152 -0.133447890908
14.6712376923 -0.0101357181692 -0.132902611316
14.7340695453 -0.010056879707 -0.132361697129
14.7969013984 -0.00997892813878 -0.131825096665
14.8597332515 -0.00990185069714 -0.131292759054
14.9225651046 -0.0098256348334 -0.130764634221
14.9853969576 -0.00975026821316 -0.130240672869
15.0482288107 -0.00967573871224 -0.129720826464
15.1110606638 -0.00960203441267 -0.129205047222
15.1738925168 -0.0095291435987 -0.128693288094
15.2367243699 -0.009457054753 -0.12818550275
15.299556223 -0.00938575655281 -0.127681645568
15.3623880761 -0.00931523786625 -0.127181671618
15.4252199291 -0.00924548774871 -0.12668553665
15.4880517822 -0.00917649543925 -0.126193197082
15.5508836353 -0.00910825035711 -0.125704609986
15.6137154883 -0.00904074209837 -0.125219733076
15.6765473414 -0.00897396043246 -0.124738524695
15.7393791945 -0.00890789529901 -0.124260943808
15.8022110476 -0.00884253680457 -0.123786949984
15.8650429006 -0.00877787521946 -0.123316503388
15.9278747537 -0.00871390097473 -0.122849564771
15.9907066068 -0.00865060465907 -0.122386095458
16.0535384598 -0.00858797701591 -0.121926057336
16.1163703129 -0.00852600894049 -0.121469412848
16.179202166 -0.00846469147703 -0.121016124979
16.2420340191 -0.00840401581594 -0.120566157246
16.3048658721 -0.00834397329107 -0.120119473694
16.3676977252 -0.00828455537712 -0.119676038878
16.4305295783 -0.00822575368689 -0.119235817862
16.4933614313 -0.00816755996887 -0.118798776205
16.5561932844 -0.00810996610457 -0.118364879952
16.6190251375 -0.00805296410623 -0.117934095631
16.6818569906 -0.00799654611422 -0.117506390236
16.7446888436 -0.00794070439485 -0.117081731228
16.8075206967 -0.00788543133793 -0.116660086518
16.8703525498 -0.00783071945458 -0.116241424466
16.9331844028 -0.007776561375 -0.115825713871
16.9960162559 -0.00772294984622 -0.11541292396
17.058848109 -0.00766987773005 -0.115003024388
17.1216799621 -0.00761733800097 -0.114595985222
17.1845118151 -0.00756532374404 -0.114191776942
17.2473436682 -0.00751382815296 -0.113790370429
17.3101755213 -0.00746284452804 -0.113391736959
17.3730073744 -0.00741236627434 -0.112995848196
17.4358392274 -0.00736238689966 -0.112602676189
17.4986710805 -0.00731290001288 -0.11221219336
17.5615029336 -0.00726389932194 -0.111824372503
17.6243347866 -0.00721537863222 -0.111439186773
17.6871666397 -0.00716733184471 -0.111056609685
17.7499984928 -0.00711975295434 -0.110676615103
17.8128303459 -0.00707263604829 -0.110299177239
17.8756621989 -0.00702597530436 -0.109924270642
17.938494052 -0.00697976498935 -0.109551870198
18.0013259051 -0.00693399945748 -0.109181951122
18.0641577581 -0.00688867314889 -0.10881448895
18.1269896112 -0.00684378058806 -0.108449459539
18.1898214643 -0.00679931638238 -0.108086839057
18.2526533174 -0.00675527522064 -0.107726603983
18.3154851704 -0.00671165187165 -0.107368731096
18.3783170235 -0.00666844118285 -0.107013197475
18.4411488766 -0.00662563807885 -0.106659980493
18.5039807296 -0.00658323756024 -0.106309057811
18.5668125827 -0.00654123470208 -0.105960407374
18.6296444358 -0.00649962465279 -0.105614007408
18.6924762889 -0.00645840263275 -0.105269836413
18.7553081419 -0.00641756393313 -0.104927873162
18.818139995 -0.00637710391462 -0.104588096693
18.8809718481 -0.00633701800632 -0.104250486306
18.9438037011 -0.00629730170443 -0.103915021563
19.0066355542 -0.00625795057125 -0.103581682277
19.0694674073 -0.00621896023394 -0.103250448514
19.1322992604 -0.00618032638347 -0.102921300586
19.1951311134 -0.00614204477354 -0.102594219046
19.2579629665 -0.00610411121947 -0.10226918469
19.3207948196 -0.00606652159718 -0.101946178547
19.3836266726 -0.00602927184222 -0.101625181879
19.4464585257 -0.00599235794866 -0.101306176175
19.5092903788 -0.00595577596819 -0.100989143151
19.5721222319 -0.00591952200912 -0.100674064744
19.6349540849 -0.00588359223544 -0.100360923108
19.697785938 -0.00584798286587 -0.100049700614
19.7606177911 -0.005812690173 -0.0997403798439
19.8234496442 -0.00577771048233 -0.0994329435877
19.8862814972 -0.00574304017142 -0.0991273748418
19.9491133503 -0.00570867566905 -0.0988236568045
20.0119452034 -0.00567461345431 -0.0985217728741
20.0747770564 -0.00564085005588 -0.0982217066451
20.1376089095 -0.00560738205107 -0.0979234419058
20.2004407626 -0.00557420606516 -0.0976269626353
20.2632726157 -0.00554131877053 -0.0973322530007
20.3261044687 -0.00550871688589 -0.0970392973546
20.3889363218 -0.0054763971756 -0.096748080232
20.4517681749 -0.00544435644883 -0.0964585863479
20.5146000279 -0.00541259155889 -0.0961708005949
20.577431881 -0.0053810994025 -0.0958847080402
20.6402637341 -0.00534987691912 -0.0956002939232
20.7030955872 -0.00531892109019 -0.0953175436535
20.7659274402 -0.00528822893853 -0.0950364428078
20.8287592933 -0.00525779752761 -0.094756977128
20.8915911464 -0.00522762396097 -0.0944791325186
20.9544229994 -0.0051977053815 -0.0942028950447
21.0172548525 -0.00516803897088 -0.0939282509291
21.0800867056 -0.00513862194893 -0.0936551865509
21.1429185587 -0.00510945157302 -0.0933836884428
21.2057504117 -0.00508052513742 -0.0931137432889
21.2685822648 -0.00505183997284 -0.0928453379228
21.3314141179 -0.00502339344569 -0.0925784593258
21.3942459709 -0.00499518295767 -0.092313094624
21.457077824 -0.00496720594514 -0.092049231087
21.5199096771 -0.00493945987854 -0.091786856126
21.5827415302 -0.00491194226197 -0.0915259572912
21.6455733832 -0.00488465063257 -0.0912665222703
21.7084052363 -0.00485758256003 -0.0910085388869
21.7712370894 -0.00483073564609 -0.090751995098
21.8340689424 -0.00480410752408 -0.0904968789925
21.8969007955 -0.00477769585833 -0.0902431787897
21.9597326486 -0.00475149834381 -0.0899908828371
22.0225645017 -0.00472551270559 -0.0897399796087
22.0853963547 -0.00469973669839 -0.0894904577035
22.1482282078 -0.00467416810611 -0.0892423058439
22.2110600609 -0.00464880474145 -0.0889955128735
22.273891914 -0.00462364444536 -0.0887500677563
22.336723767 -0.00459868508672 -0.0885059595743
22.3995556201 -0.00457392456184 -0.0882631775264
22.4623874732 -0.00454936079411 -0.0880217109268
22.5252193262 -0.0045249917335 -0.0877815492033
22.5880511793 -0.00450081535623 -0.0875426818959
22.6508830324 -0.00447682966438 -0.0873050986555
22.7137148855 -0.00445303268544 -0.0870687892422
22.7765467385 -0.00442942247199 -0.0868337435237
22.8393785916 -0.0044059971013 -0.0865999514744
22.9022104447 -0.00438275467495 -0.0863674031737
22.9650422977 -0.00435969331846 -0.0861360888047
23.0278741508 -0.00433681118101 -0.0859059986526
23.0907060039 -0.00431410643498 -0.0856771231041
23.153537857 -0.00429157727567 -0.085449452645
23.21636971 -0.00426922192097 -0.0852229778602
23.2792015631 -0.00424703861099 -0.0849976894311
23.3420334162 -0.00422502560776 -0.0847735781355
23.4048652692 -0.00420318119488 -0.0845506348456
23.4676971223 -0.00418150367724 -0.0843288505275
23.5305289754 -0.0041599913807 -0.084108216239
23.5933608285 -0.00413864265174 -0.0838887231296
23.6561926815 -0.00411745585723 -0.0836703624383
23.7190245346 -0.00409642938408 -0.0834531254934
23.7818563877 -0.00407556163899 -0.0832370037107
23.8446882407 -0.00405485104812 -0.0830219885926
23.9075200938 -0.00403429605684 -0.0828080717271
23.9703519469 -0.00401389512945 -0.0825952447866
24.0331838 -0.00399364674889 -0.0823834995272
24.096015653 -0.00397354941653 -0.0821728277869
24.1588475061 -0.00395360165179 -0.0819632214855
24.2216793592 -0.00393380199201 -0.0817546726231
24.2845112122 -0.00391414899215 -0.0815471732788
24.3473430653 -0.00389464122447 -0.0813407156105
24.4101749184 -0.00387527727839 -0.0811352918535
24.4730067715 -0.0038560557602 -0.0809308943193
24.5358386245 -0.00383697529281 -0.0807275153952
24.5986704776 -0.00381803451551 -0.080525147543
24.6615023307 -0.0037992320838 -0.0803237832984
24.7243341838 -0.00378056666909 -0.0801234152696
24.7871660368 -0.00376203695852 -0.0799240361371
24.8499978899 -0.00374364165473 -0.0797256386522
24.912829743 -0.00372537947563 -0.0795282156364
24.975661596 -0.0037072491542 -0.0793317599809
25.0384934491 -0.0036892494383 -0.0791362646452
25.1013253022 -0.00367137909041 -0.0789417226565
25.1641571553 -0.00365363688749 -0.0787481271089
25.2269890083 -0.00363602162076 -0.0785554711628
25.2898208614 -0.00361853209544 -0.0783637480438
25.3526527145 -0.00360116713067 -0.0781729510421
25.4154845675 -0.00358392555922 -0.0779830735116
25.4783164206 -0.00356680622739 -0.0777941088694
25.5411482737 -0.00354980799474 -0.0776060505947
25.6039801268 -0.00353292973397 -0.0774188922285
25.6668119798 -0.0035161703307 -0.0772326273724
25.7296438329 -0.00349952868334 -0.0770472496884
25.792475686 -0.00348300370288 -0.0768627528978
25.855307539 -0.00346659431273 -0.0766791307805
25.9181393921 -0.00345029944855 -0.0764963771748
25.9809712452 -0.0034341180581 -0.076314485976
26.0438030983 -0.00341804910106 -0.0761334511365
26.1066349513 -0.00340209154887 -0.0759532666644
26.1694668044 -0.00338624438459 -0.0757739266237
26.2322986575 -0.00337050660273 -0.0755954251327
26.2951305105 -0.00335487720909 -0.0754177563641
26.3579623636 -0.00333935522065 -0.0752409145442
26.4207942167 -0.00332393966537 -0.075064893952
26.4836260698 -0.00330862958206 -0.0748896889191
26.5464579228 -0.00329342402025 -0.0747152938288
26.6092897759 -0.00327832204005 -0.0745417031153
26.672121629 -0.00326332271201 -0.0743689112636
26.734953482 -0.00324842511696 -0.0741969128088
26.7977853351 -0.00323362834588 -0.074025702335
26.8606171882 -0.0032189314998 -0.0738552744758
26.9234490413 -0.00320433368964 -0.0736856239126
26.9862808943 -0.00318983403607 -0.073516745375
27.0491127474 -0.00317543166945 -0.0733486336394
27.1119446005 -0.00316112572958 -0.0731812835294
27.1747764536 -0.00314691536572 -0.0730146899146
27.2376083066 -0.00313279973636 -0.0728488477105
27.3004401597 -0.00311877800915 -0.0726837518774
27.3632720128 -0.00310484936078 -0.0725193974206
27.4261038658 -0.00309101297685 -0.0723557793897
27.4889357189 -0.00307726805176 -0.0721928928778
27.551767572 -0.00306361378861 -0.0720307330213
27.6145994251 -0.00305004939906 -0.0718692949995
27.6774312781 -0.00303657410327 -0.0717085740338
27.7402631312 -0.00302318712971 -0.0715485653877
27.8030949843 -0.00300988771515 -0.0713892643658
27.8659268373 -0.00299667510451 -0.0712306663138
27.9287586904 -0.00298354855072 -0.071072766618
27.9915905435 -0.00297050731468 -0.0709155607045
28.0544223966 -0.00295755066513 -0.0707590440395
28.1172542496 -0.00294467787857 -0.0706032121276
28.1800861027 -0.00293188823911 -0.0704480605131
28.2429179558 -0.00291918103847 -0.070293584778
28.3057498088 -0.00290655557577 -0.0701397805426
28.3685816619 -0.00289401115754 -0.0699866434645
28.431413515 -0.00288154709756 -0.0698341692387
28.4942453681 -0.00286916271679 -0.0696823535969
28.5570772211 -0.0028568573433 -0.069531192307
28.6199090742 -0.00284463031217 -0.0693806811731
28.6827409273 -0.00283248096536 -0.0692308160348
28.7455727803 -0.00282040865171 -0.0690815927668
28.8084046334 -0.00280841272678 -0.0689330072791
28.8712364865 -0.00279649255282 -0.0687850555155
28.9340683396 -0.00278464749865 -0.0686377334547
28.9969001926 -0.00277287693958 -0.0684910371085
29.0597320457 -0.00276118025736 -0.0683449625226
29.1225638988 -0.00274955684011 -0.0681995057755
29.1853957518 -0.00273800608217 -0.0680546629785
29.2482276049 -0.00272652738411 -0.0679104302755
29.311059458 -0.00271512015261 -0.0677668038421
29.3738913111 -0.00270378380037 -0.0676237798858
29.4367231641 -0.00269251774609 -0.0674813546456
29.4995550172 -0.00268132141435 -0.0673395243914
29.5623868703 -0.00267019423556 -0.067198285424
29.6252187234 -0.00265913564591 -0.0670576340746
29.6880505764 -0.00264814508723 -0.0669175667044
29.7508824295 -0.00263722200702 -0.0667780797047
29.8137142826 -0.00262636585831 -0.0666391694959
29.8765461356 -0.00261557609959 -0.0665008325283
29.9393779887 -0.00260485219483 -0.0663630652802
30.0022098418 -0.0025941936133 -0.0662258642594
30.0650416949 -0.0025835998296 -0.0660892260017
30.1278735479 -0.00257307032356 -0.0659531470706
30.190705401 -0.00256260458015 -0.0658176240579
30.2535372541 -0.00255220208945 -0.0656826535829
30.3163691071 -0.00254186234663 -0.0655482322917
30.3792009602 -0.00253158485179 -0.0654143568577
30.4420328133 -0.00252136911002 -0.0652810239807
30.5048646664 -0.00251121463122 -0.0651482303874
30.5676965194 -0.00250112093015 -0.06501597283
30.6305283725 -0.0024910875263 -0.0648842480871
30.6933602256 -0.0024811139439 -0.0647530529625
30.7561920786 -0.00247119971179 -0.064622384286
30.8190239317 -0.00246134436341 -0.064492238912
30.8818557848 -0.00245154743676 -0.06436261372
30.9446876379 -0.00244180847432 -0.064233505614
31.0075194909 -0.002432127023 -0.0641049115226
31.070351344 -0.00242250263409 -0.0639768283985
31.1331831971 -0.00241293486325 -0.0638492532181
31.1960150501 -0.00240342327039 -0.0637221829818
31.2588469032 -0.00239396741966 -0.0635956147133
31.3216787563 -0.00238456687942 -0.0634695454595
31.3845106094 -0.00237522122215 -0.0633439722904
31.4473424624 -0.00236593002442 -0.0632188922989
31.5101743155 -0.00235669286687 -0.0630943026001
31.5730061686 -0.00234750933412 -0.0629702003318
31.6358380216 -0.00233837901474 -0.0628465826537
31.6986698747 -0.00232930150122 -0.0627234467476
31.7615017278 -0.00232027638993 -0.062600789817
31.8243335809 -0.00231130328104 -0.0624786090867
31.8871654339 -0.0023023817785 -0.0623569018028
31.949997287 -0.00229351149003 -0.0622356652327
32.0128291401 -0.00228469202699 -0.0621148966649
32.0756609932 -0.00227592300443 -0.0619945934078
32.1384928462 -0.00226720404102 -0.0618747527912
32.2013246993 -0.00225853475898 -0.0617553721645
32.2641565524 -0.00224991478407 -0.0616364488977
32.3269884054 -0.00224134374554 -0.0615179803804
32.3898202585 -0.0022328212761 -0.0613999640223
32.4526521116 -0.00222434701187 -0.0612823972521
32.5154839647 -0.00221592059237 -0.0611652775184
32.5783158177 -0.00220754166043 -0.0610486022887
32.6411476708 -0.0021992098622 -0.0609323690496
32.7039795239 -0.0021909248471 -0.0608165753064
32.7668113769 -0.00218268626777 -0.0607012185832
32.82964323 -0.00217449378007 -0.0605862964226
32.8924750831 -0.00216634704299 -0.0604718063854
32.9553069362 -0.00215824571868 -0.0603577460505
33.0181387892 -0.00215018947235 -0.060244113015
33.0809706423 -0.0021421779723 -0.0601309048934
33.1438024954 -0.00213421088983 -0.0600181193184
33.2066343484 -0.00212628789925 -0.0599057539398
33.2694662015 -0.00211840867782 -0.0597938064247
33.3322980546 -0.00211057290576 -0.0596822744574
33.3951299077 -0.00210278026612 -0.0595711557394
33.4579617607 -0.00209503044488 -0.0594604479889
33.5207936138 -0.00208732313084 -0.0593501489406
33.5836254669 -0.00207965801557 -0.0592402563462
33.6464573199 -0.00207203479347 -0.0591307679734
33.709289173 -0.00206445316164 -0.0590216816063
33.7721210261 -0.00205691281991 -0.0589129950452
33.8349528792 -0.0020494134708 -0.058804706106
33.8977847322 -0.0020419548195 -0.0586968126207
33.9606165853 -0.00203453657378 -0.0585893124372
34.0234484384 -0.00202715844408 -0.0584822034182
34.0862802914 -0.00201982014337 -0.0583754834425
34.1491121445 -0.00201252138717 -0.0582691504038
34.2119439976 -0.00200526189354 -0.0581632022109
34.2747758507 -0.00199804138301 -0.0580576367877
34.3376077037 -0.00199085957859 -0.0579524520729
34.4004395568 -0.00198371620573 -0.0578476460199
34.4632714099 -0.0019766109923 -0.0577432165968
34.526103263 -0.00196954366854 -0.057639161786
34.588935116 -0.00196251396709 -0.0575354795841
34.6517669691 -0.0019555216229 -0.0574321680023
34.7145988222 -0.00194856637324 -0.0573292250655
34.7774306752 -0.00194164795769 -0.0572266488127
34.8402625283 -0.00193476611809 -0.0571244372968
34.9030943814 -0.00192792059851 -0.0570225885843
34.9659262345 -0.00192111114526 -0.0569211007552
35.0287580875 -0.00191433750683 -0.0568199719033
35.0915899406 -0.00190759943391 -0.0567192001353
35.1544217937 -0.00190089667934 -0.0566187835715
35.2172536467 -0.00189422899807 -0.0565187203451
35.2800854998 -0.00188759614717 -0.0564190086025
35.3429173529 -0.0018809978858 -0.0563196465028
35.405749206 -0.00187443397519 -0.0562206322179
35.468581059 -0.00186790417862 -0.0561219639326
35.5314129121 -0.00186140826137 -0.0560236398438
35.5942447652 -0.00185494599074 -0.0559256581615
35.6570766182 -0.00184851713602 -0.0558280171075
35.7199084713 -0.00184212146846 -0.055730714916
35.7827403244 -0.00183575876125 -0.0556337498334
35.8455721775 -0.00182942878949 -0.0555371201181
35.9084040305 -0.00182313133021 -0.0554408240405
35.9712358836 -0.0018168661623 -0.0553448598827
36.0340677367 -0.00181063306655 -0.0552492259385
36.0968995897 -0.00180443182555 -0.0551539205135
36.1597314428 -0.00179826222376 -0.0550589419247
36.2225632959 -0.00179212404744 -0.0549642885006
36.285395149 -0.00178601708463 -0.0548699585811
36.348227002 -0.00177994112515 -0.054775950517
36.4110588551 -0.00177389596057 -0.0546822626709
36.4738907082 -0.00176788138423 -0.0545888934155
36.5367225612 -0.00176189719117 -0.0544958411353
36.5995544143 -0.00175594317811 -0.0544031042254
36.6623862674 -0.0017500191435 -0.0543106810916
36.7252181205 -0.00174412488744 -0.0542185701504
36.7880499735 -0.0017382602117 -0.0541267698288
36.8508818266 -0.00173242491966 -0.0540352785647
36.9137136797 -0.00172661881635 -0.0539440948059
36.9765455328 -0.00172084170839 -0.053853217011
37.0393773858 -0.00171509340399 -0.0537626436486
37.1022092389 -0.00170937371297 -0.0536723731973
37.165041092 -0.00170368244665 -0.0535824041461
37.227872945 -0.00169801941792 -0.0534927349941
37.2907047981 -0.00169238444124 -0.0534033642497
37.3535366512 -0.00168677733253 -0.0533142904318
37.4163685043 -0.00168119790922 -0.0532255120687
37.4792003573 -0.00167564599024 -0.0531370276984
37.5420322104 -0.00167012139598 -0.0530488358688
37.6048640635 -0.0016646239483 -0.0529609351368
37.6676959165 -0.0016591534705 -0.0528733240689
37.7305277696 -0.00165370978727 -0.0527860012415
37.7933596227 -0.00164829272478 -0.0526989652394
37.8561914758 -0.00164290211053 -0.0526122146575
37.9190233288 -0.00163753777348 -0.0525257480991
37.9818551819 -0.00163219954391 -0.0524395641768
38.044687035 -0.0016268872535 -0.0523536615122
38.107518888 -0.00162160073523 -0.0522680387363
38.1703507411 -0.00161633982346 -0.0521826944882
38.2331825942 -0.00161110435385 -0.052097627416
38.2960144473 -0.00160589416337 -0.0520128361768
38.3588463003 -0.00160070909031 -0.051928319436
38.4216781534 -0.00159554897421 -0.0518440758677
38.4845100065 -0.00159041365592 -0.0517601041544
38.5473418595 -0.00158530297752 -0.0516764029873
38.6101737126 -0.00158021678235 -0.0515929710656
38.6730055657 -0.00157515491499 -0.051509807097
38.7358374188 -0.00157011722125 -0.0514269097974
38.7986692718 -0.00156510354815 -0.0513442778908
38.8615011249 -0.0015601137439 -0.0512619101093
38.924332978 -0.00155514765791 -0.0511798051935
38.987164831 -0.00155020514077 -0.0510979618913
39.0499966841 -0.00154528604428 -0.0510163789583
39.1128285372 -0.00154039022131 -0.0509350551591
39.1756603903 -0.00153551752597 -0.050853989265
39.2384922433 -0.00153066781342 -0.0507731800558
39.3013240964 -0.00152584094002 -0.0506926263183
39.3641559495 -0.00152103676321 -0.0506123268472
39.4269878026 -0.00151625514154 -0.0505322804449
39.4898196556 -0.00151149593466 -0.0504524859208
39.5526515087 -0.0015067590033 -0.0503729420926
39.6154833618 -0.00150204420928 -0.0502936477842
39.6783152148 -0.00149735141544 -0.050214601828
39.7411470679 -0.00149268048575 -0.0501358030626
39.803978921 -0.00148803128515 -0.0500572503346
39.8668107741 -0.00148340367967 -0.0499789424974
39.9296426271 -0.00147879753634 -0.0499008784114
39.9924744802 -0.00147421272322 -0.0498230569443
40.0553063333 -0.00146964910936 -0.0497454769706
40.1181381863 -0.00146510656482 -0.0496681373718
40.1809700394 -0.00146058496066 -0.0495910370362
40.2438018925 -0.00145608416893 -0.0495141748589
40.3066337456 -0.00145160406259 -0.049437549742
40.3694655986 -0.00144714451564 -0.049361160594
40.4322974517 -0.001442705403 -0.0492850063303
40.4951293048 -0.0014382866005 -0.049209085873
40.5579611578 -0.00143388798499 -0.0491333981503
40.6207930109 -0.00142950943418 -0.0490579420974
40.683624864 -0.00142515082673 -0.0489827166556
40.7464567171 -0.00142081204219 -0.0489077207732
40.8092885701 -0.00141649296104 -0.048832953404
40.8721204232 -0.00141219346464 -0.0487584135091
40.9349522763 -0.00140791343526 -0.0486841000549
40.9977841293 -0.00140365275601 -0.0486100120148
41.0606159824 -0.00139941131091 -0.0485361483679
41.1234478355 -0.00139518898481 -0.0484625080999
41.1862796886 -0.00139098566346 -0.0483890902018
41.2491115416 -0.00138680123341 -0.0483158936717
41.3119433947 -0.0013826355821 -0.0482429175129
41.3747752478 -0.00137848859776 -0.0481701607348
41.4376071008 -0.00137436016947 -0.048097622353
41.5004389539 -0.00137025018714 -0.0480253013885
41.563270807 -0.00136615854147 -0.0479531968687
41.6261026601 -0.00136208512396 -0.0478813078263
41.6889345131 -0.00135802982695 -0.0478096332999
41.7517663662 -0.00135399254351 -0.047738172334
41.8145982193 -0.00134997316755 -0.0476669239781
41.8774300724 -0.00134597159371 -0.0475958872884
41.9402619254 -0.00134198771745 -0.0475250613256
42.0030937785 -0.00133802143495 -0.0474544451563
42.0659256316 -0.00133407264317 -0.0473840378529
42.1287574846 -0.00133014123981 -0.0473138384928
42.1915893377 -0.00132622712332 -0.0472438461593
42.2544211908 -0.0013223301929 -0.0471740599402
42.3172530439 -0.00131845034844 -0.0471044789297
42.3800848969 -0.0013145874906 -0.0470351022266
42.44291675 -0.00131074152073 -0.0469659289351
42.5057486031 -0.00130691234092 -0.0468969581647
42.5685804561 -0.00130309985391 -0.0468281890303
42.6314123092 -0.00129930396322 -0.0467596206512
42.6942441623 -0.001295524573 -0.0466912521525
42.7570760154 -0.00129176158812 -0.046623082664
42.8199078684 -0.00128801491411 -0.0465551113209
42.8827397215 -0.0012842844572 -0.0464873372629
42.9455715746 -0.00128057012426 -0.0464197596351
43.0084034276 -0.00127687182287 -0.0463523775872
43.0712352807 -0.00127318946123 -0.0462851902738
43.1340671338 -0.0012695229482 -0.0462181968547
43.1968989869 -0.0012658721933 -0.0461513964943
43.2597308399 -0.00126223710669 -0.0460847883615
43.322562693 -0.00125861759917 -0.0460183716304
43.3853945461 -0.00125501358215 -0.0459521454794
43.4482263991 -0.00125142496769 -0.0458861090921
43.5110582522 -0.00124785166846 -0.0458202616562
43.5738901053 -0.00124429359775 -0.0457546023645
43.6367219584 -0.00124075066947 -0.0456891304138
43.6995538114 -0.0012372227981 -0.045623845006
43.7623856645 -0.00123370989876 -0.0455587453474
43.8252175176 -0.00123021188715 -0.0454938306485
43.8880493706 -0.00122672867956 -0.0454291001245
43.9508812237 -0.00122326019285 -0.0453645529951
44.0137130768 -0.00121980634451 -0.0453001884839
44.0765449299 -0.00121636705255 -0.0452360058196
44.1393767829 -0.00121294223558 -0.0451720042346
44.202208636 -0.00120953181276 -0.045108182966
44.2650404891 -0.00120613570383 -0.0450445412549
44.3278723422 -0.00120275382906 -0.0449810783467
44.3907041952 -0.00119938610931 -0.0449177934913
44.4535360483 -0.00119603246597 -0.0448546859423
44.5163679014 -0.00119269282094 -0.044791754958
44.5791997544 -0.00118936709673 -0.0447289997999
44.6420316075 -0.00118605521631 -0.044666419735
44.7048634606 -0.00118275710323 -0.0446040140332
44.7676953137 -0.00117947268155 -0.0445417819686
44.8305271667 -0.00117620187583 -0.0444797228199
44.8933590198 -0.00117294461119 -0.0444178358693
44.9561908729 -0.00116970081322 -0.0443561204029
45.0190227259 -0.00116647040804 -0.0442945757112
45.081854579 -0.00116325332228 -0.0442332010881
45.1446864321 -0.00116004948306 -0.0441719958315
45.2075182852 -0.00115685881799 -0.0441109592435
45.2703501382 -0.00115368125519 -0.0440500906294
45.3331819913 -0.00115051672325 -0.0439893892989
45.3960138444 -0.00114736515126 -0.043928854565
45.4588456974 -0.00114422646876 -0.043868485745
45.5216775505 -0.00114110060581 -0.0438082821593
45.5845094036 -0.00113798749293 -0.0437482431321
45.6473412567 -0.00113488706107 -0.0436883679919
45.7101731097 -0.0011317992417 -0.0436286560698
45.7730049628 -0.00112872396671 -0.0435691067017
45.8358368159 -0.00112566116846 -0.0435097192262
45.8986686689 -0.00112261077978 -0.0434504929858
45.961500522 -0.00111957273392 -0.0433914273265
46.0243323751 -0.00111654696462 -0.0433325215977
46.0871642282 -0.00111353340601 -0.0432737751527
46.1499960812 -0.0011105319927 -0.0432151873478
46.2128279343 -0.00110754265973 -0.0431567575429
46.2756597874 -0.00110456534253 -0.0430984851018
46.3384916404 -0.00110159997702 -0.0430403693909
46.4013234935 -0.0010986464995 -0.0429824097808
46.4641553466 -0.00109570484675 -0.0429246056443
46.5269871997 -0.00109277495588 -0.0428669563591
46.5898190527 -0.0010898567645 -0.0428094613049
46.6526509058 -0.00108695021058 -0.0427521198653
46.7154827589 -0.00108405523253 -0.0426949314272
46.778314612 -0.00108117176913 -0.0426378953806
46.841146465 -0.00107829975961 -0.0425810111185
46.9039783181 -0.00107543914357 -0.0425242780376
46.9668101712 -0.00107258986098 -0.0424676955376
47.0296420242 -0.00106975185227 -0.0424112630211
47.0924738773 -0.00106692505821 -0.0423549798942
47.1553057304 -0.00106410941998 -0.042298845566
47.2181375835 -0.00106130487912 -0.0422428594485
47.2809694365 -0.00105851137758 -0.0421870209572
47.3438012896 -0.00105572885766 -0.0421313295105
47.4066331427 -0.00105295726206 -0.0420757845295
47.4694649957 -0.00105019653384 -0.0420203854387
47.5322968488 -0.00104744661643 -0.0419651316655
47.5951287019 -0.00104470745363 -0.0419100226405
47.657960555 -0.00104197898959 -0.0418550577969
47.720792408 -0.00103926116885 -0.0418002365709
47.7836242611 -0.00103655393628 -0.0417455584019
47.8464561142 -0.00103385723711 -0.0416910227322
47.9092879672 -0.00103117101694 -0.0416366290065
47.9721198203 -0.00102849522169 -0.0415823766728
48.0349516734 -0.00102582979766 -0.041528265182
48.0977835265 -0.00102317469148 -0.0414742939875
48.1606153795 -0.00102052985012 -0.0414204625459
48.2234472326 -0.00101789522087 -0.0413667703164
48.2862790857 -0.00101527075141 -0.0413132167608
48.3491109387 -0.0010126563897 -0.041259801344
48.4119427918 -0.00101005208405 -0.0412065235334
48.4747746449 -0.00100745778312 -0.0411533827993
48.537606498 -0.00100487343586 -0.0411003786146
48.600438351 -0.00100229899157 -0.041047510455
48.6632702041 -0.00099973439986 -0.0409947777987
48.7261020572 -0.00099717961067 -0.0409421801267
48.7889339102 -0.00099463457424 -0.0408897169225
48.8517657633 -0.000992099241144 -0.0408373876725
48.9145976164 -0.000989573562254 -0.0407851918653
48.9774294695 -0.000987057488753 -0.0407331289926
49.0402613225 -0.000984550972128 -0.0406811985482
49.1030931756 -0.000982053964178 -0.0406294000289
49.1659250287 -0.000979566417024 -0.0405777329334
49.2287568818 -0.000977088283038 -0.0405261967637
49.2915887348 -0.000974619514938 -0.0404747910236
49.3544205879 -0.000972160065708 -0.0404235152201
49.417252441 -0.000969709888639 -0.0403723688621
49.480084294 -0.000967268937313 -0.0403213514612
49.5429161471 -0.000964837165611 -0.0402704625312
49.6057480002 -0.000962414527656 -0.0402197015891
49.6685798533 -0.000960000977919 -0.0401690681533
49.7314117063 -0.000957596471115 -0.0401185617453
49.7942435594 -0.000955200962244 -0.0400681818888
49.8570754125 -0.000952814406603 -0.0400179281096
49.9199072655 -0.000950436759732 -0.0399677999363
49.9827391186 -0.000948067977493 -0.0399177968996
50.0455709717 -0.000945708015966 -0.0398679185326
50.1084028248 -0.000943356831545 -0.0398181643706
50.1712346778 -0.000941014380872 -0.0397685339514
50.2340665309 -0.000938680620865 -0.0397190268149
50.296898384 -0.000936355508696 -0.0396696425034
50.359730237 -0.000934039001808 -0.0396203805614
50.4225620901 -0.000931731057908 -0.0395712405354
50.4853939432 -0.000929431634952 -0.0395222219748
50.5482257963 -0.000927140691142 -0.0394733244308
50.6110576493 -0.000924858184984 -0.0394245474562
50.6738895024 -0.000922584075174 -0.0393758906073
50.7367213555 -0.000920318320703 -0.0393273534415
50.7995532085 -0.000918060880797 -0.0392789355187
50.8623850616 -0.000915811714933 -0.0392306364011
50.9252169147 -0.000913570782818 -0.039182455653
50.9880487678 -0.000911338044431 -0.0391343928405
51.0508806208 -0.000909113459967 -0.0390864475323
51.1137124739 -0.000906896989883 -0.0390386192988
51.176544327 -0.000904688594856 -0.0389909077129
51.23937618 -0.000902488235828 -0.0389433123489
51.3022080331 -0.000900295873939 -0.0388958327838
51.3650398862 -0.000898111470585 -0.0388484685964
51.4278717393 -0.000895934987406 -0.0388012193675
51.4907035923 -0.000893766386239 -0.0387540846802
51.5535354454 -0.000891605629177 -0.038707064119
51.6163672985 -0.000889452678525 -0.0386601572712
51.6791991516 -0.000887307496833 -0.0386133637254
51.7420310046 -0.000885170046842 -0.0385666830727
51.8048628577 -0.000883040291562 -0.0385201149055
51.8676947108 -0.000880918194167 -0.038473658819
51.9305265638 -0.000878803718104 -0.0384273144097
51.9933584169 -0.000876696826998 -0.0383810812763
52.05619027 -0.000874597484707 -0.0383349590193
52.1190221231 -0.000872505655314 -0.0382889472411
52.1818539761 -0.000870421303087 -0.0382430455463
52.2446858292 -0.000868344392527 -0.038197253541
52.3075176823 -0.000866274888347 -0.0381515708332
52.3703495353 -0.000864212755458 -0.0381059970328
52.4331813884 -0.000862157958965 -0.0380605317521
52.4960132415 -0.000860110464219 -0.0380151746042
52.5588450946 -0.000858070236731 -0.0379699252048
52.6216769476 -0.000856037242245 -0.0379247831713
52.6845088007 -0.000854011446679 -0.037879748123
52.7473406538 -0.000851992816197 -0.0378348196802
52.8101725068 -0.000849981317102 -0.037789997466
52.8730043599 -0.000847976915936 -0.0377452811049
52.935836213 -0.00084597957943 -0.037700670223
52.9986680661 -0.000843989274486 -0.0376561644484
53.0614999191 -0.000842005968239 -0.0376117634105
53.1243317722 -0.000840029627977 -0.0375674667412
53.1871636253 -0.000838060221203 -0.0375232740734
53.2499954783 -0.000836097715589 -0.0374791850422
53.3128273314 -0.000834142079021 -0.037435199284
53.3756591845 -0.000832193279542 -0.0373913164372
53.4384910376 -0.000830251285386 -0.0373475361421
53.5013228906 -0.000828316065016 -0.0373038580396
53.5641547437 -0.000826387587009 -0.0372602817735
53.6269865968 -0.00082446582016 -0.0372168069888
53.6898184498 -0.000822550733444 -0.0371734333321
53.7526503029 -0.000820642296002 -0.0371301604516
53.815482156 -0.000818740477164 -0.0370869879972
53.8783140091 -0.000816845246433 -0.0370439156203
53.9411458621 -0.000814956573487 -0.037000942974
54.0039777152 -0.000813074428174 -0.0369580697132
54.0668095683 -0.000811198780519 -0.036915295494
54.1296414214 -0.000809329600711 -0.0368726199744
54.1924732744 -0.000807466859122 -0.0368300428138
54.2553051275 -0.000805610526285 -0.0367875636731
54.3181369806 -0.000803760572899 -0.0367451822152
54.3809688336 -0.000801916969836 -0.0367028981038
54.4438006867 -0.000800079688135 -0.0366607110047
54.5066325398 -0.000798248698993 -0.036618620585
54.5694643929 -0.000796423973768 -0.0365766265135
54.6322962459 -0.000794605483987 -0.0365347284604
54.695128099 -0.000792793201339 -0.0364929260973
54.7579599521 -0.000790987097674 -0.0364512190974
54.8207918051 -0.000789187144988 -0.0364096071354
54.8836236582 -0.000787393315443 -0.0363680898876
54.9464555113 -0.000785605581388 -0.0363266670311
55.0092873644 -0.00078382391526 -0.0362853382455
55.0721192174 -0.000782048289712 -0.0362441032112
55.1349510705 -0.000780278677541 -0.0362029616098
55.1977829236 -0.000778515051655 -0.0361619131253
55.2606147766 -0.000776757385162 -0.0361209574421
55.3234466297 -0.000775005651293 -0.0360800942467
55.3862784828 -0.000773259823451 -0.0360393232265
55.4491103359 -0.000771519875168 -0.0359986440706
55.5119421889 -0.000769785780127 -0.0359580564695
55.574774042 -0.000768057512168 -0.0359175601151
55.6376058951 -0.000766335045263 -0.0358771547006
55.7004377481 -0.00076461835354 -0.0358368399205
55.7632696012 -0.000762907411262 -0.0357966154709
55.8261014543 -0.000761202192851 -0.0357564810487
55.8889333074 -0.000759502672852 -0.035716436353
55.9517651604 -0.000757808825936 -0.0356764810839
56.0145970135 -0.000756120626988 -0.035636614942
56.0774288666 -0.000754438050924 -0.0355968376309
56.1402607196 -0.000752761072886 -0.0355571488539
56.2030925727 -0.000751089668121 -0.0355175483165
56.2659244258 -0.000749423812004 -0.0354780357253
56.3287562789 -0.000747763480057 -0.0354386107881
56.3915881319 -0.000746108647944 -0.035399273214
56.454419985 -0.000744459291437 -0.0353600227138
56.5172518381 -0.000742815386462 -0.035320858999
56.5800836912 -0.000741176909068 -0.0352817817827
56.6429155442 -0.000739543835444 -0.0352427907791
56.7057473973 -0.000737916141911 -0.0352038857036
56.7685792504 -0.000736293804899 -0.0351650662732
56.8314111034 -0.000734676800998 -0.0351263322056
56.8942429565 -0.000733065106878 -0.0350876832205
56.9570748096 -0.000731458699397 -0.0350491190379
57.0199066627 -0.000729857555479 -0.0350106393798
57.0827385157 -0.000728261652215 -0.0349722439691
57.1455703688 -0.000726670966811 -0.0349339325298
57.2084022219 -0.000725085476587 -0.0348957047871
57.2712340749 -0.000723505158993 -0.0348575604677
57.334065928 -0.000721929991601 -0.0348194992993
57.3968977811 -0.000720359952089 -0.0347815210108
57.4597296342 -0.000718795018286 -0.034743625332
57.5225614872 -0.000717235168121 -0.0347058119944
57.5853933403 -0.000715680379629 -0.0346680807304
57.6482251934 -0.000714130630995 -0.0346304312733
57.7110570464 -0.000712585900501 -0.034592863358
57.7738888995 -0.000711046166535 -0.0345553767205
57.8367207526 -0.00070951140764 -0.0345179710972
57.8995526057 -0.000707981602426 -0.0344806462268
57.9623844587 -0.000706456729654 -0.0344434018482
58.0252163118 -0.000704936768188 -0.0344062377018
58.0880481649 -0.000703421696987 -0.0343691535293
58.1508800179 -0.000701911495149 -0.0343321490729
58.213711871 -0.000700406141875 -0.0342952240765
58.2765437241 -0.000698905616454 -0.0342583782849
58.3393755772 -0.000697409898321 -0.034221611444
58.4022074302 -0.000695918967013 -0.0341849233004
58.4650392833 -0.000694432802146 -0.0341483136024
58.5278711364 -0.000692951383466 -0.0341117820992
58.5907029894 -0.000691474690832 -0.0340753285409
58.6535348425 -0.000690002704209 -0.0340389526785
58.7163666956 -0.000688535403649 -0.0340026542645
58.7791985487 -0.000687072769323 -0.0339664330522
58.8420304017 -0.000685614781512 -0.0339302887959
58.9048622548 -0.000684161420588 -0.0338942212511
58.9676941079 -0.00068271266702 -0.0338582301744
59.030525961 -0.000681268501418 -0.033822315323
59.093357814 -0.000679828904455 -0.0337864764554
59.1561896671 -0.000678393856918 -0.0337507133313
59.2190215202 -0.000676963339694 -0.033715025711
59.2818533732 -0.000675537333777 -0.0336794133562
59.3446852263 -0.00067411582024 -0.0336438760296
59.4075170794 -0.000672698780283 -0.0336084134945
59.4703489325 -0.000671286195179 -0.0335730255155
59.5331807855 -0.000669878046321 -0.033537711858
59.5960126386 -0.000668474315181 -0.0335024722887
59.6588444917 -0.000667074983345 -0.0334673065749
59.7216763447 -0.000665680032467 -0.0334322144851
59.7845081978 -0.000664289444323 -0.0333971957887
59.8473400509 -0.000662903200769 -0.0333622502561
59.910171904 -0.000661521283763 -0.0333273776586
59.973003757 -0.000660143675357 -0.0332925777685
60.0358356101 -0.000658770357687 -0.0332578503588
60.0986674632 -0.000657401312987 -0.033223195204
60.1614993162 -0.000656036523578 -0.0331886120791
60.2243311693 -0.000654675971886 -0.0331541007599
60.2871630224 -0.000653319640416 -0.0331196610234
60.3499948755 -0.000651967511751 -0.0330852926477
60.4128267285 -0.000650619568588 -0.0330509954114
60.4756585816 -0.000649275793704 -0.0330167690943
60.5384904347 -0.000647936169962 -0.032982613477
60.6013222877 -0.0006466006803 -0.0329485283409
60.6641541408 -0.000645269307775 -0.0329145134685
60.7269859939 -0.0006439420355 -0.0328805686431
60.789817847 -0.000642618846686 -0.0328466936489
60.8526497 -0.000641299724644 -0.0328128882709
60.9154815531 -0.000639984652727 -0.0327791522954
60.9783134062 -0.000638673614437 -0.0327454855086
61.0411452592 -0.00063736659331 -0.0327118876984
61.1039771123 -0.000636063572978 -0.0326783586537
61.1668089654 -0.000634764537153 -0.0326448981638
61.2296408185 -0.000633469469647 -0.0326115060188
61.2924726715 -0.000632178354345 -0.0325781820099
61.3553045246 -0.000630891175193 -0.0325449259293
61.4181363777 -0.000629607916248 -0.0325117375697
61.4809682308 -0.000628328561636 -0.0324786167245
61.5438000838 -0.000627053095557 -0.0324455631887
61.6066319369 -0.0006257815023 -0.0324125767574
61.66946379 -0.000624513766244 -0.0323796572264
61.732295643 -0.000623249871805 -0.0323468043935
61.7951274961 -0.000621989803524 -0.0323140180558
61.8579593492 -0.000620733545995 -0.0322812980122
61.9207912023 -0.000619481083891 -0.0322486440622
61.9836230553 -0.000618232401969 -0.032216056006
62.0464549084 -0.000616987485054 -0.0321835336446
62.1092867615 -0.00061574631806 -0.0321510767799
62.1721186145 -0.000614508885966 -0.0321186852144
62.2349504676 -0.000613275173819 -0.0320863587518
62.2977823207 -0.000612045166759 -0.032054097196
62.3606141738 -0.000610818849982 -0.0320219003523
62.4234460268 -0.00060959620878 -0.0319897680261
62.4862778799 -0.000608377228493 -0.0319577000244
62.549109733 -0.000607161894545 -0.0319256961542
62.611941586 -0.00060595019243 -0.0318937562241
62.6747734391 -0.000604742107736 -0.0318618800422
62.7376052922 -0.000603537626082 -0.0318300674187
62.8004371453 -0.000602336733191 -0.0317983181636
62.8632689983 -0.000601139414829 -0.0317666320884
62.9261008514 -0.000599945656865 -0.0317350090047
62.9889327045 -0.000598755445216 -0.0317034487252
63.0517645575 -0.00059756876587 -0.0316719510632
63.1145964106 -0.000596385604888 -0.0316405158329
63.1774282637 -0.000595205948401 -0.0316091428492
63.2402601168 -0.000594029782607 -0.0315778319274
63.3030919698 -0.000592857093765 -0.0315465828842
63.3659238229 -0.00059168786821 -0.0315153955361
63.428755676 -0.00059052209234 -0.0314842697013
63.491587529 -0.000589359752617 -0.0314532051981
63.5544193821 -0.000588200835581 -0.0314222018456
63.6172512352 -0.000587045327827 -0.0313912594636
63.6800830883 -0.000585893216015 -0.0313603778729
63.7429149413 -0.000584744486873 -0.0313295568947
63.8057467944 -0.000583599127201 -0.0312987963508
63.8685786475 -0.000582457123844 -0.0312680960642
63.9314105006 -0.000581318463736 -0.0312374558578
63.9942423536 -0.000580183133849 -0.0312068755562
64.0570742067 -0.000579051121236 -0.0311763549838
64.1199060598 -0.000577922413006 -0.0311458939663
64.1827379128 -0.000576796996339 -0.0311154923294
64.2455697659 -0.000575674858463 -0.0310851499002
64.308401619 -0.000574555986677 -0.031054866506
64.3712334721 -0.000573440368338 -0.0310246419749
64.4340653251 -0.000572327990864 -0.0309944761358
64.4968971782 -0.000571218841735 -0.0309643688182
64.5597290313 -0.000570112908494 -0.0309343198521
64.6225608843 -0.000569010178736 -0.0309043290681
64.6853927374 -0.000567910640128 -0.0308743962979
64.7482245905 -0.000566814280383 -0.0308445213735
64.8110564436 -0.000565721087282 -0.0308147041274
64.8738882966 -0.000564631048657 -0.0307849443932
64.9367201497 -0.000563544152402 -0.0307552420049
64.9995520028 -0.000562460386471 -0.030725596797
65.0623838558 -0.000561379738885 -0.0306960086047
65.1252157089 -0.000560302197691 -0.0306664772643
65.188047562 -0.000559227751029 -0.0306370026119
65.2508794151 -0.00055815638708 -0.0306075844846
65.3137112681 -0.000557088094075 -0.0305782227205
65.3765431212 -0.000556022860297 -0.0305489171581
65.4393749743 -0.000554960674122 -0.0305196676358
65.5022068273 -0.000553901523929 -0.0304904739938
65.5650386804 -0.00055284539819 -0.0304613360721
65.6278705335 -0.000551792285408 -0.0304322537116
65.6907023866 -0.000550742174165 -0.0304032267538
65.7535342396 -0.000549695053072 -0.0303742550406
65.8163660927 -0.00054865091082 -0.0303453384145
65.8791979458 -0.000547609736115 -0.0303164767194
65.9420297988 -0.000546571517767 -0.0302876697983
66.0048616519 -0.000545536244587 -0.0302589174964
66.067693505 -0.000544503905479 -0.0302302196581
66.1305253581 -0.000543474489371 -0.0302015761295
66.1933572111 -0.000542447985271 -0.0301729867563
66.2561890642 -0.000541424382215 -0.0301444513855
66.3190209173 -0.000540403669294 -0.0301159698645
66.3818527704 -0.000539385835658 -0.0300875420412
66.4446846234 -0.000538370870505 -0.0300591677641
66.5075164765 -0.000537358763082 -0.0300308468821
66.5703483296 -0.000536349502688 -0.0300025792449
66.6331801826 -0.000535343078678 -0.0299743647027
66.6960120357 -0.000534339480443 -0.0299462031062
66.7588438888 -0.000533338697424 -0.0299180943068
66.8216757419 -0.000532340719126 -0.0298900381564
66.8845075949 -0.000531345535097 -0.0298620345071
66.947339448 -0.000530353134918 -0.0298340832123
67.0101713011 -0.000529363508248 -0.029806184125
67.0730031541 -0.000528376644765 -0.0297783370999
67.1358350072 -0.000527392534204 -0.0297505419912
67.1986668603 -0.000526411166362 -0.0297227986539
67.2614987134 -0.00052543253107 -0.0296951069439
67.3243305664 -0.000524456618202 -0.0296674667173
67.3871624195 -0.000523483417695 -0.0296398778309
67.4499942726 -0.000522512919501 -0.0296123401421
67.5128261256 -0.00052154511366 -0.0295848535086
67.5756579787 -0.000520579990231 -0.0295574177887
67.6384898318 -0.000519617539323 -0.0295300328411
67.7013216849 -0.00051865775109 -0.0295026985256
67.7641535379 -0.000517700615739 -0.0294754147016
67.826985391 -0.000516746123512 -0.0294481812299
67.8898172441 -0.000515794264705 -0.0294209979711
67.9526490971 -0.000514845029654 -0.0293938647868
68.0154809502 -0.000513898408734 -0.0293667815389
68.0783128033 -0.000512954392369 -0.02933974809
68.1411446564 -0.000512012971035 -0.0293127643027
68.2039765094 -0.000511074135233 -0.0292858300408
68.2668083625 -0.000510137875522 -0.0292589451682
68.3296402156 -0.000509204182501 -0.0292321095491
68.3924720686 -0.00050827304681 -0.0292053230486
68.4553039217 -0.000507344459126 -0.0291785855322
68.5181357748 -0.000506418410179 -0.0291518968657
68.5809676279 -0.000505494890736 -0.0291252569157
68.6437994809 -0.000504573891614 -0.0290986655488
68.706631334 -0.000503655403652 -0.0290721226327
68.7694631871 -0.00050273941774 -0.0290456280351
68.8322950402 -0.000501825924827 -0.0290191816243
68.8951268932 -0.000500914915871 -0.0289927832693
68.9579587463 -0.000500006381901 -0.0289664328391
69.0207905994 -0.000499100313961 -0.0289401302038
69.0836224524 -0.000498196703153 -0.0289138752335
69.1464543055 -0.000497295540608 -0.0288876677991
69.2092861586 -0.000496396817514 -0.0288615077712
69.2721180117 -0.000495500525076 -0.0288353950221
69.3349498647 -0.00049460665455 -0.0288093294235
69.3977817178 -0.000493715197229 -0.0287833108483
69.4606135709 -0.000492826144452 -0.0287573391692
69.5234454239 -0.000491939487595 -0.0287314142596
69.586277277 -0.000491055218057 -0.0287055359939
69.6491091301 -0.000490173327294 -0.0286797042461
69.7119409832 -0.000489293806792 -0.0286539188912
69.7747728362 -0.000488416648077 -0.0286281798043
69.8376046893 -0.000487541842714 -0.0286024868612
69.9004365424 -0.000486669382291 -0.0285768399384
69.9632683954 -0.000485799258465 -0.0285512389121
70.0261002485 -0.000484931462902 -0.0285256836596
70.0889321016 -0.00048406598731 -0.0285001740582
70.1517639547 -0.000483202823446 -0.0284747099861
70.2145958077 -0.000482341963092 -0.0284492913213
70.2774276608 -0.00048148339807 -0.0284239179429
70.3402595139 -0.000480627120236 -0.0283985897301
70.4030913669 -0.000479773121496 -0.0283733065622
70.46592322 -0.000478921393776 -0.0283480683195
70.5287550731 -0.00047807192902 -0.028322874883
70.5915869262 -0.000477224719251 -0.0282977261329
70.6544187792 -0.00047637975651 -0.0282726219509
70.7172506323 -0.000475537032853 -0.0282475622187
70.7800824854 -0.00047469654039 -0.0282225468185
70.8429143384 -0.000473858271276 -0.0281975756328
70.9057461915 -0.000473022217663 -0.028172648545
70.9685780446 -0.000472188371777 -0.0281477654381
71.0314098977 -0.000471356725872 -0.0281229261958
71.0942417507 -0.000470527272197 -0.028098130703
71.1570736038 -0.00046970000309 -0.0280733788439
71.2199054569 -0.000468874910878 -0.0280486705037
71.28273731 -0.000468051987956 -0.0280240055677
71.345569163 -0.000467231226735 -0.0279993839217
71.4084010161 -0.000466412619642 -0.0279748054523
71.4712328692 -0.00046559615917 -0.0279502700462
71.5340647222 -0.000464781837831 -0.02792577759
71.5968965753 -0.000463969648169 -0.0279013279713
71.6597284284 -0.000463159582749 -0.0278769210784
71.7225602815 -0.000462351634193 -0.0278525567989
71.7853921345 -0.000461545795136 -0.0278282350215
71.8482239876 -0.000460742058253 -0.0278039556356
71.9110558407 -0.000459940416232 -0.0277797185306
71.9738876937 -0.00045914086183 -0.0277555235959
72.0367195468 -0.00045834338781 -0.0277313707216
72.0995513999 -0.000457547986959 -0.0277072597988
72.162383253 -0.000456754652119 -0.0276831907179
72.225215106 -0.000455963376141 -0.0276591633705
72.2880469591 -0.000455174151923 -0.0276351776481
72.3508788122 -0.000454386972381 -0.0276112334429
72.4137106652 -0.00045360183048 -0.027587330647
72.4765425183 -0.000452818719178 -0.0275634691537
72.5393743714 -0.000452037631511 -0.0275396488558
72.6022062245 -0.000451258560514 -0.0275158696468
72.6650380775 -0.000450481499263 -0.0274921314206
72.7278699306 -0.000449706440841 -0.0274684340719
72.7907017837 -0.000448933378405 -0.0274447774949
72.8535336367 -0.000448162305107 -0.0274211615844
72.9163654898 -0.000447393214135 -0.0273975862361
72.9791973429 -0.000446626098705 -0.0273740513458
73.042029196 -0.000445860952066 -0.0273505568095
73.104861049 -0.000445097767508 -0.0273271025232
73.1676929021 -0.00044433653833 -0.027303688384
73.2305247552 -0.000443577257861 -0.027280314289
73.2933566082 -0.00044281991946 -0.0272569801358
73.3561884613 -0.000442064516527 -0.0272336858219
73.4190203144 -0.000441311042481 -0.0272104312457
73.4818521675 -0.000440559490766 -0.0271872163056
73.5446840205 -0.000439809854852 -0.0271640409006
73.6075158736 -0.000439062128244 -0.02714090493
73.6703477267 -0.000438316304481 -0.0271178082927
73.7331795798 -0.000437572377101 -0.0270947508895
73.7960114328 -0.000436830339712 -0.0270717326198
73.8588432859 -0.000436090185908 -0.0270487533847
73.921675139 -0.000435351909324 -0.0270258130851
73.984506992 -0.000434615503641 -0.027002911622
74.0473388451 -0.000433880962542 -0.0269800488968
74.1101706982 -0.000433148279744 -0.026957224812
74.1730025513 -0.000432417449 -0.026934439269
74.2358344043 -0.000431688464065 -0.0269116921712
74.2986662574 -0.000430961318749 -0.026888983421
74.3614981105 -0.000430236006862 -0.0268663129219
74.4243299635 -0.000429512522278 -0.026843680577
74.4871618166 -0.000428790858854 -0.0268210862903
74.5499936697 -0.00042807101048 -0.0267985299666
74.6128255228 -0.0004273529711 -0.0267760115097
74.6756573758 -0.000426636734664 -0.0267535308245
74.7384892289 -0.000425922295136 -0.0267310878164
74.801321082 -0.00042520964653 -0.0267086823907
74.864152935 -0.000424498782863 -0.0266863144533
74.9269847881 -0.000423789698194 -0.0266639839101
74.9898166412 -0.00042308238659 -0.0266416906678
75.0526484943 -0.000422376842165 -0.0266194346327
75.1154803473 -0.000421673059031 -0.0265972157122
75.1783122004 -0.000420971031339 -0.0265750338136
75.2411440535 -0.000420270753271 -0.0265528888443
75.3039759065 -0.000419572219023 -0.0265307807123
75.3668077596 -0.000418875422808 -0.0265087093262
75.4296396127 -0.000418180358883 -0.026486674594
75.4924714658 -0.000417487021513 -0.0264646764249
75.5553033188 -0.000416795404981 -0.0264427147283
75.6181351719 -0.000416105503616 -0.0264207894133
75.680967025 -0.00041541731175 -0.0263989003898
75.743798878 -0.000414730823765 -0.0263770475675
75.8066307311 -0.000414046034031 -0.0263552308572
75.8694625842 -0.000413362936951 -0.0263334501696
75.9322944373 -0.000412681526971 -0.0263117054154
75.9951262903 -0.000412001798537 -0.0262899965061
76.0579581434 -0.000411323746155 -0.0262683233524
76.1207899965 -0.000410647364285 -0.0262466858673
76.1836218496 -0.000409972647469 -0.0262250839624
76.2464537026 -0.000409299590256 -0.0262035175498
76.3092855557 -0.000408628187214 -0.0261819865426
76.3721174088 -0.000407958432922 -0.0261604908538
76.4349492618 -0.000407290321994 -0.0261390303965
76.4977811149 -0.000406623849088 -0.0261176050839
76.560612968 -0.000405959008834 -0.0260962148303
76.6234448211 -0.000405295795912 -0.0260748595498
76.6862766741 -0.000404634205029 -0.0260535391568
76.7491085272 -0.000403974230901 -0.0260322535656
76.8119403803 -0.00040331586829 -0.0260110026912
76.8747722333 -0.000402659111924 -0.0259897864493
76.9376040864 -0.000402003956627 -0.0259686047547
77.0004359395 -0.000401350397168 -0.0259474575239
77.0632677926 -0.000400698428397 -0.0259263446724
77.1260996456 -0.000400048045154 -0.0259052661169
77.1889314987 -0.000399399242326 -0.0258842217732
77.2517633518 -0.000398752014766 -0.0258632115595
77.3145952048 -0.000398106357423 -0.0258422353915
77.3774270579 -0.00039746226519 -0.0258212931878
77.440258911 -0.000396819733055 -0.0258003848652
77.5030907641 -0.000396178755971 -0.025779510342
77.5659226171 -0.000395539328926 -0.0257586695363
77.6287544702 -0.000394901446935 -0.0257378623668
77.6915863233 -0.000394265105041 -0.0257170887515
77.7544181763 -0.000393630298269 -0.0256963486106
77.8172500294 -0.000392997021733 -0.0256756418618
77.8800818825 -0.000392365270482 -0.0256549684257
77.9429137356 -0.000391735039642 -0.0256343282221
78.0057455886 -0.000391106324358 -0.0256137211702
78.0685774417 -0.000390479119758 -0.0255931471911
78.1314092948 -0.000389853421024 -0.0255726062047
78.1942411478 -0.000389229223339 -0.0255520981323
78.2570730009 -0.000388606521917 -0.0255316228946
78.319904854 -0.000387985311983 -0.0255111804127
78.3827367071 -0.000387365588781 -0.0254907706086
78.4455685601 -0.00038674734758 -0.0254703934037
78.5084004132 -0.000386130583651 -0.0254500487205
78.5712322663 -0.000385515292307 -0.0254297364808
78.6340641194 -0.00038490146887 -0.0254094566073
78.6968959724 -0.000384289108668 -0.0253892090229
78.7597278255 -0.000383678207074 -0.0253689936504
78.8225596786 -0.000383068759459 -0.0253488104133
78.8853915316 -0.000382460761212 -0.0253286592349
78.9482233847 -0.000381854207762 -0.0253085400388
79.0110552378 -0.000381249094511 -0.0252884527497
79.0738870909 -0.000380645416942 -0.0252683972908
79.1367189439 -0.000380043170491 -0.0252483735876
79.199550797 -0.000379442350662 -0.0252283815642
79.2623826501 -0.000378842952951 -0.0252084211457
79.3252145031 -0.00037824497288 -0.0251884922573
79.3880463562 -0.000377648405984 -0.0251685948243
79.4508782093 -0.000377053247823 -0.0251487287725
79.5137100624 -0.00037645949398 -0.0251288940276
79.5765419154 -0.000375867140012 -0.0251090905161
79.6393737685 -0.000375276181562 -0.0250893181639
79.7022056216 -0.000374686614229 -0.0250695768979
79.7650374746 -0.000374098433676 -0.0250498666447
79.8278693277 -0.000373511635543 -0.0250301873316
79.8907011808 -0.000372926215517 -0.0250105388856
79.9535330339 -0.000372342169284 -0.0249909212345
80.0163648869 -0.000371759492564 -0.0249713343057
80.07919674 -0.000371178181075 -0.0249517780273
80.1420285931 -0.000370598230555 -0.0249322523278
80.2048604461 -0.000370019636771 -0.024912757135
80.2676922992 -0.000369442395503 -0.0248932923779
80.3305241523 -0.000368866502525 -0.0248738579853
80.3933560054 -0.000368291953672 -0.0248544538862
80.4561878584 -0.00036771874475 -0.0248350800098
80.5190197115 -0.000367146871604 -0.0248157362858
80.5818515646 -0.000366576330096 -0.0247964226438
80.6446834176 -0.000366007116093 -0.0247771390138
80.7075152707 -0.000365439225483 -0.0247578853262
80.7703471238 -0.000364872654159 -0.0247386615112
80.8331789769 -0.000364307398088 -0.0247194674989
80.8960108299 -0.00036374345316 -0.0247003032209
80.958842683 -0.000363180815345 -0.0246811686077
81.0216745361 -0.000362619480605 -0.0246620635907
81.0845063892 -0.000362059444933 -0.0246429881014
81.1473382422 -0.000361500704311 -0.0246239420716
81.2101700953 -0.000360943254769 -0.024604925433
81.2730019484 -0.000360387092332 -0.0245859381174
81.3358338014 -0.000359832213049 -0.0245669800575
81.3986656545 -0.000359278612974 -0.0245480511855
81.4614975076 -0.000358726288173 -0.0245291514343
81.5243293607 -0.00035817523475 -0.024510280737
81.5871612137 -0.000357625448807 -0.0244914390264
81.6499930668 -0.000357076926463 -0.0244726262358
81.7128249199 -0.000356529663856 -0.0244538422988
81.7756567729 -0.000355983657128 -0.0244350871493
81.838488626 -0.000355438902448 -0.024416360721
81.9013204791 -0.000354895395985 -0.0243976629483
81.9641523322 -0.000354353133947 -0.0243789937653
82.0269841852 -0.000353812112539 -0.0243603531063
82.0898160383 -0.00035327232797 -0.0243417409068
82.1526478914 -0.000352733776495 -0.0243231571009
82.2154797444 -0.000352196454345 -0.0243046016245
82.2783115975 -0.000351660357806 -0.0242860744122
82.3411434506 -0.00035112548314 -0.0242675754
82.4039753037 -0.000350591826649 -0.0242491045235
82.4668071567 -0.000350059384649 -0.0242306617182
82.5296390098 -0.000349528153437 -0.024212246921
82.5924708629 -0.000348998129372 -0.0241938600676
82.6553027159 -0.000348469308785 -0.0241755010949
82.718134569 -0.000347941688051 -0.0241571699392
82.7809664221 -0.000347415263538 -0.0241388665379
82.8437982752 -0.000346890031649 -0.0241205908272
82.9066301282 -0.000346365988774 -0.0241023427453
82.9694619813 -0.000345843131333 -0.0240841222293
83.0322938344 -0.00034532145576 -0.0240659292167
83.0951256875 -0.000344800958511 -0.0240477636451
83.1579575405 -0.00034428163602 -0.0240296254532
83.2207893936 -0.000343763484777 -0.0240115145785
83.2836212467 -0.000343246501232 -0.0239934309606
83.3464530997 -0.000342730681937 -0.0239753745362
83.4092849528 -0.000342216023365 -0.0239573452455
83.4721168059 -0.000341702522042 -0.0239393430269
83.534948659 -0.000341190174522 -0.0239213678194
83.597780512 -0.000340678977335 -0.0239034195627
83.6606123651 -0.000340168927047 -0.0238854981963
83.7234442182 -0.000339660020248 -0.0238676036593
83.7862760712 -0.000339152253505 -0.0238497358921
83.8491079243 -0.000338645623428 -0.0238318948345
83.9119397774 -0.000338140126639 -0.0238140804265
83.9747716305 -0.000337635759751 -0.023796292609
84.0376034835 -0.000337132519402 -0.0237785313224
84.1004353366 -0.000336630402255 -0.0237607965068
84.1632671897 -0.000336129404958 -0.023743088104
84.2260990427 -0.000335629524193 -0.0237254060549
84.2889308958 -0.000335130756656 -0.0237077503002
84.3517627489 -0.000334633099032 -0.023690120782
84.414594602 -0.000334136548053 -0.0236725174412
84.477426455 -0.000333641100421 -0.0236549402204
84.5402583081 -0.000333146752882 -0.0236373890612
84.6030901612 -0.000332653502193 -0.0236198639054
84.6659220142 -0.000332161345105 -0.0236023646958
84.7287538673 -0.000331670278383 -0.0235848913749
84.7915857204 -0.00033118029883 -0.0235674438849
84.8544175735 -0.000330691403238 -0.0235500221686
84.9172494265 -0.000330203588403 -0.0235326261695
84.9800812796 -0.000329716851154 -0.0235152558305
85.0429131327 -0.000329231188325 -0.0234979110946
85.1057449857 -0.000328746596751 -0.0234805919057
85.1685768388 -0.000328263073286 -0.0234632982073
85.2314086919 -0.000327780614813 -0.0234460299431
85.294240545 -0.000327299218189 -0.0234287870573
85.357072398 -0.000326818880308 -0.0234115694939
85.4199042511 -0.000326339598092 -0.0233943771969
85.4827361042 -0.000325861368412 -0.0233772101117
85.5455679573 -0.000325384188226 -0.0233600681819
85.6083998103 -0.00032490805446 -0.0233429513526
85.6712316634 -0.000324432964054 -0.0233258595689
85.7340635165 -0.000323958913947 -0.0233087927766
85.7968953695 -0.000323485901142 -0.0232917509196
85.8597272226 -0.000323013922606 -0.0232747339439
85.9225590757 -0.000322542975318 -0.0232577417954
85.9853909288 -0.000322073056281 -0.0232407744196
86.0482227818 -0.000321604162519 -0.0232238317624
86.1110546349 -0.000321136291034 -0.0232069137701
86.173886488 -0.000320669438886 -0.0231900203884
86.236718341 -0.000320203603097 -0.0231731515641
86.2995501941 -0.000319738780728 -0.0231563072438
86.3623820472 -0.000319274968836 -0.0231394873741
86.4252139003 -0.000318812164513 -0.0231226919016
86.4880457533 -0.00031835036484 -0.0231059207734
86.5508776064 -0.000317889566914 -0.0230891739367
86.6137094595 -0.000317429767829 -0.0230724513391
86.6765413125 -0.000316970964724 -0.0230557529274
86.7393731656 -0.00031651315471 -0.0230390786499
86.8022050187 -0.000316056334932 -0.023022428454
86.8650368718 -0.00031560050254 -0.0230058022877
86.9278687248 -0.000315145654697 -0.0229892000989
86.9907005779 -0.000314691788559 -0.0229726218361
87.053532431 -0.000314238901318 -0.0229560674474
87.116364284 -0.000313786990164 -0.0229395368813
87.1791961371 -0.000313336052295 -0.0229230300863
87.2420279902 -0.000312886084907 -0.0229065470119
87.3048598433 -0.000312437085231 -0.0228900876065
87.3676916963 -0.000311989050496 -0.0228736518194
87.4305235494 -0.000311541977951 -0.0228572395993
87.4933554025 -0.000311095864827 -0.0228408508963
87.5561872555 -0.00031065070839 -0.0228244856598
87.6190191086 -0.000310206505918 -0.022808143839
87.6818509617 -0.000309763254672 -0.0227918253842
87.7446828148 -0.000309320951959 -0.0227755302451
87.8075146678 -0.000308879595063 -0.022759258372
87.8703465209 -0.000308439181301 -0.022743009715
87.933178374 -0.000307999707981 -0.0227267842245
87.9960102271 -0.000307561172442 -0.0227105818511
88.0588420801 -0.000307123571999 -0.0226944025457
88.1216739332 -0.000306686904021 -0.0226782462584
88.1845057863 -0.000306251165858 -0.0226621129406
88.2473376393 -0.000305816354864 -0.0226460025435
88.3101694924 -0.000305382468422 -0.0226299150182
88.3730013455 -0.000304949503915 -0.0226138503159
88.4358331986 -0.000304517458717 -0.0225978083889
88.4986650516 -0.000304086330252 -0.0225817891876
88.5614969047 -0.000303656115926 -0.0225657926644
88.6243287578 -0.00030322681315 -0.0225498187714
88.6871606108 -0.000302798419362 -0.0225338674605
88.7499924639 -0.000302370931988 -0.0225179386836
88.812824317 -0.000301944348485 -0.0225020323936
88.8756561701 -0.000301518666312 -0.0224861485423
88.9384880231 -0.000301093882924 -0.0224702870828
89.0013198762 -0.000300669995799 -0.0224544479675
89.0641517293 -0.000300247002417 -0.0224386311495
89.1269835823 -0.000299824900276 -0.0224228365815
89.1898154354 -0.00029940368687 -0.0224070642168
89.2526472885 -0.000298983359717 -0.0223913140085
89.3154791416 -0.00029856391632 -0.0223755859102
89.3783109946 -0.000298145354207 -0.0223598798756
89.4411428477 -0.000297727670928 -0.0223441958575
89.5039747008 -0.00029731086401 -0.0223285338107
89.5668065538 -0.00029689493101 -0.0223128936887
89.6296384069 -0.000296479869504 -0.022297275445
89.69247026 -0.000296065677036 -0.0222816790345
89.7553021131 -0.000295652351195 -0.0222661044113
89.8181339661 -0.000295239889579 -0.0222505515292
89.8809658192 -0.000294828289762 -0.0222350203438
89.9437976723 -0.000294417549355 -0.0222195108089
90.0066295253 -0.000294007665971 -0.0222040228798
90.0694613784 -0.000293598637235 -0.0221885565109
90.1322932315 -0.000293190460759 -0.0221731116579
90.1951250846 -0.000292783134195 -0.0221576882754
90.2579569376 -0.000292376655171 -0.0221422863192
90.3207887907 -0.000291971021356 -0.0221269057442
90.3836206438 -0.000291566230398 -0.0221115465063
90.4464524969 -0.000291162279969 -0.022096208561
90.5092843499 -0.000290759167752 -0.022080891864
90.572116203 -0.000290356891418 -0.0220655963716
90.6349480561 -0.000289955448667 -0.0220503220396
90.6977799091 -0.0002895548372 -0.022035068824
90.7606117622 -0.000289155054732 -0.0220198366809
90.8234436153 -0.00028875609896 -0.0220046255673
90.8862754684 -0.000288357967626 -0.0219894354395
90.9491073214 -0.00028796065846 -0.0219742662538
91.0119391745 -0.000287564169193 -0.0219591179672
91.0747710276 -0.000287168497578 -0.0219439905366
91.1376028806 -0.000286773641368 -0.0219288839189
91.2004347337 -0.000286379598325 -0.0219137980713
91.2632665868 -0.000285986366227 -0.0218987329509
91.3260984399 -0.000285593942839 -0.0218836885153
91.3889302929 -0.000285202325957 -0.0218686647215
91.451762146 -0.000284811513368 -0.0218536615277
91.5145939991 -0.000284421502883 -0.021838678891
91.5774258521 -0.000284032292315 -0.0218237167691
91.6402577052 -0.000283643879446 -0.0218087751209
91.7030895583 -0.000283256262122 -0.0217938539038
91.7659214114 -0.000282869438186 -0.0217789530755
91.8287532644 -0.000282483405451 -0.0217640725952
91.8915851175 -0.000282098161783 -0.0217492124205
91.9544169706 -0.000281713705029 -0.0217343725101
92.0172488236 -0.000281330033037 -0.0217195528231
92.0800806767 -0.00028094714369 -0.0217047533176
92.1429125298 -0.000280565034856 -0.0216899739525
92.2057443829 -0.000280183704426 -0.0216752146869
92.2685762359 -0.000279803150258 -0.0216604754802
92.331408089 -0.000279423370285 -0.0216457562909
92.3942399421 -0.000279044362388 -0.0216310570791
92.4570717951 -0.000278666124491 -0.021616377803
92.5199036482 -0.000278288654503 -0.0216017184231
92.5827355013 -0.000277911950346 -0.0215870788986
92.6455673544 -0.000277536009953 -0.0215724591896
92.7083992074 -0.000277160831275 -0.0215578592551
92.7712310605 -0.000276786412239 -0.021543279056
92.8340629136 -0.000276412750802 -0.0215287185519
92.8968947667 -0.000276039844942 -0.0215141777025
92.9597266197 -0.000275667692586 -0.021499656469
93.0225584728 -0.000275296291738 -0.0214851548113
93.0853903259 -0.000274925640375 -0.0214706726893
93.1482221789 -0.000274555736483 -0.0214562100642
93.211054032 -0.000274186578034 -0.0214417668971
93.2738858851 -0.000273818163053 -0.021427343148
93.3367177382 -0.000273450489533 -0.021412938778
93.3995495912 -0.000273083555495 -0.0213985537481
93.4623814443 -0.000272717358956 -0.0213841880195
93.5252132974 -0.000272351897934 -0.0213698415537
93.5880451504 -0.000271987170475 -0.0213555143112
93.6508770035 -0.000271623174615 -0.0213412062542
93.7137088566 -0.000271259908389 -0.021326917344
93.7765407097 -0.000270897369872 -0.0213126475419
93.8393725627 -0.000270535557106 -0.02129839681
93.9022044158 -0.000270174468162 -0.0212841651097
93.9650362689 -0.000269814101099 -0.0212699524037
94.0278681219 -0.000269454454023 -0.021255758653
94.090699975 -0.000269095525 -0.0212415838204
94.1535318281 -0.000268737312107 -0.0212274278687
94.2163636812 -0.00026837981348 -0.0212132907586
94.2791955342 -0.000268023027199 -0.0211991724536
94.3420273873 -0.00026766695137 -0.0211850729163
94.4048592404 -0.000267311584122 -0.0211709921091
94.4676910934 -0.000266956923572 -0.0211569299946
94.5305229465 -0.000266602967843 -0.0211428865359
94.5933547996 -0.000266249715083 -0.0211288616956
94.6561866527 -0.000265897163415 -0.0211148554372
94.7190185057 -0.000265545311016 -0.021100867723
94.7818503588 -0.000265194156001 -0.0210868985174
94.8446822119 -0.000264843696556 -0.0210729477828
94.9075140649 -0.00026449393084 -0.0210590154829
94.970345918 -0.000264144857033 -0.0210451015808
95.0331777711 -0.000263796473299 -0.0210312060408
95.0960096242 -0.000263448777821 -0.0210173288263
95.1588414772 -0.000263101768797 -0.021003469901
95.2216733303 -0.000262755444419 -0.0209896292291
95.2845051834 -0.000262409802892 -0.0209758067741
95.3473370365 -0.000262064842421 -0.0209620025003
95.4101688895 -0.000261720561223 -0.0209482163719
95.4730007426 -0.000261376957504 -0.0209344483535
95.5358325957 -0.000261034029504 -0.0209206984089
95.5986644487 -0.000260691775443 -0.0209069665029
95.6614963018 -0.000260350193563 -0.0208932526
95.7243281549 -0.000260009282112 -0.0208795566645
95.787160008 -0.000259669039328 -0.0208658786616
95.849991861 -0.000259329463466 -0.020852218556
95.9128237141 -0.000258990552792 -0.0208385763124
95.9756555672 -0.000258652305553 -0.0208249518966
96.0384874202 -0.000258314720046 -0.0208113452725
96.1013192733 -0.000257977794537 -0.0207977564057
96.1641511264 -0.000257641527293 -0.0207841852622
96.2269829795 -0.000257305916621 -0.0207706318067
96.2898148325 -0.000256970960808 -0.0207570960046
96.3526466856 -0.000256636658151 -0.0207435778217
96.4154785387 -0.000256303006954 -0.0207300772238
96.4783103917 -0.000255970005529 -0.0207165941762
96.5411422448 -0.000255637652187 -0.0207031286451
96.6039740979 -0.000255305945254 -0.0206896805962
96.666805951 -0.000254974883049 -0.0206762499957
96.729637804 -0.000254644463918 -0.0206628368091
96.7924696571 -0.000254314686179 -0.0206494410033
96.8553015102 -0.000253985548181 -0.0206360625445
96.9181333632 -0.000253657048277 -0.0206227013986
96.9809652163 -0.000253329184821 -0.0206093575321
97.0437970694 -0.000253001956154 -0.0205960309121
97.1066289225 -0.000252675360667 -0.0205827215042
97.1694607755 -0.000252349396701 -0.0205694292763
97.2322926286 -0.000252024062646 -0.0205561541943
97.2951244817 -0.000251699356881 -0.0205428962253
97.3579563347 -0.000251375277788 -0.0205296553362
97.4207881878 -0.000251051823749 -0.0205164314943
97.4836200409 -0.000250728993175 -0.0205032246662
97.546451894 -0.00025040678444 -0.0204900348201
97.609283747 -0.000250085195973 -0.0204768619223
97.6721156001 -0.000249764226185 -0.0204637059402
97.7349474532 -0.000249443873472 -0.020450566842
97.7977793063 -0.000249124136268 -0.0204374445947
97.8606111593 -0.000248805012998 -0.0204243391659
97.9234430124 -0.000248486502088 -0.0204112505234
97.9862748655 -0.000248168601975 -0.0203981786352
98.0491067185 -0.00024785131109 -0.0203851234692
98.1119385716 -0.000247534627902 -0.0203720849926
98.1747704247 -0.000247218550837 -0.0203590631745
98.2376022778 -0.000246903078363 -0.0203460579825
98.3004341308 -0.000246588208937 -0.0203330693846
98.3632659839 -0.000246273941023 -0.0203200973492
98.426097837 -0.000245960273103 -0.0203071418445
98.48892969 -0.000245647203635 -0.0202942028395
98.5517615431 -0.000245334731102 -0.0202812803023
98.6145933962 -0.00024502285399 -0.0202683742018
98.6774252493 -0.000244711570788 -0.0202554845065
98.7402571023 -0.000244400879991 -0.020242611185
98.8030889554 -0.00024409078011 -0.020229754206
98.8659208085 -0.000243781269626 -0.0202169135391
98.9287526615 -0.000243472347052 -0.0202040891531
98.9915845146 -0.000243164010922 -0.0201912810161
99.0544163677 -0.000242856259721 -0.0201784890989
99.1172482208 -0.000242549092001 -0.0201657133693
99.1800800738 -0.000242242506275 -0.0201529537973
99.2429119269 -0.00024193650107 -0.0201402103522
99.30574378 -0.000241631074939 -0.0201274830033
99.368575633 -0.000241326226405 -0.0201147717203
99.4314074861 -0.000241021954027 -0.0201020764727
99.4942393392 -0.000240718256345 -0.0200893972303
99.5570711923 -0.000240415131912 -0.0200767339631
99.6199030453 -0.000240112579299 -0.0200640866405
99.6827348984 -0.000239810597073 -0.0200514552322
99.7455667515 -0.000239509183773 -0.0200388397094
99.8083986045 -0.000239208338011 -0.0200262400407
99.8712304576 -0.000238908058326 -0.0200136561974
99.9340623107 -0.000238608343332 -0.0200010881487
99.9968941638 -0.000238309191589 -0.0199885358661
100.059726017 -0.000238010601711 -0.0199759993187
100.12255787 -0.00023771257228 -0.0199634784777
100.185389723 -0.000237415101889 -0.0199509733138
100.248221576 -0.000237118189164 -0.0199384837967
100.311053429 -0.000236821832679 -0.0199260098984
100.373885282 -0.000236526031075 -0.0199135515883
100.436717135 -0.000236230782953 -0.0199011088381
100.499548988 -0.000235936086949 -0.0198886816182
100.562380841 -0.000235641941672 -0.0198762698999
100.625212694 -0.000235348345763 -0.0198638736539
100.688044548 -0.000235055297855 -0.0198514928513
100.750876401 -0.000234762796572 -0.0198391274638
100.813708254 -0.000234470840571 -0.0198267774622
100.876540107 -0.000234179428489 -0.0198144428181
100.93937196 -0.000233888558991 -0.0198021235023
101.002203813 -0.000233598230721 -0.0197898194866
101.065035666 -0.000233308442329 -0.0197775307433
101.127867519 -0.000233019192502 -0.0197652572424
101.190699372 -0.00023273047988 -0.0197529989573
101.253531225 -0.000232442303151 -0.0197407558585
101.316363078 -0.000232154660995 -0.019728527918
101.379194931 -0.00023186755208 -0.0197163151082
101.442026784 -0.000231580975091 -0.0197041174008
101.504858637 -0.000231294928715 -0.0196919347677
101.567690491 -0.000231009411661 -0.0196797671807
101.630522344 -0.000230724422593 -0.019667614613
101.693354197 -0.000230439960245 -0.0196554770355
101.75618605 -0.000230156023293 -0.0196433544215
101.819017903 -0.000229872610463 -0.0196312467427
101.881849756 -0.000229589720451 -0.0196191539722
101.944681609 -0.000229307351981 -0.0196070760821
102.007513462 -0.000229025503785 -0.0195950130446
102.070345315 -0.00022874417456 -0.0195829648333
102.133177168 -0.000228463363049 -0.0195709314202
102.196009021 -0.000228183067994 -0.0195589127778
102.258840874 -0.000227903288111 -0.0195469088796
102.321672727 -0.000227624022145 -0.0195349196982
102.38450458 -0.000227345268835 -0.0195229452069
102.447336434 -0.000227067026948 -0.0195109853779
102.510168287 -0.000226789295203 -0.0194990401852
102.57300014 -0.000226512072375 -0.0194871096017
102.635831993 -0.000226235357226 -0.0194751936002
102.698663846 -0.0002259591485 -0.0194632921547
102.761495699 -0.000225683444984 -0.0194514052378
102.824327552 -0.000225408245422 -0.0194395328237
102.887159405 -0.000225133548617 -0.019427674885
102.949991258 -0.000224859353324 -0.0194158313963
103.012823111 -0.000224585658327 -0.0194040023304
103.075654964 -0.000224312462405 -0.0193921876618
103.138486817 -0.000224039764375 -0.0193803873629
103.20131867 -0.000223767562999 -0.0193686014087
103.264150523 -0.000223495857078 -0.0193568297728
103.326982377 -0.000223224645416 -0.0193450724291
103.38981423 -0.00022295392683 -0.0193333293509
103.452646083 -0.000222683700088 -0.0193216005137
103.515477936 -0.000222413964034 -0.0193098858905
103.578309789 -0.000222144717462 -0.0192981854559
103.641141642 -0.000221875959214 -0.0192864991839
103.703973495 -0.000221607688082 -0.0192748270492
103.766805348 -0.000221339902903 -0.0192631690259
103.829637201 -0.000221072602502 -0.0192515250886
103.892469054 -0.000220805785713 -0.0192398952118
103.955300907 -0.000220539451369 -0.01922827937
104.01813276 -0.000220273598313 -0.0192166775376
104.080964613 -0.000220008225389 -0.0192050896892
104.143796467 -0.000219743331424 -0.0191935158003
104.20662832 -0.000219478915289 -0.019181955845
104.269460173 -0.000219214975816 -0.0191704097986
104.332292026 -0.00021895151188 -0.0191588776357
104.395123879 -0.000218688522333 -0.0191473593311
104.457955732 -0.000218426006024 -0.0191358548608
104.520787585 -0.000218163961843 -0.0191243641986
104.583619438 -0.000217902388639 -0.0191128873208
104.646451291 -0.000217641285304 -0.0191014242018
104.709283144 -0.00021738065069 -0.0190899748175
104.772114997 -0.00021712048369 -0.0190785391432
104.83494685 -0.000216860783183 -0.0190671171539
104.897778703 -0.000216601548067 -0.0190557088251
104.960610556 -0.000216342777213 -0.0190443141328
105.02344241 -0.000216084469531 -0.0190329330518
105.086274263 -0.00021582662391 -0.0190215655583
105.149106116 -0.000215569239239 -0.0190102116283
105.211937969 -0.00021531231444 -0.0189988712367
105.274769822 -0.000215055848402 -0.0189875443598
105.337601675 -0.00021479984003 -0.0189762309741
105.400433528 -0.000214544288272 -0.0189649310537
105.463265381 -0.000214289192005 -0.0189536445764
105.526097234 -0.000214034550155 -0.0189423715177
105.588929087 -0.000213780361655 -0.0189311118535
105.65176094 -0.000213526625424 -0.0189198655599
105.714592793 -0.000213273340406 -0.0189086326128
105.777424646 -0.000213020505504 -0.0188974129894
105.840256499 -0.000212768119669 -0.0188862066655
105.903088353 -0.000212516181843 -0.0188750136171
105.965920206 -0.000212264690946 -0.0188638338218
106.028752059 -0.000212013645944 -0.0188526672549
106.091583912 -0.000211763045784 -0.0188415138932
106.154415765 -0.000211512889405 -0.0188303737137
106.217247618 -0.000211263175758 -0.0188192466929
106.280079471 -0.000211013903817 -0.0188081328071
106.342911324 -0.000210765072518 -0.0187970320339
106.405743177 -0.000210516680846 -0.0187859443492
106.46857503 -0.000210268727749 -0.0187748697307
106.531406883 -0.000210021212211 -0.0187638081547
106.594238736 -0.000209774133194 -0.0187527595983
106.657070589 -0.000209527489678 -0.0187417240387
106.719902442 -0.000209281280634 -0.0187307014531
106.782734296 -0.000209035505046 -0.0187196918185
106.845566149 -0.000208790161905 -0.0187086951119
106.908398002 -0.000208545250175 -0.0186977113113
106.971229855 -0.000208300768873 -0.0186867403931
107.034061708 -0.000208056716981 -0.0186757823349
107.096893561 -0.00020781309349 -0.0186648371142
107.159725414 -0.000207569897409 -0.0186539047085
107.222557267 -0.000207327127728 -0.0186429850955
107.28538912 -0.00020708478345 -0.0186320782527
107.348220973 -0.000206842863594 -0.0186211841575
107.411052826 -0.000206601367161 -0.0186103027876
107.473884679 -0.000206360293175 -0.0185994341208
107.536716532 -0.000206119640637 -0.018588578135
107.599548385 -0.000205879408574 -0.0185777348079
107.662380239 -0.00020563959601 -0.0185669041174
107.725212092 -0.000205400201965 -0.0185560860414
107.788043945 -0.000205161225461 -0.0185452805581
107.850875798 -0.000204922665542 -0.0185344876453
107.913707651 -0.000204684521226 -0.0185237072812
107.976539504 -0.000204446791565 -0.0185129394435
108.039371357 -0.000204209475584 -0.0185021841112
108.10220321 -0.000203972572327 -0.0184914412621
108.165035063 -0.000203736080836 -0.0184807108747
108.227866916 -0.000203500000171 -0.0184699929266
108.290698769 -0.000203264329367 -0.0184592873972
108.353530622 -0.000203029067487 -0.0184485942641
108.416362475 -0.000202794213566 -0.0184379135068
108.479194328 -0.000202559766694 -0.0184272451025
108.542026182 -0.000202325725894 -0.0184165890313
108.604858035 -0.000202092090271 -0.0184059452702
108.667689888 -0.000201858858852 -0.0183953137994
108.730521741 -0.000201626030737 -0.0183846945965
108.793353594 -0.000201393604971 -0.018374087641
108.856185447 -0.000201161580639 -0.0183634929119
108.9190173 -0.000200929956826 -0.018352910387
108.981849153 -0.000200698732602 -0.0183423400462
109.044681006 -0.000200467907045 -0.0183317818684
109.107512859 -0.000200237479258 -0.0183212358318
109.170344712 -0.000200007448308 -0.0183107019166
109.233176565 -0.000199777813278 -0.0183001801018
109.296008418 -0.000199548573294 -0.0182896703655
109.358840271 -0.000199319727423 -0.018279172688
109.421672125 -0.00019909127477 -0.0182686870482
109.484503978 -0.000198863214443 -0.0182582134252
109.547335831 -0.000198635545536 -0.0182477517985
109.610167684 -0.000198408267148 -0.0182373021481
109.672999537 -0.000198181378396 -0.0182268644526
109.73583139 -0.000197954878396 -0.0182164386919
109.798663243 -0.00019772876625 -0.0182060248456
109.861495096 -0.000197503041082 -0.018195622893
109.924326949 -0.000197277701997 -0.0181852328143
109.987158802 -0.000197052748139 -0.0181748545883
110.049990655 -0.000196828178606 -0.0181644881955
110.112822508 -0.000196603992537 -0.0181541336157
110.175654361 -0.000196380189059 -0.018143790828
110.238486214 -0.000196156767282 -0.0181334598134
110.301318068 -0.000195933726377 -0.0181231405508
110.364149921 -0.000195711065453 -0.0181128330206
110.426981774 -0.000195488783646 -0.0181025372032
110.489813627 -0.000195266880115 -0.0180922530778
110.55264548 -0.000195045353987 -0.0180819806248
110.615477333 -0.000194824204418 -0.0180717198247
110.678309186 -0.000194603430542 -0.0180614706575
110.741141039 -0.00019438303151 -0.0180512331037
110.803972892 -0.000194163006491 -0.0180410071428
110.866804745 -0.000193943354632 -0.0180307927559
110.929636598 -0.000193724075088 -0.0180205899227
110.992468451 -0.00019350516701 -0.0180103986245
111.055300304 -0.000193286629569 -0.0180002188413
111.118132157 -0.000193068461935 -0.0179900505532
111.180964011 -0.000192850663272 -0.017979893741
111.243795864 -0.000192633232733 -0.0179697483859
111.306627717 -0.000192416169503 -0.0179596144679
111.36945957 -0.000192199472758 -0.0179494919677
111.432291423 -0.000191983141673 -0.017939380866
111.495123276 -0.000191767175415 -0.0179292811442
111.557955129 -0.000191551573173 -0.0179191927824
111.620786982 -0.000191336334132 -0.0179091157617
111.683618835 -0.000191121457477 -0.0178990500628
111.746450688 -0.000190906942388 -0.0178889956669
111.809282541 -0.00019069278806 -0.017878952555
111.872114394 -0.000190478993683 -0.0178689207081
111.934946247 -0.000190265558449 -0.0178589001074
111.9977781 -0.000190052481571 -0.0178488907332
112.060609954 -0.000189839762223 -0.0178388925677
112.123441807 -0.000189627399624 -0.0178289055913
112.18627366 -0.000189415392964 -0.017818929786
112.249105513 -0.000189203741463 -0.0178089651323
112.311937366 -0.000188992444316 -0.017799011612
112.374769219 -0.000188781500733 -0.0177890692067
112.437601072 -0.000188570909939 -0.0177791378969
112.500432925 -0.000188360671147 -0.0177692176645
112.563264778 -0.00018815078355 -0.0177593084914
112.626096631 -0.000187941246385 -0.0177494103591
112.688928484 -0.000187732058877 -0.0177395232483
112.751760337 -0.000187523220241 -0.0177296471415
112.81459219 -0.000187314729697 -0.01771978202
112.877424043 -0.000187106586496 -0.0177099278652
112.940255897 -0.000186898789831 -0.0177000846596
113.00308775 -0.000186691338958 -0.0176902523843
113.065919603 -0.000186484233109 -0.0176804310211
113.128751456 -0.000186277471513 -0.0176706205524
113.191583309 -0.000186071053413 -0.0176608209596
113.254415162 -0.000185864978046 -0.0176510322249
113.317247015 -0.000185659244652 -0.0176412543303
113.380078868 -0.000185453852477 -0.0176314872575
113.442910721 -0.000185248800776 -0.0176217309887
113.505742574 -0.00018504408878 -0.0176119855063
113.568574427 -0.000184839715754 -0.0176022507918
113.63140628 -0.000184635680947 -0.0175925268279
113.694238133 -0.000184431983609 -0.0175828135966
113.757069986 -0.000184228623 -0.0175731110802
113.81990184 -0.000184025598381 -0.0175634192609
113.882733693 -0.000183822909009 -0.0175537381212
113.945565546 -0.000183620554138 -0.0175440676437
114.008397399 -0.000183418533053 -0.0175344078101
114.071229252 -0.000183216845005 -0.0175247586032
114.134061105 -0.000183015489273 -0.0175151200055
114.196892958 -0.000182814465117 -0.0175054919997
114.259724811 -0.000182613771809 -0.0174958745683
114.322556664 -0.00018241340864 -0.0174862676934
114.385388517 -0.000182213374874 -0.0174766713582
114.44822037 -0.00018201366979 -0.0174670855452
114.511052223 -0.000181814292674 -0.017457510237
114.573884076 -0.000181615242805 -0.0174479454166
114.636715929 -0.000181416519464 -0.0174383910666
114.699547783 -0.000181218121941 -0.0174288471699
114.762379636 -0.00018102004953 -0.0174193137092
114.825211489 -0.000180822301512 -0.0174097906678
114.888043342 -0.000180624877191 -0.0174002780278
114.950875195 -0.000180427775843 -0.0173907757733
115.013707048 -0.000180230996783 -0.0173812838865
115.076538901 -0.000180034539305 -0.0173718023506
115.139370754 -0.000179838402704 -0.0173623311487
115.202202607 -0.000179642586283 -0.017352870264
115.26503446 -0.000179447089342 -0.0173434196801
115.327866313 -0.000179251911185 -0.0173339793796
115.390698166 -0.000179057051133 -0.0173245493459
115.453530019 -0.000178862508493 -0.0173151295619
115.516361872 -0.000178668282562 -0.0173057200116
115.579193726 -0.000178474372668 -0.017296320678
115.642025579 -0.000178280778123 -0.0172869315443
115.704857432 -0.000178087498238 -0.017277552594
115.767689285 -0.000177894532339 -0.0172681838108
115.830521138 -0.000177701879742 -0.017258825178
115.893352991 -0.000177509539765 -0.0172494766793
115.956184844 -0.000177317511741 -0.0172401382981
116.019016697 -0.000177125794997 -0.0172308100175
116.08184855 -0.000176934388851 -0.0172214918223
116.144680403 -0.000176743292645 -0.0172121836949
116.207512256 -0.000176552505705 -0.0172028856197
116.270344109 -0.000176362027357 -0.0171935975804
116.333175962 -0.000176171856944 -0.0171843195608
116.396007816 -0.000175981993807 -0.0171750515442
116.458839669 -0.000175792437273 -0.0171657935155
116.521671522 -0.000175603186686 -0.0171565454576
116.584503375 -0.000175414241399 -0.0171473073544
116.647335228 -0.000175225600741 -0.0171380791904
116.710167081 -0.000175037264075 -0.0171288609491
116.772998934 -0.000174849230738 -0.0171196526147
116.835830787 -0.000174661500066 -0.0171104541717
116.89866264 -0.000174474071438 -0.0171012656032
116.961494493 -0.000174286944188 -0.0170920868943
117.024326346 -0.000174100117671 -0.0170829180286
117.087158199 -0.000173913591247 -0.0170737589907
117.149990052 -0.000173727364279 -0.017064609764
117.212821905 -0.000173541436129 -0.0170554703331
117.275653759 -0.000173355806138 -0.017046340683
117.338485612 -0.000173170473682 -0.0170372207974
117.401317465 -0.00017298543814 -0.0170281106601
117.464149318 -0.00017280069885 -0.0170190102569
117.526981171 -0.000172616255201 -0.0170099195711
117.589813024 -0.00017243210656 -0.0170008385871
117.652644877 -0.000172248252296 -0.01699176729
117.71547673 -0.000172064691776 -0.0169827056641
117.778308583 -0.000171881424382 -0.0169736536939
117.841140436 -0.000171698449492 -0.0169646113638
117.903972289 -0.000171515766473 -0.0169555786589
117.966804142 -0.00017133337472 -0.0169465555633
118.029635995 -0.000171151273598 -0.0169375420624
118.092467848 -0.000170969462506 -0.01692853814
118.155299702 -0.000170787940829 -0.0169195437811
118.218131555 -0.000170606707935 -0.0169105589712
118.280963408 -0.000170425763236 -0.0169015836938
118.343795261 -0.000170245106098 -0.0168926179352
118.406627114 -0.000170064735926 -0.0168836616794
118.469458967 -0.000169884652117 -0.0168747149111
118.53229082 -0.000169704854048 -0.0168657776163
118.595122673 -0.000169525341137 -0.0168568497789
118.657954526 -0.000169346112764 -0.0168479313844
118.720786379 -0.000169167168327 -0.016839022418
118.783618232 -0.000168988507248 -0.0168301228639
118.846450085 -0.000168810128916 -0.016821232708
118.909281938 -0.000168632032727 -0.0168123519355
118.972113791 -0.000168454218092 -0.0168034805312
119.034945645 -0.00016827668443 -0.0167946184801
119.097777498 -0.000168099431133 -0.016785765768
119.160609351 -0.00016792245762 -0.0167769223798
119.223441204 -0.000167745763305 -0.0167680883007
119.286273057 -0.000167569347592 -0.0167592635163
119.34910491 -0.000167393209901 -0.0167504480117
119.411936763 -0.000167217349654 -0.0167416417721
119.474768616 -0.000167041766257 -0.0167328447835
119.537600469 -0.000166866459143 -0.0167240570309
119.600432322 -0.000166691427718 -0.0167152785001
119.663264175 -0.00016651667142 -0.0167065091761
119.726096028 -0.000166342189667 -0.0166977490447
119.788927881 -0.000166167981876 -0.0166889980915
119.851759734 -0.000165994047482 -0.0166802563021
119.914591588 -0.000165820385912 -0.0166715236623
119.977423441 -0.000165646996598 -0.0166628001572
120.040255294 -0.00016547387897 -0.0166540857729
120.103087147 -0.00016530103247 -0.0166453804948
120.165919 -0.000165128456509 -0.0166366843092
120.228750853 -0.000164956150544 -0.0166279972013
120.291582706 -0.000164784113999 -0.0166193191575
120.354414559 -0.000164612346324 -0.0166106501628
120.417246412 -0.000164440846967 -0.0166019902034
120.480078265 -0.000164269615344 -0.0165933392655
120.542910118 -0.000164098650909 -0.0165846973349
120.605741971 -0.000163927953116 -0.0165760643973
120.668573824 -0.000163757521399 -0.0165674404391
120.731405677 -0.000163587355215 -0.0165588254457
120.794237531 -0.000163417454009 -0.0165502194038
120.857069384 -0.000163247817225 -0.0165416222989
120.919901237 -0.000163078444329 -0.0165330341172
120.98273309 -0.00016290933476 -0.0165244548453
121.045564943 -0.000162740487984 -0.0165158844688
121.108396796 -0.000162571903451 -0.016507322974
121.171228649 -0.000162403580616 -0.0164987703473
121.234060502 -0.000162235518942 -0.0164902265748
121.296892355 -0.000162067717889 -0.0164816916428
121.359724208 -0.000161900176924 -0.0164731655374
121.422556061 -0.000161732895502 -0.0164646482451
121.485387914 -0.000161565873078 -0.0164561397525
121.548219767 -0.000161399109146 -0.0164476400452
121.61105162 -0.000161232603149 -0.0164391491105
121.673883474 -0.000161066354563 -0.0164306669344
121.736715327 -0.00016090036286 -0.0164221935032
121.79954718 -0.00016073462751 -0.0164137288037
121.862379033 -0.00016056914798 -0.0164052728223
121.925210886 -0.000160403923753 -0.0163968255457
121.988042739 -0.000160238954298 -0.0163883869603
122.050874592 -0.000160074239096 -0.0163799570527
122.113706445 -0.000159909777623 -0.0163715358093
122.176538298 -0.000159745569359 -0.0163631232172
122.239370151 -0.000159581613783 -0.0163547192629
122.302202004 -0.000159417910379 -0.016346323933
122.365033857 -0.00015925445863 -0.0163379372144
122.42786571 -0.00015909125802 -0.0163295590936
122.490697563 -0.000158928308029 -0.0163211895581
122.553529417 -0.000158765608159 -0.0163128285937
122.61636127 -0.000158603157888 -0.0163044761879
122.679193123 -0.000158440956717 -0.0162961323271
122.742024976 -0.000158279004116 -0.0162877969988
122.804856829 -0.000158117299587 -0.0162794701901
122.867688682 -0.000157955842634 -0.0162711518869
122.930520535 -0.000157794632754 -0.0162628420764
122.993352388 -0.000157633669419 -0.0162545407469
123.056184241 -0.000157472952143 -0.016246247884
123.119016094 -0.00015731248043 -0.0162379634753
123.181847947 -0.000157152253772 -0.0162296875078
123.2446798 -0.000156992271672 -0.0162214199689
123.307511653 -0.000156832533641 -0.016213160845
123.370343506 -0.00015667303916 -0.0162049101244
123.43317536 -0.000156513787761 -0.0161966677931
123.496007213 -0.000156354778935 -0.0161884338392
123.558839066 -0.000156196012205 -0.0161802082491
123.621670919 -0.000156037487054 -0.0161719910111
123.684502772 -0.000155879203012 -0.0161637821117
123.747334625 -0.000155721159589 -0.0161555815386
123.810166478 -0.000155563356296 -0.0161473892789
123.872998331 -0.000155405792639 -0.0161392053202
123.935830184 -0.000155248468144 -0.0161310296497
123.998662037 -0.000155091382324 -0.0161228622549
124.06149389 -0.000154934534695 -0.0161147031232
124.124325743 -0.000154777924782 -0.016106552242
124.187157596 -0.00015462155209 -0.0160984095992
124.249989449 -0.000154465416156 -0.016090275182
124.312821303 -0.000154309516498 -0.0160821489778
124.375653156 -0.000154153852638 -0.0160740309744
124.438485009 -0.000153998424102 -0.0160659211593
124.501316862 -0.000153843230412 -0.0160578195203
124.564148715 -0.000153688271101 -0.016049726045
124.626980568 -0.000153533545703 -0.0160416407206
124.689812421 -0.000153379053727 -0.0160335635356
124.752644274 -0.000153224794724 -0.0160254944771
124.815476127 -0.000153070768222 -0.0160174335331
124.87830798 -0.00015291697375 -0.0160093806914
124.941139833 -0.000152763410838 -0.0160013359395
125.003971686 -0.000152610079027 -0.0159932992658
125.066803539 -0.000152456977862 -0.0159852706575
125.129635392 -0.000152304106863 -0.0159772501031
125.192467246 -0.000152151465589 -0.0159692375895
125.255299099 -0.000151999053561 -0.0159612331059
125.318130952 -0.000151846870333 -0.0159532366393
125.380962805 -0.000151694915441 -0.0159452481781
125.443794658 -0.000151543188437 -0.0159372677099
125.506626511 -0.000151391688856 -0.0159292952235
125.569458364 -0.000151240416249 -0.0159213307059
125.632290217 -0.000151089370166 -0.0159133741457
