# Status file for ctqmc. Used to save all times t_s, t_e.
2
55
3.160067359607109 3.353239045825168 0 0
3.726755869037222 4.185735984713896 0 0
4.425954387759744 4.708456791861773 0 0
4.940470546024572 5.880582671912403 0 0
7.252779068942045 7.457739736162487 0 0
9.003428797571361 9.872689526083903 0 0
10.12539669227507 11.02770113078936 0 0
12.81733827943868 13.21602788079739 0 0
13.23312021734166 15.95302165030259 0 0
24.43682784280589 25.00633467707074 0 0
25.01661478094551 25.15250701293527 0 0
25.41612412693764 25.54581108577039 0 0
25.77389821302307 27.25885180142419 0 0
27.55089733280356 31.36039909682642 0 0
32.16719005131408 32.51928679228367 0 0
32.62553020759921 34.66722254004432 0 0
37.18484500214424 37.31138506143516 0 0
37.52691100804569 37.67181343916799 0 0
37.9336497423289 38.17908219031223 0 0
40.22440487232502 40.53348632571637 0 0
40.75391526041243 41.21673612990904 0 0
41.37512154074272 41.70422197515876 0 0
42.41590191712945 42.45806557464207 0 0
43.52678721546081 45.13014824963086 0 0
45.44875301962631 48.38115374294916 0 0
48.40692367457222 48.45031243458286 0 0
49.35572259300847 50.24263613764872 0 0
50.48395262543619 50.86179784094821 0 0
51.22889778102196 52.21209235419154 0 0
52.63012976549263 55.11096893452785 0 0
55.82151708562641 55.82341126112185 0 0
56.00269083701122 56.33746843446274 0 0
56.59382024313064 57.25228108745617 0 0
57.96769084359341 58.05372454759429 0 0
58.10595127152202 58.31516292309897 0 0
59.64436541906873 60.52642275531513 0 0
60.68832804707589 61.37681483647783 0 0
72.38728579578046 74.7392900464164 0 0
74.74295263290918 74.82308990102523 0 0
75.74226077582649 75.85977639076295 0 0
76.21030764787942 76.52426645387189 0 0
76.57585140340424 78.05579236677839 0 0
78.92066925572769 79.79149369323909 0 0
81.91075514327275 84.53656057596153 0 0
84.99488360256508 85.18357687585574 0 0
87.07188905390635 87.73176115085599 0 0
89.25034547021818 89.37608682063311 0 0
89.67183700245999 89.68042687904978 0 0
89.69993859870539 90.58781745862744 0 0
90.78789214373879 91.27656890551209 0 0
91.48864323899684 91.54997027403707 0 0
91.65637396059671 92.26802911646529 0 0
96.92899052983553 97.37034101413184 0 0
97.47930552996276 97.53077900731789 0 0
97.59119509718255 98.64510521011603 0 0
47
0.5427463532647891 0.1030345484416415 0 0
4.325438538911635 1.223942473988584 0 0
6.531526814314842 4.484493215590227 0 0
6.785724621546215 6.712251580714632 0 0
9.573204593886622 7.034919424504853 0 0
9.983498835384385 9.595319813601762 0 0
11.53918925821591 11.22103949962502 0 0
14.34926165209324 11.98820286601672 0 0
15.0141017700259 14.47366600800014 0 0
15.80438938898734 15.04375842709151 0 0
17.00695882936026 16.4172174241543 0 0
18.85872048845496 17.68199697198095 0 0
19.00107018260717 18.94175392875724 0 0
23.4230323040417 23.12021145856048 0 0
24.21714695007312 23.88484424239141 0 0
35.38696759677048 24.35652435246279 0 0
42.60728219085448 35.88479359740737 0 0
45.10715617454178 43.1567169574903 0 0
48.28052389402075 45.19739972901134 0 0
56.00386471305706 49.38174955592077 0 0
57.00256225401924 56.4875929491403 0 0
58.76812693255008 57.66477095744285 0 0
59.5459187890638 59.27003293591795 0 0
59.97153239471633 59.76657710409113 0 0
60.64035863022583 60.29015003049349 0 0
62.20417976615992 60.87789415959959 0 0
66.29531858847017 66.20529175352318 0 0
67.37346488296993 67.16351346969502 0 0
68.74202901407519 68.45443948724153 0 0
70.48778881612687 70.12661367894985 0 0
72.0793744491105 70.79401981675744 0 0
73.06800069389448 72.33801777306087 0 0
77.67020211637239 73.26159752086993 0 0
77.94718736271776 77.67920602310819 0 0
83.03976282847232 77.94754314918835 0 0
85.61070626568075 83.16664028912723 0 0
88.09359059242045 87.26580523424508 0 0
88.32744984913606 88.31149026511916 0 0
89.50984834998896 89.12341818993531 0 0
91.12279500859337 89.74636460462953 0 0
92.21609923511213 91.29499067995405 0 0
93.51622902703089 93.07329488602745 0 0
94.84201261560594 94.3328464375151 0 0
97.23961741686772 95.21384122003259 0 0
97.6836997793836 97.31941897201156 0 0
98.45023075529518 97.93566672197296 0 0
99.62581820160466 98.96366024972032 0 0
