# Status file for ctqmc. Used to save all times t_s, t_e.
2
58
0.186382563492117 1.017300772431881 0 0
7.887999083967013 9.137234303646169 0 0
9.53437755240604 10.17117988801743 0 0
10.75307935309456 12.33501390188044 0 0
15.22293291005413 15.46011670147798 0 0
15.56071345541913 16.85403835016114 0 0
17.25930194745894 17.32834258571123 0 0
18.41601203394536 18.43788123668616 0 0
19.11013314847233 19.78313840682616 0 0
19.99845144148668 20.4314295380031 0 0
22.52285239146206 23.02430138721263 0 0
26.91860641238486 28.15253902332713 0 0
28.22222443258883 28.25337757296437 0 0
28.30186744610699 28.42598450748306 0 0
28.83459062797627 29.26815089017537 0 0
30.45702894679607 31.22488876696244 0 0
31.31074559727896 31.78114509465559 0 0
33.37622573347659 34.66170087600069 0 0
34.98087037962906 35.21582969185004 0 0
37.92721314808625 40.44315091769482 0 0
41.54645961387921 42.17901750867246 0 0
45.71017276347672 46.05664165164611 0 0
46.22450506497132 46.77306988507343 0 0
47.31226901053073 47.55937561381788 0 0
47.62580483190886 48.08259004012797 0 0
48.39277042071925 49.21991815435852 0 0
49.38969607160726 49.76396499096781 0 0
53.51833811748939 53.54342666406493 0 0
54.15069707875536 54.45701733736901 0 0
58.17233073733493 58.65512664634156 0 0
60.9387054467021 61.78807595329552 0 0
63.97503409969034 65.38037482813684 0 0
65.42044548121677 65.5615176606826 0 0
66.05298724392614 66.6778276956761 0 0
66.81332630673984 66.85309681219479 0 0
66.9855543608966 67.08973829452854 0 0
67.35704543253959 67.85546189141434 0 0
67.87672844775192 68.09707154412109 0 0
70.19991828908658 70.33659365787058 0 0
70.93121787404215 70.99246987903194 0 0
71.80230494451904 72.03110658149279 0 0
75.09773077814053 75.61982177899067 0 0
75.63661474719505 75.84246786956687 0 0
75.99287597674424 76.74654279802343 0 0
77.04407352483739 77.23857214293663 0 0
77.43685003680103 77.96734583405632 0 0
78.59638608342669 78.65079370364788 0 0
80.39745546819699 83.67726766161606 0 0
84.20885718538183 85.01622203669079 0 0
86.43286812315351 87.39444271878725 0 0
89.04264126231163 89.12343896815186 0 0
89.34783230451725 89.73104169765261 0 0
92.19274025587934 92.39966339567813 0 0
93.80810745529926 93.93578919098249 0 0
94.33910220320412 94.75335144105382 0 0
95.23693822528129 96.11348521400855 0 0
96.62755369393204 98.66361825301648 0 0
99.43237348679352 99.59511857310009 0 0
48
0.7439515504220937 0.06770072271228855 0 0
4.196299756935471 4.043005834257461 0 0
5.575200925646333 5.527602343247493 0 0
5.809530874617485 5.741394423583471 0 0
6.946979476105768 6.777555649933849 0 0
9.837890839483746 7.167508596242961 0 0
12.53290238779153 10.36639925543516 0 0
19.38905951778702 12.63744189473627 0 0
20.58663027796477 19.42455341584754 0 0
21.42465046643259 21.24360310373028 0 0
21.79528851496774 21.7171825847183 0 0
22.88375515944026 22.24075035474273 0 0
23.20379025449246 22.911892389529 0 0
25.56815812177141 24.90060840963805 0 0
26.50083867695818 25.87282828673691 0 0
29.56907710409661 26.95668815571484 0 0
31.0651033668791 30.87733225684605 0 0
31.93011007477443 31.1898093723814 0 0
34.53663742795042 33.3154681306916 0 0
35.36335685521019 34.60362563004155 0 0
36.71707539656536 36.22318325369099 0 0
37.33194430701747 37.14555876096965 0 0
42.30810821441324 37.76125279323041 0 0
42.83616039817318 42.80042463500353 0 0
44.49971088911373 43.14464067743848 0 0
44.87570947644738 44.54473544239333 0 0
48.33061879059323 45.23357829298079 0 0
48.76827588747938 48.40057835276409 0 0
49.27999253138081 48.8647808765777 0 0
51.5607820850319 50.80491423276999 0 0
56.81854532402419 55.5930090699221 0 0
57.24451969817233 57.05835841477057 0 0
60.31634493078877 57.7450451764343 0 0
60.50667641297355 60.34280460125884 0 0
60.60555663928588 60.59494126159752 0 0
65.33906719595888 60.78990918639037 0 0
67.89771681064354 65.87635506672665 0 0
70.32282954452151 68.61199734926676 0 0
71.11100224344526 70.4856323870828 0 0
73.14521959711327 72.54519531066396 0 0
73.90063948825815 73.55594067279395 0 0
75.04926656645139 74.58870687334165 0 0
78.56235008178159 75.37225782337799 0 0
88.48443243124582 80.25579849588786 0 0
88.97418231364827 88.78305781692788 0 0
91.04876635341364 89.03680840510012 0 0
92.05162006044864 91.06117471607088 0 0
99.79743345148147 94.3217480101915 0 0
