# Status file for ctqmc. Used to save all times t_s, t_e.
2
58
1.329579607815406 2.185038500085598 0 0
2.334674405493969 3.003026388364731 0 0
3.55062960461951 3.680310037332973 0 0
3.996538066352574 4.218766977941176 0 0
9.451315000375235 10.9018144317736 0 0
12.3997165696956 12.71821996556713 0 0
12.98620526114977 14.0074763568892 0 0
14.83047285982497 14.99123097026907 0 0
15.51050519960505 15.64673994968782 0 0
16.27729146758728 18.35455690320534 0 0
18.56655911594221 20.32140402805674 0 0
20.32733896623811 21.65454519142181 0 0
22.04784976913614 22.55305026280972 0 0
23.0946389869479 23.31534259194146 0 0
23.368812152872 23.96560731041863 0 0
24.13824852906974 24.7907327632425 0 0
26.0686503938266 26.15680701533532 0 0
26.9802058248232 27.49992777714609 0 0
28.20488795336695 28.9038951691337 0 0
29.17403840869815 30.96354809872179 0 0
31.36424979419657 31.48215773955025 0 0
33.10806916644028 34.17307156479652 0 0
37.46499300951194 37.70907368446293 0 0
38.94954482654656 39.0339307367993 0 0
41.54914692575432 41.69959047793521 0 0
41.89813550980532 42.12809583805924 0 0
42.83943860191351 42.97646526965211 0 0
43.10031904317984 43.81014154769372 0 0
43.86764980538229 44.3238070045992 0 0
48.55824599768371 48.68495046792493 0 0
48.87455784366238 49.23812516104626 0 0
49.38461247091524 49.83326467288506 0 0
50.64062321874347 51.53547423078037 0 0
52.66010382645907 52.93446908286433 0 0
58.21218177963968 60.20500575862387 0 0
60.52393623541472 60.87783861148279 0 0
61.67720744284287 61.85825036911491 0 0
63.76627840498683 63.83786812866532 0 0
65.88641463854076 66.2508723110973 0 0
67.44249487597831 67.63467272219931 0 0
69.13252457998051 69.3241688356059 0 0
69.53906115545212 69.62372164779337 0 0
69.74767158426538 71.20825882422491 0 0
72.30513641677227 72.75538697547469 0 0
73.08496458795216 73.30177072592318 0 0
73.78794050899054 74.0294124005231 0 0
78.40700260879909 78.56271310059559 0 0
79.08841454581638 79.31193526658313 0 0
80.73581252114479 81.11271744300562 0 0
82.17101582935277 83.00013531171784 0 0
83.02566609110531 83.15658436717703 0 0
83.3550647433561 84.54130708656344 0 0
89.80985309379116 91.13026496743181 0 0
91.7398094877279 91.93163122950075 0 0
93.04928025598116 93.50540438785792 0 0
93.60714590192019 93.7015380013741 0 0
96.00859509450173 96.7749282037978 0 0
98.94949456600254 99.53240942521145 0 0
41
0.9031404090651766 1.247237970180488 0 0
3.109883488197433 3.130641716859814 0 0
3.455045973061676 5.93653736327891 0 0
6.098886702964101 7.247649712407723 0 0
7.666693234045715 8.524781203969379 0 0
13.17404059219953 13.71840360148827 0 0
14.93629806516216 16.06566570518502 0 0
24.57583582545255 26.30116470148507 0 0
30.37698328997404 30.38172259524888 0 0
34.46443527684563 36.14451525960757 0 0
36.33160073229381 37.67886178144937 0 0
37.71538322958388 38.07408334343853 0 0
39.7996952917369 39.9463761670866 0 0
42.77323810272114 42.85193651845291 0 0
46.49664411197895 47.38393478313888 0 0
47.64552903985362 48.64944219957702 0 0
48.73188928934727 48.74694150026406 0 0
49.79013073973643 51.14593051463351 0 0
52.1620466722491 55.75249981089364 0 0
55.85158133074463 56.51367939135805 0 0
56.94523784094946 58.39726175924402 0 0
59.8523054708464 59.91701953318142 0 0
60.29094125420229 60.86033037819002 0 0
62.2755348718016 63.28891838637629 0 0
67.24571849775195 68.31145606675366 0 0
68.34720160489428 69.63266260755506 0 0
72.78045778399529 72.82903449287919 0 0
76.02613923082156 76.05455620680671 0 0
81.07523764834079 81.28166426489034 0 0
84.18229117442161 84.27592486021456 0 0
84.37060467429978 84.52268168477386 0 0
84.62208249197805 85.28738627094842 0 0
85.6185375201366 86.06024373309417 0 0
86.7250562064301 86.90755237571273 0 0
87.11317098255253 88.80577038147088 0 0
88.83591681571112 89.80391216657499 0 0
90.32818378873343 90.5950855582298 0 0
91.66868902036529 91.78227624188044 0 0
95.02144253920049 95.19802354200601 0 0
97.58603738074376 98.52644992988928 0 0
98.95091923123893 99.01405222535126 0 0
