# Status file for ctqmc. Used to save all times t_s, t_e.
2
33
0.31330958042264 0.1453151289995986 0 0
0.4556348049559196 0.4285684775575658 0 0
3.780967755038164 1.113419565003396 0 0
6.388876410776888 4.259297145605964 0 0
8.027538944351052 7.353103110366547 0 0
15.73632014777751 12.3891651513796 0 0
17.74058908496637 15.74704506193872 0 0
19.21313758033563 18.31663541933187 0 0
23.00497820218288 20.48469937307347 0 0
25.26399643747721 23.07256340899095 0 0
26.53420607976183 25.919769098216 0 0
29.30215488192731 28.43575358471717 0 0
33.7238614351681 29.65709813712346 0 0
35.21413265052153 35.14562226121451 0 0
44.67405684710207 37.02965809581848 0 0
45.68733963721007 45.51503667416663 0 0
46.34808742182481 45.78297178312342 0 0
51.73803725948785 46.49199954799548 0 0
56.69596216804536 52.30442103123397 0 0
58.71159929108458 57.67906254262449 0 0
60.75450856439872 59.98737853204389 0 0
64.06239284198222 60.89265572068727 0 0
67.86600728068815 66.51088587809922 0 0
70.55895527350182 69.38907065183214 0 0
72.2621837293848 72.01063939898981 0 0
73.96007502768087 73.73558682443135 0 0
77.83347488644698 77.07273031418184 0 0
79.73947275857911 79.05207593171521 0 0
91.14865318616349 80.84918943678119 0 0
96.40040436910819 91.37107931618017 0 0
96.85194627434707 96.57266266480498 0 0
98.45312531781225 97.27144462163568 0 0
99.41834412430869 99.31065602465786 0 0
47
1.801079034688986 4.59255009888839 0 0
4.809361991441658 5.242599636437058 0 0
5.254961268200712 5.438711942288934 0 0
5.514068452302137 5.752186556186175 0 0
6.731634333303296 7.001405799186704 0 0
7.445151786651103 7.708836228066896 0 0
7.726834959621945 7.831091387948041 0 0
8.042688210542888 8.510961043025661 0 0
10.14413294320516 10.26116316517991 0 0
11.87632899822428 12.80422027138619 0 0
13.80371023260631 14.01590868642385 0 0
14.31840321372643 15.27705303658613 0 0
15.53987727865418 16.11830248583889 0 0
16.59693775856597 16.7367173423831 0 0
16.77161771947079 17.65281629275696 0 0
21.38316601133934 21.49158883669034 0 0
21.55427195262362 22.5981632796451 0 0
23.73161111708032 24.45201410854427 0 0
30.15716467488794 33.53187954408459 0 0
37.29865625683948 37.67699826565479 0 0
38.13316431778978 38.82991875838481 0 0
39.84515818623462 40.59156954022465 0 0
40.64438254396402 42.98323625556646 0 0
43.01385093657133 44.12704572668842 0 0
44.23812648333372 44.6941054067214 0 0
45.59045432597471 46.02650837781742 0 0
46.46956211298564 46.49415459574109 0 0
47.69388547392945 48.27126213573413 0 0
48.39126046676304 49.44047398779619 0 0
49.49804172030547 49.59251004443215 0 0
53.49820213011053 55.53714902478796 0 0
59.16874233668126 62.0631382714631 0 0
63.26284768863474 63.88090578594525 0 0
73.52290998174404 73.68412077652295 0 0
79.08118296413444 79.12333984138492 0 0
79.34242797105819 80.65361423167288 0 0
80.76891451143153 82.65848527112557 0 0
84.24171779837113 87.92798798037255 0 0
90.27347482191286 90.29461117358447 0 0
90.42208607258895 90.94487400018392 0 0
91.46472666839409 92.01711906843389 0 0
93.65780464737921 93.87429489387404 0 0
94.09345552685097 94.33007290471537 0 0
96.57862358008521 96.60877116010107 0 0
96.6785975853559 97.32416040608005 0 0
98.26467255410522 98.62338392573699 0 0
98.80933894761195 98.90225903584152 0 0
