# Status file for ctqmc. Used to save all times t_s, t_e.
2
51
0.1512064747070951 0.05836213234046284 0 0
0.4518852519243475 0.4264722256165277 0 0
1.960486260665805 0.8102859513202056 0 0
3.093234762102367 2.891727015484637 0 0
3.800383708547167 3.115157075213862 0 0
4.138517653956752 3.940443074832549 0 0
6.790943637777324 5.155777114212351 0 0
8.41208569730972 8.158090292534981 0 0
11.40818432880452 9.375141294246914 0 0
14.25443445367671 12.68140282030894 0 0
16.50539568851884 16.16094820020395 0 0
18.46524632099542 17.26464922827861 0 0
21.79582349293456 18.63034121357921 0 0
22.27305915514665 22.08023023625068 0 0
22.83931724409071 22.54713793308693 0 0
23.35531557299809 22.87950270668737 0 0
24.48719590417082 24.31279054953281 0 0
28.24440282197606 25.42974753153706 0 0
31.30076577681247 28.39825428202169 0 0
33.53248769924299 33.49895794539854 0 0
35.69854995009398 33.55109413503881 0 0
42.02507082292436 36.04418458464013 0 0
46.59870355182331 43.22707160019598 0 0
47.95598896920793 47.20486092039257 0 0
48.2988702157682 48.1470830308112 0 0
52.90362900141406 48.81986869189556 0 0
54.91605827652394 52.9692306465046 0 0
55.78045672833071 55.45660735045364 0 0
57.71653540584697 56.70308356327787 0 0
58.30552050696674 58.07228024780714 0 0
58.60530523086958 58.37664106800632 0 0
59.80342531631646 58.92274792203271 0 0
60.23017321657128 60.03176760252555 0 0
64.32480954325537 61.45799867272906 0 0
64.44142384280352 64.39054762127157 0 0
65.10120644145921 64.69356490641562 0 0
69.22153394134791 65.60188758908056 0 0
72.3548798630934 69.90280622732689 0 0
77.75478561540569 73.59927528658179 0 0
79.06190292541719 78.33793811401101 0 0
79.91259996582495 79.72724196752283 0 0
81.58380452766994 81.30877615262746 0 0
81.97836988367024 81.63619989059407 0 0
82.92975861577207 82.41306251305791 0 0
88.73764466593816 84.90416329611864 0 0
90.56656132783355 88.85794231525506 0 0
91.72510288406104 91.27924328495591 0 0
94.12826023986389 92.89416550315819 0 0
97.42980825628405 95.00396487139659 0 0
97.84719879071643 97.63428005633172 0 0
99.05331989183027 97.90412712149583 0 0
44
1.117861507366064 1.410817175223171 0 0
2.397088534689308 2.878015526601195 0 0
3.138705876369999 3.829983880905635 0 0
4.886201268443856 4.916546666906572 0 0
5.1951954681884 5.410633871558908 0 0
5.537973137962295 6.841225920267282 0 0
8.19252884295789 8.572938794589071 0 0
8.580624262884363 8.68166340405682 0 0
16.38275660245413 17.1152068557874 0 0
17.45030218224778 18.34344639539757 0 0
18.90470233176713 21.55403609362047 0 0
25.72166699292409 26.41829833989727 0 0
26.53715558759343 27.46316699590986 0 0
27.79679148250244 28.89937377332618 0 0
29.4602874874904 29.80058071431959 0 0
30.46257762564278 30.60564430745081 0 0
30.67702074796796 31.72742012132514 0 0
33.37943457349724 35.45184944033736 0 0
35.58566321512894 35.64863344930611 0 0
36.58552231838498 41.4283868752203 0 0
43.0104999398521 43.84275096153959 0 0
44.5627841731403 45.49245387769511 0 0
47.60621662041154 48.19557399310165 0 0
48.69245076901905 48.84925407294449 0 0
50.85906969302989 52.51041910716244 0 0
52.70895208289427 52.92716424075103 0 0
53.2100006006791 54.33910835743162 0 0
61.386490754436 61.95423557698429 0 0
62.22951954700515 62.77952735687271 0 0
67.18670450333619 67.36369954526749 0 0
68.25211969312429 68.25647466071717 0 0
68.35245912652708 68.69438612190108 0 0
69.75736165701893 71.25872868105007 0 0
71.40096014300096 72.23834577706987 0 0
74.96077506343727 75.09756401784396 0 0
75.73581170750185 77.94062772414088 0 0
85.71728261576956 88.47907668178958 0 0
90.35071370913408 90.52217838232454 0 0
90.85684072201747 91.11560711767756 0 0
92.03890423040696 92.27680624340945 0 0
93.10565724364837 93.86080362795967 0 0
95.16766778381218 95.44355592246647 0 0
95.53046045828289 96.11086359151997 0 0
96.24334230220711 98.06659239442119 0 0
