# Status file for ctqmc. Used to save all times t_s, t_e.
2
58
0.4922875277310226 0.5384382026367162 0 0
0.7780561226202543 0.9314533363364048 0 0
1.235978406897818 1.244593103152084 0 0
1.30231800898996 1.486736140061846 0 0
1.603303376405136 1.744160764688682 0 0
2.329637863380014 3.145358551166076 0 0
3.349093879129327 3.362098667735752 0 0
3.415273856283229 4.075844327398682 0 0
6.491230753279909 7.422676123155863 0 0
7.878266738375264 11.6000435802215 0 0
11.85805927286084 12.56585383673684 0 0
12.8077333003861 13.16601897738127 0 0
16.04503062681233 16.4309749333656 0 0
17.54188830373355 17.84914001226101 0 0
17.95241924099222 20.6907588924487 0 0
22.5854592831987 23.51652749136135 0 0
23.52347469744012 23.65132696929659 0 0
24.3455854908924 25.10566148476889 0 0
28.74029220037057 29.05631952684791 0 0
29.44315583004831 29.59317024832589 0 0
31.26533710679741 31.50067859587567 0 0
32.26824404984979 32.66564338442808 0 0
33.15419725188237 35.18511631771113 0 0
37.20730839409771 37.23787117947707 0 0
42.46717582042032 42.63383220036187 0 0
43.97096227058066 44.47920445551321 0 0
49.38298047419013 49.72892190689385 0 0
53.33901114137286 53.95749715580583 0 0
57.34212685725404 59.0557801665624 0 0
59.48365767958383 60.23851770807082 0 0
62.88516716377051 62.93177291005361 0 0
63.59865506425395 64.17954792236883 0 0
64.76664286073547 66.36659662615463 0 0
66.71753035509771 66.993363329402 0 0
67.49078392421646 68.08229651208033 0 0
68.23497744304964 69.69061154269187 0 0
69.8938940402205 70.01789447991536 0 0
70.78458452276607 71.58238270009448 0 0
73.2601713351377 73.27014277733434 0 0
73.72211767866418 74.01718878256378 0 0
75.01681645322996 75.54547365462547 0 0
75.58850210411336 75.59494474596252 0 0
76.18448667797024 77.62569344941275 0 0
78.43258089385532 80.04461932088162 0 0
80.06809751389646 80.99811865506332 0 0
82.59623729542623 83.06455272942134 0 0
85.13179790181327 85.26250628202995 0 0
86.77052789840209 86.77735512215182 0 0
87.06869583070363 87.88241852087306 0 0
89.18560429450336 89.37700727375687 0 0
90.30609494072885 90.44610359882579 0 0
91.08007647340651 91.13263725942225 0 0
91.16635719255956 91.76365417101707 0 0
92.91612628392751 95.35046155901399 0 0
96.27666409073049 97.27320767534776 0 0
98.348364045636 98.69025359504479 0 0
98.9275088445887 99.1126446287022 0 0
99.31736563783686 99.79907925843186 0 0
61
2.092185673375653 2.215128237624203 0 0
2.9776959013172 3.120430713928859 0 0
4.233380621410487 6.073438069067972 0 0
6.248820746636905 6.323269145236858 0 0
7.045101847667024 7.242467967897921 0 0
11.30258760524114 11.46183858501468 0 0
11.49732194897293 11.55835869090534 0 0
13.91681473139492 14.18113645641493 0 0
14.75581597850054 15.15755903375916 0 0
15.6328112844263 16.01121956247046 0 0
18.88362131793898 18.88626629380197 0 0
21.08442538940744 21.1079408700076 0 0
21.82404497593959 22.13316776655036 0 0
22.9486469167252 23.0213243892782 0 0
25.53506851791611 25.80764476930168 0 0
26.30427866171159 26.41567499452177 0 0
26.9150599303158 27.00323727869631 0 0
27.01089951083101 27.82714963891314 0 0
27.84410458210763 28.07721126402015 0 0
30.69349752247917 31.31313831908085 0 0
33.78835388556472 34.03857688129018 0 0
35.74076288328574 36.13583237507082 0 0
36.57403979441128 37.51759210762261 0 0
37.69350608012017 37.7452504895547 0 0
38.9531550763311 39.87974917221523 0 0
40.060495340339 41.21589984126165 0 0
41.52327671390125 42.14515243743356 0 0
43.04066999634052 43.13015580072594 0 0
43.72493206157395 43.98903649780168 0 0
44.44920886771139 45.37235144538315 0 0
46.74900488900855 48.66440090634517 0 0
49.48142612789082 49.63928940877851 0 0
49.63940744980077 49.64309605021555 0 0
49.83493919216703 49.87280947323897 0 0
50.18952564997931 50.22315212076932 0 0
50.29837304600398 51.62809254053121 0 0
51.64358973430841 53.28098131551161 0 0
53.29910061785944 53.37626791208278 0 0
53.97608584076993 54.53428502125522 0 0
54.76886601200945 55.42638959385558 0 0
56.43105255563562 56.65268832206669 0 0
56.8936357279097 57.52829846428202 0 0
58.25061504458 58.41487807392647 0 0
62.5357074822367 63.36772738027107 0 0
68.32646135026987 68.4483484147261 0 0
70.29904475971696 70.67523583348996 0 0
71.55628244222062 73.36626882254902 0 0
74.52771830919241 74.79559326980898 0 0
76.07520630764697 76.64977299438512 0 0
82.06825821139769 82.07976154485137 0 0
83.80684112051451 85.15176233134135 0 0
85.48595637743838 87.34453761092941 0 0
87.52031013957719 89.09704597921639 0 0
89.29557849491211 89.87183395692119 0 0
90.50867478528465 90.66344536415812 0 0
91.40322861695164 91.54909032369967 0 0
91.69958904667303 92.24057701317378 0 0
93.67804389729169 93.89550565735294 0 0
98.13087171036025 98.43297683364005 0 0
99.11895794788022 99.29922081354614 0 0
99.64584268817775 99.66919595112304 0 0
