0 -0.1328996614054 -0.5440200668045 -0.812836581108 
0.0003255909676425 -0.1327113154666 -0.543576414892 -0.8118798592414 
0.0003567109701508 -0.1326933238968 -0.5435340577929 -0.8117885084915 
0.000390562861502 -0.132673755017 -0.5434879916837 -0.8116891568203 
0.0004273637989549 -0.1326524838449 -0.5434379235041 -0.8115811717151 
0.0004673462497551 -0.1326293766586 -0.5433835398518 -0.8114638766987 
0.0005107589171993 -0.1326042904814 -0.5433245058076 -0.8113365487795 
0.00055786771192 -0.1325770725419 -0.5432604637118 -0.8111984157934 
0.000608956769832 -0.1325475597119 -0.5431910318915 -0.8110486536394 
0.0006643295183739 -0.1325155779196 -0.5431158033405 -0.8108863834064 
0.0007243097924936 -0.1324809415391 -0.5430343443496 -0.8107106683933 
0.0007892430019918 -0.1324434527546 -0.5429461930904 -0.8105205110213 
0.0008594973517961 -0.1324029009009 -0.5428508581515 -0.8103148496412 
0.0009354651166971 -0.1323590617787 -0.5427478170288 -0.8100925552362 
0.001017563972144 -0.1323116969447 -0.5426365145726 -0.8098524280245 
0.001106238382664 -0.132260552978 -0.5425163613914 -0.8095931939643 
0.001201961049496 -0.1322053607213 -0.5423867322171 -0.8093135011661 
0.001305234418963 -0.1321458344986 -0.5422469642331 -0.8090119162181 
0.001416592253167 -0.1320816713098 -0.5420963553696 -0.808686920431 
0.001536601264562 -0.1320125500015 -0.5419341625697 -0.8083369060113 
0.001665862815908 -0.1319381304179 -0.5417596000324 -0.8079601721716 
0.001805014687162 -0.13185805253 -0.5415718374367 -0.8075549211891 
0.001954732910742 -0.1317719355461 -0.5413699981548 -0.8071192544262 
0.002115733676716 -0.1316793770058 -0.5411531574597 -0.806651168325 
0.002288775309311 -0.1315799518578 -0.5409203407385 -0.8061485503956 
0.002474660316171 -0.1314732115263 -0.5406705217171 -0.8056091752137 
0.002674237511774 -0.1313586829666 -0.5404026207102 -0.8050307004499 
0.002888404216356 -0.1312358677145 -0.5401155029055 -0.8044106629529 
0.003118108531625 -0.1311042409333 -0.5398079766957 -0.8037464749136 
0.003364351694574 -0.1309632504619 -0.5394787920736 -0.8030354201368 
0.003628190510668 -0.1308123158696 -0.5391266391027 -0.8022746504526 
0.003910739867441 -0.1306508275228 -0.5387501464833 -0.8014611823015 
0.004213175329815 -0.1304781456698 -0.5383478802298 -0.800591893531 
0.004536735818106 -0.1302935995514 -0.5379183424799 -0.7996635204427 
0.004882726369726 -0.1300964865439 -0.5374599704565 -0.7986726551355 
0.005252520985644 -0.1298860713448 -0.536971135605 -0.7976157431906 
0.005647565562389 -0.1296615852104 -0.5364501429295 -0.79648908175 
0.006069380910473 -0.1294222252552 -0.5358952305542 -0.7952888180416 
0.006519565860008 -0.1291671538277 -0.5353045695362 -0.7940109484096 
0.006999800454172 -0.1288954979737 -0.5346762639576 -0.7926513179094 
0.007511849231123 -0.1286063490035 -0.5340083513269 -0.7912056205327 
0.008057564594932 -0.1282987621782 -0.5332988033202 -0.7896694001288 
0.008638890275953 -0.1279717565346 -0.5325455268915 -0.7880380520922 
0.009257864880974 -0.1276243148669 -0.5317463657863 -0.786306825889 
0.009916625533474 -0.1272553838876 -0.5308991024885 -0.784470828496 
0.0106174116041 -0.1268638745913 -0.5300014606335 -0.7825250288289 
0.01136256853155 -0.1264486628457 -0.5290511079184 -0.780464263235 
0.01215455173372 -0.126008590239 -0.5280456595401 -0.7782832421285 
0.01299593060914 -0.1255424652117 -0.5269826821901 -0.7759765578434 
0.01388939262844 -0.1250490645059 -0.5258596986328 -0.7735386937785 
0.0148377475155 -0.1245271349656 -0.5246741928915 -0.7709640349061 
0.01584393151797 -0.1239753957231 -0.5234236160635 -0.7682468797116 
0.01691101176648 -0.1233925408118 -0.5221053927796 -0.7653814536265 
0.01804219072213 -0.1227772422423 -0.5207169283207 -0.7623619240085 
0.01924081071129 -0.1221281535851 -0.5192556163973 -0.759182416718 
0.02051035854702 -0.1214439141023 -0.5177188475893 -0.7558370343248 
0.02185447023607 -0.12072315347 -0.51610401844 -0.752319875972 
0.02327693577038 -0.1199644971368 -0.5144085411851 -0.7486250589078 
0.02478170400191 -0.1191665723596 -0.5126298540918 -0.7447467416807 
0.02637288759942 -0.1183280149588 -0.510765432371 -0.7406791489781 
0.02805476808581 -0.1174474768323 -0.5088127996168 -0.7364165980673 
0.02983180095447 -0.1165236342616 -0.506769539714 -0.7319535267809 
0.03170862086287 -0.1155551970423 -0.5046333091456 -0.7272845229632 
0.03369004690169 -0.1145409184594 -0.5024018496193 -0.7224043552753 
0.03578108793749 -0.113479606124 -0.5000730009215 -0.7173080052312 
0.03798694802682 -0.1123701336731 -0.4976447138962 -0.711990700315 
0.04031303189979 -0.1112114533237 -0.4951150634383 -0.7064479480054 
0.04276495051047 -0.1100026092546 -0.4924822613798 -0.7006755705115 
0.04534852665197 -0.1087427517732 -0.4897446691456 -0.6946697400046 
0.04806980063354 -0.1074311522018 -0.486900810047 -0.6884270141092 
0.05093503601692 -0.1060672183948 -0.4839493810842 -0.6819443714036 
0.05395072540927 -0.1046505107713 -0.4808892641294 -0.675219246667 
0.05712359630955 -0.1031807587196 -0.4777195363699 -0.6682495656026 
0.06046061700557 -0.101657877197 -0.4744394799003 -0.6610337787642 
0.06396900251813 -0.1000819833169 -0.47104859037 -0.6535708944166 
0.06765622058927 -0.09845341268066 -0.4675465846114 -0.6458605100697 
0.07152999771099 -0.09677273517608 -0.4639334072 -0.6379028424427 
0.07559832519087 -0.09504076993289 -0.4602092359275 -0.6296987556356 
0.07986946525098 -0.09325859909177 -0.4563744862044 -0.6212497873155 
0.08435195715611 -0.09142758001722 -0.4524298144449 -0.6125581727582 
0.08905462336756 -0.08954935556082 -0.4483761205296 -0.6036268666238 
0.09398657571812 -0.08762586196626 -0.4442145494811 -0.5944595623876 
0.09915722160435 -0.08565933400127 -0.4399464925313 -0.5850607093889 
0.1045762701916 -0.08365230690619 -0.4355735877954 -0.5754355275017 
0.1102537386273 -0.08160761476758 -0.4310977208035 -0.5655900194689 
0.1161999582583 -0.07952838495859 -0.4265210251644 -0.5555309809709 
0.122425580847 -0.0774180283386 -0.4218458836524 -0.545266008517 
0.1289415847819 -0.07528022497346 -0.4170749300108 -0.5348035052556 
0.1357592812774 -0.07311890522507 -0.4122110517463 -0.5241526847844 
0.1428903205578 -0.07093822616615 -0.4072573941608 -0.5133235730091 
0.1503466980203 -0.06874254339981 -0.4022173658055 -0.5023270080439 
0.1581407603723 -0.06653637850382 -0.3970946454691 -0.4911746380658 
0.1662852117359 -0.06432438247161 -0.3918931907074 -0.4798789169331 
0.1747931197167 -0.06211129568189 -0.3866172478004 -0.4684530972468 
0.1836779214279 -0.05990190509034 -0.3812713628779 -0.4569112203923 
0.1929534294678 -0.05770099949243 -0.3758603937951 -0.4452681029325 
0.2026338378408 -0.05551332384842 -0.3703895221702 -0.4335393185595 
0.2127337278194 -0.05334353378026 -0.3648642648194 -0.4217411746451 
0.2232680737388 -0.05119615143573 -0.3592904836589 -0.40989068228 
0.2342522487183 -0.04907552395959 -0.3536743929898 -0.3980055185691 
0.2457020303044 -0.04698578580398 -0.3480225629582 -0.3861039798693 
0.2576336060276 -0.04493082604612 -0.3423419178975 -0.3742049246336 
0.2700635788669 -0.04291426175387 -0.336639728229 -0.3623277045708 
0.2830089726155 -0.04093941824791 -0.3309235946269 -0.3504920829629 
0.2964872371412 -0.03900931685576 -0.3252014232595 -0.3387181392066 
0.3105162535332 -0.03712667044235 -0.3194813910983 -0.3270261589662 
0.3251143391307 -0.03529388664772 -0.3137719005561 -0.3154365097511 
0.3403002524233 -0.03351307837781 -0.308081523057 -0.3039695022427 
0.3560931978189 -0.03178608070159 -0.302418931561 -0.2926452382932 
0.372512830269 -0.03011447292906 -0.2967928225464 -0.2814834471722 
0.3895792597471 -0.0284996043065 -0.29121182847 -0.2705033123255 
0.407313055569 -0.02694262149508 -0.2856844222677 -0.2597232915944 
0.4257352505512 -0.02544449582089 -0.2802188159839 -0.2491609344926 
0.4448673449965 -0.02400604822267 -0.2748228561058 -0.2388327006991 
0.4647313105013 -0.0226279698928 -0.2695039185911 -0.2287537843701 
0.4853495935753 -0.02131083681804 -0.2642688068846 -0.2189379491502 
0.5067451190659 -0.02005511677693 -0.2591236563889 -0.2093973788488 
0.5289412933803 -0.01886116783054 -0.2540738488711 -0.2001425486109 
0.5519620074954 -0.01772922792878 -0.2491239401256 -0.1911821210434 
0.5758316397484 -0.01665939591332 -0.2442776038799 -0.1825228711577 
0.6005750583996 -0.01565160488758 -0.2395375944175 -0.1741696431715 
0.6262176239589 -0.01470558959543 -0.2349057297327 -0.1661253412112 
0.6527851912673 -0.01382085005173 -0.2303828962433 -0.1583909548132 
0.6803041113255 -0.01299661414821 -0.2259690752126 -0.1509656188938 
0.7088012328599 -0.01223180227324 -0.2216633901237 -0.1438467066102 
0.7383039036186 -0.01152499709723 -0.2174641733479 -0.1370299523354 
0.7688399713875 -0.01087442156674 -0.2133690496216 -0.1305096008884 
0.8004377847188 -0.01027792781359 -0.2093750331313 -0.124278578251 
0.8331261933616 -0.0097329991348 -0.2054786344577 -0.1183286783272 
0.8669345483871 -0.009236766465885 -0.201675973274 -0.1126507598834 
0.9018927019991 -0.008786039901502 -0.1979628925562 -0.1072349476731 
0.9380310070197 -0.008377354874276 -0.1943350701505 -0.1020708318977 
0.9753803160432 -0.008007031653176 -0.1907881238419 -0.09714766056164 
1.013971980247 -0.00767124593765 -0.1873177065637 -0.09245451991533 
1.053837847851 -0.007366107569476 -0.1839195890337 -0.08798049899156 
1.09501026222 -0.00708774381823 -0.1805897278662 -0.08371483517357 
1.137522059593 -0.006832383360264 -0.1773243180264 -0.07964703872223 
1.181406566435 -0.006596436989134 -0.1741198293227 -0.07576699517832 
1.226697596404 -0.006376571270931 -0.1709730274168 -0.0720650454848 
1.273429446919 -0.006169771774156 -0.1678809805267 -0.06853204450041 
1.321636895321 -0.005973393125622 -0.1648410535709 -0.06515939926365 
1.371355194626 -0.00578519392154 -0.1618508919275 -0.06193908889627 
1.422620068848 -0.005603355396708 -0.1589083972451 -0.05886366839984 
1.47546770789 -0.005426483660506 -0.1560116978453 -0.05592625880284 
1.529934762001 -0.005253596183068 -0.1531591162076 -0.05312052617455 
1.586058335771 -0.00508409400199 -0.1503491358453 -0.05044065195794 
1.643875981682 -0.004917721772709 -0.1475803695956 -0.04788129691407 
1.703425693177 -0.004754518271414 -0.1448515309761 -0.04543756074348 
1.764745897267 -0.004594760259716 -0.1421614098563 -0.04310493918334 
1.827875446645 -0.004438902731859 -0.1395088532567 -0.04087928009688 
1.892853611308 -0.004287518498165 -0.1368927516797 -0.03875673979413 
1.959720069687 -0.004141239834006 -0.1343120309875 -0.03673374056463 
2.028514899263 -0.004000704571625 -0.1317656495161 -0.03480693017366 
2.099278566665 -0.003866508567427 -0.1292525998414 -0.03297314387814 
2.172051917251 -0.003739165976588 -0.1267719144195 -0.03122936935757 
2.246876164157 -0.003619078245727 -0.1243226741884 -0.02957271482748 
2.323792876806 -0.003506512225219 -0.1219040191622 -0.02800038050242 
2.402843968877 -0.003401587332603 -0.1195151600419 -0.02650963349883 
2.484071685719 -0.00330427128849 -0.1171553899231 -0.02509778620832 
2.567518591215 -0.003214383610602 -0.1148240952659 -0.02376217812412 
2.653227554076 -0.003131605797947 -0.1125207654214 -0.02250016106423 
2.741241733572 -0.003055496967495 -0.1102450001436 -0.02130908769905 
2.831604564689 -0.002985513616937 -0.1079965146746 -0.02018630325885 
2.924359742707 -0.002921032171971 -0.1057751421374 -0.01912914026422 
3.019551207196 -0.002861373025126 -0.1035808331198 -0.01813491609189 
3.117223125423 -0.002805824873575 -0.1014136524678 -0.01720093315827 
3.217419875175 -0.002753668303167 -0.09927377342019 -0.01632448147512 
3.320186026983 -0.002704197732546 -0.09716146931962 -0.01550284330699 
3.425566325751 -0.002656741012917 -0.09507710320701 -0.01473329963919 
3.533605671791 -0.002610676165309 -0.09302111566629 -0.01401313814947 
3.644349101251 -0.002565444918963 -0.09099401131961 -0.01333966236686 
3.75784176595 -0.002520562884641 -0.08899634439016 -0.01271020169783 
3.874128912606 -0.002475626349499 -0.08702870374928 -0.01212212200364 
3.993255861463 -0.002430315812069 -0.08509169784832 -0.01157283642223 
4.115267984322 -0.002384396484513 -0.08318593990876 -0.01105981614485 
4.240210681967 -0.002337716073797 -0.08131203370641 -0.0105806008789 
4.368129360996 -0.002290200214179 -0.07947056024154 -0.01013280875536 
4.499069410056 -0.002241845961546 -0.07766206553836 -0.009714145469364 
4.633076175488 -0.002192713777761 -0.07588704976602 -0.009322412475774 
4.770194936384 -0.002142918432668 -0.0741459578226 -0.008955514096401 
4.910470879062 -0.00209261923558 -0.07243917147367 -0.008611463431061 
5.053949070957 -0.002042009979819 -0.07076700308995 -0.008288386999949 
5.200674433956 -0.001991308946104 -0.06912969098605 -0.007984528078806 
5.350691717153 -0.001940749266119 -0.06752739632363 -0.007698248720417 
5.50404546906 -0.001890569898905 -0.06596020150921 -0.007428030485425 
5.660780009266 -0.00184100742229 -0.06442810998985 -0.00717247393171 
5.82093939956 -0.001792288791221 -0.06293104732727 -0.006930296934419 
5.984567414531 -0.001744625166432 -0.06146886341509 -0.006700331927761 
6.151707511647 -0.00169820687159 -0.06004133569249 -0.006481522174933 
6.322402800836 -0.001653199496013 -0.05864817320117 -0.006272917183928 
6.496696013581 -0.001609741123905 -0.05728902133075 -0.006073667394682 
6.674629471535 -0.001567940640343 -0.05596346709971 -0.005883018267179 
6.856245054681 -0.001527877038986 -0.05467104482425 -0.005700303901086 
7.04158416905 -0.00148959963694 -0.05341124203558 -0.005524940315484 
7.230687714008 -0.001453129087842 -0.05218350551664 -0.005356418512716 
7.423596049146 -0.001418459075088 -0.05098724734113 -0.005194297443652 
7.620348960779 -0.001385558562421 -0.04982185081091 -0.005038196983129 
7.820985628072 -0.00135437447862 -0.04868667620183 -0.004887791014409 
8.025544588834 -0.001324834715967 -0.0475810662422 -0.004742800710571 
8.234063704978 -0.001296851328167 -0.04650435126196 -0.004602988089106 
8.446580127689 -0.001270323821692 -0.04545585396471 -0.004468149904072 
8.663130262318 -0.001245142444669 -0.04443489378724 -0.004338111928163 
8.883749733022 -0.001221191388851 -0.04344079082369 -0.004212723665267 
9.108473347193 -0.001198351832423 -0.04247286930241 -0.004091853522829 
9.337335059682 -0.001176504763971 -0.04153046061343 -0.003975384462581 
9.570367936871 -0.001155533540442 -0.04061290589328 -0.003863210138393 
9.807604120599 -0.001135326144145 -0.03971955818127 -0.00375523152095 
10.04907479199 -0.001115777115321 -0.03884978416768 -0.003651354000988 
10.29481013522 -0.00109678914756 -0.03800296555899 -0.003551484955831 
10.54483930122 -0.00107827434296 -0.0371785000895 -0.003455531758055 
10.7991903714 -0.001060155132535 -0.03637580221122 -0.003363400200217 
11.05789032138 -0.001042364874718 -0.03559430349561 -0.003274993305726 
11.32096498483 -0.001024848150969 -0.03483345278169 -0.003190210493045 
11.58843901736 -0.001007560782442 -0.03409271610519 -0.003108947058444 
11.86033586059 -0.0009904695954535 -0.03337157644243 -0.003031093941379 
12.13667770636 -0.0009735519661678 -0.03266953330174 -0.002956537736228 
12.41748546121 -0.0009567951765409 -0.03198610219345 -0.002885160914386 
12.7027787111 -0.0009401956143092 -0.03132081400708 -0.002816842221684 
12.9925756864 -0.0009237578496673 -0.03067321432256 -0.002751457217431 
13.28689322725 -0.0009074936204629 -0.0300428626792 -0.002688878923252 
13.58574674929 -0.0008914207562845 -0.02942933182381 -0.002628978552023 
13.88915020987 -0.0008755620698852 -0.02883220695644 -0.002571626289592 
14.19711607463 -0.0008599442420564 -0.02825108498966 -0.002516692104588 
14.50965528468 -0.000844596723446 -0.02768557383451 -0.002464046564261 
14.82677722429 -0.0008295506740051 -0.02713529172376 -0.002413561637062 
15.14848968921 -0.0008148379578283 -0.0265998665809 -0.002365111465367 
15.47479885563 -0.0008004902081957 -0.02607893544068 -0.002318573094442 
15.80570924983 -0.000786537974712 -0.02557214392542 -0.002273827146287 
16.14122371856 -0.0007730099616058 -0.02507914577934 -0.002230758429475 
16.48134340023 -0.0007599323635721 -0.0245996024613 -0.00218925647834 
16.8260676969 -0.0007473283030252 -0.02413318279543 -0.002149216017043 
17.17539424717 -0.0007352173703319 -0.02367956267763 -0.002110537345897 
17.52931889998 -0.000723615266518 -0.02323842483494 -0.002073126649126 
17.88783568938 -0.0007125335461072 -0.02280945863419 -0.002036896224688 
18.25093681029 -0.0007019794561665 -0.02239235993566 -0.002001764638169 
18.61861259539 -0.0006919558662962 -0.021986830987 -0.001967656803835 
18.990851493 -0.0006824612832061 -0.02159258035242 -0.001934503996874 
19.3676400462 -0.0006734899426655 -0.02120932287216 -0.001902243801606 
19.7489628731 -0.0006650319709769 -0.020836779647 -0.001870820001003 
20.13480264832 -0.0006570736076956 -0.02047467804292 -0.001840182413282 
20.52514008581 -0.0006495974810846 -0.02012275171096 -0.001810286681605 
20.91995392292 -0.0006425829277243 -0.0197807406178 -0.001781094023035 
21.31922090582 -0.0006360063477893 -0.0194483910827 -0.001752570942962 
21.7229157764 -0.0006298415877222 -0.01912545581702 -0.001724688921069 
22.13101126051 -0.0006240603423696 -0.01881169396264 -0.001697424074802 
22.54347805768 -0.000618632569073 -0.01850687112626 -0.001670756806021 
22.96028483241 -0.0006135269067096 -0.01821075940691 -0.001644671436222 
23.38139820695 -0.0006087110932383 -0.01792313741429 -0.00161915583538 
23.80678275561 -0.0006041523759097 -0.0176437902761 -0.001594201049051 
24.23640100079 -0.0005998179089259 -0.01737250963295 -0.001569800927984 
24.6702134105 -0.0005956751339794 -0.01710909361968 -0.001545951764056 
25.10817839767 -0.000591692139743 -0.01685334683232 -0.001522651935906 
25.55025232105 -0.0005878379970156 -0.01660508028036 -0.00149990156721 
25.99638948786 -0.0005840830668471 -0.01636411132413 -0.001477702200127 
26.44654215819 -0.0005803992795537 -0.01613026359752 -0.001456056485998 
26.90066055112 -0.0005767603830946 -0.0159033669163 -0.001434967895025 
27.35869285261 -0.0005731421598032 -0.0156832571728 -0.001414440446244 
27.8205852252 -0.0005695226109473 -0.01546977621752 -0.001394478458765 
28.28628181952 -0.0005658821090337 -0.0152627717288 -0.001375086324942 
28.75572478753 -0.0005622035181662 -0.01506209707142 -0.001356268305799 
29.2288542977 -0.0005584722831189 -0.01486761114529 -0.001338028348802 
29.70560855192 -0.0005546764880913 -0.01467917822547 -0.001320369927802 
30.18592380432 -0.0005508068863766 -0.01449666779473 -0.001303295904772 
30.66973438181 -0.0005468569023935 -0.01431995436985 -0.001286808412754 
31.15697270658 -0.0005428226077143 -0.01414891732299 -0.001270908759294 
31.64756932036 -0.0005387026728629 -0.01398344069935 -0.001255597349504 
32.14145291048 -0.0005344982967654 -0.01382341303229 -0.001240873627753 
32.6385503378 -0.0005302131158093 -0.01366872715721 -0.001226736036947 
33.13878666642 -0.0005258530945126 -0.01351928002517 -0.001213181994244 
33.64208519514 -0.0005214263998222 -0.01337497251741 -0.001200207882048 
34.14836749075 -0.0005169432610554 -0.01323570926181 -0.001187809053051 
34.65755342302 -0.0005124158174712 -0.0131013984521 -0.001175979848116 
35.16956120145 -0.0005078579554132 -0.01297195167084 -0.001164713625775 
35.68430741373 -0.000503285136908 -0.01284728371685 -0.001154002802133 
36.20170706581 -0.000498714221527 -0.01272731243783 -0.001143838899984 
36.72167362369 -0.0004941632832397 -0.01261195856892 -0.001134212606006 
37.24411905679 -0.0004896514238962 -0.01250114557754 -0.001125113834891 
37.7689538829 -0.0004851985848768 -0.01239479951534 -0.001116531799366 
38.29608721466 -0.0004808253583527 -0.0122928488773 -0.001108455085078 
38.82542680753 -0.0004765527994931 -0.01219522446876 -0.001100871729373 
39.35687910925 -0.0004724022408574 -0.01210185928035 -0.00109376930307 
39.89034931066 -0.0004683951101061 -0.01201268837121 -0.001087134994382 
40.4257413979 -0.0004645527520654 -0.01192764876081 -0.00108095569418 
40.96295820594 -0.0004608962560855 -0.01184667932924 -0.001075218081885 
41.50190147334 -0.0004574462895377 -0.01176972072639 -0.001069908711302 
42.04247189819 -0.0004542229382096 -0.01169671528982 -0.001065014095781 
42.58456919526 -0.0004512455542748 -0.01162760697149 -0.001060520792147 
43.12809215418 -0.000448532612434 -0.01156234127339 -0.001056415482877 
43.67293869866 -0.0004461015747559 -0.01150086519188 -0.001052685056075 
44.21900594667 -0.0004439687646789 -0.01144312717079 -0.001049316682826 
44.76619027156 -0.000442149250575 -0.01138907706322 -0.001046297891551 
45.31438736392 -0.0004406567392232 -0.0113386661019 -0.001043616639053 
45.86349229429 -0.000439503479493 -0.01129184687794 -0.001041261377943 
46.41339957653 -0.0004387001764929 -0.01124857332802 -0.001039221120204 
46.96400323184 -0.0004382559164038 -0.01120880072962 -0.001037485496669 
47.51519685329 -0.0004381781021828 -0.01117248570443 -0.001036044812204 
48.06687367088 -0.0004384724002947 -0.01113958622951 -0.001034890096451 
48.61892661697 -0.0004391426986032 -0.01111006165621 -0.001034013149967 
49.17124839211 -0.0004401910755335 -0.01108387273655 -0.001033406585651 
49.72373153104 -0.000441617780598 -0.01106098165695 -0.001033063865339 
50.27626846896 -0.0004434212263618 -0.01104135207908 -0.001032979331507 
50.82875160789 -0.0004455979919093 -0.01102494918754 -0.001033148233981 
51.38107338303 -0.0004481428378595 -0.01101173974422 -0.001033566751627 
51.93312632912 -0.000451048732966 -0.01100169214912 -0.00103423200896 
52.48480314671 -0.0004543068923218 -0.01099477650727 -0.001035142087653 
53.03599676816 -0.0004579068271787 -0.01099096470147 -0.001036296032918 
53.58660042347 -0.0004618364063723 -0.0109902304707 -0.001037693854773 
54.13650770571 -0.000466081929329 -0.01099254949368 -0.001039336524177 
54.68561263608 -0.0004706282106109 -0.01099789947729 -0.001041225964069 
55.23380972844 -0.0004754586759315 -0.01100626024954 -0.001043365035343 
55.78099405333 -0.0004805554695482 -0.0110176138566 -0.001045757517791 
56.32706130134 -0.00048589957291 -0.01103194466337 -0.001048408086093 
56.87190784582 -0.0004914709344003 -0.01104923945729 -0.00105132228092 
57.41543080474 -0.0004972486099766 -0.01106948755464 -0.001054506475249 
57.95752810181 -0.0005032109144643 -0.01109268090891 -0.001057967836016 
58.49809852666 -0.0005093355832094 -0.01111881422054 -0.001061714281228 
59.03704179406 -0.0005155999437388 -0.01114788504736 -0.001065754432718 
59.5742586021 -0.0005219810970153 -0.01117989391507 -0.001070097564721 
60.10965068934 -0.0005284561078036 -0.01121484442688 -0.001074753548497 
60.64312089075 -0.0005350022035901 -0.01125274337157 -0.001079732793254 
61.17457319247 -0.000541596981419 -0.01129360082903 -0.001085046183661 
61.70391278534 -0.0005482186219181 -0.01133743027247 -0.001090705014262 
62.2310461171 -0.0005548461097007 -0.01138424866609 -0.001096720921183 
62.75588094321 -0.0005614594592277 -0.01143407655745 -0.001103105811506 
63.27832637631 -0.0005680399451189 -0.01148693816326 -0.001109871790782 
63.79829293419 -0.0005745703357946 -0.01154286144757 -0.001117031089171 
64.31569258627 -0.0005810351292247 -0.01160187819125 -0.001124595986743 
64.83043879855 -0.000587420789454 -0.01166402405146 -0.001132578738545 
65.34244657698 -0.0005937159824653 -0.01172933861006 -0.001140991500046 
65.85163250925 -0.0005999118098384 -0.01179786540967 -0.001149846253673 
66.35791480486 -0.0006060020385561 -0.01186965197627 -0.00115915473713 
66.86121333358 -0.000611983325219 -0.01194474982708 -0.001168928374314 
67.3614496622 -0.0006178554328331 -0.0120232144626 -0.001179178209601 
67.85854708952 -0.0006236214382618 -0.01210510534179 -0.001189914846387 
68.35243067964 -0.0006292879283615 -0.01219048583932 -0.001201148390745 
68.84302729342 -0.0006348651827686 -0.01227942318392 -0.001212888401117 
69.33026561819 -0.0006403673412714 -0.01237198837705 -0.00122514384497 
69.81407619568 -0.0006458125536812 -0.01246825609127 -0.001237923063354 
70.29439144808 -0.0006512231101289 -0.01256830454765 -0.001251233744302 
70.7711457023 -0.0006566255497448 -0.01267221537199 -0.001265082906001 
71.24427521247 -0.0006620507457416 -0.01278007342965 -0.001279476890645 
71.71371818048 -0.000667533965017 -0.01289196663925 -0.001294421369837 
72.1794147748 -0.0006731149005214 -0.01300798576534 -0.00130992136236 
72.64130714739 -0.0006788376748023 -0.01312822419113 -0.001325981265061 
73.09933944888 -0.0006847508133443 -0.01325277767186 -0.001342604897528 
73.55345784181 -0.0006909071865743 -0.01338174407055 -0.001359795561104 
74.00361051214 -0.0006973639196911 -0.01351522307756 -0.001377556112679 
74.44974767895 -0.000704182269819 -0.01365331591641 -0.001395889053567 
74.89182160233 -0.0007114274703671 -0.01379612503806 -0.00141479663358 
75.3297865895 -0.0007191685429065 -0.01394375380708 -0.00143428097026 
75.76359899921 -0.0007274780773509 -0.0140963061827 -0.001454344183003 
76.19321724439 -0.0007364319817462 -0.01425388639907 -0.001474988541614 
76.61860179305 -0.0007461092035322 -0.01441659864878 -0.001496216628558 
77.03971516759 -0.0007565914247389 -0.0145845467746 -0.001518031513946 
77.45652194232 -0.0007679627342101 -0.01475783397464 -0.001540436942015 
77.86898873949 -0.000780309280605 -0.01493656252654 -0.001563437527579 
78.2770842236 -0.0007937189106092 -0.01512083353677 -0.001587038960646 
78.68077909418 -0.0008082807974795 -0.01531074672135 -0.001611248217105 
79.08004607708 -0.0008240850657409 -0.01550640022448 -0.001636073773106 
79.47485991419 -0.0008412224185473 -0.01570789048212 -0.001661525820461 
79.86519735168 -0.0008597837748858 -0.01591531213716 -0.00168761648015 
80.2510371269 -0.0008798599244484 -0.01612875801327 -0.001714360010751 
80.6323599538 -0.0009015412085877 -0.01634831915419 -0.001741773008401 
81.009148507 -0.0009249172363141 -0.01657408493507 -0.001769874594733 
81.38138740461 -0.0009500766447553 -0.01680614325208 -0.001798686589053 
81.74906318971 -0.0009771069138747 -0.01704458079603 -0.00182823366099 
82.11216431062 -0.001006094245518 -0.0172894834151 -0.001858543459774 
82.47068110002 -0.00103712351701 -0.01754093657079 -0.001889646716382 
82.82460575283 -0.001070278319556 -0.01779902589043 -0.001921577314907 
83.1739323031 -0.001105641091551 -0.01806383781818 -0.001954372329684 
83.51865659977 -0.001143293356672 -0.01833546036508 -0.001988072025055 
83.85877628144 -0.001183316076125 -0.01861398395741 -0.002022719815027 
84.19429075017 -0.001225790123863 -0.01889950238037 -0.00205836218057 
84.52520114437 -0.001270796892758 -0.01919211381282 -0.00209504854295 
84.85151031079 -0.001318419038795 -0.01949192194616 -0.002132831092164 
85.17322277571 -0.001368741369194 -0.01979903717868 -0.002171764570405 
85.49034471532 -0.00142185187912 -0.02011357787418 -0.002211906011364 
85.80288392537 -0.001477842940202 -0.02043567167141 -0.002253314437255 
86.11084979013 -0.001536812642555 -0.02076545682846 -0.002296050516464 
86.41425325071 -0.001598866290368 -0.0211030835839 -0.002340176185987 
86.71310677275 -0.001664118049451 -0.02144871551418 -0.002385754243953 
87.0074243136 -0.001732692743396 -0.02180253086446 -0.002432847918843 
87.2972212889 -0.001804727793378 -0.02216472382855 -0.002481520423222 
87.58251453879 -0.001880375294976 -0.02253550575138 -0.002531834501051 
87.86332229364 -0.001959804223952 -0.02291510622645 -0.002583851978791 
88.13966413941 -0.002043202761628 -0.02330377405975 -0.002637633331573 
88.41156098264 -0.002130780729442 -0.02370177807106 -0.002693237276648 
88.67903501517 -0.002222772121566 -0.02410940770396 -0.002750720407048 
88.94210967862 -0.002319437724028 -0.02452697341646 -0.002810136878916 
89.2008096286 -0.002421067808868 -0.02495480682593 -0.0028715381662 
89.45516069878 -0.002527984892283 -0.02539326058427 -0.002934972896339 
89.70518986478 -0.002640546546721 -0.02584270796259 -0.003000486780133 
89.95092520801 -0.002759148258358 -0.02630354212851 -0.003068122648157 
90.1923958794 -0.002884226323342 -0.02677617510469 -0.00313792060484 
90.42963206313 -0.003016260778739 -0.02726103640266 -0.0032099183096 
90.66266494032 -0.003155778366968 -0.02775857133318 -0.003284151392275 
90.89152665281 -0.003303355535928 -0.02826923900194 -0.00336065400741 
91.11625026698 -0.003459621480551 -0.02879351000783 -0.003439459528869 
91.33686973768 -0.003625261235347 -0.02933186387005 -0.003520601382695 
91.55341987231 -0.003801018831248 -0.02988478622017 -0.003604114012166 
91.76593629502 -0.003987700533647 -0.03045276580459 -0.003690033964776 
91.97445541117 -0.004186178181644 -0.03103629135344 -0.003778401086308 
92.17901437193 -0.004397392650975 -0.0316358483809 -0.003869259802558 
92.37965103922 -0.00462235746452 -0.03225191599192 -0.00396266046459 
92.57640395085 -0.004862162574475 -0.03288496377779 -0.004058660728898 
92.76931228599 -0.005117978338729 -0.03353544889087 -0.004157326939675 
92.95841583095 -0.00539105971058 -0.03420381339353 -0.004258735476688 
93.14375494532 -0.00568275065515 -0.03489048198016 -0.00436297402932 
93.32537052847 -0.005994488797514 -0.03559586017192 -0.004470142755273 
93.50330398642 -0.006327810296394 -0.0363203330817 -0.004580355281595 
93.67759719916 -0.006684354922995 -0.03706426484204 -0.004693739506144 
93.84829248835 -0.007065871307229 -0.03782799877945 -0.0048104381597 
94.01543258547 -0.00747422229301 -0.03861185840651 -0.004930609092778 
94.17906060044 -0.007911390320823 -0.03941614928605 -0.0050544252569 
94.33921999073 -0.00837948272956 -0.04024116180167 -0.0051820743579 
94.49595453094 -0.008880736841268 -0.04108717484372 -0.00531375816861 
94.64930828285 -0.009417524662623 -0.04195446039186 -0.005449691500151 
94.79932556604 -0.00999235700664 -0.04284328894364 -0.005590100844797 
94.94605092904 -0.01060788680851 -0.04375393570416 -0.005735222718829 
95.08952912094 -0.01126691138204 -0.04468668741577 -0.005885301750617 
95.22980506362 -0.01197237333961 -0.04564184966976 -0.006040588576872 
95.36692382451 -0.01272735988083 -0.0466197545056 -0.006201337628069 
95.50093058994 -0.01353510014529 -0.04762076806887 -0.006367804901707 
95.631870639 -0.01439896032533 -0.04864529806844 -0.006540245838545 
95.75978931803 -0.0153224362477 -0.04969380074826 -0.006718913431288 
95.88473201568 -0.01630914316111 -0.05076678707186 -0.006904056706345 
96.00674413854 -0.01736280251142 -0.05186482780986 -0.007095919726203 
96.12587108739 -0.01848722555029 -0.05298855722487 -0.007294741261532 
96.24215823405 -0.01968629370715 -0.05413867506541 -0.007500755277227 
96.35565089875 -0.02096393575922 -0.0553159466134 -0.007714192364399 
96.46639432821 -0.02232410196019 -0.05652120057883 -0.00793528222983 
96.57443367425 -0.023770735433 -0.05775532470107 -0.008164257325238 
96.67981397302 -0.02530774129359 -0.05901925899956 -0.008401357660572 
96.78258012482 -0.02693895414683 -0.0603139867155 -0.008646836798671 
96.88277687458 -0.02866810477592 -0.06164052309936 -0.008900968973838 
96.9804487928 -0.03049878702594 -0.06299990232303 -0.009164057215351 
97.07564025729 -0.03243442605069 -0.06439316292617 -0.009436442290915 
97.16839543531 -0.03447824923847 -0.06582133233782 -0.009718512216972 
97.25875826643 -0.03663326124429 -0.0672854111403 -0.01001071201626 
97.34677244592 -0.03890222462017 -0.06878635785456 -0.01031355334191 
97.43248140878 -0.04128764753631 -0.0703250751154 -0.01062762353615 
97.51592831428 -0.04379178001254 -0.07190239816335 -0.01095359365581 
97.59715603112 -0.04641661991751 -0.07351908659662 -0.01129222497982 
97.67620712319 -0.04916392973521 -0.07517582029426 -0.01164437352279 
97.75312383584 -0.05203526473872 -0.07687320033295 -0.01201099211464 
97.82794808275 -0.05503201275039 -0.07861175556982 -0.01239312967528 
97.90072143334 -0.05815544511388 -0.08039195535032 -0.01279192741358 
97.97148510074 -0.06140677787279 -0.08221422852698 -0.01320861181391 
98.04027993031 -0.06478724146654 -0.0840789886469 -0.01364448443519 
98.10714638869 -0.06829815655244 -0.0859866647965 -0.0141009087331 
98.17212455336 -0.07194101288451 -0.08793773719811 -0.01457929431588 
98.23525410273 -0.07571754757462 -0.08993277625603 -0.0150810792465 
98.29657430682 -0.07962981858356 -0.091972483377 -0.01560771119598 
98.35612401832 -0.08368026899386 -0.0940577315695 -0.01616062841724 
98.41394166423 -0.08787177755239 -0.09618960358824 -0.01674124163177 
98.470065238 -0.09220769118231 -0.09836942526287 -0.01735091798541 
98.52453229211 -0.09669183567724 -0.1005987916566 -0.01799096822249 
98.57737993115 -0.1013285016151 -0.1028795838585 -0.01866263813972 
98.62864480537 -0.1061224036483 -0.1052139745296 -0.01936710520684 
98.67836310468 -0.1110786126991 -0.1076044207941 -0.02010548098419 
98.72657055308 -0.1162024621503 -0.1100536436721 -0.02087881963449 
98.7733024036 -0.1214994307669 -0.1125645939654 -0.02168813243553 
98.81859343356 -0.1269750067224 -0.1151404052839 -0.02253440777344 
98.86247794041 -0.1326345385854 -0.1177843356895 -0.02341863566287 
98.90498973778 -0.1384830803423 -0.120499700179 -0.02434183543085 
98.94616215215 -0.1445252383656 -0.1232897968666 -0.02530508485015 
98.98602801975 -0.1507650285818 -0.1261578302118 -0.02630954874566 
99.02461968396 -0.157205751901 -0.1291068349143 -0.02735650494997 
99.06196899298 -0.163849895201 -0.1321396041467 -0.02844736547216 
99.098107298 -0.1706990638416 -0.1352586255884 -0.02958369087435 
99.13306545161 -0.1777539498914 -0.1384660282865 -0.03076719612337 
99.16687380664 -0.1850143380786 -0.1417635427049 -0.03199974658685 
99.19956221528 -0.1924791490917 -0.1451524754966 -0.03328334334994 
99.23116002861 -0.2001465174074 -0.1486336995945 -0.03462009760885 
99.26169609638 -0.2080138985141 -0.1522076592302 -0.03601219451129 
99.29119876714 -0.2160781983806 -0.1558743885441 -0.03746184742038 
99.31969588867 -0.2243359164638 -0.159633541598 -0.03897124413534 
99.34721480873 -0.2327832925677 -0.1634844309169 -0.04054248707259 
99.37378237604 -0.241416447532 -0.1674260712184 -0.04217752976383 
99.3994249416 -0.2502315080708 -0.1714572247542 -0.04387811224108 
99.42416836025 -0.2592247070737 -0.1755764447183 -0.04564569794297 
99.4480379925 -0.2683924522411 -0.1797821134456 -0.04748141469076 
99.47105870662 -0.2777313579417 -0.1840724726157 -0.04938600205849 
99.49325488093 -0.2872382375042 -0.188445643338 -0.05135976711896 
99.51465040642 -0.2969100556183 -0.192899634783 -0.05340255011269 
99.5352686895 -0.3067438429607 -0.1974323408707 -0.05551370109332 
99.555132655 -0.3167365774134 -0.2020415253699 -0.05769206808219 
99.57426474945 -0.3268850381699 -0.2067247965559 -0.05993599675101 
99.59268694443 -0.3371856405254 -0.2114795732511 -0.06224334117323 
99.61042074025 -0.3476342601347 -0.2163030446104 -0.06461148476686 
99.62748716973 -0.3582260559815 -0.2211921263764 -0.06703737021238 
99.64390680218 -0.3689553012199 -0.2261434165122 -0.06951753688008 
99.65969974758 -0.3798152304774 -0.2311531531164 -0.07204816414654 
99.67488566087 -0.3907979112025 -0.2362171773578 -0.07462511891774 
99.68948374647 -0.4018941452992 -0.2413309038537 -0.07724400569924 
99.70351276286 -0.4130934057013 -0.2464893004839 -0.07990021765018 
99.71699102738 -0.4243838108265 -0.2516868791259 -0.08258898721316 
99.72993642113 -0.4357521380973 -0.2569176982372 -0.08530543510974 
99.74236639397 -0.4471838760332 -0.2621753776509 -0.08804461671567 
99.7542979697 -0.4586633128766 -0.2674531253985 -0.09080156506467 
99.76574775128 -0.4701736583874 -0.2727437758847 -0.0935713299617 
99.77673192626 -0.4816971943594 -0.2780398383045 -0.09634901290392 
99.78726627218 -0.4932154486201 -0.2833335538503 -0.09912979770147 
99.79736616216 -0.5047093867599 -0.2886169600005 -0.1019089768553 
99.80704657053 -0.516159615613 -0.293881960023 -0.1046819738808 
99.81632207857 -0.5275465925365 -0.299120395751 -0.1074443618653 
99.82520688028 -0.5388508347932 -0.3043241217075 -0.1101918786128 
99.83371478826 -0.5500531237858 -0.3094850787348 -0.1129204387658 
99.84185923963 -0.5611346994834 -0.3145953654332 -0.1156261433057 
99.84965330198 -0.5720774410738 -0.3196473059072 -0.1183052868209 
99.85710967944 -0.5828640306316 -0.3246335125388 -0.1209543629071 
99.86424071872 -0.5934780973724 -0.3295469427542 -0.1235700680219 
99.87105841522 -0.6039043408311 -0.3343809490032 -0.1261493040765 
99.87757441915 -0.6141286320334 -0.3391293214148 -0.1286891799907 
99.88380004174 -0.6241380923994 -0.3437863228327 -0.1311870123972 
99.88974626137 -0.6339211507131 -0.3483467161474 -0.1336403256294 
99.89542372981 -0.643467578997 -0.3528057840367 -0.1360468510901 
99.9008427784 -0.6527685085476 -0.3571593413888 -0.1384045260629 
99.90601342428 -0.6618164277108 -0.3614037408201 -0.1407114920004 
99.91094537663 -0.6706051632079 -0.3655358718036 -0.1429660923022 
99.91564804284 -0.6791298469788 -0.3695531540049 -0.1451668695833 
99.92013053475 -0.6873868705793 -0.3734535254721 -0.1473125624223 
99.92440167481 -0.6953738291842 -0.3772354263552 -0.14940210158 
99.92847000229 -0.7030894572014 -0.3808977788373 -0.1514346056769 
99.93234377941 -0.7105335574151 -0.3844399639475 -0.1534093763252 
99.93603099748 -0.7177069254486 -0.3878617959034 -0.1553258927171 
99.93953938299 -0.7246112711935 -0.3911634945904 -0.1571838056818 
99.94287640369 -0.7312491386799 -0.3943456567427 -0.15898293123 
99.94604927459 -0.7376238256941 -0.3974092263373 -0.1607232436174 
99.94906496398 -0.7437393042673 -0.4003554646609 -0.1624048679669 
99.95193019937 -0.7496001429879 -0.4031859204493 -0.164028072495 
99.95465147335 -0.7552114319196 -0.4059024004483 -0.1655932603987 
99.95723504949 -0.760578710752 -0.4085069406857 -0.1671009614608 
99.9596869681 -0.7657079006625 -0.4110017786977 -0.1685518234372 
99.96201305197 -0.7706052402412 -0.4133893269012 -0.1699466032919 
99.96421891206 -0.7752772257071 -0.4156721472617 -0.1712861583449 
99.9663099531 -0.7797305555503 -0.4178529273665 -0.1725714373987 
99.96829137914 -0.7839720796392 -0.4199344579767 -0.1738034719057 
99.97016819905 -0.7880087527653 -0.4219196121038 -0.1749833672371 
99.97194523191 -0.7918475925341 -0.4238113256249 -0.1761122941089 
99.9736271124 -0.7954956414623 -0.4256125794342 -0.1771914802152 
99.975218296 -0.7989599331069 -0.4273263831049 -0.1782222021168 
99.97672306423 -0.8022474620207 -0.4289557600243 -0.1792057774217 
99.97814552976 -0.8053651573115 -0.4305037339491 -0.1801435572961 
99.97948964145 -0.8083198595693 -0.4319733169226 -0.1810369193305 
99.98075918929 -0.8111183009204 -0.4333674984857 -0.1818872607868 
99.98195780928 -0.813767087964 -0.4346892361102 -0.1826959922418 
99.98308898823 -0.8162726873551 -0.435941446781 -0.1834645316398 
99.98415606848 -0.8186414137961 -0.43712699965 -0.1841942987617 
99.98516225248 -0.820879420217 -0.4382487096867 -0.1848867101127 
99.98611060737 -0.8229926899264 -0.4393093322509 -0.1855431742274 
99.98700406939 -0.8249870305352 -0.4403115585143 -0.1861650873879 
99.98784544827 -0.8268680694605 -0.44125801166 -0.1867538297452 
99.98863743147 -0.8286412508357 -0.4421512437921 -0.1873107618344 
99.9893825884 -0.8303118336634 -0.4429937334926 -0.1878372214695 
99.99008337447 -0.8318848910612 -0.4437878839621 -0.1883345210033 
99.99074213512 -0.8333653104639 -0.4445360216883 -0.1888039449349 
99.99136110972 -0.8347577946561 -0.4452403955893 -0.1892467478478 
99.99194243541 -0.8360668635244 -0.445903176579 -0.18966415266 
99.99248815077 -0.8372968564243 -0.4465264575108 -0.1900573491653 
99.99300019955 -0.8384519350716 -0.447112253455 -0.1904274928493 
99.99348043414 -0.8395360868759 -0.4476625022706 -0.1907757039579 
99.99393061909 -0.8405531286415 -0.4481790654341 -0.1911030668002 
99.99435243444 -0.8415067105714 -0.4486637290939 -0.1914106292673 
99.99474747901 -0.8424003205148 -0.4491182053177 -0.1916994025472 
99.99511727363 -0.8432372884082 -0.4495441335055 -0.1919703610196 
99.99546326418 -0.8440207908631 -0.4499430819437 -0.1922244423117 
99.99578682467 -0.8447538558616 -0.4503165494767 -0.1924625474997 
99.99608926013 -0.8454393675236 -0.4506659672745 -0.1926855414403 
99.99637180949 -0.8460800709162 -0.4509927006798 -0.1928942532172 
99.99663564831 -0.8466785768776 -0.4512980511144 -0.1930894766881 
99.99688189147 -0.847237366833 -0.4515832580336 -0.1932719711209 
99.99711159578 -0.8477587975824 -0.4518495009112 -0.1934424619054 
99.99732576249 -0.8482451060426 -0.4520979012468 -0.1936016413296 
99.99752533968 -0.848698413929 -0.4523295245812 -0.1937501694111 
99.99771122469 -0.8491207323656 -0.452545382513 -0.1938886747726 
99.99788426632 -0.8495139664109 -0.4527464347068 -0.1940177555544 
99.99804526709 -0.8498799194921 -0.4529335908859 -0.1941379803545 
99.99819498531 -0.85022029774 -0.4531077128028 -0.1942498891895 
99.99833413718 -0.8505367142189 -0.4532696161822 -0.1943539944703 
99.99846339874 -0.850830693046 -0.4534200726322 -0.1944507819858 
99.99858340775 -0.8511036733975 -0.4535598115183 -0.1945407118899 
99.99869476558 -0.8513570133979 -0.4536895217977 -0.1946242196872 
99.99879803895 -0.8515919938915 -0.4538098538108 -0.1947017172121 
99.99889376162 -0.8518098220928 -0.4539214210269 -0.1947735935997 
99.99898243603 -0.8520116351179 -0.4540248017436 -0.1948402162426 
99.99906453488 -0.8521985033947 -0.4541205407362 -0.1949019317337 
99.99914050265 -0.852371433953 -0.4542091508579 -0.1949590667896 
99.999210757 -0.8525313735955 -0.4542911145889 -0.1950119291556 
99.99927569021 -0.8526792119505 -0.4543668855344 -0.1950608084878 
99.99933567048 -0.8528157844074 -0.4544368898705 -0.1951059772129 
99.99939104323 -0.8529418749381 -0.4545015277388 -0.1951476913635 
99.99944213229 -0.8530582188051 -0.4545611745898 -0.1951861913881 
99.99948924108 -0.8531655051575 -0.4546161824743 -0.195221702936 
99.99953265375 -0.8532643795204 -0.4546668812853 -0.1952544376148 
99.9995726362 -0.8533554461768 -0.4547135799492 -0.1952845937222 
99.99960943714 -0.8534392704465 -0.4547565675681 -0.1953123569504 
99.99964328903 -0.8535163808638 -0.4547961145138 -0.1953379010644 
99.99967440903 -0.8535872712573 -0.4548324734749 -0.1953613885528 
100 -0.8543291219679 -0.4552130777293 -0.195607401799 
