# Status file for ctqmc. Used to save all times t_s, t_e.
8
1
70.6886887550354 70.69019675254822 0 0
5
12.91277408599854 12.94779472330276 0 0
40.50210118293762 40.50651788711548 0 0
65.22989273071289 65.27702808380127 0 0
83.718843158114 84.00801751124995 0 0
86.39052936247681 86.79742813110352 0 0
43
0.1084422017487769 0.16326904296875 0 0
0.2272903919219971 0.6172474304001696 0 0
5.735138338134707 5.860171379837935 0 0
8.2236647605896 9.249341487884521 0 0
9.448377928307217 9.564815733155928 0 0
10.18106341362 10.81861612963481 0 0
11.04391167983987 11.25456166140355 0 0
11.73759749436921 12.03184723854065 0 0
12.42395043373108 12.47103598951009 0 0
14.99717522004996 19.38769942585341 0 0
19.63915005238139 19.67064492215634 0 0
20.20104130965093 20.43143075934243 0 0
20.4405481628649 23.02291132876277 0 0
23.20980740471584 23.26368689537048 0 0
24.56264495849609 24.69652351586547 0 0
25.05990266799927 25.12894868850708 0 0
25.86313486099243 26.40274167060852 0 0
26.60149867187608 26.65476202964783 0 0
27.98031568527222 32.62050731949265 0 0
33.65865349769592 33.87512710580143 0 0
35.54830932471305 35.71688777805709 0 0
36.75817307819288 36.88363432884216 0 0
38.94140882193713 44.15563941001892 0 0
44.19806003570557 48.68830024928177 0 0
49.94792193773095 50.03707157996425 0 0
50.219778091451 50.24446481428751 0 0
50.53128004074097 50.587397813797 0 0
53.39321195067346 53.53885111151038 0 0
57.63481259346008 58.13807249069214 0 0
58.50166082382202 58.58516139525062 0 0
61.06699656682584 62.68498752564433 0 0
64.25113677978516 64.55115753031843 0 0
65.81879927478218 65.98865985870361 0 0
66.70970569280105 68.97946825529212 0 0
69.26437449190121 69.43750079064333 0 0
71.04513389597447 71.26036286354065 0 0
73.6070263138775 73.71078729629517 0 0
73.82763028144836 73.85084823312766 0 0
77.95163616421461 78.90500426292419 0 0
80.67509476828113 80.89029618005875 0 0
81.05021715164185 84.54219698905945 0 0
85.34965014071564 86.24575148497041 0 0
87.24515364343704 93.1364034935888 0 0
29
2.263879776000977 1.424893950489844 0 0
4.06126232602819 2.626621723175049 0 0
6.34075403213501 4.238778942778374 0 0
8.049865413860733 7.948720754523771 0 0
9.893254644728721 9.356185757853718 0 0
13.00668307914477 10.46187964405721 0 0
15.96848368644714 14.52442157524255 0 0
19.19921636581421 16.04438694189803 0 0
26.30046606063843 22.57673144340515 0 0
34.06510974690725 32.90275931358337 0 0
35.87053250387245 34.83979439525244 0 0
36.6649883481 36.35513880024434 0 0
37.42733897274256 36.84101479758279 0 0
37.75803207493559 37.56209199289231 0 0
50.3102616985831 38.05039803542638 0 0
52.13356166189361 51.24089026465697 0 0
56.09397968131512 55.73757350879264 0 0
56.5207454719854 56.21089552090399 0 0
61.82094812393188 60.56120991706848 0 0
77.80415297380701 62.9608935274524 0 0
79.84193563461304 79.43752566208299 0 0
80.11295330614863 79.91212378751874 0 0
85.70731525369071 80.45470679826215 0 0
87.54516609634989 85.92988829432647 0 0
89.43570620063477 87.72656978429333 0 0
90.51220417022705 89.60309347041449 0 0
93.66982687730096 90.74662327766418 0 0
95.0164447004219 93.79806826737322 0 0
99.75935802649477 96.48084819303698 0 0
43
1.8646240234375 0.2323806285858154 0 0
2.234476804733276 2.080206459591463 0 0
5.710954802540007 4.383884701979312 0 0
7.156907547790206 5.779637148263523 0 0
8.245909214019775 7.313448190689087 0 0
8.552545309066772 8.254659175872803 0 0
10.48632301476975 8.927923440933228 0 0
11.54026652983974 11.0686492751719 0 0
18.42053532600403 17.8478079707811 0 0
19.41026805801435 18.7522583780094 0 0
20.98045804923565 19.45846676826477 0 0
21.7649549412714 20.98892560285433 0 0
22.55915158846383 21.87352743894799 0 0
23.28294792310378 22.8837844873161 0 0
23.60153134841079 23.31994318090107 0 0
27.928626537323 26.22172756776741 0 0
32.71280527114868 28.61513495445251 0 0
34.66779664228592 33.68104696273804 0 0
36.84325003388122 35.90978384017944 0 0
42.02543377510238 40.53259123628052 0 0
42.54981883055808 42.08581701170055 0 0
45.85970640182495 44.68147158622742 0 0
46.23506665229797 45.97009223672321 0 0
46.6370988490094 46.23737335205078 0 0
48.42216368483572 47.35398292541504 0 0
49.81456312949508 49.73230900435362 0 0
51.60839392911226 50.14235516116756 0 0
56.04161763743016 52.22307554930604 0 0
56.70117139816284 56.41285232289113 0 0
60.26545373358677 56.97272494762063 0 0
63.39408221018446 60.70684911533705 0 0
65.63250282767875 63.90564544822053 0 0
68.03366093390315 67.91146246617338 0 0
68.87302281708727 68.46109323124362 0 0
71.03269100189209 70.46221486076419 0 0
71.13948161254186 71.0757315158844 0 0
82.37677812576294 76.22947692871094 0 0
83.24052691459656 82.71554708480835 0 0
83.35919380187988 83.25787782669067 0 0
84.82050685973091 84.09150838851929 0 0
87.07133531570435 85.05532245740847 0 0
92.73970127105713 91.70222905908867 0 0
96.50269384219854 92.89788603782654 0 0
45
3.330314899267719 2.150279928810067 0 0
3.936604800581733 3.905016183853149 0 0
8.453595638275146 8.172571659088135 0 0
10.9541118144989 10.13031911400282 0 0
16.41778463825915 11.60295009613037 0 0
19.68039274215698 16.54134868197351 0 0
22.86018229090452 20.83528528636276 0 0
25.20433333268042 24.37645196914673 0 0
26.81171298027039 25.73554515838623 0 0
32.72074633369534 28.01385521888733 0 0
33.48638399508885 33.00055269365762 0 0
37.07560278588868 36.7605232198588 0 0
38.06179676131119 37.22376121779038 0 0
38.3140473083648 38.16006779670715 0 0
39.35203163725394 38.53846593903577 0 0
39.61962461471558 39.43542242050171 0 0
46.11571494046274 39.69505234229302 0 0
47.89219427030991 46.39450743469177 0 0
48.20044636726379 48.23208427498295 0 0
53.15471966945537 52.24314322153461 0 0
57.36202715367202 56.80833001110945 0 0
59.1794530365942 57.36640691757202 0 0
60.85873906588863 59.349399525945 0 0
61.9477391242981 61.28529358449418 0 0
62.60969521527665 61.98516798882616 0 0
64.35837364272804 63.29411864280701 0 0
64.73803520202637 64.57301007578913 0 0
67.06616595112229 65.94317045663607 0 0
67.73420705648758 67.34631182581656 0 0
68.17543627690516 68.03502344932804 0 0
78.68645673519802 76.92459474130033 0 0
79.50366659985215 78.72711151088397 0 0
79.6039183984869 79.51310893062507 0 0
81.10418319702148 80.66795513134717 0 0
85.19038558006287 81.33360156842504 0 0
85.58763954598921 85.32801270484924 0 0
88.5479408632695 85.99214516532105 0 0
90.70423222215156 88.67573413899254 0 0
91.55834913253784 90.74152551444732 0 0
92.93595607460963 91.56205734746264 0 0
95.35241829974667 93.01994908950969 0 0
96.47582921429536 95.42480178128589 0 0
98.89625108963749 96.50724282190852 0 0
99.29946935080071 99.2705225944519 0 0
99.957649878875 99.58819109115814 0 0
22
2.437765471155922 3.377937405689639 0 0
10.29521021716605 10.32602193941613 0 0
15.20381059330843 15.34579994338362 0 0
17.93141838159304 17.93611630623061 0 0
22.56167531013489 22.76868808915583 0 0
25.31449794769287 25.68773914400582 0 0
27.18608975410461 27.26812958717346 0 0
42.12921921472308 42.39869946147081 0 0
52.29397936860813 52.38637328147888 0 0
52.43021249771118 52.51789683868981 0 0
55.84573149681091 56.54609799385071 0 0
57.47265219688416 57.67673254013062 0 0
61.06774806976318 61.07186675071716 0 0
67.68628477179253 67.73634552955627 0 0
70.95632883051604 71.0545512160182 0 0
71.46052891682527 71.4953126059082 0 0
74.01104252507695 74.68981929721679 0 0
82.27516732624036 82.29785561561584 0 0
85.82787253722819 87.46710977475482 0 0
88.14824531702757 88.22162052636969 0 0
89.84552158661464 89.85593804510614 0 0
93.97261738777161 97.13435173034668 0 0
33
4.477732337148579 5.745750665664673 0 0
20.88687955482407 20.9540314751636 0 0
22.6457953453064 23.59475739034819 0 0
24.14266521104699 25.31063357561154 0 0
27.40769911659768 28.03357945421131 0 0
28.53485488215603 28.87151815739077 0 0
34.48341942005081 34.77782106171387 0 0
35.51552453469822 35.63459311151346 0 0
37.81254291534424 38.22240338054483 0 0
41.22850984463966 41.38371025724714 0 0
42.00482800638989 42.13407635688782 0 0
44.56669688224792 44.78415168970265 0 0
45.08918523788452 45.10899440097313 0 0
47.6435661315918 47.86521792411804 0 0
49.90647314074934 50.04890171922369 0 0
50.33538341522217 50.42973160743713 0 0
55.78721823716251 55.79451734268877 0 0
56.95212092671404 58.7914163823208 0 0
59.11954798213692 59.43699826310875 0 0
59.90876190749039 60.89900092737949 0 0
63.39643434663936 63.79454079354311 0 0
65.10539054870605 65.3100848197937 0 0
66.59592390060425 67.41940975189209 0 0
73.30127047973065 73.37160032437932 0 0
75.20285695076996 75.31389594078064 0 0
76.18556022644043 76.38430945062959 0 0
78.78045439720154 78.90655398368835 0 0
79.72824057131328 79.8214852809906 0 0
80.98834647387534 81.30364086528846 0 0
88.23761343955994 88.43126893043518 0 0
96.95917963981628 98.2756495475769 0 0
98.67781535867843 98.87670278549194 0 0
99.08753633499146 99.13182195315086 0 0
