# Status file for ctqmc. Used to save all times t_s, t_e.
8
2
48.42443466186523 48.58638858573892 0 0
68.38087316097194 67.54563450813293 0 0
4
4.327531626773862 4.12973165512085 0 0
21.6875433921814 21.70051336288452 0 0
67.65051484107971 66.8659508228302 0 0
68.02728772163391 67.7401065826416 0 0
35
0.3714953865334198 0.5514264106750488 0 0
5.527041339253079 6.70246065761705 0 0
6.954306364059448 6.973030673024879 0 0
9.415587768363888 9.416023379565985 0 0
10.08206211235314 10.24292943705857 0 0
13.49050501382671 15.66051244735718 0 0
16.14219427479188 19.19771536141392 0 0
19.3484271153323 22.68078375519995 0 0
22.93637585228191 23.19911394296867 0 0
26.12057003947377 26.19678520460003 0 0
28.07615104996059 28.21474461501447 0 0
28.95954717305834 29.62207500358653 0 0
32.36283273279536 32.53622962795499 0 0
34.27803373568557 34.64843525093445 0 0
35.67979762924021 37.10476984102637 0 0
37.30118892874838 37.62992806057679 0 0
38.0126416683197 38.01559805870056 0 0
41.70331954956055 41.7661726474762 0 0
43.17517986619885 43.28952792570817 0 0
43.55427622795105 44.04977560583329 0 0
45.70890665054321 46.16013765335083 0 0
49.17809037260579 49.55998111519986 0 0
50.01938227850227 50.18591737421711 0 0
50.32115735459697 50.63978146853621 0 0
50.67411661148071 50.86775422096252 0 0
52.34182520027658 53.16431522369385 0 0
53.79208055103105 54.03127074241638 0 0
54.10514230226678 54.48512457243034 0 0
57.26384628022205 61.05535685873812 0 0
63.87244860356493 72.75847166473343 0 0
75.51438707114089 75.67215743103016 0 0
75.92904544554467 77.14031612467424 0 0
81.42707171255171 82.1370380893771 0 0
93.63534042750979 93.65338793913327 0 0
97.81240697414498 99.2796778678894 0 0
24
5.894207491527686 1.515716314315796 0 0
6.650006612059205 6.138105996966947 0 0
8.106065351915543 6.699491316993861 0 0
10.49281358718872 10.05436227337139 0 0
15.87257385253906 15.86657061154621 0 0
23.45237135887146 23.13398590301556 0 0
26.4545738697052 26.21811546946041 0 0
37.64435361660249 35.56719433424789 0 0
56.93170639880881 56.73144762771191 0 0
59.33682296180744 57.23727561021428 0 0
59.58868790120941 59.34017004233564 0 0
60.83874282783955 59.7089398282362 0 0
62.19328424347056 61.08319163322449 0 0
62.69632577896118 62.28233575820923 0 0
65.60604554104543 63.55053699485318 0 0
65.73173403739929 65.70705859430011 0 0
77.96927690505981 66.23994708061218 0 0
83.58708175751705 78.24917435646057 0 0
86.3021100084823 83.69394866986947 0 0
86.35584315143979 86.3094372339248 0 0
94.69069838523865 86.48658394813538 0 0
95.3422234591538 94.6933925151825 0 0
97.14393300092414 95.48256918244249 0 0
99.5127958808274 97.23744226148203 0 0
29
1.694532469862283 3.441976035869985 0 0
3.680306198241894 4.400764200588005 0 0
5.220756605063283 6.49284138599667 0 0
7.394576072692871 7.763059706531307 0 0
11.86001252838415 13.36514794515464 0 0
15.19535858665466 15.20667182676932 0 0
17.09111348639214 17.29559853058085 0 0
30.93346104984342 31.00108934057907 0 0
32.6173567298666 32.69062665935704 0 0
34.12282885195535 34.55888961205761 0 0
34.60973882583861 35.41896939277649 0 0
35.41965200657553 38.27508687973022 0 0
43.89894141089394 44.04835301246495 0 0
44.77754831314087 44.88506088616771 0 0
44.99532643239874 45.06713402565356 0 0
52.17953331179232 52.26340911314879 0 0
53.79837826772793 54.9614035478388 0 0
56.93979093172282 57.16221725375163 0 0
58.99815746721467 59.73737776339213 0 0
59.82127630667785 59.85187477492737 0 0
61.65899216025372 64.666748046875 0 0
64.69416728879737 68.27440311539767 0 0
69.20174302050194 69.20209527015686 0 0
74.38114320562289 74.43111528992013 0 0
76.57800642076936 81.21602345989555 0 0
82.38709183491321 82.64134403190421 0 0
82.95227364239064 83.01474685013245 0 0
83.94760889330456 88.77957463264465 0 0
89.16402973470784 99.95252936212398 0 0
31
3.099465370178223 2.755165100097656 0 0
3.800355858350982 3.253689360805923 0 0
6.453848452717844 5.69547790939704 0 0
10.71422168529192 10.2159321308136 0 0
13.20804357528687 12.29565988276214 0 0
19.070589510385 13.3468674710457 0 0
20.01530122974188 19.19799447059631 0 0
20.5443372137769 20.11324278176517 0 0
22.83443467892707 20.54629921913147 0 0
24.36651587486267 23.49356060097719 0 0
30.51823697343452 27.47738063807464 0 0
33.74225316522981 32.67720737519902 0 0
34.68214408441203 33.74796197570566 0 0
35.22381652774815 35.21949476483143 0 0
36.71248143448385 35.51817336665511 0 0
42.1180816171992 37.67451841478712 0 0
43.71749464300179 43.16661357879639 0 0
44.8948089257172 43.8492476940155 0 0
47.47536997292854 45.53986181339991 0 0
52.16967261896952 49.08133963323875 0 0
54.99337087500479 52.25888560918699 0 0
61.80784118782897 59.08811378680358 0 0
65.19911885261536 61.83430892353528 0 0
67.48726584109139 65.20033478736877 0 0
67.72479845585492 67.58206486701965 0 0
72.89340496063232 72.83137440681458 0 0
77.06923874278455 77.22768187522888 0 0
79.69939708709717 79.70234896489785 0 0
92.25692905472002 91.55565479845365 0 0
95.1189971511851 95.06672255471088 0 0
96.41750202857452 95.79831145067028 0 0
38
1.564913988113403 1.658463478088379 0 0
2.826775480027194 3.506851196289062 0 0
3.968615621275346 3.9695143699646 0 0
5.066609382629395 5.689573287963867 0 0
7.736504077911377 7.93643593788147 0 0
11.25084250703878 11.40660047531128 0 0
19.24029588699341 19.51834559440613 0 0
19.78657841682434 20.00113136435556 0 0
30.22779211433782 30.35965848997344 0 0
36.98154958718368 37.23211884498596 0 0
38.46829728180114 38.69505435439421 0 0
38.82372235662355 38.825056006506 0 0
39.58081182063006 39.98429723046097 0 0
40.51712173831119 40.53484898442004 0 0
42.37786473828722 42.4065113067627 0 0
45.99470496177673 46.17613202748806 0 0
49.13890957832336 49.37157792402251 0 0
53.16307191394358 53.38208854648201 0 0
55.93870878219604 55.95007538795471 0 0
60.24742722511292 60.39304137229919 0 0
60.45057415804926 60.5543315410614 0 0
63.60775232315063 63.7438952922821 0 0
65.2945903990429 65.3218549722133 0 0
67.26663868233238 67.52427962685826 0 0
68.63576175806543 68.69959551311096 0 0
69.18839271700664 69.55583108983342 0 0
69.7224804988187 69.74459336726517 0 0
69.97378500692535 70.06665723360911 0 0
73.75763945022194 73.81178607026335 0 0
73.96533489227295 74.31004643440247 0 0
79.40886235828731 79.52192054185257 0 0
86.46495938301086 86.61798238754272 0 0
87.90571077061587 87.93144024487985 0 0
89.49237516447835 89.7313345040004 0 0
90.31324982643127 90.66905975341797 0 0
93.73668463426696 93.07910799980164 0 0
98.21971654891968 98.24205040931702 0 0
99.20700192451477 99.32542443275452 0 0
30
6.929514232577939 6.941372242044704 0 0
11.15143895149231 11.1682991538528 0 0
12.36501324517008 12.38974137656268 0 0
16.87934994697571 17.13366439288633 0 0
20.81447357940007 21.30069189860553 0 0
22.99460879822556 23.16073244683339 0 0
26.36315822601318 26.91515684127808 0 0
27.6338898304175 28.7738561630249 0 0
39.10609483718872 39.28402373097354 0 0
43.62100164653437 43.81789166096199 0 0
45.25850805808249 45.48905259689127 0 0
49.74099265748591 49.97338056564331 0 0
50.12558168802321 50.39958018778074 0 0
50.79236794348366 50.97553741688199 0 0
51.27722257986778 52.31924874691927 0 0
52.78884768486023 52.87361741065979 0 0
58.34728276340257 58.46280702279477 0 0
58.93428325653076 59.06432425719004 0 0
63.80701661109924 63.98994326591492 0 0
71.07634565690475 71.11011743545532 0 0
72.13163300487581 72.15158687039418 0 0
73.46926331520081 73.57771158356798 0 0
74.50839970461287 75.22768048679171 0 0
78.27418714878077 78.39939036155553 0 0
85.44467333213106 86.12766381097721 0 0
88.04497802634464 88.04810047149658 0 0
89.12779092788696 89.5173966884613 0 0
92.15773940086365 92.43997931480408 0 0
98.15953373908997 98.18277955055237 0 0
98.48689893946906 98.51702268491451 0 0
