# Status file for ctqmc. Used to save all times t_s, t_e.
8
9
20.96675038337708 20.8695113658905 0 0
35.98500490188599 36.14411354064941 0 0
41.9642448425293 40.88037610054016 0 0
42.43113994598389 41.99971556663513 0 0
58.70585334753393 58.7313711643219 0 0
68.44648725270335 68.58327984809875 0 0
82.11236566313157 82.11573362350464 0 0
96.51413872894921 96.13736967606314 0 0
96.53759002685547 96.52088284492493 0 0
2
58.76109735460371 58.79725813865662 0 0
69.59479181909964 69.60454469828079 0 0
39
1.417894965242873 2.563202381134033 0 0
3.90027600913246 4.369014501571655 0 0
4.89643660639701 11.10668181322012 0 0
11.21236431306324 11.22786402702332 0 0
11.8662213647626 13.01804380111946 0 0
16.70810349851405 16.7814636023885 0 0
17.0473698075965 17.3517999983986 0 0
39.32034365258164 39.71553734177185 0 0
40.33448529589266 40.52101540430553 0 0
41.07581388942462 41.11907262108432 0 0
41.65823087011319 41.70976877212524 0 0
41.94143092862642 42.75543093681335 0 0
43.44033557233202 44.04082363495519 0 0
44.95184421539307 45.2983517244752 0 0
45.36161716970945 45.48221021508625 0 0
46.5676396231071 46.57544791303283 0 0
50.77208776558195 51.01797047323357 0 0
55.45295327157488 56.11515274388753 0 0
56.31737808798825 56.57704878299954 0 0
57.56021335777341 57.70384739904157 0 0
61.49486550229913 61.52536019670071 0 0
65.63794612884521 65.93256592750549 0 0
66.08413439778431 66.37308250195541 0 0
66.50020480155945 66.88890608966113 0 0
68.11841129090466 68.39211136553462 0 0
68.88997611918546 68.98507168534876 0 0
73.47998023033142 75.5564608635959 0 0
75.43554306030273 80.16980379445924 0 0
80.3352944880034 82.74319171905518 0 0
82.95784378397784 83.15018625430905 0 0
83.92897481625099 84.24716593612985 0 0
85.33267378807068 85.35201287666051 0 0
86.12623600187942 87.1890472852012 0 0
87.41589658372317 88.06764407556294 0 0
88.39097438135343 88.6603096823121 0 0
92.00233643814937 92.12084068551802 0 0
93.83081360723202 94.41776541757517 0 0
94.39293507344145 95.61060166560297 0 0
97.39623487873561 97.68910432612124 0 0
25
6.325557402722048 6.354838609695435 0 0
11.53030705608813 8.645290358553126 0 0
12.59895474536985 11.76266361061025 0 0
17.13070273399353 16.51379466056824 0 0
23.16040723850776 17.41585611319233 0 0
23.52981636678025 23.31866674520559 0 0
31.53074383735657 23.59439730644226 0 0
34.04358002421186 31.69012268967267 0 0
41.40912632801907 36.13698571385854 0 0
42.42369325802872 41.82230742223493 0 0
49.31407919593095 49.68133795277836 0 0
49.73760965373255 49.74267248902237 0 0
51.1522650718689 50.94237923622131 0 0
70.34070244790715 70.31176351245823 0 0
71.41481508443509 70.78902426746197 0 0
76.20283315443052 75.70530911012604 0 0
84.66740846633911 83.99741053581238 0 0
86.48277967216757 86.17431461066788 0 0
87.63257182687256 86.88928905977214 0 0
88.71589719208451 88.16838264465332 0 0
90.07143103606481 90.02123930459071 0 0
92.53232181214007 90.28398136757069 0 0
93.26200114568078 93.18713563311222 0 0
96.50823366640464 93.84477577619209 0 0
99.16328586045577 97.65270352363586 0 0
30
0.5569876794148678 0.5961882867779134 0 0
0.9553765211932563 1.293288070830053 0 0
1.540141690939546 1.567489601464631 0 0
2.939241793847253 3.268851422267204 0 0
10.90049743652344 10.93659996986389 0 0
11.54157519340515 12.03219890594482 0 0
18.59881207841568 33.42528343200684 0 0
38.07684183120728 38.474041223526 0 0
38.75758647918701 39.03647944216812 0 0
41.3548418089557 41.79993113345822 0 0
42.371396164118 42.40732903133733 0 0
44.24870610237122 44.47967410087585 0 0
45.06642798564826 45.37398500505238 0 0
47.22283482551575 47.41635867554587 0 0
47.76174715435886 54.30038819341382 0 0
55.52052855491638 55.64681562962981 0 0
62.80026181105011 62.85285114165983 0 0
64.7414417041352 64.78180780434018 0 0
65.1298463344574 65.4432550413883 0 0
67.25676604081355 67.29705333709717 0 0
68.37564502522308 69.16677951812744 0 0
72.69586339734438 73.36290985128535 0 0
75.14326055766722 75.25868475594334 0 0
76.81449756655202 77.13481187820435 0 0
86.70539482800383 87.05810469069975 0 0
87.99325642434843 88.07620544669139 0 0
88.15439505195924 88.59568038535477 0 0
91.20368740247288 91.72766656775218 0 0
93.08634052799481 93.3049201965332 0 0
97.34892064100512 99.51082240447049 0 0
45
0.8158989919518007 0.3470902346148357 0 0
1.090711355209351 0.9711432241500464 0 0
2.282485905369807 1.353806257247925 0 0
4.5785560256485 3.139415159179748 0 0
9.008765638355491 4.775899648666382 0 0
9.622610814871326 9.24591164415189 0 0
11.59650050592222 10.04557947757266 0 0
13.11111940862764 12.99621895069626 0 0
13.94660501526912 13.47397268639566 0 0
14.91715312004089 14.798504114151 0 0
16.86722636222839 16.63708090782166 0 0
22.00260758399963 22.14789390563965 0 0
27.45616436004639 27.78324484825134 0 0
30.84928393363953 31.06689453125 0 0
36.7069752374349 34.32292342185974 0 0
42.38657015612124 41.62286468429559 0 0
42.83610561388407 42.56841481509424 0 0
45.44099003084207 43.43807910681168 0 0
46.69245708718273 46.4378481167087 0 0
47.3976496260628 47.02996153760479 0 0
47.59811162948608 47.45187759399414 0 0
54.0952205657959 47.68366813659668 0 0
57.46622085571289 55.79631062258745 0 0
57.87926259202672 57.62550288970328 0 0
57.94036602390662 57.91689353181558 0 0
59.71971750259399 58.09019947084853 0 0
60.98837003626855 60.74496381594442 0 0
63.04467575583266 62.26801199238359 0 0
63.11631862427048 63.10707455635533 0 0
65.40730797663048 65.35905671544 0 0
66.02717638015747 65.57296655286164 0 0
70.02122828596968 66.21214151382446 0 0
73.59196052896759 70.31619232474608 0 0
74.52885563057761 73.71556487395117 0 0
78.09611715625236 74.54136790199016 0 0
79.47899167652429 78.26895292202666 0 0
83.20061599813369 80.71248531341553 0 0
86.00129159777501 85.91083387149004 0 0
86.29439478414284 86.10551081875641 0 0
86.37771233333582 86.35386431997111 0 0
88.6299460802807 86.79908514022827 0 0
89.35376280773114 89.15849493087507 0 0
93.34917664527893 93.33934783935547 0 0
98.10715913772583 96.6812767958326 0 0
99.06719541600924 98.44313943212741 0 0
32
4.939051801893585 5.108445063723434 0 0
9.145790338516235 10.41432788931309 0 0
13.03936782877906 13.26446729527149 0 0
14.03070883991516 14.2211877939458 0 0
15.74879786196093 16.0897255808668 0 0
18.72553596443178 18.76387240141471 0 0
19.21264542241844 19.1786389129344 0 0
28.49198579788208 28.745037317276 0 0
34.23246145248413 34.3655526638031 0 0
36.50439942890505 36.51255986008315 0 0
37.9666190116265 38.11673737206047 0 0
38.60053349105343 38.79745043167473 0 0
42.65812635421753 43.59049201011658 0 0
44.94813166353721 45.1431761975672 0 0
45.56229709827893 45.56340098741489 0 0
48.78560304641724 49.0265965461731 0 0
59.4654381275177 59.53850746154785 0 0
59.99521613121033 60.09852419949721 0 0
61.98954942499242 62.10807663920335 0 0
65.27931690216064 65.39040207862854 0 0
65.80467498670615 65.8965599349969 0 0
68.86493563652039 68.89409422874451 0 0
69.23713684082031 69.84499710182845 0 0
73.0696666430191 73.10279806618728 0 0
73.44830483343738 73.5241711139679 0 0
88.65905819094378 88.92180631675153 0 0
89.00301715490819 89.07710313796997 0 0
91.81087613105774 91.88872570633674 0 0
96.96322720907207 96.97577219331588 0 0
97.21346166881088 97.58681654930115 0 0
97.60611012008472 97.79928251560466 0 0
97.79964862216708 98.40413971851338 0 0
35
0.07472348275688434 0.1106739044189453 0 0
0.3965024137000243 1.178246424877568 0 0
8.315168690772623 8.389237003406722 0 0
8.874130249023438 9.422707557678223 0 0
16.26635498559423 16.85414910316467 0 0
17.57321327330939 17.96108484268188 0 0
18.21357011795044 18.36461858967048 0 0
20.76961398124695 20.81541920382355 0 0
24.16499257087708 24.27361756488144 0 0
31.18817625208163 31.2076961252211 0 0
34.30991052307629 34.41990613937378 0 0
34.42819388052825 35.65707206726074 0 0
41.38918067545899 42.04334616661072 0 0
45.90466022491455 46.09042406082153 0 0
51.00504755973816 52.10603063715677 0 0
53.53814820775023 54.71087601724491 0 0
55.3064950783837 57.98099040985107 0 0
60.62920286968195 61.27724051475525 0 0
61.4370640465328 61.64842844009399 0 0
63.43402749175701 63.50849694362808 0 0
64.71505761146545 65.01794495116054 0 0
66.56897925663969 66.76642975359546 0 0
67.86044239997864 68.05814643691659 0 0
70.06745465860858 71.07809398713734 0 0
71.35497161656491 72.34492301940918 0 0
72.90419998252914 74.03630408865193 0 0
75.34361432562643 75.87380001825187 0 0
76.80805838471554 76.92389619063603 0 0
77.03567719333559 77.39632738395919 0 0
79.04548645019531 79.09077181104074 0 0
82.44943022727966 83.30140709877014 0 0
86.82755127431729 87.13487386703491 0 0
89.62722592933682 89.69704999580843 0 0
90.90829040776988 91.03349594094936 0 0
96.84706474273965 96.92897093039591 0 0
