# Status file for ctqmc. Used to save all times t_s, t_e.
8
8
7.039610505934322 7.648661506441641 0 0
43.96090507507324 44.04922723770142 0 0
58.4981204554019 56.96743130683899 0 0
61.99764609336853 62.05154108833692 0 0
71.08387351036072 71.36216572827382 0 0
87.10777759552002 87.13563680648804 0 0
95.70597434380232 95.7990480030098 0 0
98.56958985328674 98.83084297180176 0 0
6
1.9214928150177 1.963567733764648 0 0
37.30527758598328 37.44437694549561 0 0
42.82937049865723 42.83213019371033 0 0
70.91739773750305 71.01430320616201 0 0
72.04096041033594 72.15352788689253 0 0
72.40171432495117 72.47029040643487 0 0
28
1.084391264656473 3.96706547035592 0 0
5.847534402753095 6.770092584157598 0 0
12.51945449008862 12.54476308822632 0 0
14.91172909736633 17.62997808466054 0 0
17.67765283584595 18.80232691764832 0 0
20.20615247617643 20.3194797039032 0 0
21.75931334495544 21.83961600050464 0 0
22.3933222447176 25.49353954915858 0 0
28.11000347137451 28.20219792485408 0 0
28.55634142381319 28.8637223160146 0 0
29.65514318903116 32.80223958612677 0 0
38.6150598526001 39.04896378517151 0 0
46.28527760505676 46.16559147834778 0 0
49.79835230126142 50.0867178206643 0 0
51.53582068651494 51.84875002493799 0 0
52.49217149090406 55.7977604283266 0 0
55.91935685589343 70.83070171105342 0 0
71.58936858177185 71.61223086429024 0 0
71.6940069877034 72.21123335665686 0 0
72.39323710585226 72.63193903728936 0 0
72.9335822597664 75.11020691705858 0 0
85.47127379718596 87.17584373250547 0 0
88.73043679711587 88.75714582000147 0 0
89.11722781211515 89.18909642117112 0 0
89.50127826662079 89.75135684013367 0 0
91.49454236030579 93.1600054211342 0 0
95.95598284760301 96.18617296218872 0 0
97.19623074520371 99.73038949402731 0 0
32
0.3821160008190578 0.2531788452744415 0 0
1.270059314768343 0.9127461174062363 0 0
2.816612822779472 1.313340725541448 0 0
3.939929219153532 3.586270077628269 0 0
4.811893770308583 4.136137782498857 0 0
5.31621410519375 5.274510425324664 0 0
8.299648008405807 6.005938938867748 0 0
9.388744831085205 9.323317216375909 0 0
10.00762645568579 9.629966978918965 0 0
13.32146571782417 10.93207724352256 0 0
20.63668503290154 19.2978295984187 0 0
21.38544379293558 21.09413285820722 0 0
24.04604979656223 22.71217912555918 0 0
25.46409964561462 24.59533862221621 0 0
27.47454047203064 25.96419370199225 0 0
31.08918579846643 27.50227781503331 0 0
32.37028121948242 31.13759160041809 0 0
33.75080901284235 33.63792896270752 0 0
34.44265545591772 34.38690304756165 0 0
57.91692898038232 34.53573761746635 0 0
60.46917191611993 58.04304014554519 0 0
63.68243423039002 60.62335254696836 0 0
69.46248101832896 63.73284459114075 0 0
70.24714090722151 69.8071044071952 0 0
74.52506896772292 70.9162872812971 0 0
75.03864026761461 74.63287980450892 0 0
83.47130736018522 82.20173904579772 0 0
83.8536262512207 83.47257988359799 0 0
86.05090975761414 85.9034538269043 0 0
90.60580610604443 89.59138290421953 0 0
92.03151765884645 91.25263000993461 0 0
99.8484242805 99.23379611430558 0 0
30
0.7591868916414002 1.306463419338499 0 0
6.379648445208606 6.310784816741943 0 0
9.803955424174887 9.856021767586652 0 0
10.61692211716525 10.76691754049679 0 0
11.25272121910195 11.35677857706799 0 0
12.17482949771862 12.82881779774892 0 0
12.83984873827843 13.12360463253199 0 0
13.48043227746292 14.36564176926776 0 0
16.63944534714774 16.64384968754444 0 0
17.79143952145881 18.26776431360575 0 0
24.06389576880671 25.12690727598956 0 0
26.40664547967217 34.24940070497622 0 0
34.22966774679443 35.22787416025789 0 0
35.54551957510117 38.16358755557122 0 0
38.68740416787119 49.94654655456543 0 0
50.28073191642761 51.03133616928362 0 0
51.62691952582178 52.47567892074585 0 0
52.62750828787521 53.40097334610814 0 0
54.31178574038196 62.4931812286377 0 0
62.71403843877891 65.0371200241153 0 0
65.0373268910438 65.29488460484477 0 0
65.62672179568601 69.44738042828799 0 0
78.30750282365717 78.5395990502372 0 0
81.99188605343032 82.00951218605042 0 0
82.7057684935786 82.72648324977798 0 0
83.39908380469076 83.89864912125505 0 0
84.59642739035473 84.79020421765419 0 0
90.00464081764221 91.49385094642639 0 0
97.9382336139679 98.39560389518738 0 0
99.26823932311775 99.74751511963611 0 0
29
0.06549954414367676 0.5039098640072206 0 0
0.8490383625030518 0.9141883891899083 0 0
4.19376579801316 4.523199796676636 0 0
5.306736723438748 7.328239160406609 0 0
7.212889194488525 12.65817508173343 0 0
19.38040802186422 20.50227172313016 0 0
22.69724671872997 23.9955456176773 0 0
24.14407624322602 24.43323731422424 0 0
25.75163128761935 28.15712675986219 0 0
33.06389322921926 33.13508370711634 0 0
34.41746584416335 34.51777192578177 0 0
34.51810079116679 50.72247982025146 0 0
52.95040011405945 54.78350520133972 0 0
55.48089146614075 55.72073925737868 0 0
57.11832046508789 57.27384686470032 0 0
64.24803137779236 64.79241847991943 0 0
67.14607781292275 67.42184104570781 0 0
72.618957487873 75.86368448812627 0 0
76.05327709908065 76.72996967307439 0 0
76.63146849737389 80.09165525436401 0 0
80.7950645128615 81.92148804664612 0 0
82.09005173126928 82.31192862631165 0 0
84.08563962910023 84.10724572864524 0 0
84.27861600767658 84.61719049854116 0 0
87.13446688099965 88.68303606612858 0 0
89.01739076739938 89.26504894018267 0 0
90.68303915551948 90.76239466667175 0 0
91.99012517929077 97.18439815177078 0 0
98.45383704097858 98.95098209381104 0 0
25
2.492779493331909 2.664405107498169 0 0
3.507465124130249 3.946059361039289 0 0
6.726029542005342 6.931717905534496 0 0
15.07154931410491 15.19657904114838 0 0
16.64378913840664 16.87543897849276 0 0
18.96041631698608 19.48078274726868 0 0
20.75838446617126 21.61366939544678 0 0
28.78939513410607 29.58786291354975 0 0
35.01893281936646 35.41382551193237 0 0
41.02012515068054 41.05064272880554 0 0
45.87257601469246 46.01488709449768 0 0
46.75063927835341 46.86730973504609 0 0
47.02788591384888 47.12620377540588 0 0
55.64247369766235 56.1056911945343 0 0
56.902015209198 57.21133324848859 0 0
57.42738616138467 58.75195284516917 0 0
60.76987385749817 61.21080539686796 0 0
69.49421763420105 70.31974792480469 0 0
70.90508341789246 71.51814033952739 0 0
78.34084083696801 78.35285772775529 0 0
79.7127395550685 79.81910452431038 0 0
83.23850392000848 83.47029986059381 0 0
90.18290480867105 90.36610722541809 0 0
91.1920561815714 91.22057842693647 0 0
96.23659108662449 96.39288699520989 0 0
37
0.02277493476867676 0.3357350826263428 0 0
0.7907271385192871 2.550989389419556 0 0
4.36612296521279 4.473244788825022 0 0
4.5788895421455 4.703416703063417 0 0
7.016887473360231 6.995256701143148 0 0
7.614561296534206 7.199798980737479 0 0
9.232737700139497 9.518305571251489 0 0
10.2704836576181 10.43583561634474 0 0
10.90440480469517 10.95659159407172 0 0
11.17386670981094 11.38461464946637 0 0
12.14362958846975 12.32357257145549 0 0
12.36924529075623 13.06982636451721 0 0
13.16837525273097 13.2065991035514 0 0
13.7859902630889 13.91528199016553 0 0
16.95138216018677 16.99510216712952 0 0
18.18646192550659 18.45982074737549 0 0
35.18160571672562 35.61523712771431 0 0
36.57834872236663 36.6073905526931 0 0
38.86218070983887 39.07167315483093 0 0
43.73971223831177 43.850177526474 0 0
45.06576657295227 45.25860119134739 0 0
56.63682222366333 56.98338150978088 0 0
59.60447698193896 59.71246103908257 0 0
59.97751633662277 60.03489682458697 0 0
60.2943550956776 60.3037497880213 0 0
61.26689666516389 61.50815617653512 0 0
71.0850609391386 71.21072280333402 0 0
71.65514826774597 73.66816075617133 0 0
74.83431352919824 74.8500645160675 0 0
75.30444860458374 75.66960453987122 0 0
78.88833914437632 78.91433481170415 0 0
79.02759909629822 79.55088544110686 0 0
81.92867636680603 82.26953148841858 0 0
82.33413633068854 83.60238511241094 0 0
85.17691672388034 85.4091629735764 0 0
91.15939140319824 91.23331904411316 0 0
97.5811779499054 97.69513131170962 0 0
