# Status file for ctqmc. Used to save all times t_s, t_e.
8
2
77.07030864070106 77.07465887069702 0 0
92.30955839157104 92.08251237869263 0 0
11
8.581656217575073 8.648651838302612 0 0
8.68079662322998 9.306567907333374 0 0
18.06420079635503 18.15202236175537 0 0
39.07594084739685 37.11727857589722 0 0
42.44982004165649 42.44985580444336 0 0
49.60103034973145 49.75975155830383 0 0
50.87907742362822 50.96991674309947 0 0
84.17538404464722 84.22784805297852 0 0
95.85199356079102 95.97592949867249 0 0
98.06405901908875 97.45431542396545 0 0
98.5323429107666 98.34968447685242 0 0
31
0.4286527633666992 2.159620162126213 0 0
4.244891156481547 4.271938697257127 0 0
5.018612650988119 5.026370286941528 0 0
5.138695240020752 7.56957308926972 0 0
8.433448332536754 9.448206424713135 0 0
9.815859794616699 21.24077678392272 0 0
23.02576140024974 23.62030923382763 0 0
23.78922085072727 24.71269969452876 0 0
29.1611883693827 29.76283431053162 0 0
30.1077663898468 30.55499196052551 0 0
31.62234175672548 32.19612207120927 0 0
43.02061810273941 43.03819249284581 0 0
43.79530549049377 45.21486163139343 0 0
47.28469933067955 47.29670189199339 0 0
49.79229095619567 50.48727417077775 0 0
51.69447036871884 51.78920952427221 0 0
52.14318575924468 53.26594114303589 0 0
54.42718863487244 55.75342533361659 0 0
56.19176120911716 56.22330731635959 0 0
58.15983010353383 59.40507269305878 0 0
60.46167150916722 61.24531030654907 0 0
62.08271213272591 62.0883679328356 0 0
63.79128098487854 63.97836618411839 0 0
68.29237288595895 69.1856623854284 0 0
77.98970304621649 78.0651976341383 0 0
78.12386244785741 79.92025017738342 0 0
79.68473642224438 84.72771644592285 0 0
84.6349835395813 88.60129714012146 0 0
90.86671471595764 91.01334790596758 0 0
92.07442081016561 92.56396914720756 0 0
97.89996743202209 98.28834443273348 0 0
38
0.0370264252295982 0.08614173379377732 0 0
2.067620508970325 2.362728118896484 0 0
2.731177933311469 4.118059130574621 0 0
4.340808545815156 5.246516898383105 0 0
5.811739473221093 5.819709174674514 0 0
10.4841411113739 10.60374975204468 0 0
14.44385051727295 17.12844627205337 0 0
17.70601868629456 18.03762543334601 0 0
20.4430058711651 20.45496767008113 0 0
20.84936824361098 20.89616109810646 0 0
21.09411292286187 22.19867550930712 0 0
24.87115859985352 24.98960451961418 0 0
27.83036828041077 28.03582549095154 0 0
29.86684909933075 31.27433075273781 0 0
31.62988424301147 31.64136318867574 0 0
32.51671460267052 33.34976003214197 0 0
33.41948314231942 34.62131143207239 0 0
34.76165838914419 35.10028784207116 0 0
35.69905666469032 39.3956747403216 0 0
40.82803191106257 41.96708023066424 0 0
42.61658328975808 43.24025128678092 0 0
45.26730658683281 45.69517494551485 0 0
46.3516875410958 48.74873161315918 0 0
48.85115027427673 50.5793308684762 0 0
51.80472921608462 51.8368124961853 0 0
52.86631330200085 52.93631495274499 0 0
56.16660570620278 57.80585705389195 0 0
60.90995409542388 60.91331355684739 0 0
60.94146436296007 61.72304588823049 0 0
62.50284908810366 62.73547410964966 0 0
64.59259733329917 65.27626875932008 0 0
65.54927229881287 69.75456421625381 0 0
69.87031102180481 70.95040082931519 0 0
71.13924622535706 84.58392619441651 0 0
84.47358158174929 89.575352918115 0 0
90.87912440299988 91.26330018043518 0 0
94.92244066151171 95.03079233653513 0 0
95.19728121240024 95.21799565598063 0 0
30
3.768384456634521 0.4192680375012969 0 0
9.820557179799039 4.065966606140137 0 0
12.28071121494541 10.15775289394832 0 0
16.5132807589198 12.31094998006483 0 0
18.01439744223674 16.52851846920647 0 0
19.15230751037598 17.77374148368835 0 0
19.72373723983765 19.37699274841554 0 0
20.87355852127075 20.34953236579895 0 0
23.28179752909877 21.48304581642151 0 0
28.13372644894361 27.38319945373501 0 0
29.865962266922 28.44092636016708 0 0
31.73449635505676 29.90174293518066 0 0
33.97844604457082 32.30228462549462 0 0
38.98388514405981 39.1295944413094 0 0
39.92887139320374 39.87770540263999 0 0
40.19728882678463 40.16234391702075 0 0
41.92662900456694 40.270720267934 0 0
48.41944214714357 47.80722466468568 0 0
55.45401573181152 55.06313443183899 0 0
57.23012817362267 57.28788223769536 0 0
61.04760766029358 60.19906891087593 0 0
63.06090929254054 61.512556553816 0 0
69.16919015722173 63.38629584114517 0 0
74.97458457946777 69.86211538314819 0 0
88.80914449691772 77.75386628318799 0 0
91.17752752630599 89.31850790977478 0 0
95.20119387141752 91.24777778179501 0 0
95.7732018839491 96.08607916236443 0 0
98.70373060867352 98.73842022184873 0 0
99.97580647468567 99.84092066688686 0 0
40
3.131407499313354 2.672123908996582 0 0
10.81013083457947 8.031509002268098 0 0
12.30975608328689 11.02926731109619 0 0
15.58858241618265 14.72539915812379 0 0
15.81588147417296 15.59674953473379 0 0
15.99029972750238 15.88952456006208 0 0
17.06842184066772 16.0468447905364 0 0
18.78484128899152 17.29409838936856 0 0
20.64849567549452 19.25150156021118 0 0
20.97767980048025 20.81910878799206 0 0
22.94850709546466 20.98178499904044 0 0
26.39782428741455 26.23020799487157 0 0
28.91333358088919 28.86678068403157 0 0
29.28727269172668 28.95205020904541 0 0
30.08749111412192 29.30404252576185 0 0
32.87888765335083 30.1533579826355 0 0
36.86496611117528 35.69871052641682 0 0
37.23436103273343 36.96271035328204 0 0
40.079696603829 37.3525130276817 0 0
42.10569262504578 40.83619186617973 0 0
44.1859623283657 43.40085387229919 0 0
45.66909921345612 44.49241373183644 0 0
48.54040240699007 46.23239773203511 0 0
51.68346198693779 48.80285021878504 0 0
52.56289598210425 51.73738375645958 0 0
53.9342367109034 52.56590269191356 0 0
56.15441444480706 54.180759008016 0 0
59.69744146384997 56.21583732914758 0 0
60.16513370164024 60.00640515115075 0 0
60.78800652915517 60.39610601149112 0 0
61.88320124700039 60.99557280540466 0 0
63.0725353929312 62.94533466688083 0 0
63.3441686630249 63.09263333054547 0 0
65.54778726816707 64.52020571453451 0 0
70.59007789951941 69.44297552108765 0 0
76.8835723400116 73.89761052213206 0 0
77.75066931864632 76.94282572207281 0 0
81.36275018116257 78.96544903646654 0 0
88.87824914431879 81.56310549027646 0 0
98.67422041566023 98.68074059486389 0 0
25
8.471753878709972 1.4602219447682 0 0
10.97805500030518 10.31728982925415 0 0
15.81485271453857 11.27388970847913 0 0
20.19023412625209 15.92532152950822 0 0
24.20086264610291 20.52823085679666 0 0
25.05253337478287 24.26392436027527 0 0
26.01224017845874 25.45836945140388 0 0
30.14579582385082 26.39995969725819 0 0
30.67999724862345 30.55577226378001 0 0
35.94720959663391 31.25289098654937 0 0
37.10969090461731 35.97776073619482 0 0
39.02561546233888 38.30099105834961 0 0
39.66472548079656 39.05770778656006 0 0
45.48451782973757 39.80136548411224 0 0
50.57489925912702 45.69581151008606 0 0
55.53252522821112 51.3816774553956 0 0
58.78333075832098 55.71149587631226 0 0
60.77108383178711 58.98908774528948 0 0
66.29794239997864 61.0198974609375 0 0
72.71946338938679 66.35679006576538 0 0
80.46960830688477 72.90187503377688 0 0
85.61059797423852 80.58797717094421 0 0
97.53796077508318 85.62561223434024 0 0
99.28657994640116 97.71011140494639 0 0
99.5496928691864 99.52022870452625 0 0
34
0.5972265977088407 0.6588533797353149 0 0
7.616329193115234 7.792049646377563 0 0
8.282738924026489 8.326576534249917 0 0
12.55813096804245 12.58734394717225 0 0
12.91535107764795 12.96684145927429 0 0
15.97262398613353 16.06420550912792 0 0
19.48410868644714 19.9524296543847 0 0
21.47129774093628 21.53109908103943 0 0
22.57699020237025 22.86145914979609 0 0
25.20553605799022 26.11267566680908 0 0
28.20300343339466 28.37175046676362 0 0
29.64469913135224 29.67099460693051 0 0
31.08569001504815 31.26156640667061 0 0
33.36971965637786 33.65122895367792 0 0
34.45638540817737 34.81573462486267 0 0
40.16626101155463 40.2294397354126 0 0
41.54250796368323 41.82423949241638 0 0
42.24179957884351 42.29031801223755 0 0
53.44740789980094 53.48719954490662 0 0
53.65975499153137 54.19881070631477 0 0
55.15276416312181 55.2973954753556 0 0
56.04175934567234 56.22454943641473 0 0
57.03853177938739 57.53833020548738 0 0
59.54287840770577 59.59620796202556 0 0
62.60994672775269 62.63196179472157 0 0
70.49674987792969 70.72209715843201 0 0
73.97652268409729 74.80222463042591 0 0
82.55399036942563 83.04207324981689 0 0
88.45990896224976 88.5997474193573 0 0
88.62520456314087 88.71661424636841 0 0
89.93655714545332 91.04593998218675 0 0
91.35116350589701 92.1671664671286 0 0
92.35418092990687 94.42120236773533 0 0
96.66956084603376 96.76690185107061 0 0
