# Status file for ctqmc. Used to save all times t_s, t_e.
8
7
3.654485940933228 3.712666034698486 0 0
8.245748281478882 7.920163869857788 0 0
29.7586977481842 30.65735101699829 0 0
34.04114842414856 33.84330868721008 0 0
71.11008167266846 71.05978727340698 0 0
85.36185026168823 84.23688550189111 0 0
92.37860234050872 92.42279724437239 0 0
2
65.19219279289246 64.94092345237732 0 0
83.9039146900177 82.9503059387207 0 0
43
2.315539654143408 2.25742117265847 0 0
2.677448662736341 2.470232214692362 0 0
6.205618381500244 6.125640869140625 0 0
13.78399948546307 11.73626350368771 0 0
19.51284319554604 16.13172543621481 0 0
19.71789104708527 19.65971198625995 0 0
19.90608619506848 19.87302002186692 0 0
21.28130517348815 20.11682188964754 0 0
22.8451509220876 21.75864762539156 0 0
27.3839149256792 22.87509713152716 0 0
27.78971791267395 27.6816699594109 0 0
31.82416285672285 28.00692915916443 0 0
41.76816848221654 40.5622626998103 0 0
42.42861163848018 42.25643849888377 0 0
43.69193783625323 42.58384780725836 0 0
44.02480328559748 43.86385253603588 0 0
45.86958885192871 44.03886775182997 0 0
47.87196366967947 45.96776366233826 0 0
48.94459315179781 47.87296652793884 0 0
49.69810843467712 49.00245662131155 0 0
51.08694627062124 50.03971457481384 0 0
51.21362309299396 51.0878324508667 0 0
52.65983206675431 51.37441185816701 0 0
53.65469269015311 53.85998487472534 0 0
56.41704875951765 55.00569067604869 0 0
58.2229710047397 57.20287937659253 0 0
59.00253060788464 58.24686643130552 0 0
60.68533423719762 59.34674145114159 0 0
62.36208721407599 61.83791932954823 0 0
63.67961946888695 62.57049633128347 0 0
68.20255236958258 63.87600302696228 0 0
69.02841457518424 68.90274093648992 0 0
70.31043018732902 70.04850950321158 0 0
71.44156879018301 70.42624354362488 0 0
78.59236429814034 78.73430848121643 0 0
79.65760827064514 79.32215929031372 0 0
88.99416615521524 87.50735953124358 0 0
89.64157592000238 89.60709172376612 0 0
92.25396513938904 90.0532539360327 0 0
93.10166239738464 92.27179288864136 0 0
93.95573825018069 93.20459575711934 0 0
95.14322515535076 93.98095033503 0 0
99.35081664690516 99.41430016444031 0 0
43
0.3472030162811279 8.801913261413574 0 0
8.747608372311408 9.329646825790405 0 0
8.984047174453735 15.45501972939763 0 0
15.70451855659485 15.71946945150623 0 0
15.81385881622102 15.88105727688946 0 0
16.03681099204137 16.37525596027733 0 0
17.11435492219331 17.33999975381548 0 0
18.21350233356167 18.28057061195333 0 0
18.4700670444361 18.59608346338008 0 0
22.69490313705575 22.71403074264526 0 0
25.57488741959148 25.83408951759338 0 0
27.79827778884745 28.5746157169342 0 0
28.68687458363039 29.69679995435951 0 0
30.3781270980835 30.64043843188548 0 0
31.08985424041748 31.92403842427514 0 0
32.04843401908875 32.70931839942932 0 0
36.7587500531922 41.09256705367249 0 0
41.97760820388794 45.61935067176819 0 0
45.44039368629456 47.78455495834351 0 0
47.64889478683472 48.13787651852956 0 0
48.21100234985352 48.29838285113899 0 0
48.32126468580208 51.79653479617802 0 0
52.42699809473645 52.73366570472717 0 0
53.02440487709291 53.24987809758372 0 0
55.06150501325956 55.28747317596345 0 0
55.64333429972513 57.68106169527326 0 0
62.12040372759778 62.30288743972778 0 0
63.17360686165774 63.30230236053467 0 0
63.61874938011169 63.67245559336736 0 0
64.17964913905614 65.35804422612725 0 0
66.63230876293336 72.26152740361627 0 0
76.17962181568032 76.19459959163129 0 0
76.96551696908958 77.20859602130859 0 0
78.6025755552977 78.61735997783728 0 0
82.20197562325791 82.38107042723345 0 0
82.7651721300208 82.80443802608339 0 0
84.59596633911133 85.43493151664734 0 0
88.26404867103417 88.62153151522094 0 0
89.23233404851254 89.47412738057545 0 0
89.62733230000208 89.66699827923323 0 0
92.304743084875 93.88397660663476 0 0
94.38402195214276 94.7352249347235 0 0
95.32068967819214 99.72970110760187 0 0
39
0.1710176467895508 0.2410769462585449 0 0
3.955921135376081 4.091298580169678 0 0
13.20654695216774 13.25324773788452 0 0
13.28959571330012 14.2535163183382 0 0
14.45944309234619 14.50155377388 0 0
18.00923347473145 18.1735188174224 0 0
18.19491386413574 22.5280742318744 0 0
22.57939267352504 26.76886635554971 0 0
27.71980533737092 28.06772103984892 0 0
28.21282960187754 28.31215703272414 0 0
29.28760647773743 29.31351980603572 0 0
30.71375489234924 30.85200786590576 0 0
39.47160288652404 39.55129781714239 0 0
40.44983721129022 42.3926996317362 0 0
43.9932107925415 45.424485206604 0 0
46.07292413711548 46.75848219080656 0 0
46.880704164505 46.91898226737976 0 0
46.94939851760864 47.29138612747192 0 0
48.82693830849334 49.09499883651733 0 0
49.26739931106567 49.32557417129927 0 0
54.27697233582437 53.47426533699036 0 0
56.44681845857921 56.58052281058276 0 0
57.20018117127687 58.5159415014263 0 0
58.49152207374573 59.17317867279053 0 0
59.20780301094055 59.24091909468254 0 0
59.24324187525221 60.62032239821556 0 0
62.12268334668604 62.27374366777651 0 0
64.67304196657541 64.68761303952459 0 0
66.15092718633116 66.42887537916778 0 0
70.83565477943269 71.45230085473321 0 0
72.55226226552369 72.67471877727623 0 0
72.87100594136521 72.96818494796753 0 0
74.62319731712341 76.86063647270203 0 0
77.3252035146572 77.58967476934389 0 0
79.69568899305054 80.74265930578288 0 0
82.83795714378357 91.71059230176684 0 0
93.83352994918823 94.0447961087346 0 0
94.13137405393812 94.27725147655865 0 0
94.71257093838283 95.20829797299055 0 0
39
11.02125993434054 11.59552493248922 0 0
12.88111812496287 13.09949359053414 0 0
13.58804236549385 13.95931242465944 0 0
15.36918944465787 16.36962226429961 0 0
16.60814651281153 16.70961898242245 0 0
17.40684122856214 17.72161448994878 0 0
18.02783205418527 18.17427288406741 0 0
19.97223343081337 20.35884261131287 0 0
22.55203858427367 22.60380971804608 0 0
25.43871835682997 26.24844722038947 0 0
26.58883507331424 33.09617250327365 0 0
33.50398269663835 33.6163315454872 0 0
35.89097894607674 35.95025539398193 0 0
39.64490294456482 41.78876876831055 0 0
43.19847600518323 44.39426876979518 0 0
45.51104446521778 53.70537638664246 0 0
53.6224901676178 53.83427194037704 0 0
53.79445314382348 55.20880937796298 0 0
56.67218565940857 56.79723171618593 0 0
59.11972500147007 59.42560767957036 0 0
60.84410298949436 60.99353109812312 0 0
61.72878407855772 62.58146423683058 0 0
62.78068890509125 64.19270853927979 0 0
64.92893539751064 65.57110257792408 0 0
66.21966029454096 66.6748629084334 0 0
69.9129595293178 70.11029379438452 0 0
70.2159917261185 70.28635687482594 0 0
72.3194359483338 72.64249297758492 0 0
77.85882353782654 78.07883363003766 0 0
78.34318783429644 78.97354702741762 0 0
80.07713304766 80.08399139704827 0 0
81.71135187149048 81.81265592575073 0 0
83.45480780377379 83.47899317741394 0 0
84.41194891929626 84.91988303262025 0 0
85.92434525489807 86.35969161987305 0 0
87.47040691377413 88.46403468665575 0 0
88.3731835183456 92.40178238568035 0 0
92.64099978601314 94.72489540938396 0 0
95.85439298277016 96.47642970085144 0 0
29
1.247384707702773 1.556877865752085 0 0
7.759767770767212 8.130621910095215 0 0
17.05960410010978 17.11355378781395 0 0
17.73599990107548 17.82700533822999 0 0
19.83256354389908 20.98798155784607 0 0
25.20464062690735 25.9853720664978 0 0
28.09736132621765 28.27020699591506 0 0
29.90743261054085 30.02613280584114 0 0
34.03487205505371 34.25743104178522 0 0
38.20914616716955 38.23044300079346 0 0
40.61411663146445 40.6653402451404 0 0
40.9887388369043 41.03515874522076 0 0
48.08068024319354 48.15847156311153 0 0
54.96184939478533 54.96806033811719 0 0
55.59851989508575 55.64215199386226 0 0
57.07580600451114 57.42264986038208 0 0
59.59762930870056 59.62016205438767 0 0
60.83136669128635 61.06755968452229 0 0
61.22593283653259 62.09568989055486 0 0
64.26151394844055 64.75679499958854 0 0
71.76419399969855 72.00908471983502 0 0
73.91093701738923 74.73236851567314 0 0
81.89140719620931 82.32041214778523 0 0
83.20728752475561 84.09174680709839 0 0
85.8374297618866 86.09493845367655 0 0
87.83378713031014 87.83395959959944 0 0
89.34779763221741 89.4913595835847 0 0
94.05531780405717 94.29180481111801 0 0
95.22091150283813 95.5055883017387 0 0
35
6.927969631396199 6.942259663215684 0 0
9.759775178290703 9.769159555435181 0 0
14.41906823350649 14.5052578009483 0 0
14.85678339996883 15.35320760425425 0 0
15.51024927976221 15.86862832787383 0 0
17.24336376464576 17.5487724699972 0 0
18.59981662636347 18.61376377762226 0 0
19.99789476394653 20.03874536266396 0 0
23.40548167528986 24.54238595667471 0 0
26.82632803916931 27.29083299636841 0 0
30.98449702667167 31.14448465818072 0 0
31.64879679679871 31.9689154624939 0 0
34.81329083442688 36.26342652594217 0 0
38.12408933555464 38.14758062362671 0 0
39.03734388343317 39.88075852394104 0 0
47.01882600784302 47.07217216491699 0 0
51.50855593172127 51.70712872321554 0 0
52.8416633605957 53.02677791459262 0 0
55.64952907089662 56.04084281094366 0 0
57.06801414489746 57.1707546710968 0 0
57.9038385162579 58.3933923016609 0 0
59.66897220426765 60.0287914276123 0 0
60.85596680641174 61.06081008911133 0 0
63.814311238088 66.05206772881267 0 0
66.26819548174517 66.45789553490573 0 0
68.0695911189768 68.22960376739502 0 0
71.34339643247044 71.58166190674476 0 0
72.98731788678987 73.43105051208421 0 0
81.54211612893891 81.65659484432766 0 0
83.62280262912158 83.73416826785045 0 0
86.12213183414525 86.19858916657236 0 0
86.45916961717693 86.75534481687208 0 0
87.66838897875191 87.89830030965537 0 0
93.62536753253181 93.64974827881714 0 0
96.96730375289917 97.06943035125732 0 0
