# Status file for ctqmc. Used to save all times t_s, t_e.
8
20
7.913144805802119 7.880419722308574 0 0
10.90534925460815 10.43224334716797 0 0
36.14530563354492 36.14526375594554 0 0
40.87016398139274 36.88564300537109 0 0
42.05544309119009 41.40628423646665 0 0
42.73715150463261 42.07283297724941 0 0
42.95068359610268 42.85169760060014 0 0
43.36153479089685 43.29515526282402 0 0
43.72198484664165 43.68015008851712 0 0
44.8745630329911 44.48489868418996 0 0
48.47578965226631 48.61530106753769 0 0
58.89227206857079 57.8933020023497 0 0
61.90080932036612 61.86088919639587 0 0
62.54578828811646 62.4197963597112 0 0
64.01205062866211 63.49231600761414 0 0
69.64700222015381 69.79101896286011 0 0
83.25589895248413 83.29303160278268 0 0
94.40864645564602 94.33709912811672 0 0
94.48903328747994 94.45361929261722 0 0
99.58400172134762 98.09578061103821 0 0
18
2.461999654769897 1.80653432589439 0 0
3.23215962946444 2.651531867403972 0 0
10.74470753431769 10.52996801234098 0 0
24.26063034353202 23.69144403571655 0 0
28.62312794195215 26.92729830741882 0 0
31.01105093955994 30.66250085830688 0 0
32.54649639129639 32.10919565959053 0 0
53.26777696609497 53.17037775622566 0 0
54.30990060763961 54.24208447618919 0 0
55.00123500823975 54.35979962348938 0 0
58.50981340523469 58.32570195198059 0 0
59.74270342698529 58.95258453695007 0 0
60.59671640396118 60.58570742607117 0 0
65.59951892657941 65.7216945727809 0 0
72.93003309041818 73.01110625267029 0 0
88.64374756813049 88.49658966064453 0 0
88.75563287809882 88.64823579788208 0 0
97.80449867248535 97.56746888160706 0 0
31
0.4013538360595703 0.1903176307678223 0 0
4.784071445465088 3.165167253104475 0 0
6.199175119400024 6.189125876440469 0 0
7.684636116027832 6.532514095306396 0 0
9.939435000642748 9.94792484642649 0 0
12.05707809948623 11.88662345694289 0 0
13.61339092254639 13.14335370813161 0 0
14.12530546024406 14.26635651314237 0 0
27.30724215507507 18.94052056517783 0 0
28.33304744318183 27.03076004981995 0 0
29.94600817547614 28.21836572706966 0 0
32.10619906467411 31.98007941246033 0 0
36.45133376121521 36.43639087677002 0 0
38.04790377616882 38.12345642470207 0 0
41.31628294016806 39.29575681686401 0 0
41.98874831199646 41.50597080786622 0 0
42.69425021073765 42.50244778177417 0 0
48.95508289337158 44.88083490108229 0 0
49.97418243427711 48.9171028137207 0 0
51.69391482459043 51.63541868300818 0 0
54.37960239627547 52.45569907588597 0 0
61.99085513231137 61.49748563766479 0 0
68.82865747273286 67.86045989816223 0 0
69.49704885482788 69.14373253179124 0 0
71.55564497751001 71.39215821352714 0 0
74.54643845558167 74.41958785057068 0 0
82.48762450912139 82.34151601791382 0 0
85.72449466416043 82.55815423323281 0 0
92.62744119548906 85.74984669685364 0 0
94.75007745334315 92.74868112354966 0 0
95.08595452555397 94.93374824523926 0 0
30
0.5295526660413359 0.4137183328101548 0 0
1.959043741226196 1.766313265267551 0 0
6.131710781110056 6.070739669815554 0 0
8.429844333923338 8.491385769211753 0 0
18.74417805131037 17.13699738516688 0 0
19.82919017084094 18.79028196307393 0 0
19.90044491390235 19.89612579345703 0 0
30.11911511421204 28.2936789183168 0 0
30.48023825504257 30.4595947265625 0 0
36.66857481002808 32.41690130932766 0 0
37.02984247274369 36.68429255485535 0 0
37.6407031833085 37.47634855571012 0 0
38.74381239184858 38.20985160965542 0 0
39.93464928402336 38.90055961208525 0 0
40.51211651760715 40.47769561951196 0 0
46.84519917227504 42.7586451735735 0 0
51.27078219890021 50.01230239868164 0 0
55.51303738446386 54.96012049367392 0 0
57.07484119674184 56.70398574069644 0 0
61.20567715429026 60.00983263728158 0 0
61.50924563407898 61.27511139324388 0 0
70.37119406230941 70.28642143844621 0 0
73.67319608590137 71.19333814210877 0 0
78.72533202171326 78.05776000022888 0 0
81.25394620046826 80.16829181904441 0 0
86.28058462016025 86.23362183570862 0 0
91.06573462486267 90.87484179473486 0 0
92.87425754457017 92.31601270699795 0 0
94.0704687692777 93.94463647905638 0 0
99.86123124507942 99.71713885265065 0 0
44
0.3000965579975641 0.511479377746582 0 0
2.090877931265513 2.368640899658203 0 0
2.403847748808833 2.419635823071431 0 0
4.597872495651245 4.856950044631958 0 0
6.801825761795044 7.030378769932632 0 0
17.16090939581179 17.18146285327552 0 0
17.77886118005746 17.94012060381474 0 0
18.30749016878621 18.37444979225023 0 0
18.77575265088633 20.11895179748535 0 0
20.3325629234314 21.83679465667241 0 0
21.80531412730828 25.34905613466536 0 0
26.53270381091561 28.90625 0 0
28.94228100776672 29.95014494017758 0 0
31.46104216575623 32.92270769159819 0 0
35.34050550943959 35.64684391021729 0 0
37.97236386308127 38.10015916824341 0 0
38.51830363273621 38.67993908501013 0 0
40.30427119551132 40.31866192817688 0 0
44.82914639298216 45.51170808603669 0 0
45.54500226803205 47.3596091829743 0 0
49.2801372759451 49.52290430418311 0 0
52.32650678229315 52.54026584598195 0 0
52.89822953916847 52.96212252524192 0 0
53.3499538898468 53.50367541051372 0 0
53.93738138163238 54.12501096725464 0 0
55.39753437042236 55.74491620063782 0 0
56.16699457168579 56.3210666179657 0 0
59.22009611351307 59.77934982431492 0 0
59.82559323310852 59.85153913497925 0 0
60.14947891235352 61.23946309089661 0 0
65.17849564552307 65.0101900100708 0 0
67.2210933336481 67.23809054903498 0 0
68.12683006188199 68.30613248254241 0 0
68.85442849629341 69.22381520271301 0 0
71.62019653312736 72.16366773124896 0 0
72.37240339495204 74.1549955676663 0 0
74.24576076324803 74.69479908920719 0 0
81.09341208771448 81.18464267320172 0 0
83.0989010316482 83.83814941790693 0 0
84.18765068054199 84.73247289657593 0 0
90.74921607971191 91.47761260784597 0 0
91.65645241737366 93.24856032643089 0 0
98.2795459872662 98.55180978775024 0 0
98.89315558171643 99.47585645014669 0 0
32
3.560939677837942 0.03473357836689672 0 0
3.79077846109631 3.687540526543713 0 0
4.179302367841652 4.12981290702126 0 0
6.994491815567017 4.185642244542431 0 0
10.764631887096 7.095009088516235 0 0
19.09495770448244 10.88213505291439 0 0
25.36413935009846 19.4098076746144 0 0
27.84307133159573 25.64000019851433 0 0
28.4569027763257 28.25198105882355 0 0
29.82667088508606 28.50316881038685 0 0
40.09968629430212 30.12751340866089 0 0
54.83472943305969 49.8418319664367 0 0
56.27593031061725 54.9831211566925 0 0
56.79267032107518 56.70961141586304 0 0
56.88677161077283 56.79753169913369 0 0
58.41207504272461 57.03593721125166 0 0
61.09962463378906 58.93143323573042 0 0
62.51069030029441 61.45443320274353 0 0
68.83175373077393 62.57031738403299 0 0
71.28921901559104 70.14246155664807 0 0
74.82220736443659 72.67707586288452 0 0
77.16720150263309 74.83885959418951 0 0
77.71451246942063 77.04039812088013 0 0
79.62166666984558 78.9145290851593 0 0
87.80857582138886 82.02037878486642 0 0
89.35729554264714 89.10038586590804 0 0
91.48422511476384 91.47563921531703 0 0
91.60255659495965 91.48710019029824 0 0
92.75789331771583 91.74957578714549 0 0
94.54051852226257 93.51430270510488 0 0
94.99893178818098 94.94881629943848 0 0
99.20606215799802 95.4609433569867 0 0
21
1.012353092400849 1.106458902359009 0 0
2.365396967295103 2.456104412951987 0 0
4.386162757873535 4.985350370407104 0 0
10.88665723800659 10.96880435943604 0 0
11.34634785253823 11.89699572662545 0 0
13.16515803337097 13.20279847775672 0 0
17.45803952217102 17.67616271972656 0 0
20.98261509565731 21.18675708770752 0 0
43.81621687381312 44.27211458714666 0 0
45.76608538627625 46.5897028928494 0 0
46.66427373886108 46.70519232749939 0 0
52.84933100047553 53.18189859390259 0 0
53.59768867492676 55.66756725311279 0 0
57.7031135559082 58.43642354011536 0 0
59.12478843275345 59.16259251139724 0 0
65.85712432861328 65.77939856760243 0 0
71.0438279239213 71.42955660820007 0 0
84.24395322799683 84.47603309271159 0 0
87.23406791687012 88.20306658744812 0 0
88.44712914163748 88.4596401109058 0 0
92.71855354309082 92.79839396476746 0 0
32
0.2885405428425019 0.2944253445729443 0 0
2.213460206985474 2.321100153735804 0 0
3.445797440094774 4.65579041978539 0 0
4.763637236965548 4.819079995631998 0 0
5.862274441895435 5.892171994871376 0 0
6.04925434950421 6.070590019226074 0 0
9.236952569162874 9.388653104745538 0 0
23.80602668774029 24.32208445254786 0 0
24.88892385938627 28.57153032749791 0 0
28.76314839056226 29.23180452911864 0 0
30.12688249766808 30.47942864580442 0 0
32.75919300131305 32.87564143838929 0 0
33.631029279975 34.09732580184937 0 0
34.5947384834926 35.06944179534912 0 0
37.60964172013463 39.69645609217233 0 0
39.73796963691711 40.64526817219057 0 0
49.77757334709167 50.68719983100891 0 0
51.75856947898865 52.06804966320107 0 0
54.95923757553101 55.18313050270081 0 0
60.84152352805422 60.89416621941756 0 0
61.86616787578743 62.18549249507923 0 0
64.42230343818665 64.74002599716187 0 0
67.85379648208618 67.84947514533997 0 0
74.34108257293701 74.47344660758972 0 0
81.83813691139221 82.26740956306458 0 0
84.32996588952477 85.8533501625061 0 0
86.07314229011536 86.30363941192627 0 0
89.67051745780034 89.74289298057556 0 0
90.99189639091492 92.0901894569397 0 0
93.82310856081943 93.82579326629639 0 0
93.8510259803638 93.95760193627862 0 0
94.23497717647803 94.32398389836519 0 0
