# Status file for ctqmc. Used to save all times t_s, t_e.
8
31
1.359376548804312 0.8976280689239502 0 0
2.982419054109601 2.960890760999034 0 0
4.43388441259787 3.303454896205522 0 0
6.393011925355665 6.343555534862192 0 0
12.38571428107506 12.32109665870667 0 0
16.53690934181213 16.38006567955017 0 0
17.59356666098029 16.57822723313325 0 0
19.47386860847473 19.42037343978882 0 0
25.331059700342 24.37922954559326 0 0
27.27991938591003 26.67344212532043 0 0
29.02219891548157 28.59677586053238 0 0
30.93879652432747 30.87225905832215 0 0
36.37147545814514 36.44041419029236 0 0
42.55688719514667 42.83884798725134 0 0
42.85610181620877 43.15885484196451 0 0
44.70527172088623 44.64574876681878 0 0
50.49023131163883 50.51400065422058 0 0
50.64685516055476 50.84642171859741 0 0
53.26474905014038 52.10091237210994 0 0
65.79517342449854 65.68909287452698 0 0
66.47154688835144 66.36480525095969 0 0
72.45932504053982 72.69766736888528 0 0
79.05807488940202 78.86336445808411 0 0
80.94291082925824 80.56505886573568 0 0
82.37155321520609 82.04572179785042 0 0
84.06821593116014 84.02257102517225 0 0
87.99474835395813 88.2578853422748 0 0
90.79550798314671 90.00489711761475 0 0
94.70754265785217 94.41705846130144 0 0
96.49906754493713 95.68488853973776 0 0
98.28905463218689 97.53689169883728 0 0
26
3.226554393768311 2.985317148260337 0 0
8.95818587997981 8.901244401931763 0 0
18.01218525041755 17.81225800514221 0 0
20.09220123291016 19.91260338375606 0 0
31.24961853027344 31.13678693771362 0 0
34.77687097426028 33.13314914703369 0 0
35.60976982116699 34.94394421577454 0 0
37.66943216323853 37.65371441841125 0 0
44.71745369857053 44.68316205852364 0 0
52.01475670523692 45.78105395424725 0 0
54.01255488395691 53.35264115828214 0 0
57.06214259661319 55.61923980712891 0 0
57.35395805124166 57.31453386418611 0 0
59.77795720100403 59.56360697746277 0 0
60.12309706375861 60.11266112327576 0 0
68.47513768176275 68.47405512064668 0 0
72.19263902763399 69.05828523641009 0 0
74.29777803194492 73.28747510910034 0 0
78.12311053276062 77.90980935096741 0 0
80.09809851646423 79.77535128593445 0 0
81.66039838628663 81.44569558938457 0 0
82.8868413353149 82.65795522533678 0 0
83.72141122817993 83.59737396240234 0 0
84.7784161567688 84.15976166725159 0 0
95.4001247882843 95.27580142021179 0 0
96.95574641227722 96.51755094528198 0 0
35
2.11134883652546 0.7705676905605843 0 0
5.597805129596596 2.24642597051771 0 0
12.34660945178407 9.323245364423833 0 0
15.43879869608738 12.77926274438301 0 0
18.18359323538778 15.88038206100464 0 0
20.53949565404897 19.93065476417542 0 0
23.82729649543762 23.93877506256104 0 0
26.64924894230328 26.39628732561903 0 0
27.9469583901202 27.86884051958527 0 0
32.33454266282231 28.19300504730506 0 0
32.88775086402893 32.57041801078247 0 0
34.31544899940491 33.70236824024445 0 0
42.78303384780884 36.35683059692383 0 0
49.05878777294836 42.72015150758628 0 0
50.31536535903448 49.20086264610291 0 0
50.99174976348877 50.39593881180949 0 0
53.37978883281169 51.85815038432346 0 0
61.61281173588833 60.81931760560675 0 0
65.73651432991028 61.75869672801139 0 0
66.1803662776947 65.89528918266296 0 0
68.93920413350769 66.71177342818447 0 0
69.93885096201961 68.5531277530047 0 0
72.74840474128723 69.68571935814452 0 0
73.22459356191189 72.78106829828175 0 0
75.30701756477356 74.89404805462284 0 0
79.97816083724722 77.43691539593706 0 0
80.4252891385204 80.26545015374461 0 0
89.75911179539361 81.88296926337259 0 0
94.71915402662792 89.85231121531595 0 0
95.80962657928467 95.19270658493042 0 0
97.24312424659729 97.06001310673149 0 0
97.89084792137146 97.86992557553324 0 0
98.57416637405221 97.89268970489502 0 0
99.42045855518718 98.68226049700135 0 0
99.72516854774281 99.702575424529 0 0
26
10.16828826845525 8.451507037381203 0 0
12.55059886696906 12.36888574683712 0 0
21.04819644878887 19.96697125189491 0 0
23.63817095756531 21.22839727058746 0 0
26.98884506668602 23.76650180007143 0 0
28.45521914145399 27.57965922355652 0 0
30.76264111811942 28.48103166304745 0 0
47.01581597328186 37.69430573148075 0 0
48.30050053196044 47.15103840551139 0 0
51.84025542956302 50.37952065467834 0 0
52.95478105545044 52.71610463372345 0 0
54.93872761726379 53.14492615370874 0 0
56.12973319627289 56.00613355636597 0 0
61.0321044921875 58.15507545269416 0 0
62.62840942436748 61.91949844360352 0 0
63.80966760476073 63.32719206934949 0 0
66.81154370307922 63.94488326944408 0 0
71.39880801889186 66.85169339179993 0 0
72.46972478917468 72.40446788901092 0 0
77.41670057875751 73.41837280429108 0 0
82.71119974948989 80.92124196789811 0 0
87.04503982346986 83.8697612285614 0 0
88.45066428184509 88.4774923324585 0 0
89.44303277059237 89.37588334083557 0 0
94.26579930220922 94.13227828615096 0 0
99.57544207572937 99.20916557312012 0 0
43
0.2598326778498574 0.2770929396374301 0 0
0.8765990503649451 1.608055830001831 0 0
3.109114360133734 3.227138519287109 0 0
7.196945191121738 7.089956298978697 0 0
13.26698213952834 13.29480358176265 0 0
16.49187167385212 16.87280790636547 0 0
18.39077524569246 18.9123809337616 0 0
19.85229643332136 21.03246450424194 0 0
21.49732112884521 22.82974039469916 0 0
24.03799295425415 24.03371378308122 0 0
25.39029721930686 27.06174482519493 0 0
27.2500143465349 27.31247603030588 0 0
28.75147948372893 29.78323073033925 0 0
31.21943314614884 31.91894305845384 0 0
32.80695822867762 32.92094086229017 0 0
35.63656784321729 35.72778065179757 0 0
38.21623908466689 42.60125348984438 0 0
44.28970031659632 47.79683947563171 0 0
47.88038730621338 50.00465960567847 0 0
50.32363284169243 50.3484968241015 0 0
51.80389355870602 54.19310161442509 0 0
55.4716696514538 56.13290106985643 0 0
56.77345000844972 56.8897998985224 0 0
58.43579173088074 59.37984091456882 0 0
59.41420094065278 59.47322814510594 0 0
59.50250125109521 59.65525081645185 0 0
61.47827003494723 62.72704601287842 0 0
63.54541614603284 65.68390130996704 0 0
66.89567565917969 69.0489649772644 0 0
68.93082114219078 69.63076692943649 0 0
69.79904713573534 70.38785219192505 0 0
73.23176868480807 72.62428265553567 0 0
74.7632398238466 75.0061571598053 0 0
77.14333240274293 77.79858112335205 0 0
80.35514354705811 82.04260468482971 0 0
82.46766924858093 82.51961469650269 0 0
83.01546573638916 83.4526002407074 0 0
83.83135019402457 86.22050881385803 0 0
86.29986643791199 87.46862067298018 0 0
87.70943710020802 87.76551485061646 0 0
89.86182857303339 91.51336484772132 0 0
93.18205112183583 93.2599663734436 0 0
94.37380223203742 94.76553266770509 0 0
45
1.47050418645364 1.862838500329644 0 0
2.247461840234926 2.233450721445139 0 0
8.897993530270298 3.692467303457045 0 0
9.246476169299529 9.057021141052246 0 0
10.27566194534302 10.22165724284747 0 0
11.84152364730835 11.52702569961548 0 0
12.73750273010386 12.69825100898743 0 0
14.08326029777527 14.03677780289415 0 0
16.98034723995906 16.35721056759372 0 0
17.83471486951229 17.76288287709646 0 0
18.94393217936361 18.9408636549853 0 0
19.10700578987458 18.95339477204166 0 0
21.59682832890976 20.86234923652412 0 0
22.51561278935652 21.64454826493761 0 0
23.10683815133663 22.71786343877053 0 0
28.36087742415458 25.34747279132296 0 0
31.75992369651794 31.28023147583008 0 0
32.87338827159516 32.30407773046637 0 0
35.80597639083862 35.34968024736962 0 0
38.34148336047687 37.9589855670929 0 0
42.56658685650905 42.556232213974 0 0
45.0944185256958 44.85599994659424 0 0
45.26613354682922 45.26720794657635 0 0
49.72149848211384 48.55315364950527 0 0
50.56480627236623 50.58068452306402 0 0
55.65797389675831 55.58108441140205 0 0
56.14863927245472 56.0227229005642 0 0
56.3409308411611 56.15774488765896 0 0
57.31170894446558 56.66034765453045 0 0
58.09671725310267 57.35771171264354 0 0
61.43440901894495 60.92466350525403 0 0
62.20155003958201 61.81842088699341 0 0
65.52128325588073 65.51871299743652 0 0
70.26149345394423 70.31811677162398 0 0
70.98438613352123 70.99001370865135 0 0
70.99102139472961 71.06508612632751 0 0
76.06730461120605 74.86797571182251 0 0
76.18843729109112 76.09397530748271 0 0
78.03745269775391 76.2409251730413 0 0
81.95024728775024 79.58425283432007 0 0
83.95047457830174 82.25410827901327 0 0
88.77745866775513 88.73196500532704 0 0
91.61904316744064 91.13153395100663 0 0
93.73536902452686 93.15365464998717 0 0
99.2875874042511 95.87763547897339 0 0
23
9.078633785247803 10.07059812545776 0 0
12.64912486076355 12.89132833480835 0 0
22.89823293685913 23.10616970062256 0 0
24.71882700920105 24.9898065468539 0 0
41.80105466240214 41.71645641326904 0 0
47.92238473892212 47.81403026998601 0 0
48.80272095268319 48.41388775633675 0 0
49.63480205752829 49.57387298443464 0 0
51.24369859695435 51.42827033996582 0 0
52.75863409042358 52.81854523888327 0 0
54.02572154998779 54.66876626014709 0 0
60.35724462418956 60.50120029068577 0 0
61.27877021768369 61.31423227882618 0 0
61.38985801106535 61.48017298836506 0 0
61.50699257850647 61.52708877529752 0 0
61.77071496441855 62.22794014511322 0 0
69.23819348027361 70.68385481834412 0 0
70.68220552505782 72.37916028738447 0 0
72.23559678325977 74.51047903085312 0 0
75.05454809297852 76.75330188039185 0 0
76.96183389046863 77.2102762175037 0 0
79.29823994636536 79.83572483062744 0 0
95.73695659637451 96.7937171459198 0 0
23
0.8671887249318246 0.9409785457678415 0 0
4.245464282341231 5.999207496643066 0 0
8.590556601240607 8.674827451289957 0 0
19.29985880851746 19.28421258926392 0 0
25.95381736755371 26.83719396591187 0 0
28.63343388125902 28.64678502082825 0 0
30.12405235933495 31.67471289634705 0 0
38.07149902810589 38.20270975771073 0 0
41.06954588110301 41.14439626654445 0 0
41.40144099466136 41.42554775477905 0 0
43.37133724603128 43.64619255065918 0 0
43.6802864074707 45.51824446439262 0 0
46.02145725373498 46.85819189572981 0 0
46.96414591757281 50.86692633769152 0 0
50.987708568573 51.19298928578789 0 0
60.83647608757019 61.50583624839783 0 0
62.55777086600938 62.62830495834351 0 0
73.29026452002765 73.1920599937439 0 0
83.66780281066895 83.96950364112854 0 0
86.78733706474304 87.06554252117013 0 0
87.24966645240784 87.72477507591248 0 0
92.5669252872467 92.91960867054115 0 0
97.91994094848633 98.40859770774841 0 0
