# Status file for ctqmc. Used to save all times t_s, t_e.
8
15
13.96821141242981 12.12059259414673 0 0
33.15473794937134 29.87650036811829 0 0
34.99231338500977 33.87945562280946 0 0
37.97361902218344 35.86904154693882 0 0
38.679400284918 38.63535986351431 0 0
39.94219093324883 40.08588194847107 0 0
41.06688584699881 40.87877007359248 0 0
48.87800216674805 47.98664209272841 0 0
60.05672216415405 49.57946538925171 0 0
63.9066282448949 59.90039110183716 0 0
64.45741220800782 64.26500578626539 0 0
83.25726389884949 83.91706943511963 0 0
93.73461604118347 93.58794689178467 0 0
94.55021277065616 94.11930856066769 0 0
96.81498916314791 96.87678943754781 0 0
23
10.56493064086939 10.5285108089447 0 0
12.33987808227539 12.26598620414734 0 0
21.46585583686829 21.61906957626343 0 0
22.36931920051575 22.09888100624084 0 0
22.87776470184326 22.79250621795654 0 0
35.16621114733002 35.02233106208948 0 0
41.01442054947442 38.02230724190186 0 0
41.44195454137441 41.24319868950806 0 0
48.4444260597229 48.30838732651247 0 0
55.56151866912842 55.97745408250235 0 0
57.24673905375157 57.62738488073361 0 0
57.95273184776306 58.92733208539185 0 0
63.28163146972656 62.91599377152602 0 0
69.37127709388733 63.30127942173296 0 0
69.48785781860352 69.47998473954699 0 0
73.46704006195068 69.59114670753479 0 0
78.89235582583893 73.59697818756104 0 0
83.6394378707718 79.78755235671997 0 0
83.82475884314076 83.65767598152161 0 0
90.72205988707869 89.66495959238979 0 0
91.40365731516422 90.81453343296531 0 0
92.70026683807373 91.93958044052124 0 0
98.23422431945801 98.49348289448372 0 0
35
0.0237584114074707 0.106845169348091 0 0
0.5904294217968333 1.344880865184654 0 0
1.852080044857604 1.858356604903642 0 0
1.968035368732991 3.034474076471407 0 0
3.254462597399765 4.061466917739226 0 0
8.098441362380981 14.07110541798045 0 0
11.92574894847893 16.2056881092908 0 0
16.30463695319158 18.32374334335327 0 0
17.22632646560669 20.59840559959412 0 0
20.55068612098694 21.89761126843289 0 0
21.85878249901094 22.19645977020264 0 0
22.06423878669739 26.50390863418579 0 0
27.00408697128296 30.25838136672974 0 0
30.32199740409851 31.84432950799501 0 0
35.12283874280139 35.15182646305934 0 0
36.8988839553424 36.96442797636621 0 0
43.76435622640231 43.8233494758606 0 0
44.72226081719142 48.12736511230469 0 0
48.35337996482849 48.37079651919747 0 0
49.10262227058411 62.73009777069092 0 0
61.96454167366028 67.72963404655457 0 0
69.0116822719574 74.99667334846153 0 0
74.79585409164429 75.89890325463064 0 0
75.41531472916026 77.59497472045896 0 0
76.0572233327818 78.02351713180542 0 0
78.00630466280076 79.15803209844417 0 0
78.26506709986568 81.84573650360107 0 0
79.21722511609595 87.32014461841509 0 0
87.08444353012217 90.76754610799297 0 0
91.34556821918764 91.39875385694677 0 0
91.67584949869402 91.92761481281293 0 0
92.00040728445431 92.9589314242818 0 0
92.99840331077576 94.90153193473816 0 0
96.96324766824011 97.95791228194756 0 0
98.41207538448694 99.7105088382889 0 0
37
3.691208362579346 2.922202267813848 0 0
3.95505294621212 3.954607248306274 0 0
5.309122800827026 5.435556173324585 0 0
9.013169036276091 8.498948812484741 0 0
10.49423014382043 10.10212302207947 0 0
16.4575457572937 16.43580633757872 0 0
17.6070994668729 17.76425825820478 0 0
20.25797854351058 20.92307070055028 0 0
22.30862975120544 22.97144532203674 0 0
24.50166344642639 24.43745844906411 0 0
26.17850701835206 25.84766468978183 0 0
33.76880754862545 26.38126836697123 0 0
37.16517866251009 35.33031196223156 0 0
38.0097616391443 36.92272093049536 0 0
39.72765536004815 39.72513980515046 0 0
44.22635346281025 42.74743891943115 0 0
45.49452066421509 44.51466595826977 0 0
47.89862709989825 45.67558765411377 0 0
53.91088128089905 53.00293162681468 0 0
55.43198518410082 54.53906059265137 0 0
57.05681305679517 55.51800780270745 0 0
57.42586616805962 57.69302578300841 0 0
58.59503149986267 58.3462655544281 0 0
59.76272019082382 59.08977185199404 0 0
62.56753285801615 61.32845243202469 0 0
65.43047428131104 62.89105626158796 0 0
66.31122053936855 66.24584197998047 0 0
72.53372073173523 71.47215963348391 0 0
77.74937748908997 72.69363642785783 0 0
79.32947278022766 78.07201147079468 0 0
84.55689187387492 78.69173288345337 0 0
86.43877506256104 86.26798987388611 0 0
90.07034487943258 90.21853157160662 0 0
92.97443228404497 92.67587491298023 0 0
93.79211364068938 93.31036764006413 0 0
96.24701777505307 94.65496662504584 0 0
97.93001921433316 97.7799197699149 0 0
34
1.43308411404041 1.630897825637945 0 0
1.710061161103896 1.714545488357544 0 0
1.828013981174723 1.92796812763234 0 0
2.267400534989418 2.604109048843384 0 0
3.769012443171376 7.276076078414917 0 0
6.70090913772583 8.29945779410337 0 0
8.755794805719219 8.884334531950875 0 0
9.0038642877977 9.575989410726653 0 0
9.751033318416855 10.62085925984408 0 0
19.04363338696335 18.60793787027936 0 0
19.36104297637939 19.23600855185449 0 0
22.79783487319946 22.13043570518494 0 0
25.15867352485657 25.13242959976196 0 0
26.36880179731671 28.89498407548103 0 0
30.04381060600281 36.09470129013062 0 0
36.2782895565033 37.90228962898254 0 0
37.90870308876038 38.10082110685009 0 0
40.20118673092248 40.22413492202759 0 0
42.03668832778931 42.1455324147454 0 0
42.8815102599124 43.80711641410872 0 0
43.8339772990788 47.84548399302071 0 0
51.96515970916234 52.12891206926463 0 0
53.20708425459399 54.25287823732084 0 0
54.9091060505367 57.0651113986969 0 0
57.09608121071668 61.12712605892762 0 0
61.7190420627594 62.2830551764391 0 0
62.56847024536114 63.82603838062882 0 0
66.00327491760254 65.64241647720337 0 0
85.40416955947876 85.23421883583069 0 0
88.95826858071497 91.34929857794251 0 0
91.85500253345667 93.11794901371096 0 0
95.09807229042053 95.25609503335414 0 0
95.86163545335644 96.19478443983263 0 0
97.40882935978142 99.87069989650811 0 0
39
2.469005210575812 2.990764379501343 0 0
3.200110188899201 3.225102455473404 0 0
5.515684404754206 4.897300468554389 0 0
9.043366836907904 9.131746876452043 0 0
18.48515272140503 17.59570837020874 0 0
21.90311860723469 21.67536582946674 0 0
23.13364148139954 23.05896878242493 0 0
27.90357107459148 29.09217179934004 0 0
30.54698433496679 30.56410875854141 0 0
32.19333773846343 32.61708617210388 0 0
34.51672998906812 36.02030873298645 0 0
37.03516721725464 38.15882802009583 0 0
38.38730454444885 41.27088785171509 0 0
41.43152832984924 44.22492384910583 0 0
44.43780779838562 44.48901416097046 0 0
47.27612137794495 47.29979392039975 0 0
47.95612809285828 49.1075736369575 0 0
52.89484948948965 52.84033934412551 0 0
59.00494944228818 54.83559741240027 0 0
63.36735781982738 64.33969736099243 0 0
64.382004737854 66.2443995475769 0 0
68.23469060716587 68.31226819691059 0 0
68.36230050195472 68.36945653524241 0 0
70.04576325416565 70.01553177833557 0 0
71.26509140521274 71.28250002861023 0 0
71.28549140939162 71.35290545590441 0 0
72.1781968988589 73.0707585811615 0 0
73.70552722590691 74.392057046205 0 0
74.30020743130748 74.83170628547668 0 0
74.82843399047852 75.67911778073949 0 0
75.8942723274231 76.10713356105981 0 0
82.0253849029541 83.38537216186523 0 0
84.76057041010964 84.95699935664049 0 0
87.30282740890652 87.06977963447571 0 0
92.3445817585163 92.93400773474043 0 0
94.91257716580579 95.51712363393882 0 0
95.65037870886657 96.51602205120317 0 0
96.6833233833313 97.21043381223812 0 0
98.57703672986067 98.43180318211409 0 0
22
0.3255248069763184 0.4055500030517578 0 0
6.636315584182739 6.8988482239142 0 0
11.87617182731628 11.88278186354458 0 0
17.51622569237372 17.62678623199463 0 0
24.17091196400782 24.18865112763089 0 0
36.11253059363777 36.88837757001962 0 0
43.30751299858093 43.60637068748474 0 0
47.94806241989136 48.55828285217285 0 0
52.17414498329163 52.38177180290222 0 0
54.27951812744141 54.39625523484695 0 0
54.67165532606469 56.82336517501489 0 0
57.01025160721329 57.09506365573127 0 0
58.80556440283456 58.77409413441193 0 0
58.85140895843506 58.81860852241516 0 0
71.51278921290356 72.06381234428474 0 0
78.8830048593848 78.83204382839688 0 0
85.60124635696411 85.95540408291623 0 0
86.99915388492121 87.09305075536402 0 0
88.36882894202319 88.62117528915405 0 0
93.59756991911888 93.92820000648499 0 0
95.04227638244629 95.26823477371238 0 0
99.22018095531051 99.53369498252869 0 0
26
0.1165744298404547 1.886987686157227 0 0
1.849013566970825 5.353224277496338 0 0
4.789629346999646 9.473109245300293 0 0
9.403413534164429 10.26643750822842 0 0
10.03091931343079 23.87688185305814 0 0
23.5955653952894 32.89707805695561 0 0
29.48731458673848 40.42968026270972 0 0
33.72752059721289 41.46838891172636 0 0
40.76537827970317 42.42378578340156 0 0
42.09904463619628 45.78155279159546 0 0
45.75134164138588 53.77571582794189 0 0
47.90762934017205 55.07643165167693 0 0
53.55959618774752 57.14215040206909 0 0
54.70583407214642 57.2187195596286 0 0
57.14785491274671 58.12640402091361 0 0
57.42802045556348 63.32105398178101 0 0
58.59470367431641 67.13243126869202 0 0
63.28756213188171 70.12884190872555 0 0
67.09149866967543 71.49738073348999 0 0
70.73605418102977 83.51094649621265 0 0
71.44903783468676 84.39185619354248 0 0
84.06925246909765 85.06494596034159 0 0
85.08927228027314 91.78770184516907 0 0
90.82001447677612 93.66483092308044 0 0
93.49984969149463 98.55925690860481 0 0
99.42545294761658 99.56955313682556 0 0
