# Status file for ctqmc. Used to save all times t_s, t_e.
8
21
1.88794732093811 1.731526851654053 0 0
12.88537383079529 12.44413574084327 0 0
15.47517049861151 14.43641781806946 0 0
19.30415936004266 19.21475529670715 0 0
20.23888826370239 19.46684122085571 0 0
23.39508617395342 23.09498612542239 0 0
26.10729932785034 26.02202892303467 0 0
27.01047658920288 26.61397457122803 0 0
33.62631797790527 33.51401090621948 0 0
42.32666612934679 42.21572438676985 0 0
46.40167483546291 47.38966702110152 0 0
54.89928774937027 54.82609272003174 0 0
58.08556079864502 58.91044289233776 0 0
59.05526280403137 59.54326391220093 0 0
65.85269570350647 65.62609765567535 0 0
66.3011908531189 66.23671423215605 0 0
71.02363535482326 71.48424331594619 0 0
77.82695293426514 77.77867913246155 0 0
80.56437744379267 80.95403909683228 0 0
94.95128393173218 94.03610567310636 0 0
97.79845476150513 97.32484221458435 0 0
17
10.72340607643127 10.50759553909302 0 0
18.98722648620605 18.54751110076904 0 0
20.3006386756897 20.12171149253845 0 0
24.81697201728821 23.826003074646 0 0
33.06925767293313 32.95665745043692 0 0
41.20294118505683 41.08415842056274 0 0
48.42240488103668 49.07625913619995 0 0
49.39671158790588 49.43088234333663 0 0
56.60349754480306 56.30251278325318 0 0
58.10339689939816 59.20499065326205 0 0
65.12969732284546 65.06974697113037 0 0
68.87620091438293 68.77730976485026 0 0
78.74924540519714 78.59717607498169 0 0
94.47477091460992 94.36567354573016 0 0
95.21863672655729 95.1600134894866 0 0
95.37343691513634 95.35432058575483 0 0
95.76124166048943 95.65656338134382 0 0
19
19.61534862707904 19.72229707471423 0 0
20.12320694202915 20.52623804007062 0 0
25.00541210174561 25.8797287940979 0 0
26.28151075892896 26.89489126205444 0 0
30.3983952804618 29.97084856033325 0 0
34.72331166267395 34.93155181470823 0 0
42.10733246888978 45.38800292372161 0 0
54.41192984580994 52.3962140083313 0 0
57.04710086931713 54.47269111086964 0 0
64.12485701797972 64.11059166883209 0 0
67.97601068558659 67.83565878868103 0 0
69.36893447150135 69.96716260910034 0 0
70.95455367795927 70.96599340438843 0 0
74.63876533711837 74.91937875747681 0 0
78.43077182769775 78.51203083992004 0 0
84.33697629823412 85.28970744873925 0 0
87.45473027229309 87.50587520035396 0 0
94.62915185166558 94.85642707441666 0 0
94.96779441833496 95.99489569664001 0 0
33
4.163075938749714 2.452235267492237 0 0
5.937586262657279 5.837087900816614 0 0
6.528151035308838 6.296312808990479 0 0
14.67689266868549 14.70058258494429 0 0
15.87368498451994 19.87996697425842 0 0
20.87122201919556 25.29172301292419 0 0
25.75906148167987 26.11150568682833 0 0
26.55829808082659 26.59602093489254 0 0
27.69470534124237 28.43422258445759 0 0
34.80966991467066 35.23387712795925 0 0
42.40422149189254 42.47695557790269 0 0
47.30454683303833 47.04035520553589 0 0
53.31723233148935 49.12507768274908 0 0
56.12725615501404 56.19040084359177 0 0
57.35283037993776 57.19711184501648 0 0
58.2820124852411 57.49645829200745 0 0
59.01051163673401 58.97197885480392 0 0
59.91763108648911 59.9542514612377 0 0
61.30748391151428 61.3737165927887 0 0
62.22509890893602 62.13713692293263 0 0
65.92040657997131 66.12702012062073 0 0
73.28906437364064 73.34889685272978 0 0
75.80087780952454 80.35021296115845 0 0
80.38371801376343 80.79580664634705 0 0
81.56954769123917 83.8464830483845 0 0
83.86133127283173 84.14966761695283 0 0
84.05276536941528 84.98721122741699 0 0
85.17980575561523 86.5601935881125 0 0
87.72974105666194 87.63920664787292 0 0
88.97325396537781 89.19938896068606 0 0
91.04017375310924 91.53773784637451 0 0
91.563880443573 94.27850246429443 0 0
97.50917553901672 97.9022741317749 0 0
32
3.347211431516788 3.085869550704956 0 0
8.343779680221164 8.573796001905976 0 0
11.76981329917908 11.91006302833557 0 0
16.86982532356216 15.80088680114307 0 0
20.93231799568576 16.87408266826032 0 0
24.19797778129578 21.46610347257916 0 0
28.64906695279624 27.8042429834372 0 0
32.01978733148965 31.15377426147461 0 0
34.87026817128103 33.93710650707202 0 0
37.28885283080126 34.97415460823462 0 0
38.44694926120162 38.63314161286488 0 0
41.2533528417494 40.78457033596128 0 0
44.72215175628662 44.20338869094849 0 0
47.98269791246332 46.63670659065247 0 0
50.51071537941728 47.81135321479687 0 0
52.18882958169227 50.90374165010545 0 0
59.03744697570801 58.68859744426774 0 0
70.71297168731689 70.62572836875916 0 0
71.35622501373291 71.21520592672005 0 0
71.6038049956512 71.50026990501006 0 0
76.12288103547526 75.66776061845539 0 0
79.27049327328297 76.34616321941 0 0
80.14984458359199 79.44484108481082 0 0
82.61218508304337 81.61048801316477 0 0
86.27468068722203 83.02435743069024 0 0
88.19976681466511 88.13714698303896 0 0
88.90344230152361 88.77940466455856 0 0
91.56646728515625 91.31278417829697 0 0
92.8560272823951 91.63264632225037 0 0
94.57297921180725 93.83010546194282 0 0
96.0866050987447 96.04510747433679 0 0
98.08277929290158 97.92535901069641 0 0
29
0.7822149208556667 1.286645758224896 0 0
1.883920751842563 1.942078983236067 0 0
2.878553425885057 3.590371154553176 0 0
5.254416057003652 5.353175455262076 0 0
11.56962468509936 12.37360239028931 0 0
16.41224497767795 16.36529073297184 0 0
24.01373628985664 23.64078301835417 0 0
24.79539177329293 24.67368841171265 0 0
25.39798368779059 25.39147734642029 0 0
26.29386782646179 25.4356324672699 0 0
27.00035214615499 26.94661841845013 0 0
34.97576628979337 34.74746025774847 0 0
37.86472678184509 38.01241043945855 0 0
38.2891140222509 38.63010298423169 0 0
42.28250527105455 42.22863912582397 0 0
45.37122249603271 42.57525838090226 0 0
45.64822316169739 45.4601313254777 0 0
48.32079433084119 47.98990201705912 0 0
49.21955959640842 48.43419194221497 0 0
51.85364665917912 51.57173263110684 0 0
61.75737380981445 61.31073646220928 0 0
61.95778846740723 61.94217801094055 0 0
66.13795757293701 66.13627672195435 0 0
77.19302177429199 76.93204283714294 0 0
78.47597599029541 77.65828967094421 0 0
86.06102466583252 86.0419750213623 0 0
86.76606416702271 86.70027852058411 0 0
90.92628955841064 91.10259413719177 0 0
99.99560974322526 99.8741541339264 0 0
16
7.062339782714844 7.172638177871704 0 0
19.73117691191 19.8370528893915 0 0
22.02309449717175 22.38731669006277 0 0
23.39350549688968 23.52572679519653 0 0
30.22622455085663 30.50546561291299 0 0
31.39781951904297 31.27328157424927 0 0
40.64752696270375 40.65602050555128 0 0
45.0807054866523 45.49697093218312 0 0
46.66616863578648 52.92371430145351 0 0
53.28998108548336 53.31386726042994 0 0
53.84390109510222 53.89652868722292 0 0
58.07685265369214 58.30534579816739 0 0
58.36179256439209 58.43141078948975 0 0
70.64239742463921 70.67463550870805 0 0
78.22785377502441 78.43701243400574 0 0
79.37520146369934 79.41274642944336 0 0
26
7.745319604873657 8.012458085182802 0 0
10.4406023374203 10.65723268544015 0 0
11.47286891937256 11.6071879863739 0 0
25.54283738136292 25.76533555984497 0 0
27.70394682884216 27.95328497886658 0 0
30.2862892452053 30.54951429367065 0 0
31.70883913835425 31.7950521688039 0 0
35.37271618843079 35.4567318105637 0 0
35.61988736969695 36.04638175337649 0 0
36.22713681323084 36.61436531536416 0 0
36.67207956314087 36.9051493218758 0 0
40.06186839847693 40.08671164047143 0 0
48.49674701690674 48.54342341423035 0 0
49.61500626377212 52.0867294571167 0 0
52.0645864888754 52.99756800185275 0 0
53.20579970101892 54.26389058247992 0 0
54.52914237976074 56.95792211129184 0 0
61.44846677780151 61.91534996032715 0 0
66.71996116638184 66.9487103129504 0 0
80.20538687705994 79.95235919952393 0 0
81.07343912124634 80.46152386397267 0 0
90.20721316337585 90.20586013793945 0 0
90.66475629806519 90.56995511054993 0 0
91.20177030563354 91.11294746398926 0 0
98.45691919326782 98.31064343452454 0 0
99.33730363845825 99.33983683586121 0 0
