# Status file for ctqmc. Used to save all times t_s, t_e.
8
14
8.269387483596802 7.387042045593262 0 0
23.78351092338562 23.6871838254269 0 0
29.66415882110596 29.90959286689758 0 0
37.06221580505371 36.44498586654663 0 0
46.4996087420289 46.4604914188385 0 0
49.73754286766052 48.64568726670342 0 0
49.96803998947144 49.84917640686035 0 0
60.35129427909851 60.20863056182861 0 0
69.24010730563168 71.07455242388063 0 0
71.77364230155945 72.70602115479696 0 0
72.89000749588013 73.0343434226711 0 0
75.57497089667137 75.41213631629944 0 0
89.17145324739955 88.84025812149048 0 0
91.03705286979675 90.3744101524353 0 0
16
3.126633167266846 0.9940147399902344 0 0
10.41498184204102 10.3682279586792 0 0
29.93529166276985 29.73844401781252 0 0
30.37574489213396 30.12190461158752 0 0
31.64201854169667 31.40014410018921 0 0
38.10323476791382 38.18899393081665 0 0
45.89422421540802 45.91699520562642 0 0
55.3854795200624 55.24234771728516 0 0
57.40864025983592 57.38558073238238 0 0
64.03299325738622 63.83860111236572 0 0
72.03595990803858 72.27493100200455 0 0
81.40102624893188 81.2754213809967 0 0
86.34958863258362 86.32878065109253 0 0
86.64275407791138 86.48059031858963 0 0
86.92370398029857 86.95586323738098 0 0
87.68864584396981 87.27002143859863 0 0
37
2.353823184967041 1.954787969589233 0 0
5.727493762969971 2.684934551909635 0 0
7.007210952659114 6.707978248596191 0 0
7.913565635681152 7.703101634979248 0 0
10.78784931337562 10.95720529556274 0 0
12.33086312541958 12.37366657739943 0 0
18.09514760971069 17.08269961226068 0 0
19.41221225650445 18.82914304733276 0 0
26.03567242622375 25.92927749933551 0 0
27.83165574073792 27.78624296188354 0 0
31.32715821266174 28.01844642723767 0 0
39.90192664952914 39.86647725105286 0 0
40.5519425868988 41.85780250267221 0 0
46.42809208057699 43.94829603424278 0 0
47.56021815576934 46.4381992816925 0 0
48.22357296943665 47.68814444541931 0 0
53.32550483679406 53.1431394127388 0 0
60.41161180959022 54.16113466074807 0 0
61.61687580992743 60.54779147289165 0 0
61.76427221257806 61.73532907357725 0 0
63.20121307851801 63.03000896970124 0 0
63.83660778898559 63.74170075373323 0 0
66.29700736879552 64.45415683961561 0 0
66.78758263587952 66.50592088699341 0 0
67.54368462908565 66.79645479718749 0 0
69.82533139950654 67.74037930797176 0 0
70.21589568159081 69.71561908721924 0 0
74.37789440155029 70.20185318974796 0 0
74.92532645805645 74.85262751579285 0 0
76.14755630493164 76.05945467948914 0 0
79.46352757335546 78.27409448619547 0 0
84.27865505218506 84.20703464648925 0 0
85.43755289909534 85.96055038863221 0 0
86.09084139604329 86.16934909247641 0 0
91.20529659126255 91.09165971920221 0 0
92.2723114490509 91.64178149827518 0 0
93.63108277320862 93.22176575660706 0 0
31
1.6619990564689 1.43152104747726 0 0
1.99875024735693 1.791128114169044 0 0
3.46867353330618 2.038948324727238 0 0
5.2234947681427 4.171043634414673 0 0
9.826876971069872 8.920478820800781 0 0
12.21858727470849 11.73718014776455 0 0
16.23061874984932 16.13901872370889 0 0
23.57103901794196 18.044261582144 0 0
24.41769599007575 23.786461353302 0 0
28.16353440489738 27.2096012416614 0 0
29.0110976356951 28.63251863413313 0 0
31.53539896011353 31.05879426002502 0 0
37.71544098854065 35.34671822810387 0 0
39.17905073192851 39.17925071195386 0 0
41.50578396762927 42.38940119308848 0 0
45.80062031745911 45.69880366325378 0 0
51.76843132071092 52.22419045736615 0 0
54.33743221610403 53.33438515663147 0 0
57.46724605560303 54.44458723068237 0 0
66.51076078414917 64.3079013284521 0 0
72.26516008377075 66.70937411178929 0 0
75.95555186271667 76.01672410964966 0 0
79.21096280584537 79.78880405426025 0 0
82.76364803314209 81.69701099395752 0 0
90.08651971817017 89.08377885818481 0 0
92.1966612335236 90.97744389575121 0 0
93.45235824584961 92.32913199761668 0 0
94.79371309280396 93.40988993644714 0 0
96.54336232818395 95.40174888786908 0 0
96.70102596282959 95.9601197262219 0 0
98.57767224311829 97.02190756797791 0 0
29
0.1026314614571986 3.758059475944636 0 0
3.759014689052958 3.795124367519214 0 0
5.121517181396484 5.136101709377494 0 0
8.959048986434937 9.146589040756226 0 0
9.425535844987602 9.701156616210938 0 0
9.722945231905742 9.972326844507862 0 0
11.68043740849512 12.02431638186302 0 0
14.39200191861008 14.63245539391143 0 0
16.89214672484915 18.25908305403313 0 0
21.67198840979151 21.79014086723328 0 0
22.24875688552856 22.8059978813952 0 0
22.91711568832397 24.33892488479614 0 0
30.11990827322143 30.42384995445849 0 0
53.08632755206126 53.44443776515931 0 0
53.6936604743054 53.83628469001101 0 0
53.89378631725464 56.76625087032789 0 0
58.31495187379041 58.34937799670996 0 0
58.59611123977062 60.45458090689011 0 0
65.35594357860361 66.48807723721595 0 0
69.17523741722107 69.47579383850098 0 0
74.75539376848417 75.03374383685859 0 0
77.69939303398132 77.82063505095476 0 0
81.6861629486084 81.97444081306458 0 0
82.09086616874934 82.44562492922327 0 0
84.58472490310669 84.92618201396988 0 0
85.41324933640735 85.49625277519226 0 0
88.70372335027399 91.21813575995634 0 0
92.14106202125549 97.29763049182138 0 0
98.69582653045654 98.8224681040974 0 0
43
1.190239191055298 1.611831635826281 0 0
4.822969568751034 5.525130142582668 0 0
5.588901042938232 5.908036231994629 0 0
7.328012704889504 8.263289928436279 0 0
19.0681883476599 19.15077401495398 0 0
19.37840747632847 19.66075169241321 0 0
20.41450142860413 20.81308960914612 0 0
22.51516215600077 22.94301461913034 0 0
24.27157644040368 24.60720921999534 0 0
25.9873628616333 26.24446749687195 0 0
28.59094738960266 29.35504696754967 0 0
30.78446161768795 31.89644813537598 0 0
32.17313885688782 32.93749140450076 0 0
33.11308223244312 33.27530685047261 0 0
35.37632822990417 36.06378416180721 0 0
36.03236079216003 37.44597434997559 0 0
44.13148164749146 44.16404589268174 0 0
44.43190380300909 46.29131555557251 0 0
46.14015817642212 46.73572141514438 0 0
48.04232517351643 48.10822606086731 0 0
54.3043315410614 55.18259516184752 0 0
54.91629213147462 57.2349031078236 0 0
57.17172026634216 58.93390491830866 0 0
59.9764210480221 60.22544372954327 0 0
60.87987938853488 61.91149548808357 0 0
62.01682960981763 62.080979347229 0 0
62.8734070710922 66.39725454565898 0 0
66.71159753643892 66.84082865966622 0 0
66.96735620498657 68.13935507558219 0 0
71.32876148105414 71.61490321159363 0 0
74.10025595370141 74.69430565834045 0 0
75.73869850158613 75.79996585845947 0 0
76.18452729132429 76.59480881675745 0 0
81.16740054534679 81.64005425882658 0 0
84.06170450224694 84.24387876292472 0 0
89.87699726077452 90.13112678851981 0 0
90.38931839369138 90.49071073532104 0 0
91.03639125823975 92.11364444133991 0 0
92.25311279296875 92.68756508827209 0 0
93.48820942366996 93.83124546669627 0 0
94.06964932949057 94.22244385707357 0 0
96.55757013495086 96.56774310938816 0 0
98.62885406661636 98.67728306211839 0 0
20
1.759743180498905 3.562748432159424 0 0
7.579844548844285 7.718831300735474 0 0
12.24059170693741 12.13809251785278 0 0
18.51528665735344 18.24238896369934 0 0
20.51321268081665 20.90040445327759 0 0
22.21148662981389 22.22047448158264 0 0
30.36361246121986 30.66713590241897 0 0
45.69980502128601 45.642749195919 0 0
57.04383850097656 57.3580265045166 0 0
58.43679476920614 58.5599958896637 0 0
68.62320899963379 69.1081612138386 0 0
69.41513737460923 72.01881446946369 0 0
72.43500416481562 72.96263366800784 0 0
74.77168253915826 75.66362619400024 0 0
76.56643683907969 76.6986608505249 0 0
76.82302594184875 76.87271237373352 0 0
80.07177764219745 79.39638332195651 0 0
84.55118438135189 84.55189934290316 0 0
91.96673082638186 92.09162439901225 0 0
98.38271638616882 98.38593757914934 0 0
22
1.773214340209961 1.958799362182617 0 0
22.95398712158203 23.0389416217804 0 0
25.63159964560734 25.79881059220743 0 0
40.20450711250305 40.00326991081238 0 0
48.32333326339722 48.27995294260131 0 0
48.60593708651 48.72928857803345 0 0
57.92596936225891 58.12838673591614 0 0
58.76194688959764 59.07724391090999 0 0
64.5364923973694 64.54890780086627 0 0
64.57340649463845 65.3420944320668 0 0
65.98578095436096 65.90712070465088 0 0
69.6859109806263 69.72913090626037 0 0
69.7711819857718 69.96818512871776 0 0
69.99835837520843 70.25242543774959 0 0
70.49381886308454 70.49569232498149 0 0
73.77045574037915 73.78645257061063 0 0
78.52445244789124 78.6976158618927 0 0
83.92902612686157 84.2590868473053 0 0
86.06417179107666 86.2835168838501 0 0
91.64202809333801 91.86094403266907 0 0
93.07292927333819 94.19033367139953 0 0
96.10472917556763 96.18985652923584 0 0
