# Status file for ctqmc. Used to save all times t_s, t_e.
8
18
0.3691971302032471 0.1730740070343018 0 0
1.807687063379551 1.726822056180281 0 0
3.083526879165531 2.977934769092097 0 0
4.838541376358307 4.812657833099365 0 0
21.87288403511047 21.84192538261414 0 0
22.14784622192383 22.08667351902486 0 0
26.55016804686596 26.78720828496791 0 0
28.096604347229 28.05791213236382 0 0
37.11943030357361 38.22840452194214 0 0
38.87380007493526 42.18758839767034 0 0
50.07474550601867 50.05608320862288 0 0
52.85126642777313 52.30716325394597 0 0
67.80868671867115 67.88909435272217 0 0
80.22592663764954 80.64745664596558 0 0
92.21032857894897 91.61411822757799 0 0
96.99616432189941 94.75530982017517 0 0
97.52768722843281 97.46126913678233 0 0
98.87929980323943 98.64955292788407 0 0
20
1.599476330795824 7.640945911407471 0 0
8.193391561508179 9.484642744064331 0 0
9.547221079802881 9.767768337282234 0 0
10.00285744667053 15.43815732002258 0 0
13.58192563056946 16.92329049110413 0 0
17.64821040401898 19.27621364593506 0 0
19.9262261390686 24.11214113235474 0 0
25.9759783744812 33.33456516265869 0 0
33.63103866577148 39.07454015966505 0 0
37.95813948035377 39.73918198377609 0 0
39.44307225252603 40.82717499601899 0 0
40.60528571928806 42.97374486923218 0 0
43.69577765464783 47.04013196811729 0 0
47.04048979976766 56.62827693892574 0 0
56.80909156799316 61.95925716853311 0 0
61.98162485090258 66.68365597724915 0 0
67.26730465888977 72.77971506118774 0 0
72.74876236915588 78.0389050884402 0 0
79.4074007688252 95.36869525909424 0 0
96.63525819778442 99.63732361793518 0 0
32
0.6339490413665771 0.1882935447401479 0 0
2.935439348220825 2.289146184921265 0 0
10.56200386499839 10.27970232089807 0 0
15.04864978996352 16.25284542618846 0 0
16.63892973513099 16.76795926947518 0 0
16.82081818580627 17.01424717903137 0 0
20.8631403919296 20.0941090433306 0 0
21.28596905980855 21.07154358988623 0 0
21.64794923341591 21.64542078971863 0 0
23.87663599894483 22.82844225033579 0 0
26.90239156538335 28.37288379669189 0 0
42.76176142440873 42.65591813947643 0 0
48.13720431572577 46.74551353126441 0 0
53.53903016786882 53.53176582196867 0 0
55.72568774223328 54.91684079170227 0 0
62.20252513885498 60.61990522969529 0 0
65.712498117517 64.99924625994147 0 0
67.87843748826134 65.77212042059534 0 0
68.47935308285476 68.18062578274534 0 0
69.41696405410767 68.92992565438121 0 0
70.47511339187622 69.46572065353394 0 0
74.56175587306046 73.99642856581548 0 0
76.13194802475523 75.83359796932125 0 0
78.45872404013984 78.13481688499451 0 0
79.03911471366882 78.93136245336522 0 0
79.62915897369385 79.37011443397206 0 0
86.40546798706055 81.04352751333928 0 0
89.63474937867488 87.17112673042692 0 0
90.30778790383405 89.84821462746869 0 0
94.12826208822082 92.25894010628083 0 0
94.80848244865373 94.62893873205981 0 0
98.09066313265235 97.25443720441298 0 0
47
0.53478996414665 0.798173984931656 0 0
1.079715470909082 1.198272102709928 0 0
3.407877004362438 4.32210723876203 0 0
7.025466628650179 7.419363428686314 0 0
7.846602034891063 8.284175395965576 0 0
8.672932434807235 10.07934026823645 0 0
10.0880252299351 11.89280664465391 0 0
11.89813824294436 13.95387863096898 0 0
13.94979270914107 14.96817469596863 0 0
15.05978587972322 18.02930185080216 0 0
16.18929505348206 25.69138407707214 0 0
24.95273947715759 28.96981835365295 0 0
29.17794585227966 29.80680436967319 0 0
29.81721000896942 32.08074190983015 0 0
32.62965679168701 32.64604958722133 0 0
33.04967830307039 36.74178555826831 0 0
36.75626345835682 36.8067853993717 0 0
37.07889390912424 37.3409534871902 0 0
37.45101690292358 37.54546753078046 0 0
40.65648913383484 42.70852208137512 0 0
42.85485744476318 42.92172193527222 0 0
43.40203885589782 46.04013232125226 0 0
46.22513610984726 46.23775482177734 0 0
46.7710554599762 46.71611731549869 0 0
47.24516272544861 47.26429581642151 0 0
47.39442061891184 49.69370874661278 0 0
50.06620169895277 51.45925283432007 0 0
51.51219159875025 55.27002582437188 0 0
55.57364642929898 61.98871436860971 0 0
62.18311283742232 65.05514034007405 0 0
65.34989168984779 65.47039151191711 0 0
65.58237671852112 70.79166909546946 0 0
71.19523607788898 71.22105735712205 0 0
73.68849838778007 73.91359210014343 0 0
75.76416730880737 75.89187026023865 0 0
76.61085872984479 76.56671537026209 0 0
77.36592974512334 77.48462790852815 0 0
77.91196018057899 78.38675379753113 0 0
79.54982065595524 79.57563911099652 0 0
79.58180785738604 79.61156765177938 0 0
80.16884427583641 81.86903150087394 0 0
92.12735431587191 92.2215467089668 0 0
93.30018162727356 93.54336857795715 0 0
93.98368747478342 94.65671534098945 0 0
94.85672195730668 96.16169333457947 0 0
96.48656058337762 97.5319045484044 0 0
98.52814078330994 99.3558815044091 0 0
32
1.396239813797685 1.251393691799846 0 0
2.724863408155356 2.713141803521416 0 0
5.15514612197876 5.102607472111037 0 0
8.863452913660698 7.68641149028873 0 0
9.300488233566284 8.876042294491482 0 0
16.53744109175659 9.749758243560791 0 0
18.19572663635771 12.59995278892383 0 0
23.57735601975202 18.01518797874451 0 0
25.78765153884888 23.66774082183838 0 0
26.28526734778356 25.3375720210812 0 0
27.03676330453067 25.93397498130798 0 0
31.33457899093628 26.3222417419847 0 0
31.94822183369376 31.51633143424988 0 0
34.91384044590503 34.10231162269105 0 0
37.66017556190491 34.84168936349324 0 0
38.48129312332256 37.39977565974105 0 0
43.18634361616103 39.46294424303657 0 0
44.31572559398249 43.4097155230745 0 0
44.57237729494218 44.4182697396325 0 0
45.61778175416148 45.0351955918356 0 0
60.04438974755855 49.1979754338748 0 0
60.45010089874268 60.24991273880005 0 0
68.33992004394531 61.57353520393372 0 0
69.06766559124846 68.91625386505213 0 0
75.9023165343614 69.96303350866988 0 0
77.48437580889843 76.14270448684692 0 0
81.88234599264476 79.83616357914499 0 0
83.86374902120185 84.14776650154323 0 0
84.69888831006595 84.62722897529602 0 0
96.93792168451733 96.79702507071545 0 0
97.48681194828023 96.94486318938483 0 0
99.47648048400879 98.03807732650243 0 0
34
1.203131675720215 0.07057337176942724 0 0
3.094083070755005 3.074043989181519 0 0
3.554266519737843 3.333191210903507 0 0
4.685296570625116 4.207516038935953 0 0
4.943331760203087 4.870527287219614 0 0
5.678923707362805 4.97641617189499 0 0
20.29711008071899 6.600886703118569 0 0
28.40307950973511 20.88276147842407 0 0
37.99778961698843 28.00224423408508 0 0
38.96211336553064 38.43192458152771 0 0
39.70675477834467 39.15624419353097 0 0
39.98901844024658 39.77804471756055 0 0
47.10461759015985 40.26963114738464 0 0
49.91645216941833 46.19513154029846 0 0
56.4060389995575 50.49993395805359 0 0
58.95624875797196 56.65579438209534 0 0
61.13923788070679 59.08130163874006 0 0
61.54141022170911 61.17246686938856 0 0
65.66027836285581 61.66336843111571 0 0
70.67047815747702 68.24906468391418 0 0
72.20767736434937 71.9725561659904 0 0
74.13571237848411 73.13840199006027 0 0
75.31249903758106 74.74138379823577 0 0
75.52550268933574 75.3749668598175 0 0
75.85052425671356 75.63292756033619 0 0
79.18436067149032 77.52223094025318 0 0
87.52145171165466 85.50108075141907 0 0
89.62239448687711 89.51678276062012 0 0
92.79569157104588 90.3017505265863 0 0
93.63578776582639 93.49427545250403 0 0
94.41730437190222 94.07358957664283 0 0
95.08945419734783 94.52392512341304 0 0
97.12299343277593 95.27727649164 0 0
99.66203080042956 97.94491914016854 0 0
24
2.123266458511353 2.113901244351116 0 0
2.65347957611084 2.871715239835047 0 0
4.140167114689996 4.15620583886159 0 0
11.86070442199707 12.04848885536194 0 0
12.4772310256958 13.63213174010283 0 0
13.71995973826463 14.99607509876636 0 0
15.29922670685728 15.52388960915971 0 0
16.88419665954608 16.90518384229894 0 0
27.49416509335289 26.45509839057922 0 0
28.32548022270203 28.20337414741516 0 0
30.19859790802002 30.33872842788696 0 0
36.14240024807581 35.48591287719189 0 0
38.44340046957382 38.07177178664843 0 0
39.35754845269161 38.52947590278148 0 0
39.93758306562811 39.40785535568062 0 0
40.04753949815657 39.97026796871862 0 0
54.10566222968166 54.18782913937097 0 0
61.39768958091736 61.52642369270325 0 0
73.0697583743911 73.38816662503919 0 0
76.43294237523907 76.80885128840481 0 0
77.84669399261475 79.79222536087036 0 0
84.93175353134667 84.95309948921204 0 0
93.1800962923068 93.38912290669461 0 0
96.9095766544342 97.10105061531067 0 0
33
2.649170160293579 2.824890613555908 0 0
7.449299097061157 7.821184396743774 0 0
10.03570556640625 10.0338876247406 0 0
14.74946737289429 13.44174982607116 0 0
16.04414411666011 14.8016631603241 0 0
16.46437644958496 16.62002205848694 0 0
20.82697106110594 20.86649124784369 0 0
21.07838988304138 21.08660936355591 0 0
21.21643717128165 21.33605545727018 0 0
21.65979743003845 21.89211918922954 0 0
25.68718791007996 25.87683679075179 0 0
26.01946883884959 27.26333904420545 0 0
27.8290237711341 28.07049930833391 0 0
28.64470202938305 28.78764592621715 0 0
29.04172364816832 29.07085733941722 0 0
31.92785382270813 32.67627550034879 0 0
33.28941249665245 34.13235701837311 0 0
34.28998227403112 34.36598649542901 0 0
42.09112183766451 38.92907223912763 0 0
46.24187866403122 47.63448575855197 0 0
50.81993937492371 50.95095633477251 0 0
51.07905864715576 51.23533415553361 0 0
59.19908881187439 59.60182948665953 0 0
61.45517272996486 62.01947518032289 0 0
64.08639550209045 64.19380903244019 0 0
65.56975245475769 65.69402035923915 0 0
66.19822978973389 66.51081035124422 0 0
75.11623515324413 75.21841585020006 0 0
76.00656865436264 76.02887153625488 0 0
79.88497614860535 80.05986142549311 0 0
85.39725024521516 85.39784835798633 0 0
86.70125603675842 86.90921068191528 0 0
96.13080620765686 96.61818742752075 0 0
