# Status file for ctqmc. Used to save all times t_s, t_e.
8
18
5.782166177927204 4.15279696243895 0 0
18.05345774779531 16.12225770950317 0 0
19.88051533699036 19.61106657981873 0 0
21.19802832603455 21.10372185707092 0 0
23.35546203034973 24.60245665594805 0 0
24.86987113952637 24.89922046661377 0 0
45.18433213233948 45.17388343811035 0 0
48.94565230239252 48.67001248127103 0 0
49.37530755996704 49.26683306694031 0 0
52.2554337978363 51.80085301399231 0 0
69.6736752986908 69.61562037467957 0 0
75.01449584960938 74.70458149909973 0 0
77.66076326370239 76.80431604385376 0 0
77.84120440483093 77.73491144180298 0 0
89.27810752743653 89.42691087722778 0 0
91.26017823640917 92.76325559330587 0 0
92.79744424260237 92.97414422035217 0 0
94.71937417984009 94.71734166145325 0 0
13
2.768504619598389 1.776505874060774 0 0
2.875690038131751 2.791744470596313 0 0
20.36693096160889 20.3515887260437 0 0
24.49619770050049 25.22132992744446 0 0
59.80316996574402 59.14934873580933 0 0
60.80361593703735 60.76411107424029 0 0
65.45395255088806 65.4766321182251 0 0
65.48114418983459 65.63668251037598 0 0
67.92869032983546 67.88099108902443 0 0
67.96740889549255 67.93214082717896 0 0
68.54825019836426 68.20325889119631 0 0
85.32293521438686 85.07635161309643 0 0
97.47311792563256 97.26080298423767 0 0
25
9.404604594050204 8.80312079435174 0 0
10.43092461784861 9.454721089217351 0 0
18.19629669189453 12.11203932762146 0 0
18.54709386825562 17.68782558377475 0 0
24.85702043721798 18.43996643431151 0 0
27.49638513437371 18.64345891049199 0 0
34.58901910909837 28.03502374519108 0 0
43.55583730577933 40.06204605102539 0 0
46.77717089653015 43.73751282691956 0 0
47.74963924760982 47.22811579704285 0 0
50.0224232673645 50.00913502298516 0 0
50.94960976925263 50.9356777320187 0 0
57.61865956765605 51.5245675883417 0 0
59.48165769939111 58.96116244867586 0 0
61.00376953729498 60.98386046880968 0 0
69.51428055763245 69.60418820381165 0 0
70.22604431633738 69.89096403121948 0 0
74.00911653033671 72.86366909214159 0 0
78.13853621482849 74.02724623680115 0 0
81.85912804032793 79.58803176879883 0 0
85.63513779178002 84.89431383532119 0 0
86.8815541267395 86.22280955314636 0 0
89.01273916674972 88.53376252952134 0 0
96.55008912086487 94.58072126736941 0 0
99.9305784702301 99.36897671547008 0 0
39
0.9787460118863716 0.01472234725952148 0 0
3.282592844259385 1.739814321841848 0 0
4.339919662530177 3.601208636308386 0 0
9.138818168679535 7.115066051483154 0 0
9.519523323166018 9.389510405289448 0 0
11.3635562913972 9.734833240509033 0 0
13.04728547998995 11.4685286233405 0 0
18.68579451003397 13.51493000984192 0 0
25.85244892392848 18.59727550846943 0 0
28.15717592931933 25.70627927780151 0 0
29.74463105201721 28.23475524153582 0 0
32.44976401329041 30.13232893734671 0 0
32.72740898891065 32.72321820259094 0 0
33.97818372336855 33.52781785686739 0 0
36.24935796172549 35.45886940959934 0 0
42.77345190867437 38.89402027619164 0 0
43.81788969039917 42.87414611087735 0 0
44.00191740881589 43.82420778274536 0 0
47.21982800522382 46.90322854442901 0 0
48.45295961643261 48.14862692121931 0 0
48.82109761238098 48.62744932559026 0 0
51.14687085151672 49.13647174835205 0 0
51.77858471870422 51.34028454499375 0 0
53.04762970149221 52.75558834039147 0 0
54.36968055213823 53.24688991410085 0 0
57.61100894494605 54.69090471275901 0 0
59.19534772842962 57.65290567986103 0 0
62.48705396825996 59.87708659085527 0 0
70.75558304786682 70.78380584716797 0 0
80.07053732872009 71.86451047792578 0 0
80.15015769395973 80.14059066772461 0 0
81.49162818729275 81.45045320083447 0 0
84.75628670245588 81.71855412132379 0 0
87.81102895736694 86.60233233775944 0 0
89.49383920152611 87.63325214385986 0 0
94.27825212478638 90.7755625439986 0 0
94.95478965819684 94.37541365623474 0 0
97.95979344367981 96.45442914743285 0 0
99.85859990119934 98.30867648124695 0 0
29
3.907631715550536 3.402507835500843 0 0
6.729120153519806 4.514661165815085 0 0
10.15207499217187 7.21048412200196 0 0
10.59823879629305 10.16913044079835 0 0
12.42829082892441 11.80815376549408 0 0
13.870816453233 13.84417432815514 0 0
14.92329984941712 14.86880779266357 0 0
25.1371443271637 23.44140410423279 0 0
33.25027639282096 32.96330486267232 0 0
34.30099006156509 33.76202217811537 0 0
38.90225950550952 34.51936733300354 0 0
41.85251593589783 42.52048134803772 0 0
43.95327568054199 43.90854133516081 0 0
45.65849304199219 45.28453350067139 0 0
49.04273510724655 46.98815589671612 0 0
57.41366392159418 57.30721398841382 0 0
59.05759815276617 59.01821507464987 0 0
59.64629272437367 59.53618635712282 0 0
63.78712917490934 62.34532031653013 0 0
72.27309030918227 64.50390979537634 0 0
75.00587701797485 74.96533393859863 0 0
78.307433665752 77.70289431254788 0 0
78.74177098274231 78.6815345287323 0 0
79.56672213427571 79.24429660132103 0 0
80.93322515487671 80.2878734737955 0 0
85.46608816866772 81.89003348965186 0 0
95.06870197382065 85.70884178842263 0 0
95.23337857047513 95.09741396244873 0 0
97.78495590406483 95.49603570311221 0 0
40
1.919070074120555 3.032479953246053 0 0
3.208589553833008 3.706598178556952 0 0
6.830938558370695 7.064329943167213 0 0
7.344568684276243 19.92231607437134 0 0
15.67493347031412 22.01653215904481 0 0
20.58296799659729 22.50907421112061 0 0
22.11697697639465 23.95697530733223 0 0
24.70223903656006 27.23060250282288 0 0
27.24239230155945 34.4180024298539 0 0
38.73024340119728 41.77125692367554 0 0
41.52136445045471 42.91633977356668 0 0
44.48081254959106 44.68256831169128 0 0
48.82384663224244 49.34197068214417 0 0
50.23029378736128 50.32399692488567 0 0
52.09388228813336 53.78149182130902 0 0
54.86120801083381 55.26399633542957 0 0
55.35599813563784 56.44855751649625 0 0
56.57276511192322 56.8376555848936 0 0
58.37278628225079 59.349524974823 0 0
60.25547385215759 60.37545800209045 0 0
62.14965901610405 62.95259594917297 0 0
63.10741901397705 63.14919582204794 0 0
65.82233360262451 65.82698225975037 0 0
67.29769595960536 67.30323825555874 0 0
70.28177380561829 70.52342295646667 0 0
71.9308347638334 75.59991420722903 0 0
75.94024466232528 77.88810248913549 0 0
78.19048970903523 79.38134593632169 0 0
79.78104315113401 82.06090927124023 0 0
82.68892560161359 84.01092290878296 0 0
83.93440842628479 85.62999963760376 0 0
85.76992154121399 87.8439724445343 0 0
87.81137449606327 89.9437612562231 0 0
89.97418175128288 90.66316524441142 0 0
90.76661158338766 91.78510308265686 0 0
91.74395799636841 92.35779639645898 0 0
91.85482859611511 93.63271606929587 0 0
92.86705851554871 94.06648278236389 0 0
94.09241676330566 96.69257762574108 0 0
97.94231057167053 98.05207848548889 0 0
20
4.95065450668335 0.03620386123657227 0 0
9.441214799880981 5.254554748535156 0 0
12.70968317985535 9.457945167022551 0 0
21.65572095151912 12.7455472946167 0 0
22.67841742818322 21.89437621724224 0 0
22.86624312400818 22.83450961112976 0 0
26.77339315414429 23.3791938645575 0 0
28.51453126731188 27.9502809047699 0 0
31.35361128198348 28.77774649391933 0 0
33.50862374757119 31.35519623756409 0 0
40.15136870296418 33.51207282730397 0 0
43.03114414215088 40.15261322808549 0 0
43.71331179089682 42.98748970031738 0 0
56.90528468650059 43.77777576446533 0 0
57.0453990614496 56.99612880125713 0 0
75.72381496429443 57.57946269994941 0 0
79.54456806182861 75.83127021789551 0 0
87.60767175737068 80.57911992073059 0 0
93.76480167325444 87.83764243125916 0 0
99.87581968307495 91.67073052682966 0 0
16
4.005604982376099 5.93411922454834 0 0
15.53907024054062 15.64134955406189 0 0
19.74417567253113 20.19139528274536 0 0
23.48469495773315 24.95161582511294 0 0
26.52125358581543 26.5235679317959 0 0
27.18027234077454 27.42187976837158 0 0
35.70761680603027 36.1845850944519 0 0
44.24919486045837 44.62212920188904 0 0
54.37861680984497 54.35434579849243 0 0
57.26367235183716 57.28816986083984 0 0
69.0094530582428 69.11541223526001 0 0
73.54631423950195 74.3030846118927 0 0
75.91039197934026 76.25409905332931 0 0
76.90572719141539 77.53057400955669 0 0
77.79995086307711 78.34117618420271 0 0
79.6565741530503 79.76469230657331 0 0
