# Status file for ctqmc. Used to save all times t_s, t_e.
8
26
2.897906303405762 2.094766781757937 0 0
5.904036115296162 5.910606199498147 0 0
8.423048257827759 8.302724361419678 0 0
22.18821048736572 22.17560410499573 0 0
31.57607316970825 31.6283106803894 0 0
31.67293667793274 32.92068839073181 0 0
40.980064868927 40.87473225132605 0 0
44.38175620965836 44.3154978692808 0 0
46.52415340872007 46.1963146219144 0 0
49.7835636138916 47.83023466111761 0 0
50.96775580674456 50.01644757894883 0 0
52.15614131679423 52.12141984369427 0 0
54.52714562416077 54.51374053955078 0 0
57.0530891418457 56.38691186904907 0 0
57.13293149076897 57.14159085692962 0 0
61.45030136520769 61.12808176926902 0 0
66.47045363108441 66.43130276156921 0 0
66.84942440363494 66.75588272203214 0 0
70.20506250544439 70.13022899627686 0 0
72.13737368583679 72.02048897743225 0 0
77.94281840324402 77.30839252471924 0 0
78.68013381958008 78.25821042060852 0 0
88.5028570620201 88.27208280563354 0 0
89.36559798698218 89.03438941624415 0 0
92.72710084915161 91.63402318954468 0 0
96.06165885925293 95.8535791671153 0 0
17
0.5996285605540663 0.8348584175109863 0 0
1.672017574310303 2.004785940601068 0 0
5.156636238098145 5.065865107108508 0 0
9.499584390791931 9.45428232068058 0 0
10.70091990686052 10.58016804618764 0 0
12.72837156797785 12.45965801167852 0 0
24.75515061421434 24.40127245033928 0 0
41.88839197158813 41.7579573875549 0 0
44.66464146235899 43.60467195510864 0 0
49.44930915256219 49.30375422376585 0 0
51.6060299581877 51.4961838722229 0 0
61.07032895088196 60.93455016527361 0 0
69.7939322625806 69.69013214111328 0 0
70.71384466844019 70.71027755737305 0 0
71.46295453624582 71.46698236465454 0 0
76.13474726676941 76.12199715097745 0 0
97.35122353232416 97.37789034843445 0 0
27
10.2688426919326 10.56317083285504 0 0
11.57323979661941 13.18905088796497 0 0
15.16321366207885 16.20185023342237 0 0
19.83797550201416 20.04662156105042 0 0
23.0766877610568 23.07329054553406 0 0
24.66796167183292 25.68017840385437 0 0
31.4950082736062 31.82089465933231 0 0
37.37980723381042 37.46936917304993 0 0
38.14391569491679 39.69626759329498 0 0
40.35289434682992 40.39266772911422 0 0
41.76788119828399 41.99208596989905 0 0
53.90426313817091 55.50604055328891 0 0
62.61257448467944 59.05697887211245 0 0
65.2807901971256 64.53261916320606 0 0
66.54248654362256 66.42414331436157 0 0
68.41012239456177 68.46670882710647 0 0
71.47400379180908 71.49629504206958 0 0
73.39389982900883 73.27064871788025 0 0
79.36468118473829 79.45487335671451 0 0
87.45734198002749 87.44491439090974 0 0
88.08370636506939 87.86650354070265 0 0
88.82243633270264 89.01871076335472 0 0
89.91216770900215 90.81329833401647 0 0
91.53761304482765 91.55586580614852 0 0
94.61997151374817 93.4276282787323 0 0
96.41245690041555 96.30987764851483 0 0
98.98597296635045 99.2158417831692 0 0
29
3.676158916818842 3.386766961228848 0 0
8.62160325050354 3.75257134437561 0 0
10.05373001098633 8.641809225082397 0 0
19.41221512523069 10.33211946487427 0 0
20.07706689359545 19.30018899293816 0 0
21.26008272171021 19.68114256457137 0 0
24.33035969734192 21.82301878929138 0 0
26.16942524909973 24.666718096561 0 0
28.59644208361734 26.07996463775635 0 0
32.14225769042969 28.66143288219167 0 0
32.41323899285818 32.11491923994623 0 0
36.45415561545295 32.14886784553528 0 0
41.82329012701537 37.67359256744385 0 0
43.32467740058989 43.37189793586731 0 0
47.81819581985474 43.70225667953491 0 0
48.46144424370564 47.33861684799194 0 0
50.26295781135559 48.14844131469727 0 0
53.75439524650574 50.04351900269626 0 0
67.26708167477302 53.84155511856079 0 0
72.5636089704139 61.46253943443298 0 0
74.46452379226685 72.54712664060722 0 0
77.34164885275732 74.03895854949951 0 0
78.52016091346741 77.13636921533582 0 0
80.89848160743713 78.32135098470492 0 0
83.87798098821193 80.92845987379896 0 0
85.03185510635376 83.42056521282879 0 0
86.28604562057447 85.16466575877526 0 0
87.42852807044983 85.57221264442667 0 0
99.53343169081366 86.90568208694458 0 0
33
1.682275075439891 1.690191030502319 0 0
3.021866083145142 2.830338478088379 0 0
7.317507266998291 7.035249471664429 0 0
11.16975545883179 9.711837768554688 0 0
11.85348272244231 11.27349347589923 0 0
13.09419335020152 12.35573371637362 0 0
15.10028839111328 14.85317349433899 0 0
16.94554090499878 16.16519689559937 0 0
18.35458477339157 18.18975588714536 0 0
18.469561964284 18.40699075936868 0 0
21.96264762065825 21.4974560417845 0 0
27.38630494409122 27.7348518371582 0 0
33.22389721870422 30.49264830798335 0 0
35.22427843830228 34.26805993389807 0 0
37.43927657058583 36.2033263391609 0 0
43.10950040817261 43.49640607833862 0 0
52.32872747022921 52.46952915385538 0 0
52.70024871639549 52.73663818567642 0 0
58.55695645212531 58.71504258514761 0 0
58.76444231048038 59.29716825485229 0 0
61.42947680346573 62.77204510348469 0 0
66.42802953720093 66.65054559707642 0 0
73.7535456730178 73.83973242730866 0 0
74.06678575594327 74.08866882324219 0 0
74.26845756122687 74.50320510512417 0 0
74.66775111075847 74.72307390208138 0 0
74.94916335398419 74.96490420837644 0 0
76.13403784707626 76.24189853668213 0 0
77.05270051956177 77.03831804948022 0 0
85.59609055519104 86.06058359146118 0 0
87.21103699035672 87.31477120416551 0 0
88.11028199657076 88.22887675297618 0 0
91.31436347961426 90.22796196761374 0 0
32
3.399587106618415 1.001735929275284 0 0
3.758779935481726 3.739893850591263 0 0
3.822832927139003 3.777748692817084 0 0
4.932934045791626 4.397135972976685 0 0
8.415377140045166 8.415102958679199 0 0
10.38593728454058 10.31504337424268 0 0
10.83973790602238 10.5930538367157 0 0
11.58128380775452 11.57059814354771 0 0
12.70058155059814 12.07745671272278 0 0
13.95810430043707 12.7869233623187 0 0
16.72417570045454 15.05178010016989 0 0
18.35499405860901 18.43949599698852 0 0
19.30640010615735 19.35683794695173 0 0
19.96535455415874 19.99073909274681 0 0
20.72207720838435 20.73187254173931 0 0
28.68923438449727 28.51153095356503 0 0
30.65730609492159 30.42383193969727 0 0
36.98131442070007 36.97591777012728 0 0
39.50437692278395 37.80655462872326 0 0
43.66114475301943 42.23752182053551 0 0
48.05330038070679 48.29318611457154 0 0
54.94269728660583 54.47213053703308 0 0
59.55464472070508 66.66791747225899 0 0
72.72050969453292 72.73830317435261 0 0
74.19309480428751 74.76519576135497 0 0
76.11393014163521 76.29874784035087 0 0
77.29300626115872 78.24437463789378 0 0
80.32540082931519 80.55431621476632 0 0
95.43159745979517 95.91275089783977 0 0
97.34218986395061 97.58021696196991 0 0
97.73988607042824 97.93945394499299 0 0
98.13039302825928 98.4801709651947 0 0
16
3.03674596735943 3.409906787937089 0 0
11.70210838317871 12.49201893806458 0 0
13.6331202894827 13.97623101601191 0 0
17.38792657852173 17.76597499847412 0 0
18.3152424894498 18.23170165120237 0 0
25.38956999778748 25.33156275749207 0 0
33.16299915313721 33.21719169616699 0 0
35.66668033599854 37.57338523864746 0 0
39.0018875250604 39.07116651535034 0 0
39.40379619598389 39.76576924324036 0 0
47.64038324356079 50.43759658636517 0 0
54.18477654457092 54.26696538925171 0 0
64.96485067589629 64.96664881706238 0 0
76.19355064718562 76.24437326148387 0 0
76.2694239616394 76.29898456234795 0 0
90.91628685903288 91.24351236590857 0 0
20
2.218484878540039 2.980074005046962 0 0
12.97634499774056 13.53961229324341 0 0
13.65516704426821 13.65636212238428 0 0
14.11519264826828 14.46335063086629 0 0
15.59894590933354 16.32624639332505 0 0
16.37777806789448 17.07121992038541 0 0
21.64312004895683 19.89206671714783 0 0
29.31190995779535 29.41884994506836 0 0
31.74863373825178 31.58469632334402 0 0
33.59548624876965 33.70120525360107 0 0
37.61128783226013 38.12857866287231 0 0
49.82925739826209 49.8350331607142 0 0
57.28451013565063 57.15485215187073 0 0
65.00678658485413 65.4691219329834 0 0
65.6791627407074 66.27935171127319 0 0
71.90041542053223 71.98483943939209 0 0
72.14061617851257 72.20951371292017 0 0
75.60333609580994 75.96733570098877 0 0
92.05611348152161 93.03944706916809 0 0
98.10330867767334 98.15220832824707 0 0
