# Status file for ctqmc. Used to save all times t_s, t_e.
8
14
14.44862915494085 12.43643164634705 0 0
32.75814652442932 32.05698923516707 0 0
37.39753651018241 36.37728691101074 0 0
45.22229433059692 45.15788555145264 0 0
48.93848299980164 48.87034893035889 0 0
49.5211124420166 49.78151288634108 0 0
57.07212964683208 55.99376528089873 0 0
59.28560495376587 58.29090476036072 0 0
64.91976976394653 64.73842859268188 0 0
66.06072265293761 65.89105585357287 0 0
77.3677438623706 77.32216913257624 0 0
78.43942557283226 77.62742042541504 0 0
94.63398456573486 94.52728033065796 0 0
96.29741846011859 96.24707324181921 0 0
15
2.150958776473999 1.549780368804932 0 0
5.920474101217227 6.169068430609641 0 0
6.211280822753906 6.814054792242142 0 0
7.488769292831421 8.016447950574452 0 0
10.22197604179382 9.774959087371826 0 0
16.56387982771875 17.6311407869172 0 0
18.25724244117737 18.64571255126464 0 0
43.23277988337543 42.65349507331848 0 0
51.51386260986328 51.34389996528625 0 0
61.96947693824768 61.59710288047791 0 0
73.34944142419921 73.87609989727304 0 0
76.78056955337524 76.5003502368927 0 0
88.71259089997636 88.63884760461863 0 0
92.25040078163147 91.98900272285263 0 0
92.8700513175244 92.27595456200376 0 0
33
1.345783472061157 0.4880905151367188 0 0
3.286999464035034 1.587949057918784 0 0
5.086237192153931 3.090095520019531 0 0
17.65105528369968 4.276049137115479 0 0
18.78881615145823 16.87119664382252 0 0
21.1788535118103 18.68161078140366 0 0
23.07344079017639 21.75527215003967 0 0
25.17205146072193 24.13433194160461 0 0
27.80465970457723 25.54488587484809 0 0
29.34791816888542 28.77548716072588 0 0
32.91873687828819 29.43507415486942 0 0
36.75044274550709 33.5639361401083 0 0
36.86034299815789 36.80919258548348 0 0
37.31325532836371 37.2262179851532 0 0
39.04422688086476 38.97184729576111 0 0
43.17870820089707 42.99139976501465 0 0
44.87740993499756 43.99994284058392 0 0
46.91599204570696 45.67344784736633 0 0
50.90841514855929 50.7751195714777 0 0
56.59719705581665 53.82048487663269 0 0
58.65342626911536 58.58429883330842 0 0
61.83770298957825 59.36739586174933 0 0
61.94191236414109 61.91339492797852 0 0
73.61707420439734 63.39049339294434 0 0
83.95852446556091 75.42137318053989 0 0
87.85445763419033 83.75844585911177 0 0
92.92457103729248 88.15382000381081 0 0
94.70869302749634 92.93958388766906 0 0
95.32019978921051 94.87408995628357 0 0
96.58920931507565 95.36332488059998 0 0
96.80569767951965 96.59315790510557 0 0
97.92841319234959 97.30920017437568 0 0
99.05704727199584 98.53775280456769 0 0
33
12.96172738075256 0.5386590957641602 0 0
18.99891458593475 12.95520663261414 0 0
20.31039951968977 19.04074419959729 0 0
21.85389043926775 20.32931543194288 0 0
24.45875696717101 21.99196995367105 0 0
25.11569261550903 24.9829888343811 0 0
26.7339289188385 25.20000338554382 0 0
27.85667044269138 27.70517721359234 0 0
30.47241777835019 30.09710364859119 0 0
33.3735711630144 32.9058822643151 0 0
35.82724332809448 34.85628224468549 0 0
37.24697828292847 36.59080266952515 0 0
43.67804527282715 38.3149266242981 0 0
45.80517039987744 44.02660070741917 0 0
46.65354463016044 45.92315551166593 0 0
48.23856325471009 48.2439747875174 0 0
52.40989923477173 51.49594050666423 0 0
55.26344502856158 53.81863117218018 0 0
58.8375530290675 55.28904751675685 0 0
63.26151582003003 62.49149831051729 0 0
63.71894465401444 63.35712713951427 0 0
66.40609352789232 63.74648732194527 0 0
66.84444569235262 66.84043329506493 0 0
70.33240934736187 67.69014538636773 0 0
71.7454126343512 68.53300596070763 0 0
73.93298149108887 71.73689822774422 0 0
76.19815996092279 73.52566719055176 0 0
79.99316921237853 79.84145806167322 0 0
80.68171739578247 80.24060370654014 0 0
86.04709234050461 80.69053888320923 0 0
92.62386560440063 87.39191293716431 0 0
95.06317377090454 94.65869069099426 0 0
98.66861701011658 95.71547391956088 0 0
44
3.118318319320679 3.225052356719971 0 0
8.443075913062522 8.603316997347665 0 0
10.75507081899662 10.68916489971912 0 0
16.81087080852365 17.79505385807859 0 0
19.3201609562559 19.41530704498291 0 0
23.23393201222397 22.55843281745911 0 0
25.24720017275412 25.03512824601728 0 0
28.10303506067699 26.73835158348083 0 0
28.89952839826569 28.13274231676743 0 0
31.10687732696533 30.00372052192688 0 0
31.31205737709367 31.11889164685946 0 0
31.80615650882564 31.77276030025206 0 0
32.14728708317419 31.81391288467952 0 0
33.76422051726117 32.35946978195684 0 0
33.90970826148987 33.8975736706791 0 0
41.59774780273438 35.73738994657596 0 0
43.654091946325 41.34870767593384 0 0
43.93476481407231 43.68943872255215 0 0
46.09471776200316 45.27989625930786 0 0
46.95936975873117 46.43996953964233 0 0
47.96740412712097 46.97709507410413 0 0
51.44172153344234 47.44468331336975 0 0
51.9566647103222 51.60716696934638 0 0
53.3831589240148 52.12405607552887 0 0
53.81207696919626 53.38637246498038 0 0
58.5508658239423 58.22281760319179 0 0
60.97344199673398 59.10061180020742 0 0
62.00899481773376 60.91126091058251 0 0
62.53247119380404 62.24668652256359 0 0
62.86667005641277 62.77128031763723 0 0
63.86234760284424 63.75328898429871 0 0
67.57475712942936 67.55765031028609 0 0
68.34893550776258 69.47051882743835 0 0
69.5661940540987 69.91326212882996 0 0
69.95192766189575 70.67726850509644 0 0
76.44431095398372 76.24658558182468 0 0
79.59090387337966 77.39315434317805 0 0
80.02243083631525 79.82867360115051 0 0
82.88312554359436 82.77451129218814 0 0
89.21554088592529 89.21554684638977 0 0
90.88192935708008 90.94746112823486 0 0
91.21086001396179 91.46790010367631 0 0
95.92557463571424 95.04153038745247 0 0
99.79817951984568 97.5310089483749 0 0
35
1.62018806668438 4.087555408477783 0 0
2.973824739456177 8.839303255081177 0 0
8.75096321105957 9.954742745352263 0 0
9.347464697438213 11.15521788597107 0 0
11.65841221809387 12.64225244522095 0 0
12.62707114219666 17.32307261032204 0 0
17.84605979919434 18.31139922142029 0 0
18.72445605788748 19.94209216400913 0 0
20.27095423847173 20.30486464500427 0 0
21.75210118293762 22.91604499048572 0 0
24.17763373945832 24.96594454483234 0 0
25.07244944572449 27.40036249160767 0 0
28.43844684675219 28.620445728302 0 0
28.84860038757324 28.94148826599121 0 0
29.08737454181898 30.54991939672837 0 0
30.60586949990258 30.9843122959137 0 0
31.48301716219126 33.01017284393311 0 0
34.87343191407913 43.84173775947227 0 0
43.92757818694889 46.10054492950439 0 0
50.86286664009094 51.05978289878846 0 0
52.14623737123354 54.04722094535828 0 0
54.89831566810608 55.16109755298111 0 0
55.16122579574585 55.22817373275757 0 0
59.43300094570887 62.45435476303101 0 0
63.77556920051575 63.78669525323058 0 0
64.63659970342756 64.75745355186521 0 0
67.02163026909059 72.52777814865112 0 0
72.62681461562472 72.91264779215452 0 0
75.16980925549196 78.60369523827003 0 0
78.68750095367432 80.41616959398468 0 0
80.60137629508972 84.29160714149475 0 0
84.55026745796204 86.32608652114868 0 0
86.76301836967468 90.51186147578433 0 0
90.37908908586488 91.64672493934631 0 0
91.0644940091003 98.75983015348773 0 0
22
0.3920267487729472 2.24667997618362 0 0
4.367011785507202 4.620813894000264 0 0
11.86332682586586 12.19220859014841 0 0
12.42892146110535 13.21220282094692 0 0
14.73820209503174 14.87194783298478 0 0
19.66131925582886 19.27394270896912 0 0
22.72321617228307 23.07632824042223 0 0
23.1450791620114 23.18064570426941 0 0
27.38054990768433 27.42841261769118 0 0
28.84331796593737 28.85038635262153 0 0
42.59214997291565 42.83932447433472 0 0
44.8690083678757 45.82811359584866 0 0
49.59951639175415 49.45275187492371 0 0
54.48665618896484 54.28531169891357 0 0
56.20192825818975 55.62138627746166 0 0
57.31610213451713 57.04174379832911 0 0
58.54366033318207 58.81413221359253 0 0
64.27822113037109 66.58387346507055 0 0
80.52135705947876 80.54227446025243 0 0
88.43438625335693 88.58656419840223 0 0
91.69535212814493 91.70653474200084 0 0
98.31096372043652 98.35562213940116 0 0
24
1.412174320953287 1.539181580377427 0 0
1.770246836178573 1.88497928507334 0 0
6.48669685419082 5.761826038360596 0 0
8.113433962395774 7.566410303115845 0 0
11.69202029815934 12.58763910931862 0 0
13.44545106915129 13.6691153049469 0 0
14.19571042060852 14.28267359733582 0 0
16.98197868133774 16.13634134188538 0 0
18.68140279567819 18.25876918058215 0 0
23.47481956490185 24.08767474702052 0 0
26.73230176739438 26.87732827111972 0 0
34.11926627159119 34.3056321144104 0 0
38.45159411430359 38.59738111495972 0 0
46.01619839668274 46.60316705703735 0 0
47.24509380197874 47.26765751838684 0 0
51.79455055946374 51.81999018129627 0 0
55.29888868331909 58.70981216430664 0 0
69.82586559162664 70.12737393379211 0 0
74.44874629567835 75.22968053817749 0 0
78.17516326904297 78.32598686218262 0 0
79.50519323348999 79.33946251869202 0 0
81.57346844673157 82.5290322303772 0 0
92.76095032691956 92.81045198440552 0 0
98.32364916801453 98.28925132751465 0 0
