# Status file for ctqmc. Used to save all times t_s, t_e.
8
13
6.88559828399679 2.292386805208935 0 0
7.373881340026855 7.27226734161377 0 0
23.19244751604654 26.84745187369089 0 0
30.77696929421997 30.23305042096451 0 0
43.39318763884231 40.30097966155508 0 0
47.26300164585943 47.42422390990904 0 0
52.66026854515076 52.28906273841858 0 0
63.12265396118164 63.0428671836853 0 0
80.04077740160059 77.74667143821716 0 0
82.64693021774292 82.69214034080505 0 0
83.2180509506632 83.69238376617432 0 0
90.2374312925553 89.96812105178833 0 0
98.70119604280499 98.44017960292101 0 0
22
2.387435286833079 3.045425388816275 0 0
6.502946358173237 6.412074697060666 0 0
7.074806800408728 6.618028590638806 0 0
10.15061003551238 10.16133870618549 0 0
23.66625386257144 23.2644236142711 0 0
27.90441513061523 27.56823301315308 0 0
30.12522075360492 30.10734415611815 0 0
31.44231946817394 31.16039716943533 0 0
32.94047117233276 32.24302994809519 0 0
40.07749557495117 39.79146480560303 0 0
40.73409011515515 40.68941473960876 0 0
41.34128735643922 41.25413578212367 0 0
44.82903480529785 44.6578323841095 0 0
55.52157668275726 55.55667877197266 0 0
64.84915018081665 64.75315690040588 0 0
79.47206497192383 79.49410676956177 0 0
79.64298975932057 79.86784852048463 0 0
83.69482755661011 83.87618064880371 0 0
90.69600848103198 90.79360961914062 0 0
90.79456607250687 90.99766286601998 0 0
91.02798104286194 91.79340004920959 0 0
99.28535567275721 99.03019070625305 0 0
33
0.8172831925260535 0.6106483583509705 0 0
9.102075125324983 8.750627301031136 0 0
10.70050227870296 10.69928738256222 0 0
13.11907979277737 12.99808117174621 0 0
17.66575157815507 16.58651820838831 0 0
18.08300018310547 17.86548790946689 0 0
21.82524743223351 18.85421276092529 0 0
25.68689584732056 22.18745593543132 0 0
30.25219995984988 24.3523895740509 0 0
30.67208406644409 30.4638147354126 0 0
31.98397403825471 31.91609216079385 0 0
37.80057717333901 37.5341534614563 0 0
41.76489607394595 42.14424458834244 0 0
43.45832707211705 43.43928089481258 0 0
43.90919073010789 43.66148751696355 0 0
47.97928333282471 46.62065505981445 0 0
48.47817420959473 48.02126288414001 0 0
50.61550736427307 50.65823332498991 0 0
51.81923343378973 51.82076695655375 0 0
56.02847808676223 56.03887775913874 0 0
56.1670184135437 57.96126575179411 0 0
58.74370336532593 58.75238570658658 0 0
61.54059767723083 61.83661818504333 0 0
62.66587376594543 62.62392997741699 0 0
68.36702505231959 68.18905472755432 0 0
74.58314909974366 70.56502817381936 0 0
77.02520993666231 75.9010670982514 0 0
81.74229860305786 80.87156788681652 0 0
86.67041444298249 81.98514754089906 0 0
89.02931489093935 87.79157454817434 0 0
92.71605303098617 89.1482193829204 0 0
93.02749347784247 92.72925853729248 0 0
95.44479322070416 95.2714606859227 0 0
34
0.7443487644195557 0.8116772939445127 0 0
5.152946710586548 5.983477830886841 0 0
6.022741384429864 6.577940083144102 0 0
11.0270619392395 11.94533109664917 0 0
17.75845411853887 18.7995470280072 0 0
22.08409630809581 24.4363009929657 0 0
26.76043725062872 29.75344061851501 0 0
29.81067299842834 30.93107066967598 0 0
33.74564523626885 33.90524387359619 0 0
34.18232798576355 37.26657629013062 0 0
36.76156997680664 40.37367701530457 0 0
40.61695182882339 49.38871243833962 0 0
49.3702510286108 52.83901356190536 0 0
52.70576273320687 56.47847102130194 0 0
56.32584691047668 58.84081721305847 0 0
58.04817676544189 62.79122233390808 0 0
62.12341785430908 72.91903464479466 0 0
73.28343164367581 73.32755353691834 0 0
74.3779366848332 74.63314533233643 0 0
75.16582418698934 76.90659337743681 0 0
76.95847984636549 79.06879237471657 0 0
79.04634118996476 82.70666358135031 0 0
82.76923531997562 83.43266463901034 0 0
84.18948716078279 84.29622436626109 0 0
84.43629456063974 84.57147853746201 0 0
84.68670845031738 85.4124929546617 0 0
86.39081595510531 87.76680461952026 0 0
87.92986648992951 88.37550277224783 0 0
92.74062514305115 93.13125014305115 0 0
94.60967652247305 95.45795821503269 0 0
96.89750385626508 97.13233728983975 0 0
97.23868370056152 97.77548313140869 0 0
97.81669620244232 97.90260972783349 0 0
99.12235711725322 99.38239163021511 0 0
28
6.397914562966043 5.992782759848399 0 0
7.823792333412453 7.702453217536656 0 0
10.0064506213684 9.797316300509102 0 0
14.28172562844463 10.77714920183428 0 0
20.33161245539111 20.36733674943142 0 0
26.81580781936646 21.81062535387748 0 0
30.79600153551354 26.92025899887085 0 0
40.42948484420776 33.44409899841064 0 0
44.74647045135498 40.8767730157858 0 0
50.49233436584473 45.2389657497406 0 0
53.02909253917804 50.53837299346924 0 0
54.37723373049169 52.9881966031617 0 0
58.55599045753479 54.08083914411738 0 0
60.47704815864563 57.44431614875793 0 0
62.57246998423426 60.16066554078283 0 0
65.25821284996668 61.82692050933838 0 0
68.36515992300298 65.48441972405932 0 0
70.00549806056038 68.63503757875797 0 0
71.63730030658324 69.69125866889954 0 0
82.4140063361191 72.03323245048523 0 0
83.85724810476259 82.56233152234097 0 0
84.03574228286743 83.90187170827517 0 0
85.49603223800659 86.4510268006523 0 0
87.73524165153503 87.45325803756714 0 0
88.39220546334734 88.01723122596741 0 0
88.91685266081524 88.84086608886719 0 0
93.10095310211182 92.58784055709839 0 0
97.85861151928306 97.38526344299316 0 0
26
4.312354326248169 4.405015707015991 0 0
4.924049046527767 4.918956756591797 0 0
6.622102905237926 7.186079156714312 0 0
10.18423723104578 10.1919412612915 0 0
14.70710288221113 15.03959493759623 0 0
19.11484393403903 30.82631750655663 0 0
31.08142443972145 32.59858964359366 0 0
39.9460431614712 43.25686481469603 0 0
44.15770188909747 44.36348748781796 0 0
46.60557284857673 48.97241241806159 0 0
49.81333613395691 50.33527016639709 0 0
56.21784329414368 56.09203456404513 0 0
56.8414032459259 56.80887469727077 0 0
58.10955174153989 57.27990048259416 0 0
60.90960776343481 60.23538405968826 0 0
67.30933785438538 67.50838160514832 0 0
70.2506014881197 71.81477587944268 0 0
71.88269442613066 79.89858774828778 0 0
80.8821626280111 81.29223165519416 0 0
81.3764385106397 82.14561845992493 0 0
88.01819888025281 90.33712418371682 0 0
90.47523970526261 90.79900274574257 0 0
91.48820638656616 91.92458391189575 0 0
92.35793948173523 93.66199189511423 0 0
96.52445698002255 96.68965967048041 0 0
98.92197931450319 99.09654803637743 0 0
22
2.340734004974365 2.159752065800205 0 0
3.245151042938232 2.413707971572876 0 0
12.13012245084393 13.92547370311991 0 0
17.64076352119446 17.90977120399475 0 0
19.80234050751931 20.39697170257568 0 0
20.48560778654797 20.97719543236281 0 0
22.6010262966156 22.63789176940918 0 0
23.23718277848394 23.49788109167587 0 0
23.8204843532637 23.89803946413014 0 0
24.09142838709938 24.21567213878586 0 0
24.33630220271921 24.35136645258759 0 0
24.45873799199894 25.83394090016455 0 0
26.15551043103252 26.18673696089571 0 0
28.70184998220211 29.70547426696726 0 0
43.68967413902283 43.76814961433411 0 0
82.57461190223694 86.04784034199255 0 0
90.95589341892972 90.55675085928294 0 0
91.738803071457 91.25516090964338 0 0
92.46251583099365 92.4988329410553 0 0
94.68593001365662 95.08127758130939 0 0
98.2159435749054 98.3538806438446 0 0
98.41008949266097 98.59824931070932 0 0
17
0.9021461009979248 1.094532012939453 0 0
2.19144315399599 6.402722094737076 0 0
6.950473785400391 7.19570517539978 0 0
16.02514043249602 16.06131792068481 0 0
19.389408826828 19.37840130512578 0 0
24.42326545715332 22.49380961951696 0 0
28.12528014183044 28.00654768943787 0 0
42.50187873840332 41.59057574600658 0 0
43.17347122577148 42.7169144153595 0 0
53.81658673286438 54.06408223178119 0 0
61.00154820527308 60.98518967628479 0 0
69.93788165177956 70.13644576072693 0 0
73.00870418548584 75.31288862228394 0 0
83.39032705417893 83.42421650886536 0 0
84.9328339099884 84.6268095082082 0 0
86.0447288944134 84.96698320880665 0 0
88.2091040580093 88.58893139113228 0 0
