# Status file for ctqmc. Used to save all times t_s, t_e.
2
56
1.361144264083105 2.787440127113813 0 0
2.969476504016808 3.739404928363758 0 0
3.767161998173466 3.827186033212597 0 0
4.023527175460183 4.831265905309812 0 0
5.365461390937191 6.927406693163257 0 0
6.940153936853245 7.419370334810671 0 0
8.249178884002671 8.593809068960411 0 0
8.622904346093041 9.377704343801705 0 0
10.08057053116438 10.5340955002128 0 0
13.25361339194396 13.28192223753754 0 0
13.61398326911465 21.87192952154306 0 0
22.97418068866296 23.16203248304726 0 0
23.53060331547043 24.80876285357109 0 0
25.98702458505043 27.51345680194703 0 0
27.74194445881576 28.98527291754511 0 0
29.99927188935746 30.1172512262671 0 0
30.20325214084485 31.27816008964515 0 0
31.91114843859451 33.39529600819701 0 0
34.46062432989043 34.55048489425121 0 0
34.8423117458796 34.96427747094875 0 0
35.03768058363853 35.39590356443845 0 0
35.67995170344717 37.0358656760996 0 0
39.85390171508178 40.79647251202618 0 0
41.40718258910623 41.97529268740767 0 0
43.15332096719513 45.45615017445066 0 0
47.36697287034836 48.90437429372867 0 0
49.71915153675194 50.99808291719715 0 0
51.92378556278281 52.40993838625325 0 0
53.3156251906961 53.35271574397741 0 0
55.01261692935915 55.58405543796795 0 0
58.29508285439538 59.42973181871117 0 0
59.47686664562824 61.11552247000755 0 0
61.69544065518675 62.44123391755512 0 0
62.63907507921373 63.29835410610236 0 0
64.82644576422297 67.22972256151921 0 0
67.84244633931065 68.11924927904299 0 0
69.35121947216679 69.42238347785261 0 0
70.00536299420244 70.15554542818512 0 0
73.68364513878095 74.13966615576307 0 0
74.43907168401331 76.51218636105483 0 0
78.88947166023328 78.89682171920218 0 0
79.8296506806176 80.41675721206911 0 0
81.02605172241414 82.71478039366598 0 0
83.33151059341589 84.25628733116184 0 0
85.02816229129543 85.46881657531819 0 0
85.64716217315176 86.595547265286 0 0
86.75912111240456 86.84004992167367 0 0
87.11292928088767 88.00895552494364 0 0
88.71545163509727 91.14037748340256 0 0
91.80384990491267 93.65951960195763 0 0
94.21331904053173 95.07528435521421 0 0
95.42583428379925 95.91012299982872 0 0
96.18934569336577 97.29260025594883 0 0
97.34862879214678 97.58290159423467 0 0
98.38738902539055 98.71124040268862 0 0
99.16231690792952 99.95435792465419 0 0
50
2.139642174189453 1.227340770317494 0 0
3.552350837892977 2.400851404348841 0 0
6.570277095410833 6.382203799261265 0 0
7.707049273321081 7.167163925600776 0 0
10.06629053321956 9.664596190128986 0 0
10.89314144421745 10.10984881073096 0 0
11.07910556704253 10.95093298918281 0 0
15.14624593120864 14.06356081580581 0 0
17.2746458461046 15.72637436840158 0 0
17.93903472906291 17.83346320215002 0 0
20.46052043345177 18.0543922565066 0 0
20.8366659967128 20.50649490900373 0 0
23.47072496616924 21.01813541176162 0 0
26.36974850581862 26.28617726116749 0 0
32.86025931300475 29.66205967893962 0 0
37.08214203637709 33.52632530817876 0 0
41.38852069737607 40.87245030072217 0 0
41.6328933571499 41.54812261179414 0 0
42.75541460398237 42.56416115450388 0 0
44.39673953730472 43.46925596432588 0 0
44.91082400433353 44.8844155376357 0 0
46.14503520099661 45.34934794272674 0 0
46.82078008047095 46.49941490080337 0 0
48.80138944286211 47.92439435829795 0 0
51.115919716485 51.11267899044559 0 0
55.61514821067649 55.08810525660054 0 0
56.09171605366303 55.97154156047532 0 0
56.41081173384201 56.24003361210532 0 0
58.96142909648876 57.44069360390123 0 0
59.67774168353798 59.50917720737247 0 0
61.3778589233701 59.92018607393117 0 0
68.33144418987207 64.88309302470574 0 0
68.54365555258427 68.4683461432989 0 0
71.839194876839 71.330538196295 0 0
73.66763037163811 73.28924668872271 0 0
75.40039376525628 73.98586901422118 0 0
76.02278049024873 75.7489302686443 0 0
76.9109495990696 76.82387158059443 0 0
80.75348453480319 80.14229513143306 0 0
81.93325277911447 81.15381964426859 0 0
82.42492969736084 82.08614208661535 0 0
83.1520470695782 82.49553166953507 0 0
84.52711923263861 83.51461023423512 0 0
85.73702241278255 84.6369488855095 0 0
88.88246381832913 87.90363243012374 0 0
88.97486636002265 88.9553042163153 0 0
96.19520516047329 89.1141931848028 0 0
97.88442099297582 96.2392862960404 0 0
98.6518349286582 98.45922253238224 0 0
99.53866307237229 99.08853209162929 0 0
