# Status file for ctqmc. Used to save all times t_s, t_e.
2
57
0.165572434698035 0.1354119354257648 0 0
1.769093307010607 0.5496602741201002 0 0
3.086161869821975 2.034146082535611 0 0
3.604028606344419 3.259622908030719 0 0
5.328680015403604 4.237893758124801 0 0
7.889765895424979 5.636881553189283 0 0
11.44811229059819 7.975890053744431 0 0
13.84827450805163 11.61761939192096 0 0
15.6286374271329 14.64149908124095 0 0
16.13475435279886 16.12919937316664 0 0
17.82365399292975 16.65617854642111 0 0
23.9784943614231 22.30523343541507 0 0
26.35111786785207 25.61502177147393 0 0
27.16163693528936 26.8344042244195 0 0
28.00680965915669 27.9049626404262 0 0
29.48023290594982 28.7781220225628 0 0
30.90120489035584 30.87140430905216 0 0
34.53030865711115 33.89712924657334 0 0
35.61866692909974 34.65360028049344 0 0
36.53126055484323 35.78985594840338 0 0
37.08064777020202 36.91657087191715 0 0
37.78252097111361 37.17240601918549 0 0
41.43131067897243 39.5786051480998 0 0
42.64486389697406 42.30610351723448 0 0
43.73660039588077 42.88966140696689 0 0
45.1521402961405 44.8044094371707 0 0
47.12083635306762 47.05598658777387 0 0
49.82860912649465 47.41292888211377 0 0
50.2903898003795 49.95189197438491 0 0
51.36977438477717 50.88608883189927 0 0
51.67204585318139 51.61188866120258 0 0
53.24982055585842 52.55599106430718 0 0
53.49059863601556 53.37675183057861 0 0
54.23064215493824 54.14503291049529 0 0
54.41077278971575 54.40161858169829 0 0
55.19163685711498 54.71695587062968 0 0
56.86105581810831 56.4096445005935 0 0
58.29003120991421 57.1425549571136 0 0
60.63916498761622 59.96280611852101 0 0
63.73150292924884 63.31318129721489 0 0
66.35276221004035 66.09578319915336 0 0
67.38149065206424 66.50392725820905 0 0
72.03024058853431 70.17769809648816 0 0
73.45332052227998 72.88831136727515 0 0
74.63909932115563 74.12987010245676 0 0
78.66772250142616 74.68311516982651 0 0
82.44262440191835 81.60048131074402 0 0
86.11247410566189 85.92481164429213 0 0
86.20744761605415 86.13187550045512 0 0
86.8188279768615 86.24616409431603 0 0
92.86347566676143 92.68687490978358 0 0
93.00623882877767 92.87885927824803 0 0
95.10042859817524 93.00936972344873 0 0
96.43972218167207 95.58238412393115 0 0
97.66410535510215 96.76111431665605 0 0
97.76979205226466 97.72780287739943 0 0
98.9950563482066 98.57971945576558 0 0
56
0.8190104472035671 0.2059982578082042 0 0
2.086044945905467 1.101443002662336 0 0
3.749661262586658 3.562835604967021 0 0
6.301962414150253 5.065896122658814 0 0
7.273856177901051 6.445686149652778 0 0
7.513943299403831 7.420814051236224 0 0
7.767719987018556 7.544347736035419 0 0
7.982224861079265 7.827991977622473 0 0
11.33633330525586 11.28003250168994 0 0
14.46398206172542 12.17125941284173 0 0
19.65343255000373 15.3654858249104 0 0
20.57746348225059 20.17521031328117 0 0
23.37294950828718 21.32458826921195 0 0
24.31984495043497 23.62485548983686 0 0
26.51396490122722 26.44457021989974 0 0
30.92631125100804 27.82122448670415 0 0
31.2391030877004 30.96400755540554 0 0
32.18109767149554 31.73524689178278 0 0
33.83904065090524 32.9103190555114 0 0
34.69411012749367 34.10792718019219 0 0
35.58357773479833 35.21230317186036 0 0
37.52680662458027 36.83270284716305 0 0
38.5378868295869 38.10954174410322 0 0
39.36576776954692 38.8461069004421 0 0
40.92229050323676 40.45655416994742 0 0
45.97662946911483 44.89723977005205 0 0
47.19275048839875 46.19645435273019 0 0
51.22223118963449 50.50764846752533 0 0
52.34317566972317 51.84943568010691 0 0
53.35513439728441 53.09805138970298 0 0
55.62446274447803 54.07473178424809 0 0
57.41500550670226 55.6714414736263 0 0
60.26042495913786 57.85700362824519 0 0
64.52746809858267 60.67196665808754 0 0
64.79940474620118 64.72787797298861 0 0
65.93537694361392 65.23829164135674 0 0
66.14022356819692 65.96223979452301 0 0
66.25347568993442 66.20742521660485 0 0
67.43949911262864 66.38113883407843 0 0
70.14142691334341 67.69602683786484 0 0
73.31038716161183 73.29255820381893 0 0
74.49783528736822 74.35820231700558 0 0
77.19650234784568 76.81653645050702 0 0
79.67589165543031 78.13532321646132 0 0
80.53578401622147 79.94183847525085 0 0
83.74184685921341 82.15817015576712 0 0
87.23233844366042 84.45514531205775 0 0
88.29667743313546 87.28046094606434 0 0
89.90521098655702 88.55012486412024 0 0
91.22030217556893 90.01813806585906 0 0
92.05931508356629 91.78296890397857 0 0
94.89969115642882 94.24244095868727 0 0
96.40364257418325 96.19637452501607 0 0
96.64726617498233 96.41054311829768 0 0
99.13033487331268 98.15326426969737 0 0
99.68908273150564 99.40843701059995 0 0
