# Status file for ctqmc. Used to save all times t_s, t_e.
2
24
6.9256957700962 0.02282433470821843 0 0
11.35952128840273 7.771539896809592 0 0
12.7912230532898 11.47932542337172 0 0
26.70871236803828 13.93432075392536 0 0
29.87767154976012 27.07809871017443 0 0
30.47147142506144 29.95109406338391 0 0
32.83584725167716 30.61174132322046 0 0
50.30676795963912 33.79335853978355 0 0
50.54671238193126 50.52756734691674 0 0
51.84076754077856 51.7978035957482 0 0
59.21221049427793 52.73405944784805 0 0
61.3353162178957 61.13620634130591 0 0
72.43904809385637 61.88784511714896 0 0
74.44343640656166 73.76046650926406 0 0
74.75456944345234 74.55044538034568 0 0
77.15311629437458 74.85227802428514 0 0
79.47426769546351 77.78929218424354 0 0
80.00185271245904 79.91223957472708 0 0
83.98472164847573 80.24749482686778 0 0
85.63139424766206 84.15240273451677 0 0
87.88572881098796 86.52503458738212 0 0
90.58527929406111 89.94217114335851 0 0
91.96747208727967 91.15773680825019 0 0
98.38464988675304 92.05924095999148 0 0
32
0.588807567589626 0.9888151715569506 0 0
1.269185847443355 2.826939197856487 0 0
3.370414355290742 3.526028313464197 0 0
3.650766335178632 3.661069320758191 0 0
3.698250497806761 3.716981535566325 0 0
4.135040387303757 4.449984375870467 0 0
5.506174948835801 5.914080463650342 0 0
7.101011926428026 7.227188500754577 0 0
27.64916115114463 27.6628391875635 0 0
28.25814389576593 28.91924094014543 0 0
30.36730681464476 30.49109245713662 0 0
33.26726381705766 34.15341947681587 0 0
34.87606069254813 34.97517506866126 0 0
35.92380727659037 36.13930845908968 0 0
36.93388917657558 37.61178387794245 0 0
38.03101167167086 39.60186152253735 0 0
40.29651194617369 40.95761486722827 0 0
41.17315621049634 41.30595912252709 0 0
41.37151773444036 41.47694479675555 0 0
41.52544834819858 42.54223031042885 0 0
44.72353543175228 44.82209684169953 0 0
47.65676816325221 48.54941395596978 0 0
64.01297243017511 64.47377518900396 0 0
65.59469165606022 65.67477271852781 0 0
66.07227361230193 66.68162166224303 0 0
67.15838752777043 68.2374506725659 0 0
70.5533013170399 70.57458208324699 0 0
70.84913544753643 71.33835557749032 0 0
71.39772676671126 72.03192893907779 0 0
80.82658185848871 80.99069603153139 0 0
96.60247574551376 97.46529119323537 0 0
97.65452306677309 97.70515330393516 0 0
