# Status file for ctqmc. Used to save all times t_s, t_e.
2
11
10.18195622127454 10.95889454726871 0 0
14.05372335139752 14.89894180514231 0 0
16.8818790120676 17.02616992859178 0 0
20.49422236244418 21.58775080128241 0 0
27.69899589740884 28.33163942649058 0 0
28.74375578174786 29.4549555062342 0 0
29.86602084615766 29.92245081537191 0 0
30.66937740172757 30.8874183699982 0 0
57.05361927972667 57.17255694709491 0 0
61.48646666765913 61.90775786929212 0 0
95.30535146517192 95.55960857985119 0 0
31
3.77743892759095 4.168464789329562 0 0
6.13096826426211 7.725904718156442 0 0
8.891506941172379 9.190818626998178 0 0
16.92973537487607 17.3277769586513 0 0
17.84111167534832 18.26900921051135 0 0
18.57807836860212 19.86960755011883 0 0
20.07634887254134 20.62231921422779 0 0
23.7828478941418 24.37362179760538 0 0
24.5352657534303 24.66255072202837 0 0
28.36115761408649 29.08366196606704 0 0
29.13150884239004 29.30337556530236 0 0
29.63436308265244 30.37584438116414 0 0
30.6501974700856 30.87213652143898 0 0
33.31229524697336 33.48401268988232 0 0
33.49613042141671 35.39969247736717 0 0
37.38506823607592 38.29204952769314 0 0
40.71064471799038 40.86192826141512 0 0
51.08772782659549 51.40100989443983 0 0
51.45420042602449 51.47063879531776 0 0
51.47244956269617 51.8100255265583 0 0
53.60533223126431 54.56852001038967 0 0
67.24426605175837 68.39560564850181 0 0
71.2287695930375 71.44173096843495 0 0
74.5225108419292 74.83977794546492 0 0
76.35971145669076 76.86698271731568 0 0
77.66731887134304 77.73832257120202 0 0
77.74427171356223 78.93739186461718 0 0
79.4221605151187 79.50483883946163 0 0
95.78750289017366 96.56122324281672 0 0
96.8795200268783 97.6652018714092 0 0
98.07462513363176 98.46765944727011 0 0
