# Status file for ctqmc. Used to save all times t_s, t_e.
2
17
12.82933276302568 12.91845118644614 0 0
13.40355145472271 13.50952743691938 0 0
13.73182194940167 14.44235162859291 0 0
14.65746660959003 15.40921452536729 0 0
15.70336487927456 15.79144837045365 0 0
16.47015659519793 16.53314382731751 0 0
18.75817157932582 19.11804397832516 0 0
22.29206333469129 22.49638410017 0 0
22.79710439224137 23.76024273294047 0 0
37.01440779230033 37.13594955311966 0 0
37.23002541923959 37.40041607537656 0 0
39.30291212134268 39.46218097125732 0 0
56.4345502864653 57.29260906145476 0 0
58.83989481633415 58.84376160436293 0 0
81.05691022963501 81.11790333540927 0 0
81.18497727666508 82.2685205215994 0 0
85.19770279385448 85.59862555446355 0 0
25
2.256774704738555 2.776974660162926 0 0
5.368163155553028 7.109564962511756 0 0
9.539242177167162 10.62984447789354 0 0
10.84993203436939 10.87677130531234 0 0
11.93342234236377 12.65799283563422 0 0
15.49425650180408 15.61563451891086 0 0
18.32790448329068 19.04669718490782 0 0
23.68635980860285 23.91482656301468 0 0
25.73837952307359 26.19083687761015 0 0
33.99220928700705 34.19190920976965 0 0
34.55310974142089 34.58840171685927 0 0
35.13527535892664 35.18935547408688 0 0
46.92080771007437 47.54854660758578 0 0
74.99405051161132 75.8380381881646 0 0
76.0576401176409 76.31963764217619 0 0
81.14619153641509 81.26596074099037 0 0
82.68112130696835 82.91719633703799 0 0
83.71410939250049 83.80882330950445 0 0
83.83787545592898 84.47788386435028 0 0
84.98951008403236 86.07133841706394 0 0
86.12977331560471 86.15493142773762 0 0
87.93817687713187 88.274168380939 0 0
90.08660473066267 90.1672808494879 0 0
90.87839054601862 91.9982505582805 0 0
93.10054091615235 93.56326986337697 0 0
