# Status file for ctqmc. Used to save all times t_s, t_e.
2
31
0.6326441067254521 0.7053978290542658 0 0
1.086844993708091 1.097654910660123 0 0
1.139300123799886 1.273060400388093 0 0
6.635651443350738 6.968710449341308 0 0
8.644845993583333 8.957898605119052 0 0
9.277684401803093 9.503268438215512 0 0
15.69992185677717 16.07110427339293 0 0
20.36798837457837 20.98513293470698 0 0
22.4203893789844 22.45836057459148 0 0
23.80187367922799 24.9043812859428 0 0
26.44160753644254 27.76804803684708 0 0
27.88936802885677 28.07489025866596 0 0
28.49529771231171 29.19878679688533 0 0
29.39976484980267 30.09468001370614 0 0
30.96972410619847 31.88902592252577 0 0
34.05610650512808 34.3838690120641 0 0
38.78852064068034 39.77021658579828 0 0
41.821635513691 42.06831044696593 0 0
44.34937460420312 45.91606971984194 0 0
46.15399060271698 47.0123635796533 0 0
48.85363463526446 49.40120615348871 0 0
70.67871656050792 70.99904725368479 0 0
71.09520362167117 71.13274942155216 0 0
71.48353096531044 71.86423515578463 0 0
71.90147760242149 71.9536251294235 0 0
73.27154239242242 74.16009878962493 0 0
77.42787504201173 78.08185625840747 0 0
79.54302733638461 80.33365845476101 0 0
90.59989292166937 91.48961982087089 0 0
95.45321019298736 95.83432601357825 0 0
96.00517133744891 96.48132098482914 0 0
28
2.782302868460076 3.433329211733366 0 0
5.828058749641997 7.799350172288804 0 0
8.078252387584152 8.377844986488828 0 0
9.734420038550139 10.78826106672523 0 0
13.76745330020649 14.50977001140006 0 0
15.33799455083263 15.81454035057622 0 0
19.10166006718133 19.742110635457 0 0
19.90823090789763 20.12398801519156 0 0
21.35745684372682 22.22981875196768 0 0
23.11326936315627 23.36739010897103 0 0
23.40554374021728 23.67943266736952 0 0
26.06393470357089 27.56689418156439 0 0
33.36534334248633 33.74676255036541 0 0
34.06185598983016 34.99749248077247 0 0
41.96713015981391 42.67264971848439 0 0
47.51907756899114 49.10167400206296 0 0
57.57999059847986 57.79325238556238 0 0
58.52141477128945 59.0406762420169 0 0
68.46553093476497 68.71085219322022 0 0
68.84735688697161 69.53113622930381 0 0
74.91852336649896 75.55453662552364 0 0
75.69035100098847 75.9185673049013 0 0
79.36120759047522 79.64952808897904 0 0
81.11582039705016 81.38484073183623 0 0
81.96314413149227 82.12778807289367 0 0
95.75015257844443 96.07753935653301 0 0
99.07740383644966 99.27408564076829 0 0
99.29760096621007 99.78490236010393 0 0
