# Status file for ctqmc. Used to save all times t_s, t_e.
2
22
7.245055148012693 7.539143226473567 0 0
16.92472805503767 17.17746078374546 0 0
18.1754245414556 18.62847189015654 0 0
25.26976085646623 25.41704888884831 0 0
25.64996885765367 25.67906178430898 0 0
25.927690299357 26.14221415609804 0 0
32.65632721356896 33.25422316524593 0 0
40.11861310314354 41.27281217930218 0 0
41.48623916402278 41.69819038154949 0 0
45.75500744923321 46.49877157568285 0 0
68.0716630723547 68.14115788290964 0 0
68.31967468280152 69.9872429427126 0 0
71.14526623029209 71.17734705921391 0 0
71.35258606689439 71.37980496118712 0 0
71.65296266797256 73.45550370335079 0 0
75.52475468524116 75.81681235532062 0 0
83.22356479828592 83.35546718607691 0 0
84.37521618629201 84.56220146094469 0 0
86.85485869932926 87.08900624488797 0 0
88.16744928176078 88.97172357429474 0 0
89.00034363201219 89.12659038258822 0 0
89.22296558660517 91.25116614769949 0 0
45
0.2367963764175869 0.968687040009323 0 0
2.222255137627515 2.276200627795296 0 0
2.768603591071424 2.821955465269717 0 0
4.912857952156424 5.008067036365379 0 0
15.59908279367589 15.67774581629285 0 0
16.21836871308999 16.35002678733587 0 0
17.32405336405013 18.50057175168521 0 0
18.65074834850991 21.67673101917331 0 0
21.99895859742133 22.24736096205855 0 0
22.93514982482165 23.14621106244613 0 0
23.79393200281915 24.38130456481321 0 0
26.62240317040812 27.38427499422237 0 0
32.90324054454515 33.46059479937375 0 0
33.70694078509899 33.97901197739708 0 0
34.2952415069476 34.44123609870457 0 0
35.03062727035573 35.04408739774035 0 0
35.15207749851552 35.15413512484557 0 0
35.28691949932578 36.01263443199583 0 0
37.87901044054076 38.50784797120106 0 0
39.52200479077508 39.62180270428582 0 0
43.34443051394627 43.46978848021683 0 0
45.05209105103673 45.10163589041721 0 0
45.21288822235498 45.40149330660385 0 0
46.33886704951978 46.88544846922192 0 0
47.37923868940955 49.02802976152352 0 0
49.20540197089142 49.35841936267082 0 0
49.3787678348063 49.58197855344875 0 0
50.49390467760234 50.57614127041801 0 0
51.12391681978265 51.97491122503018 0 0
52.19750311338882 52.83149871617521 0 0
53.10709330016335 53.45241197691318 0 0
53.61241101273498 53.644461774135 0 0
55.26157024228047 56.53646757269885 0 0
56.79668481992311 57.40412411458853 0 0
57.98552033842248 58.02668701864626 0 0
58.09963620652295 58.15490860483132 0 0
59.51195498246636 60.01950566807461 0 0
68.52574805456496 68.55436641394422 0 0
78.13503348057213 78.90525360872638 0 0
81.49565565686099 82.06398622162784 0 0
82.57656587704129 83.93703674582804 0 0
86.90410110353103 87.33146997394469 0 0
87.51138772187116 88.31757111399021 0 0
97.6980936759775 98.70740661006674 0 0
98.98843201079504 99.91454936617144 0 0
