# Status file for ctqmc. Used to save all times t_s, t_e.
2
56
1.879078946475183 0.1304653402405904 0 0
6.859529555302255 2.550461185673274 0 0
7.253297497984711 6.949761846738154 0 0
7.679733841044591 7.403189053891341 0 0
8.371070657397846 8.151289601990696 0 0
10.44269341119024 9.94790805847202 0 0
11.90990174600449 10.63234595430736 0 0
12.37733797728717 12.32782038331094 0 0
13.09038825795005 12.47142106040235 0 0
14.56725086623942 14.31950348628449 0 0
15.36152002973609 14.72345922645682 0 0
19.38834068785482 16.21384836323994 0 0
21.33675661885264 19.45532618657055 0 0
22.62796656861211 22.45354060085166 0 0
26.09178903525051 25.06113530679293 0 0
26.61308334776839 26.15070162231409 0 0
26.6698534926844 26.62447412744182 0 0
27.19583316177158 27.03488993556626 0 0
27.38943843807253 27.33400281319156 0 0
29.58926901209386 29.13821558904258 0 0
33.40049304596809 30.0108817613071 0 0
34.51544245548703 34.51161107919837 0 0
37.75705625516581 37.07984540226733 0 0
40.06728598494459 38.845676242292 0 0
44.32689003522047 41.60535594201459 0 0
45.54673327741084 45.07146684843677 0 0
46.70691992429099 46.66128271526718 0 0
50.66595595649027 47.6781348051163 0 0
51.00300391554555 50.88459075048754 0 0
53.71832547898548 53.5496851345999 0 0
54.26761224870326 54.11673134923542 0 0
55.46311030869892 55.41175529335946 0 0
61.24761910033202 58.6123579005252 0 0
62.54580095853478 62.29418286022759 0 0
62.97993797734282 62.8611511871713 0 0
63.42913657117365 63.40086173146941 0 0
66.24814330945655 64.3148878240664 0 0
66.78183532593337 66.61092265366968 0 0
67.56889411322409 66.96490408627699 0 0
69.44079120493861 67.78752922364347 0 0
72.88414021295127 69.93030412426992 0 0
75.79996921909445 75.03975692548053 0 0
77.42071465679051 76.49724315585802 0 0
77.60124229948677 77.47041763095021 0 0
79.0520179293936 78.03680085407035 0 0
81.18147079445997 79.85899434570419 0 0
81.62851672016556 81.41735478137171 0 0
84.26581239864173 81.86469228095322 0 0
84.42652826090603 84.26665725503025 0 0
89.13906534775145 84.57908513257048 0 0
89.64581399737737 89.18313785005103 0 0
92.08725034142677 89.94961644499 0 0
92.63953146752887 92.4806230616478 0 0
97.00059323198771 93.26942008315513 0 0
98.33320544983818 97.88820903176361 0 0
99.62437370420238 98.86798862229595 0 0
56
0.2711787457227344 0.0452223860258556 0 0
0.6516673907471784 0.4600806974317294 0 0
2.389431981173569 1.494513926466322 0 0
2.952263629579492 2.583381020303245 0 0
3.909684683196957 3.532890206849538 0 0
7.321610022007799 6.707041560475645 0 0
10.1729949127545 8.626875145286618 0 0
10.40299724255338 10.27142933218918 0 0
11.02068714070996 10.49129909965281 0 0
16.20993370046139 11.07021345861228 0 0
16.29271241249297 16.28636132161993 0 0
16.49734188437251 16.34839059418948 0 0
18.76746842205777 18.50441797502269 0 0
19.45717291890038 19.4052616682964 0 0
25.05727259781664 21.3097558044873 0 0
27.10649209675283 26.79326283039682 0 0
28.84209185654516 28.43426617758818 0 0
30.53188927630404 29.36963305443366 0 0
33.07606713548708 31.99329066541844 0 0
35.55194226583527 33.37048726270274 0 0
36.53636113764919 35.7621548080477 0 0
37.50822995409133 37.38571267418332 0 0
39.91467532661942 39.84460297889049 0 0
41.44583177356167 40.35626685559854 0 0
44.11287764782707 43.8533271969664 0 0
44.53020594407752 44.50185760260054 0 0
44.73249019573193 44.53334231192798 0 0
47.37243437846364 45.69212624794601 0 0
50.13517086112121 49.70603691749918 0 0
53.88857346890151 50.57556970791052 0 0
55.93564736339179 54.19672610285306 0 0
57.22429999858235 56.1616375456693 0 0
58.7424234931162 57.29676511760816 0 0
60.40360403167242 60.30833821814207 0 0
62.35476855039871 61.38118142108461 0 0
62.67754700110522 62.66160175743852 0 0
64.52633710132272 62.9255274892954 0 0
65.8774057606163 65.41865257753697 0 0
66.52501654293036 66.15036054037924 0 0
67.61374323448224 66.76813978870271 0 0
69.74056431333268 69.09093312370113 0 0
74.01470143187454 70.84892335574384 0 0
74.09864318078593 74.06842243172635 0 0
75.15928543734252 74.10962777052035 0 0
76.06256465375255 75.56469335295439 0 0
77.23558501461177 77.2092310391469 0 0
79.52539591763207 78.83709460994281 0 0
82.60485351763347 80.87980972938996 0 0
85.66396359747071 84.48240041703455 0 0
87.26193624966334 87.09884693837596 0 0
90.34172686313153 90.08698551748932 0 0
91.91515602455357 91.53675339664774 0 0
93.78701851755086 93.70285125899403 0 0
96.17375370199116 96.16550874418053 0 0
97.49727293794287 96.76570882261103 0 0
99.89834308311049 98.5011119725192 0 0
