# Status file for ctqmc. Used to save all times t_s, t_e.
2
51
3.036677299289494 0.09175560731675603 0 0
3.870818277897342 3.861084884385783 0 0
6.274240343840273 4.371766493247649 0 0
7.066404145160364 6.800733029217764 0 0
9.77649148004466 7.840399719476595 0 0
12.23862927002634 11.37696132963232 0 0
13.67792164767564 13.55792598008301 0 0
14.92742096470622 14.10286180952768 0 0
18.91920962327685 16.55138685782108 0 0
19.89924699063568 19.53542007641732 0 0
20.93113327496272 19.99763864898362 0 0
21.65754453097813 21.60918400075857 0 0
23.09592030488745 21.67385133501994 0 0
24.4566570886238 23.1716637145042 0 0
28.26761277430263 27.57400336999072 0 0
29.17664700735673 28.5147343939412 0 0
29.70792919500918 29.57112939786687 0 0
30.87537289542042 29.739342308497 0 0
32.43786186332942 32.25824272783154 0 0
33.09681553477063 32.94018827564413 0 0
38.64715721043021 33.78397326989796 0 0
39.13402441055549 38.76824022076471 0 0
44.82851167248904 40.87617788201419 0 0
47.79373013360327 46.83667783843621 0 0
48.59312724874483 47.85079228877547 0 0
50.91590176380223 48.77156866400828 0 0
52.02212682258927 50.94748660526451 0 0
56.27440436087511 52.66609082169528 0 0
58.67912615041977 57.72820145562698 0 0
61.71625958957935 60.78239244466568 0 0
62.4019630026182 62.39717654624759 0 0
64.81069840519221 63.69867708190826 0 0
65.13532945769659 64.93731010490649 0 0
66.41719974686178 66.12808876544076 0 0
68.43890837930626 68.29798848815635 0 0
74.32689568849088 72.49287799947423 0 0
75.67144103768265 74.38591705822779 0 0
78.42101169904429 77.99075369551574 0 0
80.57352592195856 80.53073396610422 0 0
81.14718334013295 81.09783488272609 0 0
81.79410568979836 81.70069516748543 0 0
84.4044524518368 83.3721193231639 0 0
85.86708980124796 84.46177602143442 0 0
87.98584559786653 86.26614512875648 0 0
90.05020926704144 88.12476071267662 0 0
91.84231549048815 90.13799231416492 0 0
94.89522620369598 92.27134962403495 0 0
96.9743552890949 96.12382459897596 0 0
97.70777952259419 97.26284742755438 0 0
97.88351260156399 97.71281493862037 0 0
99.92066995358886 98.21497486047679 0 0
48
4.785572330343414 3.205243576738913 0 0
5.105496037119848 5.021128239628355 0 0
7.957820962051694 6.943652559764558 0 0
9.311149500844673 8.166994342884013 0 0
11.07754098954395 10.26006954315852 0 0
11.63317660777907 11.17548222414964 0 0
13.98696431391674 12.66003768563079 0 0
16.27633720783522 14.99213232406132 0 0
16.7790299255469 16.37189088651101 0 0
20.22786760598088 19.85770249307571 0 0
21.55335919686839 21.16312603763031 0 0
22.53644383552885 22.37256897124001 0 0
23.39787354642286 22.81796834921163 0 0
25.00323813178186 23.98909518755301 0 0
26.43409069551461 25.23123552187686 0 0
28.53973357844864 28.53574221297626 0 0
30.01202173302871 29.02041138508844 0 0
31.60168963140363 30.72927440984578 0 0
32.27092304294526 32.21247221077042 0 0
33.94564719384208 32.93665082543738 0 0
34.13851670116941 34.00010778554186 0 0
35.38017242876133 35.11375309771765 0 0
36.54364173046904 35.46774822590872 0 0
37.33867889227081 36.79665628018231 0 0
40.78663769299853 40.10841854410366 0 0
42.06643472752986 41.58677033134823 0 0
42.69701643659195 42.52417796179579 0 0
42.9547689564463 42.71445753347776 0 0
43.70163366725275 43.01011200818313 0 0
46.79772590493274 45.2680989521909 0 0
49.38338653309558 48.58175436271481 0 0
51.61389758697808 51.13638654906455 0 0
52.86569256398758 52.13164444105809 0 0
56.99497682029973 56.19582022147519 0 0
58.37450411774115 57.22456899375485 0 0
61.1309607792019 58.46853826275604 0 0
61.96394507198534 61.36069516419608 0 0
62.65900245148971 62.01047503600566 0 0
63.8250137826688 62.95411025125573 0 0
65.00501947833756 64.81784721136432 0 0
67.53759401447797 66.81495883296327 0 0
68.07858305417653 67.60638472604165 0 0
72.82973341063398 68.40969005629958 0 0
82.81239018158281 75.76369215910802 0 0
86.47767452544133 85.76763237175066 0 0
87.82632565081451 87.74486056000718 0 0
95.25598276268359 94.67546663736425 0 0
98.870520641784 98.84566336968129 0 0
