# Status file for ctqmc. Used to save all times t_s, t_e.
2
62
1.150438320063824 0.02401864723238134 0 0
3.837112044712041 3.744374065620814 0 0
5.044821264102501 4.33690536894856 0 0
5.495107952270614 5.071090109231699 0 0
6.575343137497137 6.270018446434409 0 0
7.405291102776231 7.211626979585773 0 0
9.975109086096763 9.551918949967899 0 0
17.67802300896405 10.71463563767617 0 0
17.86974097189168 17.83641275859237 0 0
19.42767258282487 19.33115528368044 0 0
20.40481366816705 19.70056497495397 0 0
20.88870293501328 20.88004140867919 0 0
22.14891341975746 20.93028724633997 0 0
22.62924396397243 22.35089158239623 0 0
26.76321632140496 24.67800064088789 0 0
27.30774696659321 26.76443502380555 0 0
30.91723589813794 30.03976090486669 0 0
32.17040456132732 31.2705940767213 0 0
32.57639522639224 32.49134295536432 0 0
33.96097869121393 33.35191791289102 0 0
35.02180180349926 34.95006571498233 0 0
36.00689418554371 35.52811950882749 0 0
36.78919255808475 36.23071857951324 0 0
37.21274836994802 36.9280475191735 0 0
37.47600279281441 37.43315620654668 0 0
41.35274621069222 39.34161573250716 0 0
42.24107734472003 42.16736365972542 0 0
43.2913587258134 42.5747777169648 0 0
44.67653710045645 44.01832991512511 0 0
45.64889732855697 44.70041067022198 0 0
46.26533418383374 46.1736159511101 0 0
51.69040101957799 49.2533086902178 0 0
54.69609152668453 52.21533588092939 0 0
56.67400502831867 55.50020856734499 0 0
57.18639697320652 56.97544404275411 0 0
58.9410415123271 57.55968522876595 0 0
60.06757291728643 59.86449977792913 0 0
61.98399295719649 61.74682491719908 0 0
63.5271163633541 63.17697844949819 0 0
65.87941454545476 63.7946889686578 0 0
66.87977921405243 66.6976299041409 0 0
67.9692187992537 67.38393657452299 0 0
69.23419843543134 67.97942041869518 0 0
70.49333256108679 69.8367651472764 0 0
72.23984758954479 71.94158022557889 0 0
73.92534989422143 73.85029926778496 0 0
77.0270619699327 75.48631795614517 0 0
78.96899568101172 78.72688625363288 0 0
79.83104330212569 79.00633278062736 0 0
80.14154368737489 80.00563060265758 0 0
83.19454436149728 80.58923721731367 0 0
83.90093169236833 83.22974540960422 0 0
85.00959215491815 84.10912757266094 0 0
85.39651388204301 85.37085747021554 0 0
85.57819873590823 85.54568147670705 0 0
88.61874229768023 87.11127853452604 0 0
89.56188470073482 89.52685756576422 0 0
91.19570927588762 89.90664276674028 0 0
92.75538428429043 91.86724528341045 0 0
95.32305782293002 93.37506969505378 0 0
96.512479952194 96.24762734222408 0 0
97.83343598555801 97.69932477360676 0 0
53
0.6690860768880214 0.621919759277958 0 0
1.088191798851005 1.009399833770935 0 0
1.49149277157711 1.373165938190977 0 0
2.540242703255453 2.410591415221774 0 0
4.48264469908977 2.733593525834512 0 0
4.852462483084524 4.507450740400886 0 0
6.466594781142916 5.641019919169269 0 0
7.829994479623036 7.404117114350795 0 0
10.67519173655972 8.22475310729909 0 0
11.84021864573966 11.7279152455543 0 0
14.08324191295922 13.20346034383626 0 0
15.07378937663783 14.10251684459501 0 0
20.45241415242953 17.39665767266401 0 0
26.04596044127565 20.5740076912308 0 0
27.9953685626442 27.14772122725907 0 0
29.30795377974567 28.24099937344861 0 0
31.53468777882873 30.82255307690337 0 0
31.90337936723919 31.80652462315589 0 0
34.88406306819759 32.65041961512267 0 0
35.79634057110907 34.98118917650769 0 0
37.93790306214855 36.6406811652979 0 0
39.98194691295836 38.33660061247263 0 0
41.31475576369082 40.94905294256562 0 0
42.64994699237224 42.00166266903447 0 0
44.35782306927049 43.10849229210404 0 0
45.3341999037597 45.2490521515433 0 0
46.12861381307366 45.69427819606302 0 0
47.34961294184793 46.6559867094127 0 0
49.53497804633699 47.7393520812435 0 0
52.40146667632143 51.47316523150631 0 0
57.75060940565758 54.92520330652457 0 0
61.45333124261682 58.47174324449921 0 0
62.23430609691231 62.07504523445745 0 0
63.48133873641007 63.32821138405632 0 0
64.47391462971287 64.21695931613036 0 0
68.20712968433834 65.92593772790512 0 0
69.14719943471812 68.94180363565765 0 0
69.95858816277523 69.17472606402755 0 0
70.90029668210414 70.31099061512512 0 0
72.97952213667104 71.40268437394629 0 0
76.6410967387892 73.30715902171239 0 0
76.9282989657751 76.7615937499166 0 0
77.3299022157475 76.97422262387519 0 0
79.2888087755021 77.44591837474017 0 0
80.51327684661373 79.99422546473214 0 0
85.91150321641936 84.72646000019523 0 0
87.24272007563788 86.1290043419648 0 0
89.18240927864859 87.9134934459769 0 0
89.81393852068608 89.22237085562152 0 0
91.77800670914121 89.830662916932 0 0
92.65340347159918 92.4379339056109 0 0
94.14096881765033 93.06609509594114 0 0
99.77955652995747 95.32900780669387 0 0
