# Status file for ctqmc. Used to save all times t_s, t_e.
2
47
7.599382046906591 7.863151351560349 0 0
8.5052746428128 10.59982944257242 0 0
10.89376043588389 11.06755639581532 0 0
12.24759864724226 12.86639788410271 0 0
14.59903830530051 14.81390314238123 0 0
14.91688489703889 16.4614964389082 0 0
17.29714793597493 18.14184190173702 0 0
18.89391608393642 19.0239121559698 0 0
19.24887986974349 19.54036847633974 0 0
20.81817663170935 21.00390790204358 0 0
21.17345605468708 21.2728475715213 0 0
21.91831841176023 24.06584895300833 0 0
24.26115150640243 25.50775829046864 0 0
28.65363248406435 29.03321202359795 0 0
29.03559465453273 29.60730242054261 0 0
30.16923305052248 33.0031140778263 0 0
33.79672522588042 34.43153132760468 0 0
34.68508153275667 34.92281632529357 0 0
36.28922116266294 36.66718590398725 0 0
37.80652719204963 38.39610582074555 0 0
41.11833675857661 41.51042620121321 0 0
41.54160531580457 44.52355408799645 0 0
45.41979339749327 46.49220549892019 0 0
50.56492415169909 50.65468912891384 0 0
51.09871122101044 54.35874318818084 0 0
54.87188590985165 56.23336304216451 0 0
56.235522418694 57.80544400671008 0 0
58.69032956400064 60.15260608653677 0 0
61.55366441582029 63.51763238804998 0 0
63.66905883014542 65.8269049239079 0 0
66.36540806699239 67.03640689816697 0 0
67.1836996176911 68.6312742838653 0 0
68.64523476394956 69.10355134759676 0 0
69.22857107278072 69.68235031062152 0 0
70.23750927296184 70.30674942622473 0 0
76.76400208120343 79.22708461197578 0 0
80.74437711512962 82.59975141003478 0 0
82.63097578602357 83.81148438653338 0 0
85.25926647521996 85.42871576908713 0 0
85.73992473016202 87.63179049782747 0 0
87.81680189207907 87.91202393841959 0 0
87.95139636788829 88.55408697106751 0 0
91.19421822265704 91.64853547027005 0 0
96.46611031469577 96.48792523390581 0 0
96.90363729815489 96.92989951565924 0 0
97.86151657882424 98.59025212491991 0 0
99.50874458968349 99.61371985578974 0 0
54
3.233886762638585 2.759763283096718 0 0
5.914497226422596 5.79733894398209 0 0
8.755578403440301 7.621598422216675 0 0
10.72373375874144 8.773156064862903 0 0
13.10440236483919 12.20200656749287 0 0
16.97636657675783 14.06884942467595 0 0
17.37387781714806 17.20978211649236 0 0
19.4685216756479 17.60597164385291 0 0
24.29433312198087 21.61568586013226 0 0
25.60777486802374 24.31603876929221 0 0
30.17967517637717 29.06374583710425 0 0
33.54758663282571 31.16866671144592 0 0
33.65366928670626 33.56218127364235 0 0
34.89157720257836 33.79913759376873 0 0
35.59971321735083 35.40616708419796 0 0
37.09309726128792 36.91635219701662 0 0
37.22252537875954 37.18479921533535 0 0
38.50418834616313 37.87518945300572 0 0
42.62928793763631 40.68295302675331 0 0
44.83745633894316 42.73852462579266 0 0
45.76215235015965 45.51631483323916 0 0
46.04650315881216 45.91352266028431 0 0
49.77674912575529 49.73394206615133 0 0
53.25183785732043 50.23544091419519 0 0
53.80517685167237 53.49271138594123 0 0
54.33166873552302 53.84826898211168 0 0
55.02009598305938 54.99741290289384 0 0
56.79034060880837 55.17539273569044 0 0
57.15905702205013 56.97446788389868 0 0
58.43643204588863 58.21930654170553 0 0
59.99148525821022 58.95589596894507 0 0
60.76322481126019 60.71295623045074 0 0
61.32816410996085 60.875633953912 0 0
61.84362492787743 61.38506597987283 0 0
65.54607242582271 62.03979644585155 0 0
65.82803855017207 65.5471887902256 0 0
70.37925646259856 66.41543717862987 0 0
72.79359389770791 72.33544862336184 0 0
73.11253224819581 72.99667208601723 0 0
76.19899274122122 75.5694797737697 0 0
76.33994895751279 76.28356739545272 0 0
78.03085509088194 77.81468431935966 0 0
79.62096090014688 78.50301142445706 0 0
80.07704694909444 79.8980012194727 0 0
82.63520938232378 80.40904496187302 0 0
82.86666820704781 82.69834271616568 0 0
84.58283052375617 83.35036666920369 0 0
85.37544748501593 85.19589126586034 0 0
87.07904473629837 85.79234986101767 0 0
88.73131126061921 87.23073138083956 0 0
89.5772955398202 89.38312647777371 0 0
95.45909325755062 95.16672259117813 0 0
97.35983828691573 96.81970124476169 0 0
98.59919419246135 97.63669382532994 0 0
