0.0314159265359 0.000785200244081 -0.00813661277908
0.0942477796077 0.000709945246434 -0.0243513890125
0.157079632679 0.000584948298115 -0.0406037073556
0.219911485751 0.000244648962771 -0.0557139260577
0.282743338823 0.000399588390282 -0.0729762319137
0.345575191895 -0.000379844348268 -0.0871738387181
0.408407044967 -0.00076593990734 -0.101257617037
0.471238898038 -0.000811862936353 -0.115879030162
0.53407075111 -0.000902852128 -0.130396623959
0.596902604182 -0.00118812816284 -0.144220928933
0.659734457254 -0.00160044772314 -0.157136674851
0.722566310326 -0.0020002851452 -0.169196884395
0.785398163397 -0.00227284475873 -0.18056557844
0.848230016469 -0.00236241980562 -0.191414200146
0.911061869541 -0.00226828670218 -0.201874207606
0.973893722613 -0.00202563247219 -0.212025925112
1.03672557568 -0.00168556830926 -0.221905422771
1.09955742876 -0.00130021297947 -0.231517542726
1.16238928183 -0.000913914906955 -0.240848760514
1.2252211349 -0.000559503844885 -0.249877317679
1.28805298797 -0.000257883267295 -0.25858014177
1.35088484104 -1.94793131989e-05 -0.266936999796
1.41371669412 0.000153528917553 -0.274932601134
1.47654854719 0.000264850368992 -0.282557335265
1.53938040026 0.000321954498434 -0.289807172281
1.60221225333 0.000334325139806 -0.296683108791
1.6650441064 0.000312128526377 -0.303190399627
1.72787595947 0.000265267104495 -0.309337730433
1.79070781255 0.0002027600696 -0.31513641667
1.85353966562 0.000132384183692 -0.3205996763
1.91637151869 6.05135829712e-05 -0.325741996704
1.97920337176 -7.89903327192e-06 -0.330578600209
2.04203522483 -6.92443140817e-05 -0.335125007795
2.10486707791 -0.000121118522845 -0.339396691223
2.16769893098 -0.000162153937604 -0.343408805263
2.23053078405 -0.000191837250116 -0.347175988769
2.29336263712 -0.000210331273029 -0.350712224358
2.35619449019 -0.000218308622157 -0.354030746548
2.41902634326 -0.000216803228812 -0.35714398971
2.48185819634 -0.000207082441747 -0.36006356703
2.54469004941 -0.000190540597408 -0.362800274176
2.60752190248 -0.000168613108966 -0.365364110621
2.67035375555 -0.000142709867772 -0.367764314749
2.73318560862 -0.000114165472093 -0.370009407207
2.79601746169 -8.42043891733e-05 -0.372107240155
2.85884931477 -5.39182626218e-05 -0.37406504923
2.92168116784 -2.42535518442e-05 -0.37588950624
2.98451302091 3.99303392662e-06 -0.377586770849
3.04734487398 3.0172668545e-05 -0.379162540596
3.11017672705 5.37781715106e-05 -0.380622097874
3.17300858013 7.44343427943e-05 -0.381970353828
3.2358404332 9.18862468016e-05 -0.38321188857
3.29867228627 0.000105986268418 -0.384350987919
3.36150413934 0.000116680620722 -0.385391676207
3.42433599241 0.000123995876992 -0.386337745918
3.48716784548 0.000128025906793 -0.387192783629
3.54999969856 0.000128919562952 -0.387960193088
3.61283155163 0.000126869266849 -0.38864321518
3.6756634047 0.000122100606752 -0.389244945381
3.73849525777 0.000114863031959 -0.389768348846
3.80132711084 0.000105421632862 -0.390216273222
3.86415896392 9.4050059456e-05 -0.390591459731
3.92699081699 8.10243713323e-05 -0.390896552508
3.98982267006 6.66179521938e-05 -0.391134106482
4.05265452313 5.10972641887e-05 -0.391306594063
4.1154863762 3.47184560363e-05 -0.391416410636
4.17831822927 1.77246658009e-05 -0.391465879304
4.24115008235 3.44004048358e-07 -0.391457254677
4.30398193542 -1.72118843897e-05 -0.391392726081
4.36681378849 -3.47487950405e-05 -0.391274420287
4.42964564156 -5.20904830976e-05 -0.391104403669
4.49247749463 -6.90788317366e-05 -0.390884684105
4.55530934771 -8.55737273131e-05 -0.390617212526
4.61814120078 -0.000101452672117 -0.390303884263
4.68097305385 -0.000116610218162 -0.389946540207
4.74380490692 -0.000130957225016 -0.389546967857
4.80663675999 -0.00014442001198 -0.389106902226
4.86946861306 -0.000156939422723 -0.388628026743
4.93230046614 -0.000168469833137 -0.388111974075
4.99513231921 -0.000178978114151 -0.387560326913
5.05796417228 -0.000188442598465 -0.386974618804
5.12079602535 -0.00019685203598 -0.386356334926
5.18362787842 -0.000204204571095 -0.385706912924
5.24645973149 -0.000210506748421 -0.385027743747
5.30929158457 -0.00021577255463 -0.384320172487
5.37212343764 -0.000220022499791 -0.38358549929
5.43495529071 -0.00022328275674 -0.382824980247
5.49778714378 -0.000225584336481 -0.382039828327
5.56061899685 -0.000226962331015 -0.381231214343
5.62345084993 -0.000227455207416 -0.380400267934
5.686282703 -0.000227104152775 -0.379548078545
5.74911455607 -0.000225952476049 -0.378675696451
5.81194640914 -0.000224045066211 -0.37778413379
5.87477826221 -0.000221427897099 -0.376874365577
5.93761011528 -0.000218147584679 -0.375947330764
6.00044196836 -0.000214250991899 -0.375003933272
6.06327382143 -0.000209784876542 -0.374045043039
6.1261056745 -0.000204795581951 -0.373071497057
6.18893752757 -0.000199328767883 -0.372084100402
6.25176938064 -0.000193429179599 -0.371083627268
6.31460123372 -0.000187140443544 -0.370070821965
6.37743308679 -0.000180504907132 -0.369046399934
6.44026493986 -0.000173563493759 -0.368011048719
6.50309679293 -0.000166355594681 -0.366965428936
6.565928646 -0.000158918976295 -0.365910175223
6.62876049907 -0.000151289715562 -0.364845897165
6.69159235215 -0.000143502151257 -0.363773180198
6.75442420522 -0.000135588852015 -0.362692586495
6.81725605829 -0.000127580601969 -0.361604655827
6.88008791136 -0.000119506397249 -0.360509906395
6.94291976443 -0.000111393457028 -0.359408835647
7.00575161751 -0.000103267242709 -0.358301921065
7.06858347058 -9.5151486164e-05 -0.357189620927
7.13141532365 -8.70682279137e-05 -0.35607237505
7.19424717672 -7.90378571569e-05 -0.354950605498
7.25707902979 -7.10791615139e-05 -0.353824717279
7.31991088286 -6.32093796682e-05 -0.352695099009
7.38274273594 -5.54442554987e-05 -0.351562123554
7.44557458901 -4.77980975351e-05 -0.350426148643
7.50840644208 -4.02838395841e-05 -0.349287517478
7.57123829515 -3.29131009371e-05 -0.348146559293
7.63407014822 -2.56962499563e-05 -0.347003589917
7.69690200129 -1.86424661068e-05 -0.345858912295
7.75973385437 -1.17598026996e-05 -0.344712817006
7.82256570744 -5.05524900429e-06 -0.343565582743
7.88539756051 1.46520928457e-06 -0.342417476793
7.94822941358 7.79652884386e-06 -0.34126875548
8.01106126665 1.39345521388e-05 -0.3401196646
8.07389311973 1.9875947892e-05 -0.338970439836
8.1367249728 2.56181571876e-05 -0.337821307158
8.19955682587 3.11593399429e-05 -0.336672483197
8.26238867894 3.64983218821e-05 -0.335524175619
8.32522053201 4.16345461742e-05 -0.33437658347
8.38805238508 4.65680248585e-05 -0.333229897514
8.45088423816 5.12992940997e-05 -0.332084300552
8.51371609123 5.58293697264e-05 -0.330939967734
8.5765479443 6.01597063108e-05 -0.329797066849
8.63937979737 6.42921570604e-05 -0.328655758615
8.70221165044 6.82289377769e-05 -0.327516196944
8.76504350352 7.19725903942e-05 -0.326378529203
8.82787535659 7.55259497698e-05 -0.325242896465
8.89070720966 7.88921126409e-05 -0.324109433748
8.95353906273 8.20744074659e-05 -0.322978270236
9.0163709158 8.50763674194e-05 -0.321849529513
9.07920276887 8.79017036555e-05 -0.320723329756
9.14203462195 9.05542810816e-05 -0.31959978395
9.20486647502 9.30380961384e-05 -0.318479000077
9.26769832809 9.53572550477e-05 -0.317361081295
9.33053018116 9.7515954474e-05 -0.316246126126
9.39336203423 9.9518463319e-05 -0.315134228621
9.45619388731 0.000101369105765 -0.314025478526
9.51902574038 0.000103072245449 -0.312919961436
9.58185759345 0.000104632271644 -0.31181775895
9.64468944652 0.000106053585557 -0.310718948814
9.70752129959 0.000107340588724 -0.309623605062
9.77035315266 0.000108497671216 -0.308531798146
9.83318500574 0.000109529202567 -0.30744359507
9.89601685881 0.000110439521913 -0.306359059511
9.95884871188 0.000111232929743 -0.305278251937
10.021680565 0.000111913680879 -0.304201229725
10.084512418 0.000112485977621 -0.303128047266
10.1473442711 0.000112953963416 -0.302058756077
10.2101761242 0.000113321717843 -0.300993404899
10.2730079772 0.000113593252414 -0.299932039798
10.3358398303 0.000113772505347 -0.298874704256
10.3986716834 0.000113863339276 -0.297821439264
10.4615035365 0.000113869537293 -0.296772283414
10.5243353895 0.000113794800685 -0.295727272976
10.5871672426 0.000113642746983 -0.294686441988
10.6499990957 0.000113416908087 -0.293649822326
10.7128309487 0.000113120728439 -0.292617443787
10.7756628018 0.000112757565093 -0.291589334162
10.8384946549 0.000112330684994 -0.290565519298
10.901326508 0.000111843268625 -0.289546023185
10.964158361 0.000111298401281 -0.288530867987
11.0269902141 0.000110699089769 -0.28752007417
11.0898220672 0.000110048232385 -0.286513660453
11.1526539202 0.000109348671773 -0.285511644046
11.2154857733 0.000108603109537 -0.284514040427
11.2783176264 0.000107814239881 -0.283520863818
11.3411494795 0.000106984559631 -0.282532126659
11.4039813325 0.000106116622957 -0.281547840375
11.4668131856 0.000105212733657 -0.280568014649
11.5296450387 0.000104275287624 -0.279592658185
11.5924768917 0.000103306436548 -0.278621778262
11.6553087448 0.000102308386541 -0.277655380903
11.7181405979 0.000101283163576 -0.276693471228
11.780972451 0.000100232800843 -0.275736052836
11.843804304 9.91591633106e-05 -0.274783128624
11.9066361571 9.80641649608e-05 -0.273834700233
11.9694680102 9.69495063172e-05 -0.272890768277
12.0322998632 9.58169300143e-05 -0.271951332593
12.0951317163 9.46680917568e-05 -0.271016391889
12.1579635694 9.35044762382e-05 -0.270085944037
12.2207954225 9.2327684591e-05 -0.269159986133
12.2836272755 9.11391086245e-05 -0.268238514329
12.3464591286 8.99400860472e-05 -0.267321523983
12.4092909817 8.87320343583e-05 -0.266409009796
12.4721228348 8.75161389695e-05 -0.265500965632
12.5349546878 8.62935920676e-05 -0.264597384603
12.5977865409 8.49309691535e-05 -0.263738658715
12.660618394 8.3594234261e-05 -0.26288291742
12.723450247 8.22828322038e-05 -0.262030200407
12.7862821001 8.09962204196e-05 -0.261180545086
12.8491139532 7.97338687644e-05 -0.260333986679
12.9119458063 7.84952592134e-05 -0.2594905583
12.9747776593 7.72798855966e-05 -0.258650291034
13.0376095124 7.60872533618e-05 -0.257813214011
13.1004413655 7.49168792424e-05 -0.256979354487
13.1632732185 7.3768291009e-05 -0.256148737908
13.2261050716 7.26410273399e-05 -0.25532138798
13.2889369247 7.15346373603e-05 -0.254497326739
13.3517687778 7.0448680586e-05 -0.253676574608
13.4146006308 6.93827265552e-05 -0.252859150463
13.4774324839 6.83363546869e-05 -0.252045071691
13.540264337 6.73091540104e-05 -0.251234354246
13.60309619 6.63007229136e-05 -0.250427012706
13.6659280431 6.53106689539e-05 -0.249623060321
13.7287598962 6.43386086763e-05 -0.248822509071
13.7915917493 6.33841673467e-05 -0.248025369708
13.8544236023 6.24469787516e-05 -0.247231651809
13.9172554554 6.15266850588e-05 -0.246441363818
13.9800873085 6.06229364859e-05 -0.245654513093
14.0429191615 5.97353912912e-05 -0.244871105944
14.1057510146 5.88637154006e-05 -0.244091147681
14.1685828677 5.80075823802e-05 -0.243314642645
14.2314147208 5.7166673157e-05 -0.242541594253
14.2942465738 5.63406758953e-05 -0.241772005031
14.3570784269 5.55292857563e-05 -0.241005876651
14.41991028 5.4732204835e-05 -0.240243209964
14.482742133 5.3949141912e-05 -0.239484005034
14.5455739861 5.31798123049e-05 -0.23872826117
14.6084058392 5.24239377508e-05 -0.237975976954
14.6712376923 5.16812462203e-05 -0.237227150272
14.7340695453 5.09514718212e-05 -0.236481778347
14.7969013984 5.02343545215e-05 -0.235739857759
14.8597332515 4.95296402008e-05 -0.235001384474
14.9225651046 4.88370803424e-05 -0.234266353874
14.9853969576 4.81564319621e-05 -0.233534760775
15.0482288107 4.74874574978e-05 -0.232806599455
15.1110606638 4.68299247176e-05 -0.232081863676
15.1738925168 4.618360646e-05 -0.231360546707
15.2367243699 4.55482805704e-05 -0.230642641342
15.299556223 4.4923729897e-05 -0.229928139924
15.3623880761 4.43097420026e-05 -0.229217034366
15.4252199291 4.37061091629e-05 -0.228509316163
15.4880517822 4.31126282034e-05 -0.227804976419
15.5508836353 4.25291004076e-05 -0.227104005862
15.6137154883 4.19553314179e-05 -0.226406394857
15.6765473414 4.13911311625e-05 -0.225712133428
15.7393791945 4.08363136e-05 -0.225021211273
15.8022110476 4.02906968917e-05 -0.224333617776
15.8650429006 3.97541030432e-05 -0.223649342025
15.9278747537 3.92263579547e-05 -0.222968372828
15.9907066068 3.87072913437e-05 -0.222290698721
16.0535384598 3.81967365284e-05 -0.221616307987
16.1163703129 3.76945304748e-05 -0.220945188667
16.179202166 3.72005136455e-05 -0.220277328568
16.2420340191 3.67145299274e-05 -0.219612715285
16.3048658721 3.62364265909e-05 -0.218951336203
16.3676977252 3.57660541086e-05 -0.218293178511
16.4305295783 3.53032662161e-05 -0.217638229217
16.4933614313 3.48479197267e-05 -0.216986475151
16.5561932844 3.43998745249e-05 -0.216337902982
16.6190251375 3.39589934564e-05 -0.21569249922
16.6818569906 3.35251422419e-05 -0.215050250234
16.7446888436 3.30981895305e-05 -0.214411142256
16.8075206967 3.26780066597e-05 -0.213775161386
16.8703525498 3.22644677047e-05 -0.213142293609
16.9331844028 3.18574493976e-05 -0.212512524797
16.9960162559 3.14568310387e-05 -0.211885840718
17.058848109 3.1062494477e-05 -0.211262227042
17.1216799621 3.06743240346e-05 -0.210641669353
17.1845118151 3.02922063842e-05 -0.210024153149
17.2473436682 2.9916030627e-05 -0.209409663855
17.3101755213 2.95456880988e-05 -0.208798186825
17.3730073744 2.91810724713e-05 -0.20818970735
17.4358392274 2.8822079579e-05 -0.207584210664
17.4986710805 2.84686073417e-05 -0.20698168195
17.5615029336 2.81205558528e-05 -0.206382106342
17.6243347866 2.77778272171e-05 -0.205785468937
17.6871666397 2.74403256064e-05 -0.205191754794
17.7499984928 2.71079571066e-05 -0.204600948941
17.8128303459 2.67806296996e-05 -0.20401303638
17.8756621989 2.64582532559e-05 -0.20342800209
17.938494052 2.61407394939e-05 -0.202845831039
18.0013259051 2.58280018874e-05 -0.202266508173
18.0641577581 2.55199557566e-05 -0.201690018433
18.1269896112 2.52165179901e-05 -0.201116346757
18.1898214643 2.49176072442e-05 -0.200545478077
18.2526533174 2.46231437746e-05 -0.19997739733
18.3154851704 2.43330494527e-05 -0.199412089457
18.3783170235 2.40472477175e-05 -0.19884953941
18.4411488766 2.37656634852e-05 -0.19828973215
18.5039807296 2.34882232508e-05 -0.197732652655
18.5668125827 2.3214854882e-05 -0.197178285919
18.6296444358 2.29454877401e-05 -0.196626616959
18.6924762889 2.26800525827e-05 -0.196077630813
18.7553081419 2.2418481497e-05 -0.195531312548
18.818139995 2.2160707922e-05 -0.194987647254
18.8809718481 2.19066665919e-05 -0.194446620058
18.9438037011 2.1656293562e-05 -0.193908216116
19.0066355542 2.14095261253e-05 -0.193372420621
19.0694674073 2.11663027567e-05 -0.1928392188
19.1322992604 2.09265631934e-05 -0.192308595925
19.1951311134 2.06902482756e-05 -0.191780537303
19.2579629665 2.04573000424e-05 -0.191255028289
19.3207948196 2.02276616461e-05 -0.190732054278
19.3836266726 2.00012773037e-05 -0.190211600715
19.4464585257 1.97780923443e-05 -0.189693653091
19.5092903788 1.9558053137e-05 -0.189178196946
19.5721222319 1.93411070937e-05 -0.188665217872
19.6349540849 1.91272025711e-05 -0.188154701512
19.697785938 1.89162889876e-05 -0.187646633566
19.7606177911 1.87083167038e-05 -0.18714099978
19.8234496442 1.85032369648e-05 -0.186637785967
19.8862814972 1.83010020249e-05 -0.186136977989
19.9491133503 1.8101565006e-05 -0.185638561769
20.0119452034 1.79048799147e-05 -0.185142523288
20.0747770564 1.77109016004e-05 -0.184648848588
20.1376089095 1.75195857928e-05 -0.184157523771
20.2004407626 1.73308890403e-05 -0.183668535002
20.2632726157 1.71447687176e-05 -0.183181868506
20.3261044687 1.69611830003e-05 -0.182697510573
20.3889363218 1.67800907942e-05 -0.182215447558
20.4517681749 1.66014518239e-05 -0.181735665878
20.5146000279 1.64252265176e-05 -0.181258152017
20.577431881 1.6251376068e-05 -0.180782892525
20.6402637341 1.60798623678e-05 -0.180309874018
20.7030955872 1.59106480027e-05 -0.179839083178
20.7659274402 1.57436962827e-05 -0.179370506753
20.8287592933 1.55789711638e-05 -0.178904131564
20.8915911464 1.54164372539e-05 -0.178439944496
20.9544229994 1.52560598279e-05 -0.177977932503
21.0172548525 1.50978047557e-05 -0.177518082609
21.0800867056 1.49416386073e-05 -0.177060381906
21.1429185587 1.4787528424e-05 -0.176604817558
21.2057504117 1.46354420227e-05 -0.176151376795
21.2685822648 1.44853476405e-05 -0.175700046918
21.3314141179 1.43372141572e-05 -0.175250815302
21.3942459709 1.41910110374e-05 -0.174803669386
21.457077824 1.40467081984e-05 -0.174358596687
21.5199096771 1.39042762219e-05 -0.173915584786
21.5827415302 1.37636861073e-05 -0.173474621337
21.6455733832 1.36249094478e-05 -0.173035694065
21.7084052363 1.34879182649e-05 -0.172598790769
21.7712370894 1.33526851682e-05 -0.172163899312
21.8340689424 1.32191831561e-05 -0.171731007634
21.8969007955 1.30873857653e-05 -0.171300103743
21.9597326486 1.29572670158e-05 -0.170871175719
22.0225645017 1.28288013368e-05 -0.170444211714
22.0853963547 1.27019635832e-05 -0.170019199947
22.1482282078 1.25767291212e-05 -0.169596128713
22.2110600609 1.24530737251e-05 -0.169174986376
22.273891914 1.23309735436e-05 -0.168755761367
22.336723767 1.22104051918e-05 -0.168338442191
22.3995556201 1.20913456705e-05 -0.167923017426
22.4623874732 1.19737724216e-05 -0.167509475713
22.5252193262 1.18576631998e-05 -0.16709780577
22.5880511793 1.17429961799e-05 -0.166687996382
22.6508830324 1.16297499115e-05 -0.166280036404
22.7137148855 1.15179033502e-05 -0.165873914761
22.7765467385 1.14074357516e-05 -0.165469620449
22.8393785916 1.12983267355e-05 -0.16506714253
22.9022104447 1.11905562905e-05 -0.164666470139
22.9650422977 1.10841047549e-05 -0.164267592476
23.0278741508 1.09789527727e-05 -0.163870498812
23.0907060039 1.0875081343e-05 -0.163475178488
23.153537857 1.07724717315e-05 -0.163081620909
23.21636971 1.0671105616e-05 -0.16268981555
23.2792015631 1.0570964899e-05 -0.162299751958
23.3420334162 1.04720317804e-05 -0.16191141974
23.4048652692 1.03742888253e-05 -0.161524808573
23.4676971223 1.02777188555e-05 -0.161139908205
23.5305289754 1.01823049503e-05 -0.160756708444
23.5933608285 1.00880305407e-05 -0.16037519917
23.6561926815 9.99487928244e-06 -0.159995370325
23.7190245346 9.90283507551e-06 -0.159617211919
23.7818563877 9.81188216809e-06 -0.15924071403
23.8446882407 9.72200501081e-06 -0.158865866794
23.9075200938 9.63318831904e-06 -0.158492660418
23.9703519469 9.5454170479e-06 -0.158121085172
24.0331838 9.45867641189e-06 -0.157751131389
24.096015653 9.37295189196e-06 -0.15738278947
24.1588475061 9.28822918222e-06 -0.157016049872
24.2216793592 9.20449420772e-06 -0.156650903123
24.2845112122 9.12173308176e-06 -0.156287339812
24.3473430653 9.03993227208e-06 -0.155925350584
24.4101749184 8.95907829612e-06 -0.155564926159
24.4730067715 8.87915803727e-06 -0.155206057308
24.5358386245 8.80015848193e-06 -0.154848734868
24.5986704776 8.72206688918e-06 -0.154492949737
24.6615023307 8.6448706913e-06 -0.154138692874
24.7243341838 8.56855753728e-06 -0.153785955298
24.7871660368 8.49311530704e-06 -0.153434728089
24.8499978899 8.41853197819e-06 -0.153085002388
24.912829743 8.34479580103e-06 -0.152736769392
24.975661596 8.27189524077e-06 -0.15239002036
25.0384934491 8.19981878486e-06 -0.152044746611
25.1013253022 8.12855532484e-06 -0.15170093952
25.1641571553 8.05809372739e-06 -0.151358590521
25.2269890083 7.98842319227e-06 -0.151017691107
25.2898208614 7.91953297519e-06 -0.150678232826
25.3526527145 7.85141253434e-06 -0.150340207288
25.4154845675 7.78405155799e-06 -0.150003606152
25.4783164206 7.71743978145e-06 -0.149668421142
25.5411482737 7.65156721005e-06 -0.149334644032
25.6039801268 7.58642390419e-06 -0.149002266654
25.6668119798 7.5220001543e-06 -0.148671280896
25.7296438329 7.45828638404e-06 -0.148341678698
25.792475686 7.39527313609e-06 -0.148013452061
25.855307539 7.33295111655e-06 -0.147686593033
25.9181393921 7.27131120737e-06 -0.147361093721
25.9809712452 7.21034435802e-06 -0.147036946282
26.0438030983 7.15004172225e-06 -0.146714142931
26.1066349513 7.09039457014e-06 -0.14639267593
26.1694668044 7.03139427394e-06 -0.1460725376
26.2322986575 6.97303241104e-06 -0.145753720309
26.2951305105 6.91530059171e-06 -0.145436216479
26.3579623636 6.85819062785e-06 -0.145120018584
26.4207942167 6.80169438994e-06 -0.144805119147
26.4836260698 6.74580396076e-06 -0.144491510746
26.5464579228 6.69051147018e-06 -0.144179186006
26.6092897759 6.63580921856e-06 -0.143868137603
26.672121629 6.58168951606e-06 -0.143558358263
26.734953482 6.52814493662e-06 -0.143249840762
26.7977853351 6.47516805863e-06 -0.142942577924
26.8606171882 6.42275161677e-06 -0.142636562622
26.9234490413 6.37088844879e-06 -0.142331787779
26.9862808943 6.31957149277e-06 -0.142028246365
27.0491127474 6.2687937481e-06 -0.141725931399
27.1119446005 6.21854841398e-06 -0.141424835944
27.1747764536 6.16882872961e-06 -0.141124953115
27.2376083066 6.11962801145e-06 -0.140826276069
27.3004401597 6.07093971983e-06 -0.140528798013
27.3632720128 6.02275741546e-06 -0.140232512199
27.4261038658 5.9750747079e-06 -0.139937411923
27.4889357189 5.9278853195e-06 -0.139643490534
27.551767572 5.8811831094e-06 -0.139350741413
27.6145994251 5.83496193762e-06 -0.139059157999
27.6774312781 5.78921583116e-06 -0.138768733769
27.7402631312 5.74393891117e-06 -0.138479462242
27.8030949843 5.69912528903e-06 -0.138191336988
27.8659268373 5.65476923953e-06 -0.137904351615
27.9287586904 5.61086510853e-06 -0.137618499776
27.9915905435 5.56740734403e-06 -0.137333775168
28.0544223966 5.52439038159e-06 -0.137050171528
28.1172542496 5.48180883708e-06 -0.136767682638
28.1800861027 5.43965738675e-06 -0.136486302322
28.2429179558 5.39793072907e-06 -0.136206024444
28.3057498088 5.35662368684e-06 -0.135926842908
28.3685816619 5.31573117168e-06 -0.135648751665
28.431413515 5.27524808991e-06 -0.135371744703
28.4942453681 5.23516948636e-06 -0.135095816049
28.5570772211 5.19549045475e-06 -0.134820959774
28.6199090742 5.15620620245e-06 -0.134547169985
28.6827409273 5.11731188357e-06 -0.134274440832
28.7455727803 5.07880287692e-06 -0.134002766505
28.8084046334 5.0406745169e-06 -0.133732141228
28.8712364865 5.00292222583e-06 -0.133462559268
28.9340683396 4.96554152463e-06 -0.133194014932
28.9969001926 4.92852794576e-06 -0.132926502559
29.0597320457 4.89187713981e-06 -0.132660016534
29.1225638988 4.85558475916e-06 -0.132394551272
29.1853957518 4.81964656984e-06 -0.13213010123
29.2482276049 4.78405835569e-06 -0.131866660902
29.311059458 4.74881598489e-06 -0.131604224818
29.3738913111 4.71391538159e-06 -0.131342787543
29.4367231641 4.67935250015e-06 -0.131082343682
29.4995550172 4.64512338461e-06 -0.130822887871
29.5623868703 4.61122408257e-06 -0.130564414787
29.6252187234 4.57765080508e-06 -0.130306919139
29.6880505764 4.54439963704e-06 -0.130050395674
29.7508824295 4.51146690583e-06 -0.12979483917
29.8137142826 4.47884885979e-06 -0.129540244445
29.8765461356 4.44654189824e-06 -0.129286606347
29.9393779887 4.4145423086e-06 -0.129033919761
30.0022098418 4.38284661719e-06 -0.128782179604
30.0650416949 4.35145126421e-06 -0.128531380825
30.1278735479 4.32035284081e-06 -0.128281518415
30.190705401 4.28954790177e-06 -0.128032587388
30.2535372541 4.25903304269e-06 -0.127784582797
30.3163691071 4.22880496576e-06 -0.127537499725
30.3792009602 4.19886042113e-06 -0.127291333288
30.4420328133 4.16919611634e-06 -0.127046078638
30.5048646664 4.13980890013e-06 -0.126801730952
30.5676965194 4.11069559458e-06 -0.126558285442
30.6305283725 4.08185308753e-06 -0.126315737356
30.6933602256 4.0532783272e-06 -0.126074081967
30.7561920786 4.02496827068e-06 -0.125833314582
30.8190239317 3.99691994524e-06 -0.125593430539
30.8818557848 3.96913041634e-06 -0.125354425204
30.9446876379 3.94159672634e-06 -0.125116293975
31.0075194909 3.91431601354e-06 -0.124879032283
31.070351344 3.88728548106e-06 -0.124642635584
31.1331831971 3.8605022965e-06 -0.124407099367
31.1960150501 3.83396373316e-06 -0.12417241915
31.2588469032 3.80766703501e-06 -0.123938590479
31.3216787563 3.78160953929e-06 -0.12370560893
31.3845106094 3.75578855749e-06 -0.123473470107
31.4473424624 3.73020150946e-06 -0.123242169645
31.5101743155 3.70484578749e-06 -0.123011703202
31.5730061686 3.67971884252e-06 -0.122782066472
31.6358380216 3.65481815745e-06 -0.122553255172
31.6986698747 3.6301412516e-06 -0.122325265046
31.7615017278 3.60568565316e-06 -0.12209809187
31.8243335809 3.58144893831e-06 -0.121871731441
31.8871654339 3.55742876401e-06 -0.121646179589
31.949997287 3.53362268779e-06 -0.121421432167
32.0128291401 3.51002843058e-06 -0.121197485058
32.0756609932 3.48664370176e-06 -0.120974334171
32.1384928462 3.46346620628e-06 -0.120751975438
32.2013246993 3.44049366596e-06 -0.12053040482
32.2641565524 3.41772395096e-06 -0.120309618304
32.3269884054 3.39515479642e-06 -0.120089611904
32.3898202585 3.37278408846e-06 -0.119870381655
32.4526521116 3.35060964218e-06 -0.119651923622
32.5154839647 3.32862943253e-06 -0.119434233892
32.5783158177 3.30684132077e-06 -0.119217308581
32.6411476708 3.28524326143e-06 -0.119001143825
32.7039795239 3.26383323745e-06 -0.118785735788
32.7668113769 3.24260923268e-06 -0.118571080659
32.82964323 3.22156930288e-06 -0.118357174646
32.8924750831 3.20071146209e-06 -0.118144013989
32.9553069362 3.18003379451e-06 -0.117931594945
33.0181387892 3.15953440477e-06 -0.117719913798
33.0809706423 3.1392114046e-06 -0.117508966857
33.1438024954 3.11906291195e-06 -0.117298750451
33.2066343484 3.09908714957e-06 -0.117089260936
33.2694662015 3.07928223631e-06 -0.116880494685
33.3322980546 3.05964643399e-06 -0.116672448102
33.3951299077 3.04017796271e-06 -0.116465117607
33.4579617607 3.0208750772e-06 -0.116258499646
33.5207936138 3.00173603929e-06 -0.116052590683
33.5836254669 2.98275914545e-06 -0.115847387215
33.6464573199 2.96394272592e-06 -0.115642885748
33.709289173 2.94528513933e-06 -0.115439082818
33.7721210261 2.92678469727e-06 -0.115235974979
33.8349528792 2.90843979034e-06 -0.115033558812
33.8977847322 2.89024884115e-06 -0.114831830909
33.9606165853 2.87221027051e-06 -0.114630787895
34.0234484384 2.85432246372e-06 -0.114430426409
34.0862802914 2.8365839011e-06 -0.114230743112
34.1491121445 2.81899307097e-06 -0.114031734687
34.2119439976 2.80154844923e-06 -0.113833397839
34.2747758507 2.78424854816e-06 -0.113635729289
34.3376077037 2.76709190938e-06 -0.113438725784
34.4004395568 2.7500770754e-06 -0.113242384087
34.4632714099 2.73320256472e-06 -0.113046700981
34.526103263 2.71646701666e-06 -0.112851673272
34.588935116 2.69986899681e-06 -0.112657297783
34.6517669691 2.68340713205e-06 -0.112463571361
34.7145988222 2.66708002972e-06 -0.112270490865
34.7774306752 2.65088635221e-06 -0.112078053179
34.8402625283 2.63482477436e-06 -0.111886255206
34.9030943814 2.61889395148e-06 -0.111695093864
34.9659262345 2.60309258771e-06 -0.111504566095
35.0287580875 2.5874193561e-06 -0.111314668857
35.0915899406 2.5718730301e-06 -0.111125399125
35.1544217937 2.55645234581e-06 -0.110936753899
35.2172536467 2.54115599496e-06 -0.11074873019
35.2800854998 2.52598283179e-06 -0.110561325031
35.3429173529 2.51093158621e-06 -0.110374535472
35.405749206 2.49600104407e-06 -0.11018835858
35.468581059 2.48119005253e-06 -0.110002791445
35.5314129121 2.46649741875e-06 -0.109817831167
35.5942447652 2.45192195081e-06 -0.109633474872
35.6570766182 2.43746255624e-06 -0.109449719694
35.7199084713 2.42311806442e-06 -0.109266562793
35.7827403244 2.40888736158e-06 -0.109084001342
35.8455721775 2.39476931885e-06 -0.108902032529
35.9084040305 2.3807628704e-06 -0.108720653566
35.9712358836 2.36686691402e-06 -0.108539861673
36.0340677367 2.35308038921e-06 -0.108359654096
36.0968995897 2.33940221239e-06 -0.108180028088
36.1597314428 2.32583134263e-06 -0.108000980927
36.2225632959 2.31236677362e-06 -0.107822509901
36.285395149 2.29900745463e-06 -0.107644612321
36.348227002 2.28575235806e-06 -0.107467285507
36.4110588551 2.27260052021e-06 -0.107290526798
36.4738907082 2.25955093214e-06 -0.107114333548
36.5367225612 2.24660260351e-06 -0.106938703134
36.5995544143 2.23375458841e-06 -0.106763632937
36.6623862674 2.22100590186e-06 -0.106589120361
36.7252181205 2.20835563702e-06 -0.10641516282
36.7880499735 2.19580283112e-06 -0.106241757754
36.8508818266 2.18334655333e-06 -0.106068902606
36.9137136797 2.17098590838e-06 -0.105896594841
36.9765455328 2.15871998321e-06 -0.105724831937
37.0393773858 2.14654790298e-06 -0.105553611389
37.1022092389 2.13446872799e-06 -0.105382930702
37.165041092 2.12248164466e-06 -0.105212787403
37.227872945 2.11058576305e-06 -0.105043179026
37.2907047981 2.09878022162e-06 -0.104874103123
37.3535366512 2.08706419347e-06 -0.104705557262
37.4163685043 2.0754368002e-06 -0.104537539026
37.4792003573 2.06389725577e-06 -0.104370046005
37.5420322104 2.05244475815e-06 -0.104203075811
37.6048640635 2.04107841739e-06 -0.104036626068
37.6676959165 2.0297975194e-06 -0.103870694411
37.7305277696 2.01860123372e-06 -0.103705278489
37.7933596227 2.00748879209e-06 -0.103540375972
37.8561914758 1.9964593827e-06 -0.103375984532
37.9190233288 1.98551229769e-06 -0.103212101866
37.9818551819 1.97464671459e-06 -0.103048725675
38.044687035 1.96386191931e-06 -0.102885853681
38.107518888 1.95315718354e-06 -0.102723483614
38.1703507411 1.94253173813e-06 -0.102561613216
38.2331825942 1.93198489562e-06 -0.102400240251
38.2960144473 1.9215159206e-06 -0.102239362484
38.3588463003 1.9111241043e-06 -0.102078977702
38.4216781534 1.90080872198e-06 -0.101919083701
38.4845100065 1.89056910127e-06 -0.10175967829
38.5473418595 1.88040454319e-06 -0.101600759292
38.6101737126 1.87031439935e-06 -0.101442324538
38.6730055657 1.86029795568e-06 -0.101284371879
38.7358374188 1.85035458156e-06 -0.101126899171
38.7986692718 1.84048358776e-06 -0.100969904289
38.8615011249 1.83068436233e-06 -0.100813385113
38.924332978 1.82095619916e-06 -0.100657339541
38.987164831 1.81129852628e-06 -0.100501765481
39.0499966841 1.80171066866e-06 -0.100346660849
39.1128285372 1.79219200813e-06 -0.100192023582
39.1756603903 1.78274195584e-06 -0.10003785162
39.2384922433 1.77335987761e-06 -0.0998841429196
39.3013240964 1.76404513574e-06 -0.0997308954457
39.3641559495 1.75479719733e-06 -0.0995781071771
39.4269878026 1.74561542199e-06 -0.0994257761042
39.4898196556 1.73649925816e-06 -0.0992739002282
39.5526515087 1.72744809834e-06 -0.0991224775605
39.6154833618 1.71846137764e-06 -0.0989715061257
39.6783152148 1.70953855161e-06 -0.0988209839587
39.7411470679 1.70067899408e-06 -0.0986709091019
39.803978921 1.691882213e-06 -0.0985212796168
39.8668107741 1.68314764792e-06 -0.0983720935699
39.9296426271 1.67447472954e-06 -0.0982233490392
39.9924744802 1.66586291872e-06 -0.0980750441119
40.0553063333 1.65731170032e-06 -0.0979271768893
40.1181381863 1.64882053966e-06 -0.0977797454828
40.1809700394 1.6403889278e-06 -0.0976327480169
40.2438018925 1.63201631764e-06 -0.0974861826164
40.3066337456 1.62370223222e-06 -0.0973400474289
40.3694655986 1.61544612176e-06 -0.097194340604
40.4322974517 1.60724752529e-06 -0.0970490603057
40.4951293048 1.59910592146e-06 -0.0969042047051
40.5579611578 1.59102083774e-06 -0.096759771988
40.6207930109 1.58299178299e-06 -0.0966157603471
40.683624864 1.57501825626e-06 -0.0964721679837
40.7464567171 1.56709980548e-06 -0.0963289931131
40.8092885701 1.55923593415e-06 -0.0961862339575
40.8721204232 1.55142619462e-06 -0.0960438887499
40.9349522763 1.54367013749e-06 -0.0959019557309
40.9977841293 1.53596726982e-06 -0.0957604331549
41.0606159824 1.5283171706e-06 -0.0956193192832
41.1234478355 1.52071935933e-06 -0.0954786123884
41.1862796886 1.51317344876e-06 -0.0953383107471
41.2491115416 1.50567892554e-06 -0.0951984126558
41.3119433947 1.49823538109e-06 -0.0950589164081
41.3747752478 1.49084242818e-06 -0.0949198203157
41.4376071008 1.48349959161e-06 -0.0947811226973
41.5004389539 1.47620646196e-06 -0.0946428218813
41.563270807 1.46896262532e-06 -0.0945049162017
41.6261026601 1.46176766957e-06 -0.0943674040039
41.6889345131 1.45462118528e-06 -0.0942302836436
41.7517663662 1.447522747e-06 -0.0940935534845
41.8145982193 1.44047199147e-06 -0.0939572118985
41.8774300724 1.4334684808e-06 -0.0938212572663
41.9402619254 1.42651185087e-06 -0.0936856879783
42.0030937785 1.41960168687e-06 -0.0935505024335
42.0659256316 1.41273762111e-06 -0.0934156990373
42.1287574846 1.40591927522e-06 -0.0932812762079
42.1915893377 1.3991462513e-06 -0.0931472323669
42.2544211908 1.39241817543e-06 -0.0930135659507
42.3172530439 1.38573471808e-06 -0.092880275397
42.3800848969 1.37909546893e-06 -0.0927473591584
42.44291675 1.37250007892e-06 -0.0926148156912
42.5057486031 1.36594816702e-06 -0.0924826434606
42.5685804561 1.35943940993e-06 -0.0923508409437
42.6314123092 1.35297344173e-06 -0.0922194066193
42.6942441623 1.3465498947e-06 -0.0920883389843
42.7570760154 1.34016842779e-06 -0.0919576365316
42.8199078684 1.33382873813e-06 -0.0918272977684
42.8827397215 1.32753042781e-06 -0.0916973212129
42.9455715746 1.32127317976e-06 -0.0915677053842
43.0084034276 1.31505669554e-06 -0.0914384488141
43.0712352807 1.30888061278e-06 -0.0913095500402
43.1340671338 1.30274457177e-06 -0.0911810076108
43.1968989869 1.2966483478e-06 -0.0910528200734
43.2597308399 1.29059151366e-06 -0.0909249859968
43.322562693 1.28457380466e-06 -0.0907975039457
43.3853945461 1.27859489218e-06 -0.0906703724953
43.4482263991 1.27265447958e-06 -0.0905435902325
43.5110582522 1.26675223733e-06 -0.0904171557466
43.5738901053 1.26088788122e-06 -0.0902910676368
43.6367219584 1.25506108795e-06 -0.0901653245116
43.6995538114 1.24927159018e-06 -0.0900399249807
43.7623856645 1.24351904418e-06 -0.0899148676659
43.8252175176 1.23780318795e-06 -0.0897901511962
43.8880493706 1.23212373015e-06 -0.0896657742042
43.9508812237 1.22648036438e-06 -0.0895417353349
44.0137130768 1.22087280552e-06 -0.089418033235
44.0765449299 1.21530077823e-06 -0.0892946665617
44.1393767829 1.20976399387e-06 -0.0891716339788
44.202208636 1.20426219929e-06 -0.0890489341563
44.2650404891 1.1987951023e-06 -0.088926565769
44.3278723422 1.19336241777e-06 -0.0888045275068
44.3907041952 1.18796388282e-06 -0.0886828180521
44.4535360483 1.18259925586e-06 -0.088561436108
44.5163679014 1.17726824111e-06 -0.0884403803765
44.5791997544 1.17197056237e-06 -0.0883196495723
44.6420316075 1.16670599759e-06 -0.0881992424076
44.7048634606 1.16147426876e-06 -0.0880791576091
44.7676953137 1.1562751272e-06 -0.087959393907
44.8305271667 1.15110828602e-06 -0.08783995004
44.8933590198 1.1459735525e-06 -0.0877208247495
44.9561908729 1.14087066816e-06 -0.0876020167879
45.0190227259 1.13579930705e-06 -0.087483524908
45.081854579 1.13075933417e-06 -0.087365347878
45.1446864321 1.12575042976e-06 -0.0872474844621
45.2075182852 1.12077241088e-06 -0.0871299334397
45.2703501382 1.11582498352e-06 -0.0870126935919
45.3331819913 1.11090794697e-06 -0.0868957637057
45.3960138444 1.10602107029e-06 -0.086779142571
45.4588456974 1.10116412078e-06 -0.086662828996
45.5216775505 1.09633684353e-06 -0.086546821782
45.5845094036 1.0915390245e-06 -0.0864311197406
45.6473412567 1.08677047805e-06 -0.0863157216915
45.7101731097 1.08203091731e-06 -0.0862006264626
45.7730049628 1.07732017263e-06 -0.0860858328805
45.8358368159 1.07263799975e-06 -0.0859713397798
45.8986686689 1.06798418376e-06 -0.0858571460055
45.961500522 1.06335851413e-06 -0.0857432504042
46.0243323751 1.05876078571e-06 -0.0856296518299
46.0871642282 1.0541907578e-06 -0.0855163491422
46.1499960812 1.04964824565e-06 -0.0854033412059
46.2128279343 1.04513304144e-06 -0.0852906268914
46.2756597874 1.04064494533e-06 -0.0851782050754
46.3384916404 1.03618372105e-06 -0.0850660746411
46.4013234935 1.03174921406e-06 -0.0849542344743
46.4641553466 1.02734121032e-06 -0.0848426834687
46.5269871997 1.02295948512e-06 -0.0847314205236
46.5898190527 1.01860387591e-06 -0.0846204445435
46.6526509058 1.01427414645e-06 -0.0845097544383
46.7154827589 1.00997014485e-06 -0.0843993491205
46.778314612 1.00569164907e-06 -0.0842892275129
46.841146465 1.00143850812e-06 -0.0841793885379
46.9039783181 9.97210503506e-07 -0.0840698311337
46.9668101712 9.93007459371e-07 -0.0839605542308
47.0296420242 9.88829174098e-07 -0.0838515567723
47.0924738773 9.84675482485e-07 -0.0837428377052
47.1553057304 9.80546199791e-07 -0.0836343959806
47.2181375835 9.76441138612e-07 -0.0835262305579
47.2809694365 9.72360131968e-07 -0.0834183403975
47.3438012896 9.68303022653e-07 -0.0833107244693
47.4066331427 9.6426958951e-07 -0.0832033817414
47.4694649957 9.60259677996e-07 -0.0830963111947
47.5322968488 9.5627312291e-07 -0.0829895118115
47.5951287019 9.52309737734e-07 -0.0828829825791
47.657960555 9.48369398124e-07 -0.0827767224875
47.720792408 9.44451875817e-07 -0.0826707305368
47.7836242611 9.40557048246e-07 -0.0825650057299
47.8464561142 9.36684713793e-07 -0.0824595470716
47.9092879672 9.32834753442e-07 -0.0823543535747
47.9721198203 9.29006955808e-07 -0.0822494242566
48.0349516734 9.25201225854e-07 -0.0821447581386
48.0977835265 9.21417348643e-07 -0.0820403542472
48.1606153795 9.17655164301e-07 -0.0819362116114
48.2234472326 9.13914560918e-07 -0.0818323292699
48.2862790857 9.10195356418e-07 -0.0817287062605
48.3491109387 9.06497393593e-07 -0.0816253416287
48.4119427918 9.02820512572e-07 -0.0815222344249
48.4747746449 8.99164601442e-07 -0.0814193837027
48.537606498 8.95529449707e-07 -0.0813167885214
48.600438351 8.91914972101e-07 -0.0812144479445
48.6632702041 8.88320990988e-07 -0.0811123610375
48.7261020572 8.84747336727e-07 -0.0810105268738
48.7889339102 8.81193913393e-07 -0.0809089445318
48.8517657633 8.77660546017e-07 -0.0808076130884
48.9145976164 8.74147097818e-07 -0.0807065316341
48.9774294695 8.70653411589e-07 -0.0806056992537
49.0402613225 8.67179385189e-07 -0.080505115046
49.1030931756 8.63724856082e-07 -0.0804047781065
49.1659250287 8.60289687488e-07 -0.080304687539
49.2287568818 8.56873779043e-07 -0.0802048424466
49.2915887348 8.53476914919e-07 -0.0801052419498
49.3544205879 8.50099030281e-07 -0.0800058851559
49.417252441 8.46739942162e-07 -0.0799067711836
49.480084294 8.43399575956e-07 -0.0798078991659
49.5429161471 8.40077762909e-07 -0.0797092682224
49.6057480002 8.36774393775e-07 -0.0796108774873
49.6685798533 8.33489341545e-07 -0.0795127260979
49.7314117063 8.30222407266e-07 -0.0794148131947
49.7942435594 8.26973574064e-07 -0.0793171379191
49.8570754125 8.23742658085e-07 -0.0792196994243
49.9199072655 8.20529527878e-07 -0.0791224968587
49.9827391186 8.17334045777e-07 -0.0790255293797
50.0455709717 8.14156158491e-07 -0.0789287961456
50.1084028248 8.10995677725e-07 -0.0788322963235
50.1712346778 8.07852530649e-07 -0.0787360290804
50.2340665309 8.04726539627e-07 -0.0786399935895
50.296898384 8.01617648705e-07 -0.0785441890235
50.359730237 7.98525717549e-07 -0.0784486145644
50.4225620901 7.95450629809e-07 -0.078353269399
50.4853939432 7.92392260252e-07 -0.0782581527072
50.5482257963 7.8935047565e-07 -0.0781632636832
50.6110576493 7.86325229818e-07 -0.0780686015261
50.6738895024 7.8331634068e-07 -0.0779741654284
50.7367213555 7.80323714089e-07 -0.0778799545967
50.7995532085 7.77347258563e-07 -0.0777859682335
50.8623850616 7.74386853308e-07 -0.0776922055517
50.9252169147 7.71442409508e-07 -0.0775986657622
50.9880487678 7.68513776173e-07 -0.0775053480827
51.0508806208 7.65600869812e-07 -0.0774122517353
51.1137124739 7.62703592727e-07 -0.0773193759419
51.176544327 7.59821800145e-07 -0.0772267199291
51.23937618 7.56955456538e-07 -0.0771342829331
51.3022080331 7.5410437983e-07 -0.0770420641827
51.3650398862 7.51268530941e-07 -0.0769500629206
51.4278717393 7.48447751775e-07 -0.0768582783864
51.4907035923 7.45642014799e-07 -0.0767667098277
51.5535354454 7.42851153923e-07 -0.0766753564926
51.6163672985 7.40075078554e-07 -0.0765842176286
51.6791991516 7.37313721189e-07 -0.0764932924951
51.7420310046 7.34566948601e-07 -0.0764025803543
51.8048628577 7.3183466931e-07 -0.0763120804624
51.8676947108 7.29116822917e-07 -0.0762217920876
51.9305265638 7.26413282415e-07 -0.0761317144994
51.9933584169 7.23723925233e-07 -0.0760418469702
52.05619027 7.21048739827e-07 -0.0759521887731
52.1190221231 7.18387532572e-07 -0.0758627391878
52.1818539761 7.15740294588e-07 -0.0757734975012
52.2446858292 7.13106892647e-07 -0.0756844629923
52.3075176823 7.10487226385e-07 -0.0755956349552
52.3703495353 7.07881240736e-07 -0.0755070126766
52.4331813884 7.05288794478e-07 -0.0754185954536
52.4960132415 7.02709850309e-07 -0.075330382587
52.5588450946 7.00144293653e-07 -0.0752423733754
52.6216769476 6.9759204635e-07 -0.0751545671209
52.6845088007 6.95053007149e-07 -0.0750669631355
52.7473406538 6.9252709789e-07 -0.0749795607282
52.8101725068 6.9001426084e-07 -0.0748923592128
52.8730043599 6.87514345898e-07 -0.0748053579067
52.935836213 6.85027314873e-07 -0.0747185561294
52.9986680661 6.82553089604e-07 -0.0746319532014
53.0614999191 6.80091551963e-07 -0.0745455484529
53.1243317722 6.77642659319e-07 -0.0744593412105
53.1871636253 6.75206301537e-07 -0.074373330808
53.2499954783 6.72782395128e-07 -0.0742875165785
53.3128273314 6.70370886802e-07 -0.0742018978589
53.3756591845 6.67971666424e-07 -0.0741164739909
53.4384910376 6.65584691362e-07 -0.0740312443208
53.5013228906 6.6320982306e-07 -0.0739462081926
53.5641547437 6.60847029543e-07 -0.0738613649556
53.6269865968 6.58496251305e-07 -0.073776713961
53.6898184498 6.56157375545e-07 -0.0736922545693
53.7526503029 6.53830301012e-07 -0.0736079861348
53.815482156 6.51514999284e-07 -0.0735239080161
53.8783140091 6.49211412629e-07 -0.0734400195814
53.9411458621 6.46919409597e-07 -0.0733563201972
54.0039777152 6.44638933345e-07 -0.0732728092299
54.0668095683 6.42369929693e-07 -0.0731894860554
54.1296414214 6.40112308048e-07 -0.0731063500397
54.1924732744 6.37865993802e-07 -0.0730234005716
54.2553051275 6.35630938106e-07 -0.0729406370232
54.3181369806 6.3340705303e-07 -0.072858058784
54.3809688336 6.31194260414e-07 -0.0727756652343
54.4438006867 6.28992500751e-07 -0.072693455765
54.5066325398 6.26801706538e-07 -0.0726114297634
54.5694643929 6.24621783629e-07 -0.0725295866309
54.6322962459 6.22452711596e-07 -0.0724479257595
54.695128099 6.20294389186e-07 -0.0723664465451
54.7579599521 6.18146778208e-07 -0.0722851483931
54.8207918051 6.16009743659e-07 -0.072204030706
54.8836236582 6.13883297973e-07 -0.0721230928926
54.9464555113 6.11767309699e-07 -0.0720423343564
55.0092873644 6.09661751305e-07 -0.071961754519
55.0721192174 6.075665544e-07 -0.0718813527882
55.1349510705 6.05481673688e-07 -0.0718011285777
55.1977829236 6.03406988375e-07 -0.0717210813135
55.2606147766 6.01342470929e-07 -0.0716412104166
55.3234466297 5.992880725e-07 -0.0715615153085
55.3862784828 5.97243702494e-07 -0.071481995418
55.4491103359 5.95209303178e-07 -0.0714026501713
55.5119421889 5.93184851461e-07 -0.0713234790046
55.574774042 5.91170222997e-07 -0.0712444813508
55.6376058951 5.89165393805e-07 -0.0711656566444
55.7004377481 5.87170289279e-07 -0.0710870043269
55.7632696012 5.85184865898e-07 -0.0710085238395
55.8261014543 5.83209041061e-07 -0.0709302146239
55.8889333074 5.81242782793e-07 -0.0708520761239
55.9517651604 5.79286028035e-07 -0.0707741078003
56.0145970135 5.77338701291e-07 -0.0706963090884
56.0774288666 5.75400747493e-07 -0.0706186794503
56.1402607196 5.73472127563e-07 -0.0705412183393
56.2030925727 5.7155276334e-07 -0.0704639252138
56.2659244258 5.69642610415e-07 -0.070386799532
56.3287562789 5.67741600399e-07 -0.0703098407577
56.3915881319 5.65849682665e-07 -0.070233048359
56.454419985 5.6396683501e-07 -0.0701564217943
56.5172518381 5.62092942857e-07 -0.070079960545
56.5800836912 5.60227998214e-07 -0.0700036640695
56.6429155442 5.58371953119e-07 -0.0699275318498
56.7057473973 5.56524689443e-07 -0.0698515633612
56.7685792504 5.54686208964e-07 -0.0697757580735
56.8314111034 5.52856429969e-07 -0.0697001154803
56.8942429565 5.51035344465e-07 -0.069624635054
56.9570748096 5.4922286008e-07 -0.0695493162808
57.0199066627 5.47418926189e-07 -0.0694741586498
57.0827385157 5.45623518811e-07 -0.069399161651
57.1455703688 5.43836550015e-07 -0.0693243247743
57.2084022219 5.42058019803e-07 -0.0692496475099
57.2712340749 5.40287804718e-07 -0.0691751293557
57.334065928 5.38525929628e-07 -0.0691007698084
57.3968977811 5.36772299498e-07 -0.0690265683669
57.4597296342 5.35026892123e-07 -0.0689525245349
57.5225614872 5.33289628457e-07 -0.0688786378122
57.5853933403 5.31560480965e-07 -0.0688049077083
57.6482251934 5.29839391916e-07 -0.0687313337317
57.7110570464 5.28126335553e-07 -0.0686579153869
57.7738888995 5.26421209734e-07 -0.0685846521896
57.8367207526 5.24724035778e-07 -0.0685115436539
57.8995526057 5.23034720423e-07 -0.0684385892909
57.9623844587 5.21353240579e-07 -0.0683657886248
58.0252163118 5.19679532296e-07 -0.0682931411727
58.0880481649 5.18013552053e-07 -0.0682206464557
58.1508800179 5.1635528564e-07 -0.0681483039964
58.213711871 5.14704636245e-07 -0.0680761133245
58.2765437241 5.13061597651e-07 -0.0680040739629
58.3393755772 5.11426102356e-07 -0.0679321854431
58.4022074302 5.09798143256e-07 -0.0678604472992
58.4650392833 5.08177630643e-07 -0.0677888590622
58.5278711364 5.06564544978e-07 -0.0677174202658
58.5907029894 5.04958841852e-07 -0.0676461304522
58.6535348425 5.03360455539e-07 -0.0675749891527
58.7163666956 5.01769389594e-07 -0.0675039959179
58.7791985487 5.00185551644e-07 -0.0674331502833
58.8420304017 4.98608947019e-07 -0.0673624517938
58.9048622548 4.97039479797e-07 -0.0672919000025
58.9676941079 4.95477165074e-07 -0.0672214944508
59.030525961 4.93921914924e-07 -0.067151234692
59.093357814 4.92373713357e-07 -0.0670811202764
59.1561896671 4.90832530176e-07 -0.0670111507616
59.2190215202 4.89298281892e-07 -0.0669413257019
59.2818533732 4.87770974722e-07 -0.0668716446512
59.3446852263 4.8625054383e-07 -0.0668021071715
59.4075170794 4.84736953688e-07 -0.0667327128255
59.4703489325 4.8323017765e-07 -0.066663461172
59.5331807855 4.81730138446e-07 -0.0665943517803
59.5960126386 4.8023684851e-07 -0.0665253842152
59.6588444917 4.7875024034e-07 -0.0664565580391
59.7216763447 4.77270279298e-07 -0.0663878728298
59.7845081978 4.7579693252e-07 -0.0663193281557
59.8473400509 4.74330145828e-07 -0.0662509235886
59.910171904 4.72869908563e-07 -0.0661826587053
59.973003757 4.71416144343e-07 -0.0661145330812
60.0358356101 4.69968878036e-07 -0.0660465462976
60.0986674632 4.68528011943e-07 -0.0659786979279
60.1614993162 4.67093540735e-07 -0.0659109875624
60.2243311693 4.6566544043e-07 -0.0658434147789
60.2871630224 4.64243628429e-07 -0.0657759791641
60.3499948755 4.62828110059e-07 -0.0657086803035
60.4128267285 4.6141884269e-07 -0.0656415177884
60.4756585816 4.60015769477e-07 -0.0655744912025
60.5384904347 4.58618877097e-07 -0.0655076001469
60.6013222877 4.57228120254e-07 -0.0654408442034
60.6641541408 4.55843466085e-07 -0.0653742229774
60.7269859939 4.54464899491e-07 -0.0653077360584
60.789817847 4.53092350305e-07 -0.0652413830486
60.8526497 4.51725820305e-07 -0.0651751635443
60.9154815531 4.5036527041e-07 -0.0651090771466
60.9783134062 4.49010618908e-07 -0.0650431234636
61.0411452592 4.47661898662e-07 -0.0649773020933
61.1039771123 4.46319041281e-07 -0.0649116126454
61.1668089654 4.44982016568e-07 -0.0648460547255
61.2296408185 4.43650817417e-07 -0.0647806279424
61.2924726715 4.42325370997e-07 -0.0647153319062
61.3553045246 4.4100566754e-07 -0.0646501662325
61.4181363777 4.39691675957e-07 -0.064585130529
61.4809682308 4.38383371382e-07 -0.0645202244157
61.5438000838 4.37080693416e-07 -0.0644554475045
61.6066319369 4.35783649166e-07 -0.0643907994233
61.66946379 4.34492191559e-07 -0.0643262797792
61.732295643 4.3320628329e-07 -0.0642618882019
61.7951274961 4.31925871958e-07 -0.064197624308
61.8579593492 4.30650973549e-07 -0.0641334877247
61.9207912023 4.29381536549e-07 -0.0640694780768
61.9836230553 4.28117518325e-07 -0.0640055949933
62.0464549084 4.26858923319e-07 -0.0639418380989
62.1092867615 4.2560570801e-07 -0.0638782070239
62.1721186145 4.24357796014e-07 -0.0638147014006
62.2349504676 4.23115228187e-07 -0.0637513208637
62.2977823207 4.21877949464e-07 -0.0636880650428
62.3606141738 4.20645895005e-07 -0.0636249335769
62.4234460268 4.19419092346e-07 -0.0635619261031
62.4862778799 4.18197490859e-07 -0.063499042259
62.549109733 4.16981079887e-07 -0.0634362816787
62.611941586 4.15769757289e-07 -0.063373644009
62.6747734391 4.14563590567e-07 -0.0633111288951
62.7376052922 4.13362522877e-07 -0.0632487359759
62.8004371453 4.12166477837e-07 -0.0631864648949
62.8632689983 4.10975483867e-07 -0.0631243153027
62.9261008514 4.09789492117e-07 -0.0630622868451
62.9889327045 4.08608469726e-07 -0.0630003791727
63.0517645575 4.0743241847e-07 -0.0629385919382
63.1145964106 4.06261264629e-07 -0.0628769247873
63.1774282637 4.05095045508e-07 -0.0628153773776
63.2402601168 4.03933674065e-07 -0.0627539493616
63.3030919698 4.02777162734e-07 -0.0626926403971
63.3659238229 4.0162546977e-07 -0.062631450141
63.428755676 4.00478550766e-07 -0.0625703782491
63.491587529 3.99336422596e-07 -0.0625094243865
63.5544193821 3.98199020424e-07 -0.0624485882095
63.6172512352 3.97066333591e-07 -0.0623878693806
63.6800830883 3.95938367426e-07 -0.062327267567
63.7429149413 3.94815049098e-07 -0.0622667824317
63.8057467944 3.93696358181e-07 -0.0622064136364
63.8685786475 3.925823302e-07 -0.0621461608581
63.9314105006 3.91472878114e-07 -0.0620860237592
63.9942423536 3.90367986824e-07 -0.0620260020053
64.0570742067 3.89267633238e-07 -0.0619660952771
64.1199060598 3.88171827126e-07 -0.0619063032433
64.1827379128 3.87080488551e-07 -0.0618466255754
64.2455697659 3.8599363883e-07 -0.0617870619509
64.308401619 3.84911253093e-07 -0.0617276120424
64.3712334721 3.83833270945e-07 -0.0616682755308
64.4340653251 3.82759710149e-07 -0.0616090520957
64.4968971782 3.81690513862e-07 -0.0615499414111
64.5597290313 3.80625662544e-07 -0.0614909431635
64.6225608843 3.79565188169e-07 -0.0614320570329
64.6853927374 3.78508991261e-07 -0.0613732827
64.7482245905 3.7745710646e-07 -0.0613146198549
64.8110564436 3.76409476921e-07 -0.0612560681805
64.8738882966 3.75366116856e-07 -0.0611976273594
64.9367201497 3.74326933006e-07 -0.0611392970885
64.9995520028 3.73291983102e-07 -0.0610810770493
65.0623838558 3.72261202308e-07 -0.061022966933
65.1252157089 3.71234577301e-07 -0.0609649664356
65.188047562 3.70212081435e-07 -0.0609070752448
65.2508794151 3.69193725369e-07 -0.060849293058
65.3137112681 3.68179432719e-07 -0.0607916195661
65.3765431212 3.67169239901e-07 -0.0607340544723
65.4393749743 3.66163086518e-07 -0.0606765974656
65.5022068273 3.65160969906e-07 -0.0606192482472
65.5650386804 3.64162833222e-07 -0.0605620065189
65.6278705335 3.63168699558e-07 -0.0605048719764
65.6907023866 3.6217854138e-07 -0.0604478443217
65.7535342396 3.61192323162e-07 -0.0603909232669
65.8163660927 3.60210044015e-07 -0.0603341085049
65.8791979458 3.59231663971e-07 -0.0602773997449
65.9420297988 3.58257175037e-07 -0.0602207966906
66.0048616519 3.5728655412e-07 -0.0601642990524
66.067693505 3.56319777239e-07 -0.0601079065362
66.1305253581 3.55356846171e-07 -0.0600516188494
66.1933572111 3.54397676539e-07 -0.059995435706
66.2561890642 3.53442321632e-07 -0.0599393568148
66.3190209173 3.52490763689e-07 -0.0598833818901
66.3818527704 3.51542917443e-07 -0.0598275106406
66.4446846234 3.50598821974e-07 -0.0597717427873
66.5075164765 3.49658438203e-07 -0.0597160780424
66.5703483296 3.48721735044e-07 -0.0596605161224
66.6331801826 3.47788714272e-07 -0.0596050567442
66.6960120357 3.46859354572e-07 -0.0595496996269
66.7588438888 3.45933645285e-07 -0.059494444489
66.8216757419 3.4501152868e-07 -0.0594392910525
66.8845075949 3.44093030513e-07 -0.0593842390409
66.947339448 3.43178136575e-07 -0.0593292881748
67.0101713011 3.42266764264e-07 -0.0592744381738
67.0730031541 3.41358959766e-07 -0.0592196887685
67.1358350072 3.40454678671e-07 -0.0591650396829
67.1986668603 3.39553931639e-07 -0.0591104906415
67.2614987134 3.38656635179e-07 -0.0590560413759
67.3243305664 3.37762858571e-07 -0.0590016916097
67.3871624195 3.3687252099e-07 -0.0589474410767
67.4499942726 3.35985626876e-07 -0.0588932895027
67.5128261256 3.35102161131e-07 -0.0588392366242
67.5756579787 3.34222092668e-07 -0.0587852821714
67.6384898318 3.33345438364e-07 -0.0587314258781
67.7013216849 3.32472141373e-07 -0.0586776674776
67.7641535379 3.31602215908e-07 -0.0586240067049
67.826985391 3.30735618448e-07 -0.0585704432986
67.8898172441 3.29872343663e-07 -0.0585169769926
67.9526490971 3.29012364908e-07 -0.0584636075279
68.0154809502 3.28155699947e-07 -0.0584103346431
68.0783128033 3.27302303482e-07 -0.0583571580749
68.1411446564 3.26452158639e-07 -0.0583040775703
68.2039765094 3.25605277851e-07 -0.0582510928667
68.2668083625 3.24761611381e-07 -0.058198203705
68.3296402156 3.23921157452e-07 -0.0581454098379
68.3924720686 3.23083891196e-07 -0.0580927109975
68.4553039217 3.22249825935e-07 -0.0580401069378
68.5181357748 3.21418889726e-07 -0.0579875974024
68.5809676279 3.20591138525e-07 -0.0579351821415
68.6437994809 3.19766493284e-07 -0.0578828608985
68.706631334 3.18944973543e-07 -0.0578306334262
68.7694631871 3.18126567755e-07 -0.0577784994719
68.8322950402 3.17311219078e-07 -0.0577264587862
68.8951268932 3.16498983466e-07 -0.0576745111248
68.9579587463 3.15689784536e-07 -0.0576226562386
69.0207905994 3.14883636499e-07 -0.0575708938754
69.0836224524 3.14080486952e-07 -0.0575192238002
69.1464543055 3.1328038741e-07 -0.0574676457583
69.2092861586 3.12483268594e-07 -0.0574161595111
69.2721180117 3.11689134946e-07 -0.0573647648114
69.3349498647 3.10897975808e-07 -0.0573134614238
69.3977817178 3.10109759205e-07 -0.0572622490997
69.4606135709 3.09324482473e-07 -0.0572111276043
69.5234454239 3.08542155381e-07 -0.0571600966919
69.586277277 3.07762725527e-07 -0.0571091561284
69.6491091301 3.06986208898e-07 -0.0570583056753
69.7119409832 3.06212547763e-07 -0.0570075450906
69.7747728362 3.05441797188e-07 -0.0569568741438
69.8376046893 3.04673865692e-07 -0.0569062925972
69.9004365424 3.03908785249e-07 -0.0568558002142
69.9632683954 3.03146551417e-07 -0.0568053967655
70.0261002485 3.02387124229e-07 -0.0567550820109
70.0889321016 3.01630485033e-07 -0.0567048557236
70.1517639547 3.008766436e-07 -0.0566547176705
70.2145958077 3.00125611474e-07 -0.0566046676222
70.2774276608 2.99377298063e-07 -0.0565547053475
70.3402595139 2.9863176465e-07 -0.0565048306165
70.4030913669 2.97888949952e-07 -0.0564550432
70.46592322 2.97148845085e-07 -0.0564053428745
70.5287550731 2.96411491796e-07 -0.0563557294097
70.5915869262 2.95676795936e-07 -0.0563062025817
70.6544187792 2.94944798362e-07 -0.0562567621658
70.7172506323 2.9421547687e-07 -0.0562074079314
70.7800824854 2.9348883146e-07 -0.0561581396606
70.8429143384 2.92764807064e-07 -0.0561089571333
70.9057461915 2.92043432992e-07 -0.0560598601223
70.9685780446 2.91324683488e-07 -0.0560108484046
71.0314098977 2.906085248e-07 -0.0559619217635
71.0942417507 2.89894979133e-07 -0.0559130799804
71.1570736038 2.89183999413e-07 -0.0558643228297
71.2199054569 2.88475604293e-07 -0.055815650102
71.28273731 2.87769785778e-07 -0.0557670615708
71.345569163 2.87066511895e-07 -0.0557185570264
71.4084010161 2.86365739122e-07 -0.0556701362491
71.4712328692 2.85667542954e-07 -0.0556217990247
71.5340647222 2.8497184168e-07 -0.0555735451344
71.5968965753 2.84278611318e-07 -0.0555253743699
71.6597284284 2.8358791937e-07 -0.0554772865145
71.7225602815 2.82899685899e-07 -0.0554292813591
71.7853921345 2.8221390469e-07 -0.0553813586889
71.8482239876 2.81530603274e-07 -0.0553335182942
71.9110558407 2.80849737244e-07 -0.055285759963
71.9738876937 2.80171295053e-07 -0.0552380834883
72.0367195468 2.79495293576e-07 -0.0551904886617
72.0995513999 2.78821691069e-07 -0.0551429752687
72.162383253 2.78150483979e-07 -0.0550955431107
72.225215106 2.77481674971e-07 -0.0550481919756
72.2880469591 2.76815214306e-07 -0.0550009216532
72.3508788122 2.76151145506e-07 -0.0549537319481
72.4137106652 2.75489427715e-07 -0.0549066226517
72.4765425183 2.74830068925e-07 -0.0548595935533
72.5393743714 2.74173022952e-07 -0.0548126444569
72.6022062245 2.73518318217e-07 -0.0547657751585
72.6650380775 2.72865927187e-07 -0.0547189854587
72.7278699306 2.72215794794e-07 -0.054672275153
72.7907017837 2.71567979659e-07 -0.0546256440369
72.8535336367 2.70922459578e-07 -0.0545790919149
72.9163654898 2.70279207015e-07 -0.0545326185884
72.9791973429 2.69638199768e-07 -0.0544862238574
73.042029196 2.68999458264e-07 -0.0544399075247
73.104861049 2.68362937206e-07 -0.0543936693914
73.1676929021 2.67728665904e-07 -0.0543475092619
73.2305247552 2.67096588402e-07 -0.0543014269396
73.2933566082 2.6646675888e-07 -0.0542554222312
73.3561884613 2.65839082303e-07 -0.0542094949398
73.4190203144 2.65213622619e-07 -0.0541636448741
73.4818521675 2.64590329202e-07 -0.0541178718355
73.5446840205 2.63969215375e-07 -0.0540721756352
73.6075158736 2.6335027048e-07 -0.0540265560822
73.6703477267 2.62733457213e-07 -0.0539810129792
73.7331795798 2.62118773797e-07 -0.0539355461442
73.7960114328 2.61506264643e-07 -0.0538901553805
73.8588432859 2.60895838267e-07 -0.053844840497
73.921675139 2.60287516873e-07 -0.0537996013082
73.984506992 2.5968130668e-07 -0.0537544376276
74.0473388451 2.59077210352e-07 -0.0537093492631
74.1101706982 2.58475167492e-07 -0.0536643360311
74.1730025513 2.57875221621e-07 -0.0536193977443
74.2358344043 2.5727732389e-07 -0.0535745342153
74.2986662574 2.56681471633e-07 -0.0535297452604
74.3614981105 2.56087708372e-07 -0.0534850306954
74.4243299635 2.55495931967e-07 -0.0534403903334
74.4871618166 2.54906221464e-07 -0.0533958239913
74.5499936697 2.5431851558e-07 -0.0533513314872
74.6128255228 2.53732793887e-07 -0.0533069126433
74.6756573758 2.53149120333e-07 -0.0532625672687
74.7384892289 2.52567389225e-07 -0.05321829519
74.801321082 2.51987699151e-07 -0.0531740962252
74.864152935 2.51409937313e-07 -0.0531299701918
74.9269847881 2.50834161442e-07 -0.053085916913
74.9898166412 2.50260344004e-07 -0.0530419362105
75.0526484943 2.49688449472e-07 -0.0529980279021
75.1154803473 2.4911850538e-07 -0.0529541918136
75.1783122004 2.48550500181e-07 -0.0529104277696
75.2411440535 2.47984413448e-07 -0.0528667355871
75.3039759065 2.47420237187e-07 -0.0528231151023
75.3668077596 2.46857970509e-07 -0.0527795661259
75.4296396127 2.46297608975e-07 -0.0527360884914
75.4924714658 2.45739142812e-07 -0.0526926820215
75.5553033188 2.45182508962e-07 -0.0526493465471
75.6181351719 2.44627795354e-07 -0.0526060818909
75.680967025 2.44074928268e-07 -0.0525628878792
75.743798878 2.43523921029e-07 -0.052519764346
75.8066307311 2.42974754094e-07 -0.0524767111131
75.8694625842 2.42427460329e-07 -0.0524337280138
75.9322944373 2.41881941143e-07 -0.0523908148808
75.9951262903 2.41338307561e-07 -0.0523479715383
76.0579581434 2.40796456552e-07 -0.0523051978197
76.1207899965 2.40256378348e-07 -0.0522624935555
76.1836218496 2.39718160877e-07 -0.0522198585773
76.2464537026 2.39181709105e-07 -0.0521772927204
76.3092855557 2.38647030137e-07 -0.0521347958189
76.3721174088 2.38114155948e-07 -0.0520923676975
76.4349492618 2.37583028806e-07 -0.0520500082023
76.4977811149 2.37053669139e-07 -0.0520077171592
76.560612968 2.36526085828e-07 -0.0519654944065
76.6234448211 2.36000214038e-07 -0.0519233397794
76.6862766741 2.35476085741e-07 -0.0518812531119
76.7491085272 2.34953719591e-07 -0.0518392342464
76.8119403803 2.34433064961e-07 -0.0517972830153
76.8747722333 2.33914096981e-07 -0.0517553992598
76.9376040864 2.33396854732e-07 -0.0517135828143
77.0004359395 2.32881324891e-07 -0.0516718335162
77.0632677926 2.32367487918e-07 -0.0516301512126
77.1260996456 2.31855311839e-07 -0.0515885357373
77.1889314987 2.3134484195e-07 -0.0515469869293
77.2517633518 2.30836039172e-07 -0.0515055046349
77.3145952048 2.30328891071e-07 -0.0514640886908
77.3774270579 2.29823421627e-07 -0.0514227389416
77.440258911 2.29319578438e-07 -0.0513814552279
77.5030907641 2.28817418346e-07 -0.0513402373957
77.5659226171 2.28316853423e-07 -0.0512990852834
77.6287544702 2.27817944953e-07 -0.051257998739
77.6915863233 2.27320652968e-07 -0.0512169776026
77.7544181763 2.26824973026e-07 -0.0511760217211
77.8172500294 2.26330901576e-07 -0.0511351309418
77.8800818825 2.25838447498e-07 -0.0510943051093
77.9429137356 2.25347572602e-07 -0.0510535440636
78.0057455886 2.24858315967e-07 -0.0510128476636
78.0685774417 2.24370599433e-07 -0.0509722157483
78.1314092948 2.23884476291e-07 -0.0509316481661
78.1942411478 2.23399927002e-07 -0.050891144767
78.2570730009 2.22916946235e-07 -0.0508507053976
78.319904854 2.22435517117e-07 -0.0508103299056
78.3827367071 2.21955638757e-07 -0.0507700181467
78.4455685601 2.21477304052e-07 -0.0507297699677
78.5084004132 2.21000501455e-07 -0.050689585218
78.5712322663 2.20525214978e-07 -0.0506494637476
78.6340641194 2.20051473043e-07 -0.0506094054094
78.6968959724 2.19579236571e-07 -0.0505694100579
78.7597278255 2.19108517108e-07 -0.0505294775435
78.8225596786 2.18639298666e-07 -0.0504896077142
78.8853915316 2.18171578581e-07 -0.0504498004308
78.9482233847 2.17705361294e-07 -0.0504100555452
79.0110552378 2.17240626377e-07 -0.0503703729087
79.0738870909 2.16777366724e-07 -0.0503307523767
79.1367189439 2.16315572565e-07 -0.050291193808
79.199550797 2.15855245678e-07 -0.0502516970515
79.2623826501 2.15396387837e-07 -0.0502122619706
79.3252145031 2.14938990162e-07 -0.050172888416
79.3880463562 2.14483041105e-07 -0.0501335762469
79.4508782093 2.1402852024e-07 -0.0500943253178
79.5137100624 2.1357544977e-07 -0.0500551354923
79.5765419154 2.13123798609e-07 -0.0500160066239
79.6393737685 2.12673593403e-07 -0.0499769385741
79.7022056216 2.12224795959e-07 -0.0499379312
79.7650374746 2.11777401837e-07 -0.0498989843581
79.8278693277 2.11331441236e-07 -0.0498600979162
79.8907011808 2.10886870633e-07 -0.0498212717289
79.9535330339 2.10443683812e-07 -0.0497825056597
80.0163648869 2.10001906531e-07 -0.0497437995659
80.07919674 2.09561498821e-07 -0.0497051533105
80.1420285931 2.0912249088e-07 -0.0496665667575
80.2048604461 2.08684848069e-07 -0.0496280397744
80.2676922992 2.08248552624e-07 -0.0495895722129
80.3305241523 2.07813633857e-07 -0.0495511639396
80.3933560054 2.0738009443e-07 -0.0495128148252
80.4561878584 2.06947857073e-07 -0.0494745247288
80.5190197115 2.06517000834e-07 -0.0494362935097
80.5818515646 2.0608747775e-07 -0.049398121044
80.6446834176 2.05659291375e-07 -0.0493600071906
80.7075152707 2.05232423944e-07 -0.0493219518122
80.7703471238 2.04806887005e-07 -0.0492839547811
80.8331789769 2.04382686775e-07 -0.0492460159619
80.8960108299 2.03959778844e-07 -0.0492081352216
80.958842683 2.0353818897e-07 -0.0491703124259
81.0216745361 2.03117887843e-07 -0.0491325474458
81.0845063892 2.02698900331e-07 -0.0490948401469
81.1473382422 2.02281194461e-07 -0.0490571904026
81.2101700953 2.01864784444e-07 -0.0490195980726
81.2730019484 2.01449638304e-07 -0.0489820630341
81.3358338014 2.0103578624e-07 -0.0489445851516
81.3986656545 2.00623190061e-07 -0.0489071643022
81.4614975076 2.00211873747e-07 -0.048869800351
81.5243293607 1.9980183108e-07 -0.0488324931695
81.5871612137 1.99393022093e-07 -0.0487952426304
81.6499930668 1.98985467215e-07 -0.048758048606
81.7128249199 1.9857915845e-07 -0.0487209109667
81.7756567729 1.98174098465e-07 -0.0486838295833
81.838488626 1.97770275712e-07 -0.0486468043335
81.9013204791 1.9736767598e-07 -0.0486098350883
81.9641523322 1.96966311705e-07 -0.048572921722
82.0269841852 1.96566157129e-07 -0.0485360641079
82.0898160383 1.96167221134e-07 -0.0484992621176
82.1526478914 1.95769493061e-07 -0.0484625156322
82.2154797444 1.95372987122e-07 -0.0484258245226
82.2783115975 1.94977663348e-07 -0.048389188664
82.3411434506 1.94583557267e-07 -0.0483526079331
82.4039753037 1.94190633351e-07 -0.0483160822048
82.4668071567 1.93798904036e-07 -0.0482796113594
82.5296390098 1.93408355109e-07 -0.048243195275
82.5924708629 1.93018986572e-07 -0.0482068338197
82.6553027159 1.92630787765e-07 -0.0481705268798
82.718134569 1.92243750696e-07 -0.0481342743332
82.7809664221 1.91857896681e-07 -0.0480980760558
82.8437982752 1.91473176869e-07 -0.0480619319223
82.9066301282 1.91089622348e-07 -0.0480258418199
82.9694619813 1.90707234005e-07 -0.0479898056248
83.0322938344 1.90325975424e-07 -0.047953823217
83.0951256875 1.89945858153e-07 -0.0479178944707
83.1579575405 1.89566905284e-07 -0.0478820192799
83.2207893936 1.89189043098e-07 -0.0478461975131
83.2836212467 1.88812339985e-07 -0.047810429061
83.3464530997 1.88436768411e-07 -0.0477747137941
83.4092849528 1.88062296402e-07 -0.0477390516021
83.4721168059 1.87688940834e-07 -0.0477034423716
83.534948659 1.87316698153e-07 -0.0476678859756
83.597780512 1.86945566583e-07 -0.0476323823005
83.6606123651 1.86575535466e-07 -0.0475969312329
83.7234442182 1.86206584374e-07 -0.0475615326514
83.7862760712 1.8583874617e-07 -0.0475261864429
83.8491079243 1.85471992431e-07 -0.047490892496
83.9119397774 1.85106321382e-07 -0.0474556506868
83.9747716305 1.84741725917e-07 -0.0474204609054
84.0376034835 1.84378228241e-07 -0.0473853230397
84.1004353366 1.84015809701e-07 -0.04735023697
84.1632671897 1.83654431218e-07 -0.0473152025813
84.2260990427 1.8329412832e-07 -0.0472802197666
84.2889308958 1.82934882353e-07 -0.0472452884102
84.3517627489 1.82576691543e-07 -0.0472104083976
84.414594602 1.82219541678e-07 -0.0471755796176
84.477426455 1.81863479831e-07 -0.0471408019519
84.5402583081 1.81508443831e-07 -0.0471060753017
84.6030901612 1.81154428347e-07 -0.0470713995418
84.6659220142 1.80801456473e-07 -0.0470367745677
84.7287538673 1.80449515774e-07 -0.0470022002697
84.7915857204 1.80098612468e-07 -0.0469676765358
84.8544175735 1.7974872879e-07 -0.0469332032538
84.9172494265 1.79399868294e-07 -0.0468987803127
84.9800812796 1.7905201144e-07 -0.0468644076056
85.0429131327 1.78705175991e-07 -0.0468300850218
85.1057449857 1.783593504e-07 -0.0467958124528
85.1685768388 1.78014530228e-07 -0.0467615897909
85.2314086919 1.77670700374e-07 -0.0467274169276
85.294240545 1.77327885709e-07 -0.046693293753
85.357072398 1.76986046263e-07 -0.0466592201573
85.4199042511 1.76645210459e-07 -0.0466251960374
85.4827361042 1.76305352539e-07 -0.0465912212834
85.5455679573 1.75966473392e-07 -0.0465572957929
85.6083998103 1.75628570354e-07 -0.0465234194532
85.6712316634 1.75291661186e-07 -0.0464895921603
85.7340635165 1.74955707699e-07 -0.0464558138089
85.7968953695 1.74620742754e-07 -0.0464220842939
85.8597272226 1.74286707733e-07 -0.0463884035096
85.9225590757 1.73953647931e-07 -0.0463547713497
85.9853909288 1.73621526045e-07 -0.0463211877114
86.0482227818 1.73290377603e-07 -0.0462876524856
86.1110546349 1.72960184841e-07 -0.0462541655737
86.173886488 1.72630929995e-07 -0.0462207268711
86.236718341 1.7230261129e-07 -0.0461873362707
86.2995501941 1.71975234942e-07 -0.0461539936697
86.3623820472 1.71648800951e-07 -0.0461206989709
86.4252139003 1.71323271125e-07 -0.0460874520629
86.4880457533 1.70998693427e-07 -0.0460542528536
86.5508776064 1.70675042099e-07 -0.0460211012321
86.6137094595 1.70352300266e-07 -0.0459879970999
86.6765413125 1.70030475921e-07 -0.0459549403552
86.7393731656 1.69709574394e-07 -0.0459219308972
86.8022050187 1.69389565485e-07 -0.0458889686247
86.8650368718 1.69070470513e-07 -0.0458560534364
86.9278687248 1.6875230191e-07 -0.0458231852311
86.9907005779 1.68435007275e-07 -0.0457903639135
87.053532431 1.68118623911e-07 -0.0457575893758
87.116364284 1.67803116291e-07 -0.0457248615252
87.1791961371 1.67488517278e-07 -0.045692180264
87.2420279902 1.67174804666e-07 -0.045659545483
87.3048598433 1.66861963358e-07 -0.0456269570959
87.3676916963 1.66550010228e-07 -0.0455944149955
87.4305235494 1.66238947052e-07 -0.0455619190857
87.4933554025 1.65928758733e-07 -0.0455294692709
87.5561872555 1.65619392867e-07 -0.0454970654522
87.6190191086 1.65310936495e-07 -0.0454647075358
87.6818509617 1.65003350538e-07 -0.0454323954161
87.7446828148 1.6469660391e-07 -0.0454001290021
87.8075146678 1.64390722368e-07 -0.0453679081972
87.8703465209 1.64085691701e-07 -0.0453357329025
87.933178374 1.63781519014e-07 -0.0453036030261
87.9960102271 1.63478192761e-07 -0.0452715184691
88.0588420801 1.63175715606e-07 -0.045239479139
88.1216739332 1.6287408755e-07 -0.0452074849386
88.1845057863 1.6257327573e-07 -0.0451755357736
88.2473376393 1.62273313897e-07 -0.0451436315502
88.3101694924 1.61974178958e-07 -0.0451117721693
88.3730013455 1.61675899335e-07 -0.045079957538
88.4358331986 1.61378434171e-07 -0.0450481875717
88.4986650516 1.61081779027e-07 -0.0450164621684
88.5614969047 1.60785944558e-07 -0.0449847812362
88.6243287578 1.60490942314e-07 -0.0449531446829
88.6871606108 1.60196725218e-07 -0.0449215524132
88.7499924639 1.59903347452e-07 -0.0448900043378
88.812824317 1.59610781481e-07 -0.0448585003594
88.8756561701 1.59319035298e-07 -0.0448270403983
88.9384880231 1.59028050284e-07 -0.0447956243472
89.0013198762 1.58737904599e-07 -0.0447642521235
89.0641517293 1.5844851653e-07 -0.0447329236295
89.1269835823 1.58159950914e-07 -0.044701638784
89.1898154354 1.57872194428e-07 -0.04467039749
89.2526472885 1.57585182237e-07 -0.0446391996578
89.3154791416 1.57298985393e-07 -0.0446080451955
89.3783109946 1.57013551494e-07 -0.0445769340135
89.4411428477 1.56728928502e-07 -0.0445458660256
89.5039747008 1.56445072896e-07 -0.0445148411411
89.5668065538 1.56161965137e-07 -0.0444838592693
89.6296384069 1.55879654073e-07 -0.0444529203194
89.69247026 1.55598099738e-07 -0.0444220242078
89.7553021131 1.55317313677e-07 -0.0443911708384
89.8181339661 1.55037313654e-07 -0.0443603601333
89.8809658192 1.54758054371e-07 -0.0443295919928
89.9437976723 1.54479554482e-07 -0.0442988663394
90.0066295253 1.54201815761e-07 -0.0442681830789
90.0694613784 1.53924821333e-07 -0.044237542128
90.1322932315 1.5364858541e-07 -0.0442069433926
90.1951250846 1.53373097334e-07 -0.0441763867942
90.2579569376 1.53098342892e-07 -0.0441458722449
90.3207887907 1.52824333632e-07 -0.0441153996518
90.3836206438 1.52551071331e-07 -0.0440849689382
90.4464524969 1.52278528454e-07 -0.0440545800116
90.5092843499 1.52006742304e-07 -0.0440242327873
90.572116203 1.51735672915e-07 -0.0439939271756
90.6349480561 1.51465317622e-07 -0.0439636631054
90.6977799091 1.51195727049e-07 -0.0439334404757
90.7606117622 1.5092682748e-07 -0.043903259213
90.8234436153 1.50658666875e-07 -0.0438731192261
90.8862754684 1.50391221254e-07 -0.0438430204332
90.9491073214 1.50124495946e-07 -0.043812962751
91.0119391745 1.4985849095e-07 -0.0437829460925
91.0747710276 1.49593176957e-07 -0.0437529703768
91.1376028806 1.49328589494e-07 -0.043723035525
91.2004347337 1.49064688593e-07 -0.0436931414413
91.2632665868 1.48801496458e-07 -0.0436632880544
91.3260984399 1.48539012201e-07 -0.0436334752757
91.3889302929 1.4827723227e-07 -0.0436037030255
91.451762146 1.48016129131e-07 -0.0435739712234
91.5145939991 1.47755750746e-07 -0.0435442797817
91.5774258521 1.47496047376e-07 -0.0435146286224
91.6402577052 1.47237030568e-07 -0.0434850176647
91.7030895583 1.46978696769e-07 -0.0434554468179
91.7659214114 1.46721045091e-07 -0.0434259160152
91.8287532644 1.4646407287e-07 -0.04339642517
91.8915851175 1.46207805862e-07 -0.0433669741973
91.9544169706 1.45952196107e-07 -0.0433375630201
92.0172488236 1.45697257814e-07 -0.0433081915621
92.0800806767 1.45442993649e-07 -0.0432788597361
92.1429125298 1.45189408052e-07 -0.043249567465
92.2057443829 1.44936485924e-07 -0.0432203146673
92.2685762359 1.44684219272e-07 -0.0431911012667
92.331408089 1.44432622307e-07 -0.0431619271798
92.3942399421 1.44181704798e-07 -0.043132792338
92.4570717951 1.43931409902e-07 -0.0431036966481
92.5199036482 1.43681803344e-07 -0.0430746400408
92.5827355013 1.43432815847e-07 -0.0430456224366
92.6455673544 1.43184495371e-07 -0.0430166437543
92.7083992074 1.42936849024e-07 -0.0429877039196
92.7712310605 1.42689832394e-07 -0.0429588028493
92.8340629136 1.42443451701e-07 -0.0429299404732
92.8968947667 1.42197723818e-07 -0.0429011167102
92.9597266197 1.41952640753e-07 -0.0428723314797
93.0225584728 1.41708183854e-07 -0.0428435847125
93.0853903259 1.41464376213e-07 -0.0428148763249
93.1482221789 1.41221186745e-07 -0.0427862062417
93.211054032 1.40978629659e-07 -0.0427575743922
93.2738858851 1.40736711174e-07 -0.0427289806948
93.3367177382 1.40495420631e-07 -0.0427004250692
93.3995495912 1.40254746483e-07 -0.0426719074507
93.4623814443 1.40014704719e-07 -0.042643427755
93.5252132974 1.39775273134e-07 -0.0426149859113
93.5880451504 1.3953646949e-07 -0.0425865818456
93.6508770035 1.39298276025e-07 -0.0425582154766
93.7137088566 1.39060701621e-07 -0.0425298867372
93.7765407097 1.38823755158e-07 -0.0425015955471
93.8393725627 1.38587375353e-07 -0.0424733418379
93.9022044158 1.38351649248e-07 -0.042445125527
93.9650362689 1.38116510229e-07 -0.0424169465461
94.0278681219 1.37881954743e-07 -0.0423888048196
94.090699975 1.37648028975e-07 -0.0423607002741
94.1535318281 1.37414693846e-07 -0.0423326328406
94.2163636812 1.37181954685e-07 -0.0423046024422
94.2791955342 1.36949835472e-07 -0.0422766090057
94.3420273873 1.36718275812e-07 -0.042248652456
94.4048592404 1.36487313007e-07 -0.0422207327226
94.4676910934 1.36256966599e-07 -0.0421928497371
94.5305229465 1.36027193065e-07 -0.0421650034208
94.5933547996 1.35798008394e-07 -0.042137193708
94.6561866527 1.35569386828e-07 -0.0421094205195
94.7190185057 1.35341381657e-07 -0.0420816837897
94.7818503588 1.35113944033e-07 -0.0420539834417
94.8446822119 1.34887063297e-07 -0.0420263194139
94.9075140649 1.34660782081e-07 -0.0419986916271
94.970345918 1.34435057753e-07 -0.0419711000044
95.0331777711 1.34209924951e-07 -0.0419435444912
95.0960096242 1.33985349926e-07 -0.0419160250049
95.1588414772 1.33761341559e-07 -0.041888541478
95.2216733303 1.335379336e-07 -0.0418610938469
95.2845051834 1.3331503812e-07 -0.0418336820284
95.3473370365 1.33092719956e-07 -0.0418063059666
95.4101688895 1.32870965786e-07 -0.0417789655799
95.4730007426 1.32649788043e-07 -0.0417516608088
95.5358325957 1.32429167188e-07 -0.0417243915778
95.5986644487 1.32209090786e-07 -0.041697157816
95.6614963018 1.31989554397e-07 -0.0416699594623
95.7243281549 1.31770581113e-07 -0.0416427964401
95.787160008 1.315521585e-07 -0.0416156686871
95.849991861 1.31334294551e-07 -0.0415885761304
95.9128237141 1.31116979496e-07 -0.0415615187062
95.9756555672 1.30900190243e-07 -0.0415344963383
96.0384874202 1.30683952548e-07 -0.0415075089691
96.1013192733 1.30468236215e-07 -0.041480556525
96.1641511264 1.30253089203e-07 -0.0414536389393
96.2269829795 1.30038457336e-07 -0.0414267561435
96.2898148325 1.29824376138e-07 -0.0413999080722
96.3526466856 1.29610819855e-07 -0.0413730946626
96.4154785387 1.29397781379e-07 -0.0413463158425
96.4783103917 1.29185292685e-07 -0.0413195715404
96.5411422448 1.28973319136e-07 -0.0412928616997
96.6039740979 1.28761896256e-07 -0.0412661862474
96.666805951 1.28550979639e-07 -0.0412395451215
96.729637804 1.28340574612e-07 -0.0412129382556
96.7924696571 1.2813070871e-07 -0.041186365579
96.8553015102 1.27921365056e-07 -0.0411598270303
96.9181333632 1.27712541875e-07 -0.0411333225491
96.9809652163 1.27504200975e-07 -0.0411068520565
97.0437970694 1.27296408081e-07 -0.0410804154982
97.1066289225 1.27089128554e-07 -0.0410540128103
97.1694607755 1.26882344631e-07 -0.0410276439238
97.2322926286 1.26676095391e-07 -0.0410013087671
97.2951244817 1.26470322215e-07 -0.0409750072855
97.3579563347 1.2626507484e-07 -0.0409487394143
97.4207881878 1.26060321293e-07 -0.040922505086
97.4836200409 1.25856071342e-07 -0.0408963042414
97.546451894 1.25652332983e-07 -0.040870136813
97.609283747 1.25449094668e-07 -0.0408440027295
97.6721156001 1.25246338634e-07 -0.0408179019356
97.7349474532 1.25044063992e-07 -0.040791834378
97.7977793063 1.24842324922e-07 -0.0407657999724
97.8606111593 1.2464106991e-07 -0.0407397986711
97.9234430124 1.24440304283e-07 -0.040713830404
97.9862748655 1.24240018273e-07 -0.0406878951105
98.0491067185 1.24040248295e-07 -0.0406619927322
98.1119385716 1.23840924182e-07 -0.0406361231985
98.1747704247 1.2364211166e-07 -0.0406102864552
98.2376022778 1.23443771649e-07 -0.040584482434
98.3004341308 1.23245921024e-07 -0.0405587110758
98.3632659839 1.23048553569e-07 -0.0405329723176
98.426097837 1.22851664841e-07 -0.0405072661005
98.48892969 1.22655242407e-07 -0.04048159236
98.5517615431 1.22459294261e-07 -0.0404559510397
98.6145933962 1.2226384527e-07 -0.0404303420692
98.6774252493 1.22068849251e-07 -0.0404047653952
98.7402571023 1.21874331072e-07 -0.0403792209556
98.8030889554 1.21680256093e-07 -0.0403537086892
98.8659208085 1.21486671389e-07 -0.0403282285327
98.9287526615 1.21293559197e-07 -0.0403027804301
98.9915845146 1.21100915962e-07 -0.0402773643182
99.0544163677 1.20908723922e-07 -0.0402519801367
99.1172482208 1.20717016827e-07 -0.0402266278298
99.1800800738 1.20525749381e-07 -0.0402013073351
99.2429119269 1.20334950005e-07 -0.0401760185901
99.30574378 1.20144587612e-07 -0.0401507615381
99.368575633 1.199547075e-07 -0.040125536119
99.4314074861 1.19765271478e-07 -0.0401003422758
99.4942393392 1.19576291091e-07 -0.0400751799479
99.5570711923 1.19387763675e-07 -0.040050049075
99.6199030453 1.19199695447e-07 -0.0400249496029
99.6827348984 1.19012060651e-07 -0.039999881462
99.7455667515 1.18824874384e-07 -0.0399748446058
99.8083986045 1.18638152635e-07 -0.0399498389744
99.8712304576 1.18451861653e-07 -0.0399248645046
99.9340623107 1.18266010318e-07 -0.0398999211396
99.9968941638 1.18080598632e-07 -0.0398750088237
100.059726017 1.17895647911e-07 -0.0398501274986
100.12255787 1.17711138614e-07 -0.0398252771047
100.185389723 1.17527038768e-07 -0.039800457589
100.248221576 1.17343388339e-07 -0.0397756688886
100.311053429 1.17160188218e-07 -0.0397509109462
100.373885282 1.16977417974e-07 -0.0397261837138
100.436717135 1.16795060734e-07 -0.0397014871243
100.499548988 1.16613146695e-07 -0.0396768211265
100.562380841 1.16431669639e-07 -0.0396521856571
100.625212694 1.1625061358e-07 -0.0396275806729
100.688044548 1.16069975853e-07 -0.0396030061021
100.750876401 1.15889773333e-07 -0.0395784618977
100.813708254 1.15710006021e-07 -0.039553948
100.876540107 1.15530644607e-07 -0.0395294643585
100.93937196 1.15351719288e-07 -0.03950501091
101.002203813 1.15173201642e-07 -0.0394805876098
101.065035666 1.14995137857e-07 -0.0394561943884
101.127867519 1.14817434671e-07 -0.0394318311963
101.190699372 1.14640191562e-07 -0.0394074979815
101.253531225 1.1446333037e-07 -0.0393831946856
101.316363078 1.14286918595e-07 -0.0393589212546
101.379194931 1.14110880745e-07 -0.0393346776344
101.442026784 1.13935294976e-07 -0.0393104637675
101.504858637 1.13760101783e-07 -0.0392862796008
101.567690491 1.13585299388e-07 -0.0392621250815
101.630522344 1.13410933089e-07 -0.0392380001505
101.693354197 1.13236968247e-07 -0.0392139047603
101.75618605 1.13063389762e-07 -0.0391898388572
101.819017903 1.1289024382e-07 -0.0391658023821
101.881849756 1.12717470024e-07 -0.0391417952789
101.944681609 1.12545107456e-07 -0.0391178175005
102.007513462 1.12373156114e-07 -0.0390938689964
102.070345315 1.12201604452e-07 -0.0390699496997
102.133177168 1.12030453359e-07 -0.0390460595658
102.196009021 1.11859671748e-07 -0.0390221985446
102.258840874 1.11689301363e-07 -0.0389983665727
102.321672727 1.11519326218e-07 -0.038974563611
102.38450458 1.11349755194e-07 -0.0389507895996
102.447336434 1.11180562534e-07 -0.0389270444828
102.510168287 1.11011748238e-07 -0.0389033282122
102.57300014 1.10843360268e-07 -0.0388796407315
102.635831993 1.10675335563e-07 -0.0388559819927
102.698663846 1.10507701656e-07 -0.0388323519433
102.761495699 1.10340444337e-07 -0.0388087505322
102.824327552 1.10173597356e-07 -0.0387851777068
102.887159405 1.10007097653e-07 -0.0387616334095
102.949991258 1.09841010065e-07 -0.0387381175981
103.012823111 1.09675278637e-07 -0.038714630217
103.075654964 1.09509942448e-07 -0.038691171206
103.138486817 1.09344988175e-07 -0.03866774053
103.20131867 1.09180382069e-07 -0.0386443381243
103.264150523 1.09016187189e-07 -0.0386209639523
103.326982377 1.08852363567e-07 -0.0385976179453
103.38981423 1.08688910316e-07 -0.0385743000694
103.452646083 1.08525807896e-07 -0.0385510102618
103.515477936 1.08363112261e-07 -0.0385277484761
103.578309789 1.0820075147e-07 -0.0385045146652
103.641141642 1.08038781477e-07 -0.0384813087749
103.703973495 1.07877180966e-07 -0.0384581307552
103.766805348 1.07715948161e-07 -0.038434980559
103.829637201 1.0755508395e-07 -0.038411858135
103.892469054 1.07394566129e-07 -0.0383887634287
103.955300907 1.07234424895e-07 -0.038365696393
104.01813276 1.07074650479e-07 -0.0383426569841
104.080964613 1.06915223341e-07 -0.0383196451484
104.143796467 1.06756186113e-07 -0.0382966608303
104.20662832 1.06597480176e-07 -0.038273703996
104.269460173 1.06439138392e-07 -0.0382507745812
104.332292026 1.06281169643e-07 -0.0382278725475
104.395123879 1.06123540178e-07 -0.0382049978359
104.457955732 1.0596629707e-07 -0.0381821504085
104.520787585 1.05809343509e-07 -0.0381593302055
104.583619438 1.05652803839e-07 -0.0381365371895
104.646451291 1.05496588354e-07 -0.0381137713019
104.709283144 1.05340746792e-07 -0.0380910325051
104.772114997 1.05185226751e-07 -0.0380683207417
104.83494685 1.05030055764e-07 -0.0380456359682
104.897778703 1.04875240936e-07 -0.0380229781371
104.960610556 1.04720786709e-07 -0.0380003471929
105.02344241 1.04566667325e-07 -0.0379777431
105.086274263 1.04412890778e-07 -0.0379551658052
105.149106116 1.04259471279e-07 -0.0379326152586
105.211937969 1.04106382182e-07 -0.0379100914118
105.274769822 1.03953651021e-07 -0.0378875942296
105.337601675 1.03801243156e-07 -0.0378651236515
105.400433528 1.03649164807e-07 -0.0378426796324
105.463265381 1.03497454162e-07 -0.0378202621264
105.526097234 1.03346047275e-07 -0.037797871098
105.588929087 1.03195009871e-07 -0.037775506485
105.65176094 1.03044288657e-07 -0.0377531682445
105.714592793 1.02893903176e-07 -0.0377308563332
105.777424646 1.02743844543e-07 -0.037708570701
105.840256499 1.02594153617e-07 -0.0376863113056
105.903088353 1.0244477533e-07 -0.037664078097
105.965920206 1.02295713234e-07 -0.0376418710373
106.028752059 1.02146989533e-07 -0.0376196900728
106.091583912 1.01998621105e-07 -0.0375975351554
106.154415765 1.01850550216e-07 -0.0375754062465
106.217247618 1.01702819499e-07 -0.0375533033007
106.280079471 1.01555388987e-07 -0.0375312262636
106.342911324 1.01408308417e-07 -0.0375091751007
106.405743177 1.01261532492e-07 -0.0374871497617
106.46857503 1.01115090523e-07 -0.0374651501955
106.531406883 1.00968983396e-07 -0.0374431763684
106.594238736 1.00823180027e-07 -0.0374212282228
106.657070589 1.00677711501e-07 -0.0373993057241
106.719902442 1.00532570713e-07 -0.0373774088255
106.782734296 1.00387713253e-07 -0.0373555374826
106.845566149 1.00243201295e-07 -0.0373336916485
106.908398002 1.00099007305e-07 -0.0373118712758
106.971229855 9.99550930914e-08 -0.0372900763229
107.034061708 9.98115270434e-08 -0.0372683067496
107.096893561 9.9668267417e-08 -0.0372465625046
107.159725414 9.95253293112e-08 -0.0372248435529
107.222557267 9.93826905216e-08 -0.0372031498421
107.28538912 9.92403705879e-08 -0.0371814813346
107.348220973 9.90983632931e-08 -0.0371598379807
107.411052826 9.89566606435e-08 -0.0371382197387
107.473884679 9.88152555337e-08 -0.0371166265723
107.536716532 9.86741506281e-08 -0.037095058421
107.599548385 9.8533381454e-08 -0.0370735152577
107.662380239 9.83929071552e-08 -0.0370519970357
107.725212092 9.82527472715e-08 -0.0370305037066
107.788043945 9.81128591704e-08 -0.037009035234
107.850875798 9.79732917017e-08 -0.0369875915668
107.913707651 9.78340475299e-08 -0.0369661726711
107.976539504 9.76950715881e-08 -0.0369447784925
108.039371357 9.75564198313e-08 -0.036923409004
108.10220321 9.74180514035e-08 -0.0369020641509
108.165035063 9.72799902854e-08 -0.0368807438947
108.227866916 9.71422435825e-08 -0.0368594481972
108.290698769 9.70047535631e-08 -0.0368381770062
108.353530622 9.68675966107e-08 -0.0368169302836
108.416362475 9.67307069999e-08 -0.036795707994
108.479194328 9.65941229225e-08 -0.0367745100886
108.542026182 9.64578612539e-08 -0.0367533365259
108.604858035 9.63218393935e-08 -0.036732187261
108.667689888 9.61861337245e-08 -0.0367110622627
108.730521741 9.60507362535e-08 -0.0366899614836
108.793353594 9.59156114533e-08 -0.0366688848785
108.856185447 9.57807868573e-08 -0.03664783241
108.9190173 9.56462464785e-08 -0.036626804032
108.981849153 9.55119832113e-08 -0.0366057997161
109.044681006 9.53780219248e-08 -0.0365848194096
109.107512859 9.52443297564e-08 -0.0365638630705
109.170344712 9.51109253577e-08 -0.0365429306651
109.233176565 9.49778202752e-08 -0.0365220221477
109.296008418 9.48449718763e-08 -0.0365011374743
109.358840271 9.47124441097e-08 -0.0364802766175
109.421672125 9.45801774677e-08 -0.0364594395228
109.484503978 9.44482003717e-08 -0.0364386261543
109.547335831 9.43164808476e-08 -0.0364178364729
109.610167684 9.41850561986e-08 -0.0363970704354
109.672999537 9.40539335303e-08 -0.0363763280076
109.73583139 9.39230462293e-08 -0.0363556091484
109.798663243 9.37924582445e-08 -0.0363349138091
109.861495096 9.36621704639e-08 -0.0363142419571
109.924326949 9.3532110057e-08 -0.0362935935532
109.987158802 9.34023463017e-08 -0.0362729685545
110.049990655 9.3272873869e-08 -0.0362523669211
110.112822508 9.31436705542e-08 -0.0362317886146
110.175654361 9.30147043832e-08 -0.0362112335924
110.238486214 9.28860526273e-08 -0.0361907018273
110.301318068 9.27576442322e-08 -0.0361701932656
110.364149921 9.26295173898e-08 -0.0361497078729
110.426981774 9.25016525599e-08 -0.0361292456088
110.489813627 9.23740719472e-08 -0.036108806443
110.55264548 9.22467400244e-08 -0.0360883903267
110.615477333 9.21196861015e-08 -0.0360679972206
110.678309186 9.19929057375e-08 -0.036047627089
110.741141039 9.18663847216e-08 -0.0360272798941
110.803972892 9.17401248302e-08 -0.0360069555994
110.866804745 9.16141322804e-08 -0.0359866541614
110.929636598 9.14884132897e-08 -0.0359663755446
110.992468451 9.13629492061e-08 -0.0359461197128
111.055300304 9.12377435824e-08 -0.035925886618
111.118132157 9.11127990832e-08 -0.0359056762356
111.180964011 9.09881139322e-08 -0.0358854885162
111.243795864 9.08636890173e-08 -0.0358653234275
111.306627717 9.07395278915e-08 -0.0358451809327
111.36945957 9.0615632331e-08 -0.0358250609915
111.432291423 9.04919925659e-08 -0.0358049635635
111.495123276 9.03685917208e-08 -0.0357848886134
111.557955129 9.02454591056e-08 -0.0357648361021
111.620786982 9.01225787331e-08 -0.0357448059974
111.683618835 8.99999683668e-08 -0.0357247982631
111.746450688 8.98775969205e-08 -0.0357048128496
111.809282541 8.9755478605e-08 -0.0356848497305
111.872114394 8.9633611644e-08 -0.0356649088668
111.934946247 8.95120084721e-08 -0.0356449902176
111.9977781 8.93906575428e-08 -0.0356250937494
112.060609954 8.9269548198e-08 -0.0356052194231
112.123441807 8.91486786614e-08 -0.0355853672058
112.18627366 8.90280853483e-08 -0.0355655370568
112.249105513 8.89077149679e-08 -0.0355457289379
112.311937366 8.87876208111e-08 -0.0355259428195
112.374769219 8.86677433698e-08 -0.0355061786551
112.437601072 8.85481270529e-08 -0.0354864364116
112.500432925 8.84287558733e-08 -0.03546671606
112.563264778 8.83096271664e-08 -0.0354470175597
112.626096631 8.81907489259e-08 -0.0354273408725
112.688928484 8.80721273688e-08 -0.0354076859635
112.751760337 8.7953705652e-08 -0.0353880527984
112.81459219 8.78355628231e-08 -0.0353684413339
112.877424043 8.77176633551e-08 -0.0353488515437
112.940255897 8.75999823791e-08 -0.035329283387
113.00308775 8.7482570521e-08 -0.0353097368321
113.065919603 8.73653744904e-08 -0.0352902118317
113.128751456 8.72484298142e-08 -0.0352707083686
113.191583309 8.71317391571e-08 -0.0352512263911
113.254415162 8.70152652155e-08 -0.0352317658703
113.317247015 8.68990150948e-08 -0.0352123267748
113.380078868 8.67830305396e-08 -0.0351929090616
113.442910721 8.66672662525e-08 -0.0351735126995
113.505742574 8.65517488791e-08 -0.0351541376565
113.568574427 8.64364517739e-08 -0.0351347838893
113.63140628 8.63213784896e-08 -0.0351154513702
113.694238133 8.62065654417e-08 -0.0350961400605
113.757069986 8.60919744383e-08 -0.0350768499348
113.81990184 8.5977602815e-08 -0.0350575809421
113.882733693 8.58634958689e-08 -0.0350383330553
113.945565546 8.57495914275e-08 -0.0350191062419
114.008397399 8.56359392287e-08 -0.0349999004671
114.071229252 8.55224842056e-08 -0.0349807156959
114.134061105 8.54092867542e-08 -0.0349615518915
114.196892958 8.52963077946e-08 -0.0349424090263
114.259724811 8.51835535443e-08 -0.0349232870601
114.322556664 8.50710302203e-08 -0.0349041859549
114.385388517 8.49587484808e-08 -0.0348851056857
114.44822037 8.48466807923e-08 -0.0348660462133
114.511052223 8.4734837813e-08 -0.0348470075047
114.573884076 8.46232159901e-08 -0.0348279895307
114.636715929 8.45118108828e-08 -0.0348089922469
114.699547783 8.44006473599e-08 -0.0347900156298
114.762379636 8.42896881181e-08 -0.0347710596423
114.825211489 8.41789598027e-08 -0.0347521242497
114.888043342 8.40684508674e-08 -0.0347332094234
114.950875195 8.39581826284e-08 -0.0347143151243
115.013707048 8.38481204468e-08 -0.0346954413134
115.076538901 8.37382785335e-08 -0.0346765879739
115.139370754 8.36286480066e-08 -0.0346577550609
115.202202607 8.35192510706e-08 -0.0346389425405
115.26503446 8.34100690739e-08 -0.0346201503882
115.327866313 8.33010949108e-08 -0.0346013785625
115.390698166 8.3192345457e-08 -0.0345826270344
115.453530019 8.30838011723e-08 -0.0345638957758
115.516361872 8.29754958076e-08 -0.0345451847404
115.579193726 8.28674009412e-08 -0.0345264939102
115.642025579 8.27594952568e-08 -0.034507823242
115.704857432 8.26518276043e-08 -0.0344891727131
115.767689285 8.25443713381e-08 -0.0344705422814
115.830521138 8.24371344521e-08 -0.0344519319236
115.893352991 8.23301000707e-08 -0.0344333415938
115.956184844 8.2223277964e-08 -0.0344147712731
116.019016697 8.21166512566e-08 -0.0343962209243
116.08184855 8.20102465937e-08 -0.0343776905164
116.144680403 8.190407641e-08 -0.0343591800146
116.207512256 8.17980758683e-08 -0.034340689388
116.270344109 8.16923151348e-08 -0.0343222186147
116.333175962 8.15867453596e-08 -0.0343037676458
116.396007816 8.14813967409e-08 -0.0342853364559
116.458839669 8.13762524032e-08 -0.0342669250179
116.521671522 8.12713061293e-08 -0.0342485332933
116.584503375 8.11665703537e-08 -0.0342301612584
116.647335228 8.10620690572e-08 -0.0342118088778
116.710167081 8.09577400673e-08 -0.0341934761118
116.772998934 8.08536135821e-08 -0.0341751629447
116.835830787 8.07497073652e-08 -0.0341568693367
116.89866264 8.06459938829e-08 -0.0341385952545
116.961494493 8.05424926753e-08 -0.0341203406721
117.024326346 8.04391833142e-08 -0.0341021055534
117.087158199 8.03360791224e-08 -0.0340838898729
117.149990052 8.02331889815e-08 -0.0340656935943
117.212821905 8.01305013454e-08 -0.0340475166899
117.275653759 8.00279966739e-08 -0.0340293591315
117.338485612 7.99257051654e-08 -0.0340112208814
117.401317465 7.9823609056e-08 -0.0339931019133
117.464149318 7.97216861415e-08 -0.0339750021941
117.526981171 7.96199888242e-08 -0.0339569216935
117.589813024 7.95185002289e-08 -0.033938860381
117.652644877 7.94171999274e-08 -0.0339208182304
117.71547673 7.93160905843e-08 -0.0339027952098
117.778308583 7.92151775286e-08 -0.0338847912861
117.841140436 7.91144536549e-08 -0.0338668064291
117.903972289 7.90139331741e-08 -0.0338488406129
117.966804142 7.89136187507e-08 -0.0338308937974
118.029635995 7.88134943974e-08 -0.033812965963
118.092467848 7.87135503444e-08 -0.0337950570772
118.155299702 7.86138203424e-08 -0.0337771671063
118.218131555 7.85142688642e-08 -0.0337592960266
118.280963408 7.84149003508e-08 -0.0337414438021
118.343795261 7.83157423356e-08 -0.0337236104
118.406627114 7.82167575153e-08 -0.0337057958073
118.469458967 7.81179876341e-08 -0.0336879999754
118.53229082 7.80193936123e-08 -0.0336702228775
118.595122673 7.79209905488e-08 -0.0336524645042
118.657954526 7.78227713383e-08 -0.0336347247963
118.720786379 7.77247546324e-08 -0.0336170037492
118.783618232 7.76269208913e-08 -0.0335993013219
118.846450085 7.75292710031e-08 -0.0335816174798
118.909281938 7.74318111851e-08 -0.0335639522047
118.972113791 7.73345369964e-08 -0.0335463054646
119.034945645 7.72374466607e-08 -0.0335286772282
119.097777498 7.71405490596e-08 -0.0335110674685
119.160609351 7.7043832647e-08 -0.0334934761493
119.223441204 7.69472965345e-08 -0.0334759032516
119.286273057 7.68509584859e-08 -0.0334583487467
119.34910491 7.67547954084e-08 -0.0334408125999
119.411936763 7.6658822401e-08 -0.0334232947852
119.474768616 7.65630261412e-08 -0.0334057952694
119.537600469 7.64674128462e-08 -0.033388314027
119.600432322 7.63719754104e-08 -0.0333708510342
119.663264175 7.6276738703e-08 -0.0333534062565
119.726096028 7.61816618677e-08 -0.0333359796672
119.788927881 7.60867786553e-08 -0.0333185712381
119.851759734 7.59920704141e-08 -0.0333011809413
119.914591588 7.58975557957e-08 -0.0332838087455
119.977423441 7.58032152604e-08 -0.0332664546302
120.040255294 7.57090461434e-08 -0.0332491185625
120.103087147 7.56150546621e-08 -0.0332318005074
120.165919 7.55212488102e-08 -0.0332145004496
120.228750853 7.54276134884e-08 -0.0331972183528
120.291582706 7.53341584669e-08 -0.0331799541908
120.354414559 7.52408784166e-08 -0.033162707939
120.417246412 7.51477919891e-08 -0.0331454795649
120.480078265 7.50548547757e-08 -0.0331282690453
120.542910118 7.4962096086e-08 -0.0331110763464
120.605741971 7.48695212494e-08 -0.0330939014474
120.668573824 7.47771382592e-08 -0.0330767443136
120.731405677 7.46849009303e-08 -0.0330596049239
120.794237531 7.45928581125e-08 -0.0330424832501
120.857069384 7.45009920422e-08 -0.0330253792629
120.919901237 7.44092618632e-08 -0.0330082929294
120.98273309 7.43177217544e-08 -0.0329912242343
121.045564943 7.42263601694e-08 -0.0329741731424
121.108396796 7.41351762201e-08 -0.0329571396294
121.171228649 7.40441512548e-08 -0.0329401236634
121.234060502 7.39533208005e-08 -0.0329231252251
121.296892355 7.38626244612e-08 -0.0329061442866
121.359724208 7.37721164157e-08 -0.0328891808138
121.422556061 7.36817824531e-08 -0.0328722347805
121.485387914 7.35916003691e-08 -0.0328553061654
121.548219767 7.35016145725e-08 -0.0328383949427
121.61105162 7.34117797663e-08 -0.032821501079
121.673883474 7.33221181548e-08 -0.0328046245538
121.736715327 7.32326244091e-08 -0.0327877653394
121.79954718 7.31432772128e-08 -0.0327709234054
121.862379033 7.30541103167e-08 -0.0327540987227
121.925210886 7.29651334908e-08 -0.0327372912795
121.988042739 7.28762898916e-08 -0.0327205010315
122.050874592 7.27876203754e-08 -0.0327037279682
122.113706445 7.26991054023e-08 -0.0326869720455
122.176538298 7.26107707294e-08 -0.0326702332563
122.239370151 7.2522597705e-08 -0.0326535115619
122.302202004 7.24345756709e-08 -0.0326368069415
122.365033857 7.23467303843e-08 -0.0326201193641
122.42786571 7.22590440816e-08 -0.0326034488091
122.490697563 7.21714972229e-08 -0.0325867952472
122.553529417 7.20841590862e-08 -0.032570158649
122.61636127 7.19969612817e-08 -0.0325535389998
122.679193123 7.1909926902e-08 -0.0325369362679
122.742024976 7.1823045289e-08 -0.0325203504233
122.804856829 7.17363306535e-08 -0.0325037814484
122.867688682 7.16497732256e-08 -0.0324872293057
122.930520535 7.15633632353e-08 -0.0324706939775
122.993352388 7.1477137098e-08 -0.0324541754402
123.056184241 7.13910335293e-08 -0.0324376736643
123.119016094 7.13051289125e-08 -0.0324211886318
123.181847947 7.12193690688e-08 -0.0324047203138
123.2446798 7.1133757551e-08 -0.0323882686672
123.307511653 7.10483103461e-08 -0.0323718336896
123.370343506 7.09630070261e-08 -0.0323554153471
123.43317536 7.08778582492e-08 -0.0323390136183
123.496007213 7.07929110888e-08 -0.0323226284738
123.558839066 7.07080776152e-08 -0.0323062598872
123.621670919 7.06234040138e-08 -0.0322899078407
123.684502772 7.05388858435e-08 -0.0322735723046
123.747334625 7.04545222163e-08 -0.0322572532454
123.810166478 7.03703140204e-08 -0.0322409506583
123.872998331 7.02862594792e-08 -0.0322246645012
123.935830184 7.0202368363e-08 -0.0322083947578
123.998662037 7.01186184671e-08 -0.0321921413969
124.06149389 7.00350213378e-08 -0.032175904402
124.124325743 6.99515814162e-08 -0.032159683745
124.187157596 6.98683102485e-08 -0.0321434793969
124.249989449 6.97851625375e-08 -0.0321272913362
124.312821303 6.97021693696e-08 -0.0321111195438
124.375653156 6.96193387384e-08 -0.0320949639863
124.438485009 6.95366475512e-08 -0.0320788246375
124.501316862 6.9454116236e-08 -0.0320627014884
124.564148715 6.93717332467e-08 -0.0320465945021
124.626980568 6.92894897014e-08 -0.0320305036567
124.689812421 6.92074166864e-08 -0.0320144289326
124.752644274 6.91254724572e-08 -0.0319983702964
124.815476127 6.90436836592e-08 -0.031982327734
124.87830798 6.89620414107e-08 -0.0319663012127
124.941139833 6.88805465998e-08 -0.0319502907138
125.003971686 6.87992001147e-08 -0.0319342962097
125.066803539 6.87179904091e-08 -0.0319183176825
125.129635392 6.86369530101e-08 -0.0319023551044
125.192467246 6.85560292979e-08 -0.0318864084527
125.255299099 6.8475266346e-08 -0.0318704777024
125.318130952 6.83946534963e-08 -0.0318545628299
125.380962805 6.83141792024e-08 -0.0318386638116
125.443794658 6.82338647806e-08 -0.0318227806194
125.506626511 6.81536800329e-08 -0.0318069132425
125.569458364 6.80736294001e-08 -0.031791061645
125.632290217 6.79937333103e-08 -0.0317752258058
