# Status file for ctqmc. Used to save all times t_s, t_e.
2
24
1.04291416053313 1.07319294017673 0 0
1.28656522847323 1.363932066639807 0 0
6.693848990846497 6.908602815620899 0 0
19.90406977639972 19.92440510848372 0 0
22.56109526079019 22.56362064111935 0 0
23.35205665926177 23.44992311977952 0 0
36.96287912957631 37.1123767100974 0 0
39.55573824819758 39.57169693596514 0 0
40.79858604540287 40.81817924668255 0 0
43.83889544572294 44.00776074998353 0 0
45.27721853963376 45.34204228773605 0 0
48.58627526501121 48.72922046976313 0 0
48.79056820761492 48.8322704268326 0 0
55.75237615589629 55.78826551001637 0 0
60.5795932407873 60.88083464231146 0 0
61.39863736933261 61.48039492021142 0 0
69.30468623690366 69.31879049436499 0 0
71.81784007179385 71.99425117594991 0 0
78.54183788114354 78.55440565823406 0 0
80.10815566790116 80.15666217440142 0 0
83.01065242928632 83.06753768082721 0 0
86.58059995029851 86.73517047885014 0 0
90.69097050778093 90.9652357843017 0 0
92.90892126718904 92.92942186134886 0 0
32
1.381842092453368 1.302934381524129 0 0
6.385516030898679 6.085842766382373 0 0
10.01301438941356 9.931482211206109 0 0
12.84805787087622 12.67130958711916 0 0
15.81841851710361 15.40086122194288 0 0
20.19612369358138 20.13858397135732 0 0
21.1009957783557 20.77490772488197 0 0
22.39987056640016 22.36586800023494 0 0
24.24110488138709 24.12153938628343 0 0
24.49608167679019 24.47150294900301 0 0
25.19550624061405 25.17320687098971 0 0
30.27917183496502 30.25054133291307 0 0
31.03500983179136 30.85462236019662 0 0
34.18407518492705 33.97407275259798 0 0
34.4922796786738 34.40409336780988 0 0
35.09144072103594 34.99405540765113 0 0
37.52006837713726 36.76341456591968 0 0
38.08098731037715 38.05754199429507 0 0
38.9637345850646 38.87333461867726 0 0
43.02486507958825 42.80079155848421 0 0
46.5363458989216 46.50184263070827 0 0
48.37851371062531 48.26063160404293 0 0
48.67987514964712 48.54017736459816 0 0
54.82814674344782 54.8146105432427 0 0
57.36281747751255 57.33817877361444 0 0
59.69247883018274 59.68451086025606 0 0
60.92023548449188 60.74463792164851 0 0
65.83454539221816 65.82673008018212 0 0
69.31112043457003 69.20782542268698 0 0
72.91451139169425 72.89281849363873 0 0
73.35057647802932 73.21870120287792 0 0
85.44662220662509 85.44366919698736 0 0
