# Status file for ctqmc. Used to save all times t_s, t_e.
2
21
0.1873613649517267 0.2533284243343478 0 0
2.081249562781204 2.137784199019919 0 0
3.66944528288386 3.779947743264823 0 0
3.79191639061902 3.942433790292748 0 0
15.88881075499245 15.92501881327871 0 0
17.27154696245513 17.28642406472154 0 0
26.95873620838008 27.02698484976612 0 0
27.32440856711909 27.39192554336171 0 0
27.5304511851387 27.56567978308913 0 0
28.59893898530281 28.7540565455847 0 0
52.08646044318374 52.20456444988433 0 0
57.7307390890042 57.99632927707577 0 0
64.61993465921164 64.73552076608519 0 0
70.6202245145423 70.64089876737808 0 0
75.2404096858192 75.31045806793003 0 0
78.29957624049757 78.34199089739823 0 0
79.54412708447954 79.67122416034789 0 0
85.74861881868912 85.77325989811 0 0
91.22706620739559 91.25073130047709 0 0
93.38841039164609 93.42659827344211 0 0
93.91973451170644 94.00320526195236 0 0
14
8.00648670578094 7.993900934878563 0 0
15.22417443111499 15.13686105357968 0 0
27.75871259946682 27.67665658376082 0 0
28.74799574346287 28.71637619322968 0 0
29.82550347645096 29.77457394491885 0 0
33.70202992752166 33.63642148834338 0 0
59.02528574240063 58.88026274612965 0 0
59.45170522010835 59.39943779882667 0 0
59.53626503573916 59.51648830257826 0 0
60.70741380052399 60.60105029848632 0 0
83.13045226013114 83.11414437496806 0 0
85.15540236462724 85.15336797314491 0 0
91.41737441017227 90.6414200945775 0 0
95.93563378922293 95.67286150241428 0 0
