# Status file for ctqmc. Used to save all times t_s, t_e.
2
22
7.160745216909589 7.364310419123072 0 0
8.212791381925541 8.281702592625958 0 0
20.18714110746591 20.47157578202282 0 0
24.8927839848241 24.92904580385202 0 0
32.68773751827329 32.73216869095802 0 0
32.84747512693834 32.86982002090705 0 0
37.01781441011414 37.20325719687659 0 0
40.46297568974743 40.49002525262275 0 0
40.53555930961373 40.56229874133378 0 0
47.24468361441975 47.30591236235507 0 0
48.72147086483155 48.74186334480166 0 0
55.49898408781049 55.52852072605059 0 0
58.00210379422607 58.03676896216934 0 0
70.24907983426607 70.40119746150762 0 0
74.11875733499808 74.35213501221506 0 0
77.13011230878315 77.15599772177964 0 0
77.28796500978497 77.34368388748736 0 0
77.52676413977679 77.65576840831511 0 0
83.26328957302826 83.34936507568176 0 0
86.24389256170895 86.41958137656977 0 0
88.90421647468065 88.99248526410096 0 0
90.3872606467562 90.48139280629213 0 0
16
3.002141016553878 2.883066219842665 0 0
17.35807431741025 17.00044339493004 0 0
22.25494178782501 22.23019201420994 0 0
23.58976756837267 23.49670403291065 0 0
25.97491500611683 25.91109472572707 0 0
32.93661673889792 32.90472689118752 0 0
38.37736752544378 38.16834212733414 0 0
46.14905647928308 46.06253129098253 0 0
55.78426723352918 55.66851402021848 0 0
57.92262071005418 57.86326485212336 0 0
58.42879911560529 58.40618175080814 0 0
65.28974884238015 65.18021420068115 0 0
69.60075152422907 69.45015428922632 0 0
83.58986727169784 83.57836807837339 0 0
95.78706376260031 95.68752704639984 0 0
96.02030480078804 95.99914735434758 0 0
