# Status file for ctqmc. Used to save all times t_s, t_e.
2
15
3.347001042850783 3.225641698642733 0 0
11.84156898285851 11.818486520358 0 0
12.73790150608252 12.41286137952489 0 0
18.52621387047032 18.42457305574812 0 0
43.27359564051446 43.16519750660358 0 0
47.83081410734088 47.78696693058734 0 0
49.76474749102786 49.45305939587671 0 0
50.58855919555041 50.32609292246381 0 0
57.75395134361972 57.74294370337637 0 0
62.59095710859458 62.46324705335536 0 0
65.65054835060387 65.50872259567976 0 0
73.46629218322093 73.44959796914249 0 0
83.92134385314051 83.76238608145059 0 0
96.97961207302923 96.95753615735748 0 0
98.35885183287151 98.28074824278916 0 0
17
1.904468976651884 1.959950159282613 0 0
18.9405411539397 19.04083311914317 0 0
24.20583237781074 24.44277728351767 0 0
24.44509976434595 24.44761233689656 0 0
29.67513102652776 29.79688184351291 0 0
40.47991874184446 40.48565308572681 0 0
42.08436141902828 42.18435652453032 0 0
43.90400449259627 44.06202956716344 0 0
44.29705814237719 44.36330660614346 0 0
46.68784615536233 46.7680571048535 0 0
49.14358455771452 49.17429767795254 0 0
52.00721060927514 52.07577877462398 0 0
79.34230812301553 79.35813111387537 0 0
82.78949708733836 82.86010482398969 0 0
85.84691354376426 85.88696361583401 0 0
89.05635292343015 89.07066990692917 0 0
89.85213114471524 89.85723360680042 0 0
