# Status file for ctqmc. Used to save all times t_s, t_e.
2
14
0.4006833933596852 0.643923967230206 0 0
7.033421972027361 7.323014500710093 0 0
8.852192801506352 8.911193428459871 0 0
11.19150744335205 11.22195092456549 0 0
34.59107533075412 34.66933114144209 0 0
35.74942147813939 36.19193721008698 0 0
53.47679194995009 53.52130741208077 0 0
61.76725744977573 61.78474275764585 0 0
62.85702194142115 63.00897549918154 0 0
63.37932410617246 63.42137423817024 0 0
73.67796076629214 73.76832216712984 0 0
79.51948665405062 79.83931702846614 0 0
84.73074075476703 84.74205278729195 0 0
95.67391955290124 95.7277734975321 0 0
23
6.182422404702533 6.123385684248622 0 0
17.82511496834966 17.66142176456584 0 0
24.8253691624444 24.69973901675417 0 0
25.60787201979748 25.58499866661858 0 0
37.59930031959945 37.46247718852815 0 0
39.18129397225671 39.15747203004508 0 0
46.45013897067732 46.39470831942266 0 0
53.00482883495615 52.79477627218345 0 0
54.89762972258456 54.68794271111145 0 0
59.84069800297274 59.77894338219706 0 0
61.32241655149949 61.1657787996575 0 0
63.03842008120342 62.85970478613381 0 0
68.09707923774941 68.04462025782246 0 0
68.90358645505307 68.85393722738134 0 0
73.99154698263119 73.87202095228255 0 0
74.66833867968845 74.61580020569339 0 0
79.56352684157388 79.41774117171485 0 0
83.46523757779467 83.39533153690354 0 0
90.65208497942324 90.54624842749139 0 0
92.25737847313432 92.25520993347192 0 0
93.61066379930159 93.58711126442613 0 0
94.14840926987695 94.12127453423363 0 0
98.22514623182616 98.21336900810782 0 0
