# Status file for ctqmc. Used to save all times t_s, t_e.
2
7
3.364157343157752 3.335418058470132 0 0
4.486087465249044 3.481065606098142 0 0
5.444463909736832 4.510928584635351 0 0
5.560533230084247 5.541776274608567 0 0
6.796419778365426 5.830522039393728 0 0
7.009363550051115 6.909322842872663 0 0
7.47740927718062 7.295246040599748 0 0
7
1.143723412687994 1.389534821462172 0 0
2.980051487888125 3.004262735150051 0 0
3.625924300521207 3.826458142794355 0 0
3.860873246030121 4.925866636522896 0 0
5.37850587816858 6.549754705451924 0 0
7.019985154010363 7.176432573101491 0 0
7.32210986594981 7.627713501799452 0 0
