# Status file for ctqmc. Used to save all times t_s, t_e.
2
7
0.1863851984210902 0.3287569316118049 0 0
1.050173386644627 1.76738211397444 0 0
1.971750192924187 2.278594408382146 0 0
2.482324855424411 2.589050467083592 0 0
4.366841106069132 5.711314452943123 0 0
6.517711531239916 6.565811804535151 0 0
7.279682673402715 7.815355471486696 0 0
7
0.7089468588207399 0.2892833117319142 0 0
1.69209260519746 1.157251046543559 0 0
2.602180050903604 2.141753791319678 0 0
6.3375303509364 4.691496868882631 0 0
6.493346851665167 6.429024811425376 0 0
6.62366678995336 6.550630094202485 0 0
7.743930212004857 7.637929630729698 0 0
