# Status file for ctqmc. Used to save all times t_s, t_e.
2
7
0.6403735669460691 0.6588353963457187 0 0
0.8040328065996768 1.889821326498602 0 0
2.066329664663545 2.726974406187874 0 0
2.799287343738619 3.508671390398117 0 0
4.829431105782501 5.216622616490302 0 0
6.568701454740209 6.795578959666526 0 0
6.913406907434029 7.564748538149397 0 0
7
1.669120332763781 0.6827490883845435 0 0
2.617051808928207 2.361612021481776 0 0
3.322074562132496 2.834215507234365 0 0
4.836157309029526 4.133562529814038 0 0
6.933442523925855 4.909472600418351 0 0
7.160631051789993 7.09678824786242 0 0
7.977864809760481 7.480432098131748 0 0
