# Status file for ctqmc. Used to save all times t_s, t_e.
2
4
2.637057248468578 1.019725611162333 0 0
3.13158275004213 3.121365301763647 0 0
3.535806705648996 3.16430285973707 0 0
5.926327019841055 3.754962954010418 0 0
8
0.1040664684763843 0.1053933800744802 0 0
1.615012336954083 1.830601450777162 0 0
1.952219083460463 2.946689386201965 0 0
3.909275126075821 4.410453690077548 0 0
4.509164518811716 4.762606197617878 0 0
4.811383644138333 4.944577104957849 0 0
5.225548128936067 5.227544094346258 0 0
5.892687816277109 7.852092755997858 0 0
