# Status file for ctqmc. Used to save all times t_s, t_e.
2
6
1.673934991892996 3.600673351141298 0 0
3.99297757557684 4.071703662846556 0 0
4.664408290508183 4.699281647350717 0 0
4.720537092017866 5.463141284298096 0 0
5.752371433551182 7.788123452623195 0 0
7.842897842261735 7.966063349770375 0 0
7
1.952386219044553 2.019176177684096 0 0
2.05378874001989 2.682263896463295 0 0
2.782706010515109 3.159831463839808 0 0
3.193628378114362 3.261935116906218 0 0
4.783122120376541 5.086974923656203 0 0
6.601663130818322 6.890815500758332 0 0
7.476629568894826 7.970179556777028 0 0
