# Status file for ctqmc. Used to save all times t_s, t_e.
2
5
0.8361945734320336 1.179662090475283 0 0
1.493971439327754 2.118428833334682 0 0
2.20480824762434 2.686087179786411 0 0
2.936272076861387 3.324532470026062 0 0
6.362894507742883 6.374390840501543 0 0
7
0.3004269839556102 1.473141191334732 0 0
1.916028582332908 2.275625332782327 0 0
2.624617069960319 2.961143650561427 0 0
3.651077477565347 4.591383873884512 0 0
4.646683060643091 5.877555070989823 0 0
6.19831955254657 6.2272577201198 0 0
6.697039493610343 6.970906830843591 0 0
