-1.800000000000201084e+01 2.382605348669689517e-05
-1.768637079511795918e+01 3.244881974694079053e-05
-1.738314684757837725e+01 4.357956736706496847e-05
-1.708981328123576660e+01 5.767663164010811166e-05
-1.680588863433072433e+01 7.529226326305726554e-05
-1.653092219204418001e+01 9.704210498910537835e-05
-1.626449157056260830e+01 1.235662996673292293e-04
-1.600620052541652782e+01 1.555324256574920020e-04
-1.575567696017295916e+01 1.937668025164602419e-04
-1.551257111443442049e+01 2.391125757828794476e-04
-1.527655391258613626e+01 2.921598995332412487e-04
-1.504731545689701200e+01 3.540281116835609920e-04
-1.482456365046278535e+01 4.252368310654797861e-04
-1.460802293712368716e+01 5.068775461334628675e-04
-1.439743314692604947e+01 5.997483530829160860e-04
-1.419254843695589230e+01 7.049763002304382286e-04
-1.399313631847824624e+01 8.225812870179303278e-04
-1.379897676228727654e+01 9.540437630842975867e-04
-1.360986137502872673e+01 1.100218837860116169e-03
-1.342559264001182306e+01 1.261331638569366089e-03
-1.324598321669588152e+01 1.438574409184000241e-03
-1.307085529362816168e+01 1.632052248571673383e-03
-1.290003999013476133e+01 1.842971571954743005e-03
-1.273337680253193582e+01 2.071590667176775521e-03
-1.257071309104041035e+01 2.318024382487527454e-03
-1.241190360395464154e+01 2.583061813512756068e-03
-1.225681003594876195e+01 2.867274978977669714e-03
-1.210530061769597765e+01 3.170687180751783490e-03
-1.195724973424155202e+01 3.493387699571181507e-03
-1.181253756980619762e+01 3.835690078924317709e-03
-1.167104977690866718e+01 4.197884456952066280e-03
-1.153267716788677255e+01 4.579591687555688642e-03
-1.139731542706779699e+01 4.981508748779232137e-03
-1.126486484199332239e+01 5.402414083744115289e-03
-1.113523005224293527e+01 5.843459302743143555e-03
-1.100831981452695096e+01 6.303538893676946704e-03
-1.088404678283180083e+01 6.782562169114558955e-03
-1.076232730250476877e+01 7.279493236396358813e-03
-1.064308121725769141e+01 7.796053527168506601e-03
-1.052623168815380517e+01 8.330235320467062679e-03
-1.041170502371859463e+01 8.882133121798382533e-03
-1.029943052038521678e+01 9.451642932752132159e-03
-1.018934031254830330e+01 1.003568527027661611e-02
-1.008136923155793951e+01 1.063754391987953296e-02
-9.975454673037956965e+00 1.125461339810079030e-02
-9.871536471960840942e+00 1.188526793054106231e-02
-9.769556784955334194e+00 1.253177532152065579e-02
-9.669459979362780899e+00 1.319111830259737071e-02
-9.571192528595137361e+00 1.386443302956566134e-02
-9.474702913380864899e+00 1.454962160010916244e-02
-9.379941528515811200e+00 1.524597826495733589e-02
-9.286860594764403842e+00 1.595253859508091732e-02
-9.195414075582201363e+00 1.667128036138098776e-02
-9.105557598354884874e+00 1.739873421726496547e-02
-9.017248379870389741e+00 1.813475928417765740e-02
-8.930445155761116638e+00 1.887918419947670276e-02
-8.845108113671695804e+00 1.963098036480834252e-02
-8.761198829924738973e+00 2.039008136010898170e-02
-8.678680209472876328e+00 2.115479667491185906e-02
-8.597516428939853128e+00 2.192634455769039425e-02
-8.517672882566811765e+00 2.270077090951740789e-02
-8.439116130892410084e+00 2.347780053413160359e-02
-8.361813852006719117e+00 2.426240662633195530e-02
-8.285734795229661387e+00 2.504749904669188038e-02
-8.210848737074378789e+00 2.583475628796062795e-02
-8.137126439365120589e+00 2.662373710612780248e-02
-8.064539609387715302e+00 2.741553120945953992e-02
-7.993060861958362295e+00 2.820594904953725029e-02
-7.922663683303976967e+00 2.899430769571201619e-02
-7.853322396653874549e+00 2.978432615616431051e-02
-7.785012129448951157e+00 3.057319607632190406e-02
-7.717708782080378249e+00 3.136008881588811525e-02
-7.651388998075133507e+00 3.214243964913113955e-02
-7.586030135650944750e+00 3.292256491034647320e-02
-7.521610240567749628e+00 3.370056382839013709e-02
-7.458108020207273370e+00 3.447534122563257475e-02
-7.395502818816379609e+00 3.524512400215090019e-02
-7.333774593853726209e+00 3.600827751339890498e-02
-7.272903893382695273e+00 3.677129328105153278e-02
-7.212871834457117437e+00 3.752519650233622495e-02
-7.153660082449187385e+00 3.827105458809207383e-02
-7.095250831272068126e+00 3.901547683701114128e-02
-7.037626784452278628e+00 3.975119387705253887e-02
-6.980771137009643468e+00 4.047941680511126655e-02
-6.924667558104775189e+00 4.120236994556122218e-02
-6.869300174416541616e+00 4.191468340467822268e-02
-6.814653554213885300e+00 4.261901165840199096e-02
-6.760712692088343800e+00 4.331986050385289166e-02
-6.707462994315648963e+00 4.400749258937380198e-02
-6.654890264816202716e+00 4.468809507518346769e-02
-6.602980691686176407e+00 4.536274886834693043e-02
-6.551720834272277472e+00 4.602308934078612468e-02
-6.501097610764786872e+00 4.667931135234752033e-02
-6.451098286284775440e+00 4.732412041637113626e-02
-6.401710461442654321e+00 4.795745221838859651e-02
-6.352922061346510496e+00 4.858097405283163389e-02
-6.304721325039668756e+00 4.919588963860549446e-02
-6.257096795348075169e+00 4.980318218240337158e-02
-6.210037309119101678e+00 5.039727522793631398e-02
-6.163531987834188541e+00 5.098380066794554882e-02
-6.117570228578837366e+00 5.155844323739643131e-02
-6.072141695354100754e+00 5.212094652397016026e-02
-6.027236310714632950e+00 5.267583402394922232e-02
-5.982844247719062203e+00 5.321652451074040252e-02
-5.938955922179146363e+00 5.375009951302728295e-02
-5.895561985194874843e+00 5.426996673127824911e-02
-5.852653315963272540e+00 5.477957850655239269e-02
-5.810221014849253685e+00 5.527980611748455064e-02
-5.768256396707496236e+00 5.576624246779651739e-02
-5.726750984444712422e+00 5.624389330414400479e-02
-5.685696502812374042e+00 5.670994252433719102e-02
-5.645084872420248701e+00 5.716476311500711532e-02
-5.604908203961667112e+00 5.761119476221426838e-02
-5.565158792641851981e+00 5.804381470273087956e-02
-5.525829112800970222e+00 5.846484955792669719e-02
-5.486911812724083681e+00 5.887952991431040506e-02
-5.448399709630409760e+00 5.928024569756926154e-02
-5.410285784834729661e+00 5.966690887447757136e-02
-5.372563179074079542e+00 6.004599207967496743e-02
-5.335225187993163587e+00 6.041377025383277977e-02
-5.298265257782246884e+00 6.077154610947565344e-02
-5.261676980961550676e+00 6.111994197583694305e-02
-5.225454092306433651e+00 6.145621146843413540e-02
-5.189590464907923639e+00 6.177829894045232251e-02
-5.154080106363324809e+00 6.209429890601658036e-02
-5.118917155092023386e+00 6.239815194994403902e-02
-5.084095876771596245e+00 6.269522187691541071e-02
-5.049610660889740643e+00 6.297718989720714478e-02
-5.015456017407655231e+00 6.325193340249249396e-02
-4.981626573530626878e+00 6.351033390427006375e-02
-4.948117070581910859e+00 6.376767702182428721e-02
-4.914922360976011539e+00 6.400833689080404065e-02
-4.882037405287712239e+00 6.423565039970505208e-02
-4.849457269413337102e+00 6.446034995838229031e-02
-4.817177121820895636e+00 6.467396298173946900e-02
-4.785192230885824571e+00 6.487890149546458873e-02
-4.753497962309302771e+00 6.506959946592445754e-02
-4.722089776616123835e+00 6.525520366401989236e-02
-4.690963226729293112e+00 6.543037480316012122e-02
-4.660113955618596648e+00 6.559481637875438920e-02
-4.629537694020590344e+00 6.574721877674481740e-02
-4.599230258227382961e+00 6.590126860388065277e-02
-4.569187547941903738e+00 6.603687312761953587e-02
-4.539405544197283149e+00 6.616679563072487558e-02
-4.509880307338105077e+00 6.628616015857874411e-02
-4.480607975061465353e+00 6.639874503884751755e-02
-4.451584760515686412e+00 6.649858740152328473e-02
-4.422806950454783781e+00 6.659579455250244640e-02
-4.394270903446768628e+00 6.668235052156683274e-02
-4.365973048133954926e+00 6.675704685749483946e-02
-4.337909881543509094e+00 6.682795529876132956e-02
-4.310077967446587444e+00 6.689204292130918050e-02
-4.282473934764412071e+00 6.694564516795525888e-02
-4.255094476019731786e+00 6.698755769453514086e-02
-4.227936345832168819e+00 6.702923839759983293e-02
-4.200996359456015128e+00 6.705861190023691687e-02
-4.174271391359062555e+00 6.708404171392352844e-02
-4.147758373841154089e+00 6.709861009322731773e-02
-4.121454295691163061e+00 6.710637795673597694e-02
-4.095356200881122177e+00 6.710868315861795441e-02
-4.069461187296388616e+00 6.710469615703916479e-02
-4.043766405500584860e+00 6.709308750787344733e-02
-4.018269057534298305e+00 6.707394966126187241e-02
-3.992966395746416985e+00 6.704780496022938463e-02
-3.967855721657088441e+00 6.701480661740252809e-02
-3.942934384851309204e+00 6.697565671760184747e-02
-3.918199781902168777e+00 6.693265016735253092e-02
-3.893649355322847061e+00 6.688309949149097433e-02
-3.869280592546462394e+00 6.682172013266017563e-02
-3.845091024932894896e+00 6.675495419856707080e-02
-3.821078226801797317e+00 6.668510651804086808e-02
-3.797239814490932730e+00 6.661235893378120165e-02
-3.773573445439120100e+00 6.652887967901814636e-02
-3.750076817293014120e+00 6.644778281315792678e-02
-3.726747667036997225e+00 6.635240711981173212e-02
-3.703583770145510101e+00 6.625701693758749566e-02
-3.680582939757102157e+00 6.615439965069676298e-02
-3.657743025869630404e+00 6.604425341866615451e-02
-3.635061914555887341e+00 6.593131038779327657e-02
-3.612537527199123133e+00 6.581146954625430312e-02
-3.590167819747855482e+00 6.568737728974195778e-02
-3.567950781989368547e+00 6.555809435684561981e-02
-3.545884436841426179e+00 6.542916485541268312e-02
-3.523966839661581307e+00 6.529274895986086902e-02
-3.502196077573649369e+00 6.514828183254563199e-02
-3.480570268810808887e+00 6.500307674083299903e-02
-3.459087562074850908e+00 6.485392039909240736e-02
-3.437746135911134981e+00 6.470077378650192224e-02
-3.416544198098792506e+00 6.454468842483641888e-02
-3.395479985055740890e+00 6.438033670993321966e-02
-3.374551761258098193e+00 6.421453676865081228e-02
-3.353757818673582580e+00 6.404490421274122713e-02
-3.333096476208523118e+00 6.387147885517423240e-02
-3.312566079168071553e+00 6.369048831791696008e-02
-3.292164998729279812e+00 6.351341257762488368e-02
-3.271891631426664837e+00 6.332989821975612554e-02
-3.251744398649922374e+00 6.314016109836362300e-02
-3.231721746153456643e+00 6.294956238440514718e-02
-3.211822143577407918e+00 6.275140994870402611e-02
-3.192044083979844071e+00 6.255367770597379529e-02
-3.172386083379843402e+00 6.235596776558348375e-02
-3.152846680311138350e+00 6.215047938939174954e-02
-3.133424435386072737e+00 6.194908590754767685e-02
-3.114117930869558570e+00 6.174193014253625406e-02
-3.094925770262795250e+00 6.152782940388751981e-02
-3.075846577896469647e+00 6.132038379570401571e-02
-3.056878998533198555e+00 6.109562131809054969e-02
-3.038021696978961295e+00 6.088106074016853830e-02
-3.019273357703287086e+00 6.066207663894414986e-02
-3.000632684467968048e+00 6.044045202225540453e-02
-2.982098399964077995e+00 6.021098818855606660e-02
-2.963669245457069223e+00 5.998075295091179898e-02
-2.945343980439752762e+00 5.975404746054290700e-02
-2.927121382292947160e+00 5.952644321352106027e-02
-2.909000245953597297e+00 5.929441622362646713e-02
-2.890979383590179363e+00 5.905101097148945238e-02
-2.873057624285205058e+00 5.881788984870782444e-02
-2.855233813724623815e+00 5.858231121852775641e-02
-2.837506813893987179e+00 5.834030428112013666e-02
-2.819875502781155951e+00 5.809979679698269728e-02
-2.802338774085429751e+00 5.785697617351216043e-02
-2.784895536932901372e+00 5.760893312376234865e-02
-2.767544715597910265e+00 5.736856573654463415e-02
-2.750285249230413953e+00 5.711959138374204242e-02
-2.733116091589155250e+00 5.687004394428498560e-02
-2.716036210780464089e+00 5.662432613251425217e-02
-2.699044589002566052e+00 5.637151641242092032e-02
-2.682140222295249732e+00 5.612027751285551119e-02
-2.665322120294779662e+00 5.586771089101643523e-02
-2.648589305993904297e+00 5.561304889523081829e-02
-2.631940815506855547e+00 5.535645031063605309e-02
-2.615375697839200431e+00 5.510275105343908492e-02
-2.598893014662444045e+00 5.484802657967685624e-02
-2.582491840093254609e+00 5.459691555373260424e-02
-2.566171260477212002e+00 5.433714930649711367e-02
-2.549930374176959447e+00 5.408019338606630949e-02
-2.533768291364664638e+00 5.382153900475887542e-02
-2.517684133818677505e+00 5.356295207069890901e-02
-2.501677034724291371e+00 5.330918521563417223e-02
-2.485746138478510670e+00 5.304844426906210608e-02
-2.469890600498723998e+00 5.278413055920926772e-02
-2.454109587035200768e+00 5.253200125543049798e-02
-2.438402274987315543e+00 5.227235149848545592e-02
-2.422767851723407695e+00 5.201463671985182696e-02
-2.407205514904207533e+00 5.175506762776073411e-02
-2.391714472309731221e+00 5.149594314781460319e-02
-2.376293941669569421e+00 5.123910757498043034e-02
-2.360943150496495058e+00 5.097761211022371064e-02
-2.345661335923311608e+00 5.071897371307829139e-02
-2.330447744542858413e+00 5.046152593231270633e-02
-2.315301632251118846e+00 5.020054403562664719e-02
-2.300222264093345625e+00 4.994502586964686547e-02
-2.285208914113144640e+00 4.968871087891982286e-02
-2.270260865204440481e+00 4.942787952194158119e-02
-2.255377408966269037e+00 4.917787001263285163e-02
-2.240557845560325223e+00 4.891956831525400701e-02
-2.225801483571210770e+00 4.866045049180554166e-02
-2.211107639869315467e+00 4.840552580999701177e-02
-2.196475639476279440e+00 4.814950413314666999e-02
-2.181904815432973432e+00 4.790111260677171884e-02
-2.167394508669943320e+00 4.764525725352206781e-02
-2.152944067880271817e+00 4.739292508697443007e-02
-2.138552849394784516e+00 4.714320074584015668e-02
-2.124220217059574090e+00 4.689321979531440449e-02
-2.109945542115772454e+00 4.664573478134197149e-02
-2.095728203081529628e+00 4.639453898690189260e-02
-2.081567585636154849e+00 4.614767032109261258e-02
-2.067463082506362237e+00 4.590224345092756841e-02
-2.053414093354584136e+00 4.565900827476922219e-02
-2.039420024669305942e+00 4.541316204915282068e-02
-2.025480289657382471e+00 4.517300875394913984e-02
-2.011594308138276332e+00 4.493135576774045375e-02
-1.997761506440205226e+00 4.468686854155583255e-02
-1.983981317298131319e+00 4.444911338554346364e-02
-1.970253179753569617e+00 4.421252346186042848e-02
-1.956576539056167352e+00 4.397403340242796166e-02
-1.942950846567025547e+00 4.374152648359468099e-02
-1.929375559663717654e+00 4.350938991200042905e-02
-1.915850141646975535e+00 4.327622983091587022e-02
-1.902374061649005244e+00 4.304374212917960046e-02
-1.888946794543396868e+00 4.281553543657897615e-02
-1.875567820856598900e+00 4.259347440696980430e-02
-1.862236626680921825e+00 4.236488864547799382e-02
-1.848952703589041180e+00 4.214224064418992804e-02
-1.835715548549967879e+00 4.191577361838662308e-02
-1.822524663846452730e+00 4.169402598845075442e-02
-1.809379556993800708e+00 4.147617289464610585e-02
-1.796279740660062796e+00 4.125997905364838653e-02
-1.783224732587581407e+00 4.104183161909490812e-02
-1.770214055515849871e+00 4.083018830095386242e-02
-1.757247237105675541e+00 4.062102732843266700e-02
-1.744323809864610553e+00 4.040972973336535989e-02
-1.731443311073621372e+00 4.020500231715767869e-02
-1.718605282714980698e+00 3.999662112423185006e-02
-1.705809271401351745e+00 3.979614903871495774e-02
-1.693054828306041149e+00 3.959339429154591639e-02
-1.680341509094399610e+00 3.939742953527117231e-02
-1.667668873856344547e+00 3.920123032210847541e-02
-1.655036487039980519e+00 3.900885717075733977e-02
-1.642443917386301022e+00 3.881702971401777835e-02
-1.629890737864948980e+00 3.862704377424466123e-02
-1.617376525611005755e+00 3.844460681190758206e-02
-1.604900861862805783e+00 3.825404461491825614e-02
-1.592463331900736856e+00 3.806710417196099150e-02
-1.580063524987020074e+00 3.789561616195814830e-02
-1.567701034306447028e+00 3.771588675854901235e-02
-1.555375456908052678e+00 3.753885950036171815e-02
-1.543086393647707277e+00 3.736746471600095598e-02
-1.530833449131608237e+00 3.719922715654352258e-02
-1.518616231660659732e+00 3.703270487326319055e-02
-1.506434353175712282e+00 3.686639483995059891e-02
-1.494287429203655870e+00 3.671037985616045635e-02
-1.482175078804342627e+00 3.655279761756195095e-02
-1.470096924518329295e+00 3.640238781458585843e-02
-1.458052592315416618e+00 3.625175849848622650e-02
-1.446041711543979202e+00 3.609831025963409351e-02
-1.434063914881057000e+00 3.595952425647203077e-02
-1.422118838283209508e+00 3.581102192888879071e-02
-1.410206120938107599e+00 3.567544982748183796e-02
-1.398325405216850115e+00 3.553575916479013302e-02
-1.386476336626996986e+00 3.541083235608536578e-02
-1.374658563766294916e+00 3.527865715160059812e-02
-1.362871738277095179e+00 3.515583879797359868e-02
-1.351115514801437101e+00 3.503856369293220641e-02
-1.339389550936797013e+00 3.491550064349004112e-02
-1.327693507192477362e+00 3.480417528478645106e-02
-1.316027046946637080e+00 3.468815601561228701e-02
-1.304389836403941239e+00 3.458561683146562510e-02
-1.292781544553817996e+00 3.447980830826575388e-02
-1.281201843129320173e+00 3.438448734480466923e-02
-1.269650406566570577e+00 3.429142968521769336e-02
-1.258126911964788874e+00 3.420241721570545929e-02
-1.246631039046874889e+00 3.411525883501819595e-02
-1.235162470120555911e+00 3.404031945209942678e-02
-1.223720890040073339e+00 3.395905459220086020e-02
-1.212305986168408234e+00 3.389193621398281508e-02
-1.200917448340022453e+00 3.381921472016424096e-02
-1.189554968824123149e+00 3.376092401250560537e-02
-1.178218242288426865e+00 3.370185971907613959e-02
-1.166906965763418569e+00 3.365086480912833633e-02
-1.155620838607101852e+00 3.360550838122338541e-02
-1.144359562470215863e+00 3.356467217694959759e-02
-1.133122841261928526e+00 3.353165865487289787e-02
-1.121910381115985400e+00 3.349945002824952778e-02
-1.110721890357309283e+00 3.347998385507874874e-02
-1.099557079469039467e+00 3.345507762521712780e-02
-1.088415661060010642e+00 3.344590081397300074e-02
-1.077297349832647466e+00 3.344025966185682625e-02
-1.066201862551285018e+00 3.343914739600408609e-02
-1.055128918010896033e+00 3.344901706126943153e-02
-1.044078237006218046e+00 3.346210699254708459e-02
-1.033049542301277102e+00 3.348430041733639617e-02
-1.022042558599299822e+00 3.351008611289765793e-02
-1.011057012512998066e+00 3.355170928334127306e-02
-1.000092632535235726e+00 3.358948044417529866e-02
-9.891491490100537964e-01 3.364573929616034714e-02
-9.782262941040561488e-01 3.369932506648615211e-02
-9.673238017781481402e-01 3.377723166402864935e-02
-9.564414077596213870e-01 3.385163251223997916e-02
-9.455788495145712735e-01 3.393725096704603567e-02
-9.347358662206534108e-01 3.403192587171288697e-02
-9.239121987401626157e-01 3.413803928647664299e-02
-9.131075895934324116e-01 3.425402247345177981e-02
-9.023217829325496098e-01 3.438391785887309066e-02
-8.915545245153719822e-01 3.452120774110813833e-02
-8.808055616798529108e-01 3.466817836393148999e-02
-8.700746433186589135e-01 3.482692162287559512e-02
-8.593615198540814903e-01 3.500165074407626115e-02
-8.486659432132259706e-01 3.518683714035078514e-02
-8.379876668034880183e-01 3.538686703460309363e-02
-8.273264454882990337e-01 3.559785867804210469e-02
-8.166820355631438932e-01 3.582140025993490323e-02
-8.060541947318363709e-01 3.606067810930425888e-02
-7.954426820830584610e-01 3.632250106639454967e-02
-7.848472580671504994e-01 3.659345756811573092e-02
-7.742676844731486430e-01 3.688255210900068248e-02
-7.637037244060699281e-01 3.719192953445322330e-02
-7.531551422644284788e-01 3.751976164792004964e-02
-7.426217037179922986e-01 3.786765661000278393e-02
-7.321031756857663275e-01 3.822398777024698519e-02
-7.215993263142009839e-01 3.861071845098761057e-02
-7.111099249556180890e-01 3.902110946504663141e-02
-7.006347421468592795e-01 3.945362438908277258e-02
-6.901735495881351490e-01 3.990730971605598726e-02
-6.797261201220911042e-01 4.038930272668102284e-02
-6.692922277130706199e-01 4.089621622750901075e-02
-6.588716474265783329e-01 4.143038747979960884e-02
-6.484641554089376481e-01 4.200162048417236532e-02
-6.380695288671385246e-01 4.259155283063741082e-02
-6.276875460488731129e-01 4.322307913057237688e-02
-6.173179862227488046e-01 4.388499587857960793e-02
-6.069606296586862459e-01 4.458471193705421803e-02
-5.966152576084875481e-01 4.532151120556308921e-02
-5.862816522865772484e-01 4.609532354787341385e-02
-5.759595968509094721e-01 4.691344953282609170e-02
-5.656488753840412942e-01 4.777617136557321675e-02
-5.553492728743597562e-01 4.868547788382315139e-02
-5.450605751974718638e-01 4.964684808705817354e-02
-5.347825690977430213e-01 5.065532926049563095e-02
-5.245150421699888987e-01 5.171831702585935608e-02
-5.142577828413065211e-01 5.283760932191854109e-02
-5.040105803530536832e-01 5.402687835666981908e-02
-4.937732247429644228e-01 5.527775536662629663e-02
-4.835455068274036594e-01 5.659464965491290550e-02
-4.733272181837471781e-01 5.799484686036979197e-02
-4.631181511328986700e-01 5.944898997773051530e-02
-4.529180987219272314e-01 6.099240582747067485e-02
-4.427268547068332061e-01 6.262185680007838207e-02
-4.325442135354257145e-01 6.434678915722097381e-02
-4.223699703303245845e-01 6.614601356482704975e-02
-4.122039208720716941e-01 6.806491838917907988e-02
-4.020458615823537807e-01 7.007260976461125723e-02
-3.918955895073323314e-01 7.218987812743142551e-02
-3.817529023010813316e-01 7.442512238672306657e-02
-3.716175982091194929e-01 7.676897741626842464e-02
-3.614894760520483419e-01 7.923500772498376366e-02
-3.513683352092828449e-01 8.182644892105109258e-02
-3.412539756028758475e-01 8.455324953585204029e-02
-3.311461976814312758e-01 8.740483926678074833e-02
-3.210448024041094306e-01 9.039346044000695635e-02
-3.109495912247085547e-01 9.351883214401418565e-02
-3.008603660758366605e-01 9.678534977315982057e-02
-2.907769293531580201e-01 1.001716526976863669e-01
-2.806990838997174276e-01 1.036932911795829526e-01
-2.706266329903371237e-01 1.073493224213651759e-01
-2.605593803160889399e-01 1.111026003023212194e-01
-2.504971299688272257e-01 1.149737375566653036e-01
-2.404396864257955790e-01 1.189076252156116287e-01
-2.303868545342923901e-01 1.229182335084671868e-01
-2.203384394963986970e-01 1.269658571099436528e-01
-2.102942468537628840e-01 1.310103961754081059e-01
-2.002540824724450275e-01 1.350196251017447280e-01
-1.902177525278067050e-01 1.389314024747038412e-01
-1.801850634894590075e-01 1.427134207214171002e-01
-1.701558221062540455e-01 1.463007299034776165e-01
-1.601298353913264694e-01 1.496322352110926734e-01
-1.501069106071708514e-01 1.526322747264620694e-01
-1.400868552507662790e-01 1.552564691281476117e-01
-1.300694770387391397e-01 1.574527542268974178e-01
-1.200545838925550501e-01 1.591951222964039236e-01
-1.100419839237516545e-01 1.604915415347593355e-01
-1.000314854191983877e-01 1.613771720808501453e-01
-9.002289682638489610e-02 1.620188871593508106e-01
-8.001602673873924043e-02 1.627151573678176921e-01
-7.001068388096250150e-02 1.638903434787742086e-01
-6.000667709439190534e-02 1.664028658384584247e-01
-5.000381532237931775e-02 1.715835026197710389e-01
-4.000190759568706539e-02 1.816876213707329102e-01
-3.000076301789707939e-02 2.003191847675838411e-01
-2.000019075083557876e-02 2.314313241079678785e-01
-9.999999999999974187e-03 2.716008873479784924e-01
0.000000000000000000e+00 2.928331421054828909e-01
9.999999999999974187e-03 2.716251823885926231e-01
2.000019075083557876e-02 2.313690593133065354e-01
3.000076301789707939e-02 2.003091626621062160e-01
4.000190759568635068e-02 1.817445775449746947e-01
5.000381532237860305e-02 1.716484576943218543e-01
6.000667709439118369e-02 1.664594772809687706e-01
7.001068388096322315e-02 1.639083209151009080e-01
8.001602673873996208e-02 1.626666409580541650e-01
9.002289682638561774e-02 1.619181290368609805e-01
1.000314854191983877e-01 1.611985460757491551e-01
1.100419839237516545e-01 1.602463248231634774e-01
1.200545838925550501e-01 1.589193696550118273e-01
1.300694770387391397e-01 1.571342047540175701e-01
1.400868552507662790e-01 1.549308561815577190e-01
1.501069106071708514e-01 1.522826855279410529e-01
1.601298353913264694e-01 1.492722367193576316e-01
1.701558221062540455e-01 1.459628472732044102e-01
1.801850634894582859e-01 1.424019016763222456e-01
1.902177525278067050e-01 1.386486732020532631e-01
2.002540824724450275e-01 1.347520456572892100e-01
2.102942468537628840e-01 1.307878378181351886e-01
2.203384394963986970e-01 1.267785979203149838e-01
2.303868545342923901e-01 1.227698834281459039e-01
2.404396864257955790e-01 1.187989774351440736e-01
2.504971299688272257e-01 1.148817034674473742e-01
2.605593803160889399e-01 1.110604377958875066e-01
2.706266329903371237e-01 1.073247938437478927e-01
2.806990838997167059e-01 1.037159932302779419e-01
2.907769293531572985e-01 1.002210303551090559e-01
3.008603660758359388e-01 9.684305799869290243e-02
3.109495912247092764e-01 9.361256834830743168e-02
3.210448024041101522e-01 9.051178623998544504e-02
3.311461976814320529e-01 8.753775800286345277e-02
3.412539756028758475e-01 8.469967126352952180e-02
3.513683352092828449e-01 8.199198140505503662e-02
3.614894760520483419e-01 7.942074363485911170e-02
3.716175982091194929e-01 7.695909331137537612e-02
3.817529023010813316e-01 7.462394972047893538e-02
3.918955895073323314e-01 7.240157382371184558e-02
4.020458615823530590e-01 7.029365204523911614e-02
4.122039208720709169e-01 6.828432377614047921e-02
4.223699703303238628e-01 6.638070171455567881e-02
4.325442135354264361e-01 6.457316635888102341e-02
4.427268547068339277e-01 6.286506238629162302e-02
4.529180987219279531e-01 6.124362395126101144e-02
4.631181511328986700e-01 5.969646102914258345e-02
4.733272181837471781e-01 5.823441518188247207e-02
4.835455068274036594e-01 5.684632345951950300e-02
4.937732247429644228e-01 5.552933445280198999e-02
5.040105803530536832e-01 5.427689000049830403e-02
5.142577828413065211e-01 5.309435124002458151e-02
5.245150421699888987e-01 5.196788121027051677e-02
5.347825690977430213e-01 5.090110268188206138e-02
5.450605751974710866e-01 4.988807521657778743e-02
5.553492728743597562e-01 4.893445622609884221e-02
5.656488753840412942e-01 4.802227856344533363e-02
5.759595968509094721e-01 4.715972467216105607e-02
5.862816522865772484e-01 4.633552048058212081e-02
5.966152576084875481e-01 4.555604834811349813e-02
6.069606296586862459e-01 4.482217668316682002e-02
6.173179862227488046e-01 4.412818761369283194e-02
6.276875460488731129e-01 4.345623712424046686e-02
6.380695288671385246e-01 4.282549834451564869e-02
6.484641554089369819e-01 4.223012721111481238e-02
6.588716474265774448e-01 4.166233950650123641e-02
6.692922277130698427e-01 4.112295507607519746e-02
6.797261201220904381e-01 4.061574269651219149e-02
6.901735495881360372e-01 4.013296341669361084e-02
7.006347421468600567e-01 3.967377650294152958e-02
7.111099249556188662e-01 3.924388975375341093e-02
7.215993263142009839e-01 3.882946949070095743e-02
7.321031756857663275e-01 3.844439663026317372e-02
7.426217037179922986e-01 3.807586656354722959e-02
7.531551422644284788e-01 3.773036197555192095e-02
7.637037244060699281e-01 3.739679478296311504e-02
7.742676844731486430e-01 3.709039827690915198e-02
7.848472580671498333e-01 3.679629797840941463e-02
7.954426820830577949e-01 3.652401156858060827e-02
8.060541947318363709e-01 3.625988447938097853e-02
8.166820355631446704e-01 3.602275812357045442e-02
8.273264454882999219e-01 3.579075892246814938e-02
8.379876668034880183e-01 3.557451525375678048e-02
8.486659432132259706e-01 3.537455250707998572e-02
8.593615198540814903e-01 3.518895526392397388e-02
8.700746433186589135e-01 3.501271221365317987e-02
8.808055616798529108e-01 3.485098676837031922e-02
8.915545245153719822e-01 3.469696893957294193e-02
9.023217829325496098e-01 3.456219467212023194e-02
9.131075895934324116e-01 3.443220266205556518e-02
9.239121987401619496e-01 3.430795271047631934e-02
9.347358662206525226e-01 3.419768599349126692e-02
9.455788495145712735e-01 3.410065796275812966e-02
9.564414077596213870e-01 3.401365791199675165e-02
9.673238017781488063e-01 3.393627316743536015e-02
9.782262941040561488e-01 3.385929340891144501e-02
9.891491490100537964e-01 3.379964368916466011e-02
1.000092632535235726e+00 3.374895490350637850e-02
1.011057012512998066e+00 3.370123774485511009e-02
1.022042558599299822e+00 3.365931361223804125e-02
1.033049542301277102e+00 3.362846526331470659e-02
1.044078237006217380e+00 3.360332863829047778e-02
1.055128918010895367e+00 3.359241687444625146e-02
1.066201862551284352e+00 3.357983286782326160e-02
1.077297349832648132e+00 3.357307708514745137e-02
1.088415661060011308e+00 3.357936890814342684e-02
1.099557079469040355e+00 3.358819001033357121e-02
1.110721890357309283e+00 3.360026117722694078e-02
1.121910381115985400e+00 3.362512130987953263e-02
1.133122841261928526e+00 3.365094419000005943e-02
1.144359562470215863e+00 3.368564031652627327e-02
1.155620838607101852e+00 3.372167475072083975e-02
1.166906965763418569e+00 3.376530954103057480e-02
1.178218242288425976e+00 3.381499883167243120e-02
1.189554968824123149e+00 3.386880718981103572e-02
1.200917448340022453e+00 3.392901349423814439e-02
1.212305986168408900e+00 3.399239997999285029e-02
1.223720890040074227e+00 3.406145479393292430e-02
1.235162470120555911e+00 3.413522888315818210e-02
1.246631039046874889e+00 3.421075118772234219e-02
1.258126911964788874e+00 3.429521615911691745e-02
1.269650406566570577e+00 3.438383355919814172e-02
1.281201843129320173e+00 3.447078127324713220e-02
1.292781544553817996e+00 3.456651288903550556e-02
1.304389836403941239e+00 3.466904685073073783e-02
1.316027046946637080e+00 3.477010408420167648e-02
1.327693507192476696e+00 3.487666589062300704e-02
1.339389550936796125e+00 3.499082507209057280e-02
1.351115514801436435e+00 3.510714143917679358e-02
1.362871738277095179e+00 3.522019026191379465e-02
1.374658563766295805e+00 3.534200538339197367e-02
1.386476336626997652e+00 3.547044771311742145e-02
1.398325405216850559e+00 3.559541633577645997e-02
1.410206120938107599e+00 3.572782898427018239e-02
1.422118838283209508e+00 3.586189903468252338e-02
1.434063914881057000e+00 3.600578406354750655e-02
1.446041711543979202e+00 3.614152690116715499e-02
1.458052592315416618e+00 3.629108445632225899e-02
1.470096924518328407e+00 3.643722617262833835e-02
1.482175078804341739e+00 3.658697405622327037e-02
1.494287429203654982e+00 3.674474858784372577e-02
1.506434353175713392e+00 3.690412551912679306e-02
1.518616231660660620e+00 3.706292569568622741e-02
1.530833449131608681e+00 3.722462478044936268e-02
1.543086393647707277e+00 3.739234946189767816e-02
1.555375456908052678e+00 3.755659143446744147e-02
1.567701034306447028e+00 3.772863024672154508e-02
1.580063524987019630e+00 3.790255224865696909e-02
1.592463331900736190e+00 3.807458372442429351e-02
1.604900861862805117e+00 3.825590225735329974e-02
1.617376525611005755e+00 3.843751308854473359e-02
1.629890737864948091e+00 3.862186780476636883e-02
1.642443917386300800e+00 3.880110835280541765e-02
1.655036487039980742e+00 3.899611999349203439e-02
1.667668873856345213e+00 3.918941324039572349e-02
1.680341509094400276e+00 3.937702591097606147e-02
1.693054828306040926e+00 3.957253541246952971e-02
1.705809271401351079e+00 3.977297879542711356e-02
1.718605282714980920e+00 3.997052754535895813e-02
1.731443311073621594e+00 4.016843142505266417e-02
1.744323809864610997e+00 4.037587642515733100e-02
1.757247237105675541e+00 4.058348254751494716e-02
1.770214055515848983e+00 4.078504683880660592e-02
1.783224732587580741e+00 4.099908586410745681e-02
1.796279740660062352e+00 4.120939356664339581e-02
1.809379556993800708e+00 4.142082805933790940e-02
1.822524663846453397e+00 4.163611941606874811e-02
1.835715548549968767e+00 4.184956463346752031e-02
1.848952703589041624e+00 4.207043521131718922e-02
1.862236626680921825e+00 4.229393211721428625e-02
1.875567820856598900e+00 4.251180426144217372e-02
1.888946794543396868e+00 4.274400196813615133e-02
1.902374061649005244e+00 4.296295841895163975e-02
1.915850141646975535e+00 4.319248850818936669e-02
1.929375559663716988e+00 4.341738493387519576e-02
1.942950846567024437e+00 4.364767119796444245e-02
1.956576539056166242e+00 4.387934527399051099e-02
1.970253179753570727e+00 4.411049696830868228e-02
1.983981317298132430e+00 4.434593594240451853e-02
1.997761506440205892e+00 4.458039753503848651e-02
2.011594308138276332e+00 4.481443113219892027e-02
2.025480289657382471e+00 4.505937964950805508e-02
2.039420024669305942e+00 4.529297766528839198e-02
2.053414093354583247e+00 4.553085189895381829e-02
2.067463082506361793e+00 4.577580009243968628e-02
2.081567585636154405e+00 4.601853452219129698e-02
2.095728203081529628e+00 4.626331926864357680e-02
2.109945542115771566e+00 4.650767720304075509e-02
2.124220217059573645e+00 4.675064507192442514e-02
2.138552849394784072e+00 4.699977443083225986e-02
2.152944067880272261e+00 4.724978260400617552e-02
2.167394508669943765e+00 4.749456763561903799e-02
2.181904815432972988e+00 4.773893845933804142e-02
2.196475639476278996e+00 4.799175700527928690e-02
2.211107639869315911e+00 4.824474038975334195e-02
2.225801483571211214e+00 4.849589335872842022e-02
2.240557845560325667e+00 4.874179645397967720e-02
2.255377408966268149e+00 4.899999029494413877e-02
2.270260865204440481e+00 4.924647521456424620e-02
2.285208914113143308e+00 4.950498844337807014e-02
2.300222264093344737e+00 4.975815697228502116e-02
2.315301632251118846e+00 5.001122870717264468e-02
2.330447744542859301e+00 5.026486377071675421e-02
2.345661335923311608e+00 5.051798940623125622e-02
2.360943150496495946e+00 5.077344693164961148e-02
2.376293941669568088e+00 5.103023539542622666e-02
2.391714472309731221e+00 5.128657631044779980e-02
2.407205514904206645e+00 5.154239931368684302e-02
2.422767851723407695e+00 5.179365904654761182e-02
2.438402274987316432e+00 5.204762258907372902e-02
2.454109587035200768e+00 5.230061205524753204e-02
2.469890600498723998e+00 5.255923570115458160e-02
2.485746138478509337e+00 5.281858963623885933e-02
2.501677034724291371e+00 5.306994671206537173e-02
2.517684133818678394e+00 5.332766687575330594e-02
2.533768291364664638e+00 5.357912181464295071e-02
2.549930374176959891e+00 5.383420008102075133e-02
2.566171260477213334e+00 5.408756626818266716e-02
2.582491840093254609e+00 5.434295523607030748e-02
2.598893014662444489e+00 5.459142854519540705e-02
2.615375697839199987e+00 5.484738914467768289e-02
2.631940815506855991e+00 5.509645053970944201e-02
2.648589305993903409e+00 5.534999080658534881e-02
2.665322120294779218e+00 5.560207150042609930e-02
2.682140222295247955e+00 5.584946452443854265e-02
2.699044589002565164e+00 5.608934529518683210e-02
2.716036210780464977e+00 5.634199528359534054e-02
2.733116091589157026e+00 5.658924945229733272e-02
2.750285249230413953e+00 5.683366809261850006e-02
2.767544715597911598e+00 5.707958665291945621e-02
2.784895536932901372e+00 5.732390045217909680e-02
2.802338774085429751e+00 5.756698329641571354e-02
2.819875502781155063e+00 5.780226511819583357e-02
2.837506813893987179e+00 5.804935550194403882e-02
2.855233813724622927e+00 5.827807688546735032e-02
2.873057624285204170e+00 5.851253847614441839e-02
2.890979383590180252e+00 5.875633309293430001e-02
2.909000245953595520e+00 5.898539072615213014e-02
2.927121382292947160e+00 5.921545624836319771e-02
2.945343980439754095e+00 5.944810825662365933e-02
2.963669245457068335e+00 5.967212168756307056e-02
2.982098399964077995e+00 5.989768978124123538e-02
3.000632684467967159e+00 6.012596101469597221e-02
3.019273357703287086e+00 6.034319439501773658e-02
3.038021696978962627e+00 6.055936683993187741e-02
3.056878998533198555e+00 6.078169394879821830e-02
3.075846577896470535e+00 6.099611351948675680e-02
3.094925770262794362e+00 6.120852886098621104e-02
3.114117930869559014e+00 6.141692808063319714e-02
3.133424435386071849e+00 6.162300333019511689e-02
3.152846680311138350e+00 6.182834973743733115e-02
3.172386083379844290e+00 6.202932528258121858e-02
3.192044083979846292e+00 6.223086648906885066e-02
3.211822143577407918e+00 6.242461690839682525e-02
3.231721746153457975e+00 6.261856595983673890e-02
3.251744398649921930e+00 6.281053474461691100e-02
3.271891631426665281e+00 6.299598409450930803e-02
3.292164998729279368e+00 6.317846445357286345e-02
3.312566079168071553e+00 6.336327845626969768e-02
3.333096476208521786e+00 6.353289080496145325e-02
3.353757818673582580e+00 6.371394357116938467e-02
3.374551761258096416e+00 6.388030865640248468e-02
3.395479985055740446e+00 6.405094181672960074e-02
3.416544198098793395e+00 6.421089086643799737e-02
3.437746135911136314e+00 6.436595340243632390e-02
3.459087562074850908e+00 6.452145301967003588e-02
3.480570268810810663e+00 6.467462346890681668e-02
3.502196077573649369e+00 6.482474640447700998e-02
3.523966839661581307e+00 6.495970316212242024e-02
3.545884436841424847e+00 6.509880857759502149e-02
3.567950781989368547e+00 6.523322230619175988e-02
3.590167819747851929e+00 6.536061461721698329e-02
3.612537527199123133e+00 6.548909986655357396e-02
3.635061914555887341e+00 6.560553375269922993e-02
3.657743025869628628e+00 6.571800708955487236e-02
3.680582939757102157e+00 6.582532747895170067e-02
3.703583770145510101e+00 6.593349267944853542e-02
3.726747667036997225e+00 6.603310498829059738e-02
3.750076817293014120e+00 6.613029819445308266e-02
3.773573445439117879e+00 6.621728679875062140e-02
3.797239814490932730e+00 6.630173624395288567e-02
3.821078226801799538e+00 6.637500546510061161e-02
3.845091024932894896e+00 6.644793279011482201e-02
3.869280592546462394e+00 6.651541465142418730e-02
3.893649355322847061e+00 6.657587865959753437e-02
3.918199781902168777e+00 6.662971793900468453e-02
3.942934384851307872e+00 6.667862629092730087e-02
3.967855721657088441e+00 6.672010401066025276e-02
3.992966395746416985e+00 6.675742151467760344e-02
4.018269057534300082e+00 6.678545832449409025e-02
4.043766405500584860e+00 6.680958701840644665e-02
4.069461187296391280e+00 6.682520859426574478e-02
4.095356200881122177e+00 6.683153519892416627e-02
4.121454295691163061e+00 6.683107823844190720e-02
4.147758373841154089e+00 6.683049181107399150e-02
4.174271391359062555e+00 6.681909474108994884e-02
4.200996359456013352e+00 6.679928859108472117e-02
4.227936345832168819e+00 6.676879890764544911e-02
4.255094476019727345e+00 6.673578863071681633e-02
4.282473934764413848e+00 6.669663564442104842e-02
4.310077967446587444e+00 6.664602291177131044e-02
4.337909881543510870e+00 6.658928621015608451e-02
4.365973048133954926e+00 6.652350867600843876e-02
4.394270903446770404e+00 6.644807656670941032e-02
4.422806950454781116e+00 6.637071868956265219e-02
4.451584760515686412e+00 6.628402772469746407e-02
4.480607975061463577e+00 6.618513941856545013e-02
4.509880307338105077e+00 6.607703868780537282e-02
4.539405544197283149e+00 6.596465648594118658e-02
4.569187547941903738e+00 6.584001547360299189e-02
4.599230258227382961e+00 6.570619694330896710e-02
4.629537694020593008e+00 6.556485860795155385e-02
4.660113955618596648e+00 6.541745304220797363e-02
4.690963226729293112e+00 6.525602521278216217e-02
4.722089776616123835e+00 6.508673647406891527e-02
4.753497962309302771e+00 6.490278463106746720e-02
4.785192230885826348e+00 6.472178972489930904e-02
4.817177121820895636e+00 6.452713803499836309e-02
4.849457269413340654e+00 6.431857032105248173e-02
4.882037405287709575e+00 6.409994886853485896e-02
4.914922360976011539e+00 6.387639595986692453e-02
4.948117070581908195e+00 6.363790984827882857e-02
4.981626573530626878e+00 6.339344704444879741e-02
5.015456017407652567e+00 6.313587935760447967e-02
5.049610660889745972e+00 6.287053160961328380e-02
5.084095876771596245e+00 6.259494701954783358e-02
5.118917155092026050e+00 6.230985963535552036e-02
5.154080106363324809e+00 6.201174507567732558e-02
5.189590464907923639e+00 6.170350237342567962e-02
5.225454092306433651e+00 6.138547743134097068e-02
5.261676980961550676e+00 6.105552108968467784e-02
5.298265257782244220e+00 6.071746695904765151e-02
5.335225187993163587e+00 6.036423849532712022e-02
5.372563179074077766e+00 6.000321657559521543e-02
5.410285784834729661e+00 5.963250941494668833e-02
5.448399709630405319e+00 5.925359594339206504e-02
5.486911812724086346e+00 5.885899009292649281e-02
5.525829112800970222e+00 5.845406827333335387e-02
5.565158792641854646e+00 5.803814564774543300e-02
5.604908203961667112e+00 5.761198998021082457e-02
5.645084872420248701e+00 5.717229889673346166e-02
5.685696502812371378e+00 5.672379678304004247e-02
5.726750984444712422e+00 5.626071844790266757e-02
5.768256396707492684e+00 5.579201680207512143e-02
5.810221014849253685e+00 5.531289350510924102e-02
5.852653315963272540e+00 5.482021517674548483e-02
5.895561985194872179e+00 5.431281283529600795e-02
5.938955922179146363e+00 5.380112036673403986e-02
5.982844247719065756e+00 5.327624842446711251e-02
6.027236310714632950e+00 5.273886554430789325e-02
6.072141695354100754e+00 5.219139082251031403e-02
6.117570228578833813e+00 5.163418668766871222e-02
6.163531987834188541e+00 5.106586103764718110e-02
6.210037309119105231e+00 5.048879554889599414e-02
6.257096795348075169e+00 4.989809053846339798e-02
6.304721325039668756e+00 4.929986186507630264e-02
6.352922061346506943e+00 4.868736508054615636e-02
6.401710461442654321e+00 4.807166317042230186e-02
6.451098286284771888e+00 4.744225586555147339e-02
6.501097610764786872e+00 4.680007791293683966e-02
6.551720834272277472e+00 4.615206259140523792e-02
6.602980691686179959e+00 4.549187983779481859e-02
6.654890264816202716e+00 4.482484331534808408e-02
6.707462994315653404e+00 4.414974318843950529e-02
6.760712692088343800e+00 4.346351007729590959e-02
6.814653554213885300e+00 4.276839821144102355e-02
6.869300174416541616e+00 4.206603773668765589e-02
6.924667558104775189e+00 4.135666837655158773e-02
6.980771137009639027e+00 4.064080402416721249e-02
7.037626784452278628e+00 3.991474192364390799e-02
7.095250831272059244e+00 3.917966916901925722e-02
7.153660082449184721e+00 3.844133145517265870e-02
7.212871834457117437e+00 3.769542317364309170e-02
7.272903893382699714e+00 3.694325921548143044e-02
7.333774593853726209e+00 3.618797828765625557e-02
7.395502818816384050e+00 3.542178372786673746e-02
7.458108020207268929e+00 3.465264766468897223e-02
7.521610240567749628e+00 3.388135277666295270e-02
7.586030135650939421e+00 3.310446896974445635e-02
7.651388998075133507e+00 3.232388577975697785e-02
7.717708782080382690e+00 3.154087614720487570e-02
7.785012129448951157e+00 3.075505759051571156e-02
7.853322396653874549e+00 2.996680159964067516e-02
7.922663683303971638e+00 2.917859040430090256e-02
7.993060861958362295e+00 2.838599574829675856e-02
8.064539609387720631e+00 2.759625357835884807e-02
8.137126439365120589e+00 2.680562745807251596e-02
8.210848737074378789e+00 2.601595674467753472e-02
8.285734795229668492e+00 2.522501603760171629e-02
8.361813852006719117e+00 2.443762836523436996e-02
8.439116130892415413e+00 2.365403788548098990e-02
8.517672882566811765e+00 2.287322294539123613e-02
8.597516428939853128e+00 2.209452794420994556e-02
8.678680209472870999e+00 2.132291031982718257e-02
8.761198829924738973e+00 2.055520061700624734e-02
8.845108113671690475e+00 1.979353015849977249e-02
8.930445155761116638e+00 1.903846725457180450e-02
9.017248379870389741e+00 1.828977474073203990e-02
9.105557598354891979e+00 1.754989809764304770e-02
9.195414075582201363e+00 1.681961510513848429e-02
9.286860594764410948e+00 1.609784975925274489e-02
9.379941528515811200e+00 1.538601846552816246e-02
9.474702913380864899e+00 1.468524015425019986e-02
9.571192528595130256e+00 1.399780238834567869e-02
9.669459979362780899e+00 1.331970124007039041e-02
9.769556784955327089e+00 1.265502341456213944e-02
9.871536471960840942e+00 1.200542515141238623e-02
9.975454673037942754e+00 1.136880312407990978e-02
1.008136923155793063e+01 1.074765756379864566e-02
1.018934031254830330e+01 1.014093824414182173e-02
1.029943052038522566e+01 9.551781223594332793e-03
1.041170502371859463e+01 8.978017755112553677e-03
1.052623168815380517e+01 8.421712299463158732e-03
1.064308121725768252e+01 7.882624387227182144e-03
1.076232730250476877e+01 7.362083433324536144e-03
1.088404678283179194e+01 6.859660352000441011e-03
1.100831981452695096e+01 6.376724014882294463e-03
1.113523005224294415e+01 5.911567171911792477e-03
1.126486484199331350e+01 5.467357010319104024e-03
1.139731542706779699e+01 5.041022992393093087e-03
1.153267716788676189e+01 4.635901604500377270e-03
1.167104977690866718e+01 4.249796419822462513e-03
1.181253756980620828e+01 3.883627651341760648e-03
1.195724973424156268e+01 3.537713632446373106e-03
1.210530061769597765e+01 3.211324854870468894e-03
1.225681003594877438e+01 2.904447745615988327e-03
1.241190360395464154e+01 2.616944203433252836e-03
1.257071309104042101e+01 2.348558755089847575e-03
1.273337680253192516e+01 2.099083677454244897e-03
1.290003999013476133e+01 1.867796332205742208e-03
1.307085529362815102e+01 1.654216866123924988e-03
1.324598321669588152e+01 1.458172157583421556e-03
1.342559264001181063e+01 1.278784591826719400e-03
1.360986137502873916e+01 1.115464125796674115e-03
1.379897676228727654e+01 9.676073137662982021e-04
1.399313631847826045e+01 8.341459393659110154e-04
1.419254843695589230e+01 7.149396715952825807e-04
1.439743314692606369e+01 6.084866151938259906e-04
1.460802293712368716e+01 5.142335110526350056e-04
1.482456365046278535e+01 4.314788091592417852e-04
1.504731545689699779e+01 3.591865992131106620e-04
1.527655391258613626e+01 2.965291915883533293e-04
1.551257111443440273e+01 2.426608495974608354e-04
1.575567696017295916e+01 1.967644078001936129e-04
1.600620052541652782e+01 1.579612353354730879e-04
1.626449157056262607e+01 1.253836738135868380e-04
1.653092219204418001e+01 9.849693808888174834e-05
1.680588863433074565e+01 7.644283356680414785e-05
1.708981328123576660e+01 5.855715522248777858e-05
1.738314684757837725e+01 4.430007422135180835e-05
1.768637079511793431e+01 3.300067402911723821e-05
1.800000000000201084e+01 2.419343640696113975e-05
