# Status file for ctqmc. Used to save all times t_s, t_e.
2
21
0.4227478534561868 0.4962118406740843 0 0
2.075457152955361 2.079739556740585 0 0
4.167176014925853 4.427250710682802 0 0
20.32100672054263 20.41650611260762 0 0
26.98770308292554 26.99388487437023 0 0
32.90919104556526 32.94421523697648 0 0
42.39657184744291 42.43201739878192 0 0
46.5917885074216 46.66835705164914 0 0
48.36541333538884 48.37917041186241 0 0
49.9188179826949 49.94740599096782 0 0
50.01258754502069 50.12876584164317 0 0
54.01012081374051 54.0156919984072 0 0
55.95338424233351 55.96832792935124 0 0
64.4512078674628 64.48333913148127 0 0
66.12168749457575 66.13318944499783 0 0
69.91532048558491 70.01990810837749 0 0
72.43452620613853 72.45628674414309 0 0
81.05042587884437 81.29795269992229 0 0
85.38071077495351 85.45277102040774 0 0
86.56500251132991 86.71838380890786 0 0
99.82303059755286 99.93223501447228 0 0
12
25.65361968237956 25.58908722579332 0 0
39.80481423387556 39.6901167331963 0 0
44.54242458828055 44.44838063556843 0 0
48.53967080141351 48.44849475208618 0 0
60.27909837392104 60.1553119734314 0 0
61.66461526188462 61.61366104770675 0 0
67.57697140658181 67.44051585644591 0 0
70.07537054248603 69.92017903905423 0 0
71.31640384276089 71.26610198071971 0 0
74.48729541550394 74.32255836448232 0 0
89.27269746478041 89.17171675452869 0 0
94.73110171028782 94.54590524855544 0 0
