# Status file for ctqmc. Used to save all times t_s, t_e.
2
17
7.85355393250191 7.864361162943958 0 0
8.242768058645277 8.273991270459295 0 0
9.424509817578995 9.52795723960095 0 0
11.45860336758584 11.4918425054068 0 0
32.16390489198994 32.17411310155538 0 0
37.75484409134152 37.75678238646612 0 0
40.23417574526371 40.50275600585495 0 0
42.27466182952079 42.27479207689759 0 0
47.53121520323548 47.66488199008011 0 0
50.042835843285 50.20801533709749 0 0
67.79535099083229 67.88318513543641 0 0
74.33250102113318 74.48275473299653 0 0
76.60106702328 76.70536135042984 0 0
79.10770493484829 79.28259556873988 0 0
87.58013811134846 87.6670682944749 0 0
96.11513145219332 96.14501996485303 0 0
99.56428628217672 99.62133643484533 0 0
17
9.882625165243581 9.857381114004946 0 0
12.7249081283018 12.72123583118613 0 0
17.08995514675692 17.04320521470578 0 0
18.58422155824069 18.47476033150739 0 0
23.51299861767356 23.3886481157651 0 0
27.58643097463594 27.48202717722048 0 0
52.03645321262898 52.01302248038233 0 0
64.19096375074993 64.164436729946 0 0
66.7075899102513 66.55758253078264 0 0
68.98900342318986 68.91763118125941 0 0
70.5005432168802 70.17738084676161 0 0
72.03030793832022 71.95176806270288 0 0
74.7831394504598 74.7814085393704 0 0
77.53320178370143 77.41070826468888 0 0
94.7180562295955 94.6930235871082 0 0
96.04529068457747 95.88082599267868 0 0
96.99069136003617 96.94724761611195 0 0
