# Status file for ctqmc. Used to save all times t_s, t_e.
2
20
2.014521956006348 2.089158524858917 0 0
4.036240002674901 4.156042933222152 0 0
6.913956253589216 6.935030206242151 0 0
8.930914997133652 8.978589785267344 0 0
10.22592132695155 10.2813847187614 0 0
12.3523359024864 12.59349977945962 0 0
14.51191004158885 14.6448351775483 0 0
23.82792639770287 23.866331988358 0 0
25.5244039235962 25.57602294839519 0 0
27.84264322941989 27.99784550172797 0 0
38.46293867004498 38.49262846631177 0 0
46.89510260720388 46.91500539213025 0 0
47.97918893972967 48.33782859638895 0 0
64.45266117638963 64.45613501954973 0 0
81.59039032459498 81.6982419271322 0 0
82.51142797802051 82.53251183841626 0 0
88.05085585619574 88.05650609100483 0 0
88.33576798131773 88.33833272448902 0 0
92.85753102908483 92.96059166882139 0 0
94.9705598447169 94.97733266078369 0 0
28
3.527923742973224 3.44361053992676 0 0
4.498147721791064 4.412074501441448 0 0
9.895094816876249 9.826407781102173 0 0
11.77671036328222 11.56732164074105 0 0
13.11844866104362 13.11300304394305 0 0
14.12800939658165 14.12047992434317 0 0
27.64578695865683 27.44667655381585 0 0
32.33384367576819 32.25078701886417 0 0
33.37636799445329 33.33606878861244 0 0
40.40767017557102 40.31039544449092 0 0
40.73707456656195 40.70479084007989 0 0
42.21114383039158 42.20561557797566 0 0
46.29610167190145 46.241503544 0 0
46.37103175592048 46.32337197824656 0 0
47.71764255175847 47.52153972313199 0 0
49.7699018707403 49.76679392679058 0 0
59.36282988971924 59.35066549031386 0 0
66.7018205774315 66.5779346124574 0 0
68.57002377853694 68.55073688406836 0 0
69.76659046712359 69.54331475801528 0 0
77.09530673658077 76.68614151919402 0 0
77.22521485176732 77.1394156764616 0 0
79.43123966854721 79.38652375719241 0 0
81.82594271609921 81.61461218581273 0 0
84.35610681207906 84.24561223779416 0 0
85.28837215245359 85.10462172241995 0 0
88.08196023004328 88.03014725016551 0 0
96.61570380831994 96.48533877304867 0 0
