# Status file for ctqmc. Used to save all times t_s, t_e.
2
20
8.57975420766773 8.549091649569316 0 0
13.57510951741209 13.37071810904482 0 0
14.8283723303152 14.53434180055963 0 0
15.12039325456748 14.95743615984263 0 0
15.17962261425788 15.13214190821868 0 0
15.31373453262237 15.23630747639284 0 0
20.87668177090134 20.80067777834987 0 0
24.61428951996889 24.58608436129477 0 0
38.28588541721858 38.23805278822111 0 0
43.18233761784148 43.15357371020652 0 0
44.27177138646282 44.21449856438158 0 0
45.5226797585696 45.3661956269947 0 0
48.69556123775556 48.58957018526544 0 0
49.18187007708426 49.16336566842427 0 0
55.74501863725791 55.5342370986277 0 0
62.94201762262291 62.91436539337824 0 0
83.2718053051268 83.12216043012637 0 0
87.44280455556519 87.42170526784963 0 0
97.93564839600391 97.90845030754905 0 0
98.44952808568907 98.23364492755482 0 0
22
11.66128575563276 11.66328599944019 0 0
11.93158648618972 11.93166824292206 0 0
18.70957305720341 18.72487552389962 0 0
25.39555807273347 25.40617471532873 0 0
28.24186186215572 28.25085268554126 0 0
31.7843100422586 31.83060092504505 0 0
38.18436935851538 38.24561665290329 0 0
40.58369380810693 40.89067612014146 0 0
49.28296752083372 49.60821753197787 0 0
55.59484679132213 55.7467032061945 0 0
61.70015941421301 61.75133358021812 0 0
62.73384211550314 62.74956734064565 0 0
67.38460303423378 67.54526938214906 0 0
74.09647831637693 74.17705707202883 0 0
76.05020595521543 76.28014610862851 0 0
85.90406122004013 85.95156884286973 0 0
88.01930005352868 88.15447649565117 0 0
88.71426946877327 88.71675854114402 0 0
90.78511499268058 90.80579315628681 0 0
93.74320406274728 93.81460239485638 0 0
94.23404073176143 94.36644678569876 0 0
94.43429785558865 94.44017335368727 0 0
