# Status file for ctqmc. Used to save all times t_s, t_e.
2
33
0.651289982164883 0.500342168972594 0 0
4.434905878824543 4.320338772707171 0 0
5.845373537336297 5.385569694516987 0 0
6.522313279636975 6.494089581277803 0 0
7.7143238265528 7.556275459153185 0 0
11.52216293400365 11.40440706622712 0 0
13.26045277078541 13.25408070244216 0 0
14.47383091199104 14.46960391022583 0 0
24.76874732257436 24.74503927238305 0 0
32.20619322066003 32.07896290257685 0 0
34.68245760587207 34.55191177929149 0 0
44.83399935600312 44.28269439892971 0 0
47.13655808121828 47.05868657880342 0 0
50.45857880021285 50.44773926710448 0 0
57.78707513130754 57.78506283960539 0 0
58.05916753113836 58.01343988623727 0 0
62.38484592045167 62.33958741392893 0 0
63.60932770421044 63.55350032982405 0 0
71.41089158422055 71.39577648154149 0 0
71.67374558561998 71.48834195512262 0 0
75.28682874462625 75.26726642716856 0 0
79.23153592133276 79.20772544398849 0 0
79.73933278162092 79.70706344396361 0 0
81.86775347466023 81.7543622566749 0 0
86.08303007980835 86.07281996212238 0 0
86.88892752885641 86.78687917078008 0 0
90.55367954371982 90.54806135724382 0 0
90.64419444175891 90.61857651646653 0 0
91.38596461998598 91.35624766573005 0 0
92.79464093094614 92.61277843573322 0 0
94.48399868047622 94.21078391798146 0 0
95.50049306005081 95.38477326040311 0 0
98.81208870711916 98.5984937744101 0 0
22
2.910438422886009 2.983359073085317 0 0
3.056430521181944 3.28246953850818 0 0
5.447823422209138 5.654906854989004 0 0
9.461174179475806 9.623201266905857 0 0
10.6964835793049 10.73605744306556 0 0
20.33574014692932 20.36218884156979 0 0
26.65251633222868 26.92394713122111 0 0
31.12459528512909 31.2028664877342 0 0
32.84789927200001 33.16748027586768 0 0
40.15512803125628 40.16102034689524 0 0
43.46915741236808 43.48475686066453 0 0
48.31267770509338 48.32913256999382 0 0
49.14726746248156 49.17445021160502 0 0
59.03846575603475 59.10401301600973 0 0
59.85195030537567 60.14940263676068 0 0
63.72944967528281 63.75613253650891 0 0
67.91171601478811 68.07782202178706 0 0
71.45395031044352 71.52894599498448 0 0
71.95488435173154 72.1452525301759 0 0
73.79929043802272 73.94955542855595 0 0
85.73902670010415 86.18093172873212 0 0
95.70165380537969 95.80127279156325 0 0
