# Status file for ctqmc. Used to save all times t_s, t_e.
2
18
0.1768763284120354 0.274191057735635 0 0
6.216519236813355 6.237920023524396 0 0
18.44632868887176 18.4835221159342 0 0
18.76615749364414 18.85610537684222 0 0
20.88746487205849 21.07696151933952 0 0
23.20092096140063 23.29047569645495 0 0
23.88810927786431 23.90330519799025 0 0
28.14372704023643 28.96716483586247 0 0
34.11259322352774 34.19030837301948 0 0
35.41460248452096 35.50039032991202 0 0
47.99223481051254 48.07164314930035 0 0
48.98890434162508 49.00374189906003 0 0
68.44368474846206 68.81291774532416 0 0
68.89835768056768 68.94715252372815 0 0
76.43719490726281 76.47698819977734 0 0
80.49677378271599 80.55428112127187 0 0
96.45026122671564 96.53743011704448 0 0
97.71963436719648 97.90449483699832 0 0
18
2.94268388842903 2.883635519018132 0 0
8.030148443002425 7.972047653869325 0 0
9.560351034935641 9.493650737238198 0 0
21.00646636011315 20.89281858433311 0 0
25.50995174146707 25.34561709850578 0 0
38.30504145909911 38.24087488469588 0 0
44.09064865670186 43.79294300365749 0 0
45.70893243064098 45.69507341388197 0 0
48.69755949286958 48.6881537609448 0 0
58.2545591231035 57.92086943944752 0 0
60.04626398361133 60.01508529248768 0 0
65.13800998460661 65.07615179794844 0 0
70.44590479442734 70.3824838823457 0 0
78.47663105572079 78.31237729146196 0 0
83.37307170983817 83.26142489811765 0 0
88.59712507628696 88.51347834075175 0 0
97.71801871859057 97.54677930517219 0 0
98.67136988200771 98.66679999528682 0 0
