-1.800000000000201084e+01 2.239403812577218291e-07
-1.768637079511795918e+01 6.903634712997966581e-09
-1.738314684757837725e+01 1.978851295928059008e-07
-1.708981328123576660e+01 1.265019347156917242e-06
-1.680588863433072433e+01 1.082675772676671771e-06
-1.653092219204418001e+01 2.589313465221410560e-06
-1.626449157056260830e+01 4.509295540305190722e-08
-1.600620052541652782e+01 2.492725165558199786e-07
-1.575567696017295916e+01 1.820111043820769508e-06
-1.551257111443442049e+01 1.224648377816076579e-06
-1.527655391258613626e+01 7.638094213283125900e-08
-1.504731545689701200e+01 1.965493161118228579e-07
-1.482456365046278535e+01 1.491547805350388431e-06
-1.460802293712368716e+01 4.703632396658351642e-07
-1.439743314692604947e+01 3.692718665312175339e-06
-1.419254843695589230e+01 3.287140823152525018e-06
-1.399313631847824624e+01 3.500696886763288209e-06
-1.379897676228727654e+01 4.866620897030771029e-07
-1.360986137502872673e+01 2.773294516342270129e-07
-1.342559264001182306e+01 5.505411934722528352e-07
-1.324598321669588152e+01 1.726191459135441123e-06
-1.307085529362816168e+01 1.451974347375391917e-06
-1.290003999013476133e+01 1.123788288645468769e-07
-1.273337680253193582e+01 7.791239821027511812e-07
-1.257071309104041035e+01 2.527197609205932589e-06
-1.241190360395464154e+01 5.124647736000503958e-07
-1.225681003594876195e+01 6.743426410594744582e-07
-1.210530061769597765e+01 3.249622273188697332e-06
-1.195724973424155202e+01 1.726648128292935974e-06
-1.181253756980619762e+01 1.897404630119462241e-06
-1.167104977690866718e+01 1.273636743498602509e-06
-1.153267716788677255e+01 1.238125665640168319e-06
-1.139731542706779699e+01 3.266122015427120894e-07
-1.126486484199332239e+01 3.098579218048633315e-08
-1.113523005224293527e+01 1.447932986177520055e-06
-1.100831981452695096e+01 1.479115305816512538e-06
-1.088404678283180083e+01 1.440340608363175038e-06
-1.076232730250476877e+01 8.083849145396420185e-07
-1.064308121725769141e+01 2.133455856605024567e-06
-1.052623168815380517e+01 5.711037144869786682e-07
-1.041170502371859463e+01 6.968471074393665088e-07
-1.029943052038521678e+01 2.565613132236194120e-07
-1.018934031254830330e+01 3.266392143966294505e-08
-1.008136923155793951e+01 9.056088524536973020e-07
-9.975454673037956965e+00 1.869007279141214641e-06
-9.871536471960840942e+00 1.164063212047105157e-06
-9.769556784955334194e+00 1.741300950442596328e-06
-9.669459979362780899e+00 4.706636706809080074e-07
-9.571192528595137361e+00 7.911742216331441269e-07
-9.474702913380864899e+00 5.020469329268268527e-07
-9.379941528515811200e+00 2.640345585691791741e-07
-9.286860594764403842e+00 2.226963934621869416e-06
-9.195414075582201363e+00 8.504835615080839551e-07
-9.105557598354884874e+00 2.785810960236157971e-08
-9.017248379870389741e+00 3.832219775752868689e-07
-8.930445155761116638e+00 1.284739128034101350e-06
-8.845108113671695804e+00 3.468168555692340444e-07
-8.761198829924738973e+00 6.079014852570285719e-08
-8.678680209472876328e+00 3.686186094584918517e-07
-8.597516428939853128e+00 1.113515437469932184e-06
-8.517672882566811765e+00 9.552697913259202652e-07
-8.439116130892410084e+00 2.392623284224506448e-06
-8.361813852006719117e+00 1.048426245354207589e-06
-8.285734795229661387e+00 1.033670173436425477e-07
-8.210848737074378789e+00 1.996689426524041341e-06
-8.137126439365120589e+00 6.702458470019358204e-07
-8.064539609387715302e+00 7.800888013180582090e-07
-7.993060861958362295e+00 6.881639190785640176e-07
-7.922663683303976967e+00 8.072835513050497345e-07
-7.853322396653874549e+00 9.970704891190552926e-07
-7.785012129448951157e+00 6.389643571635912067e-07
-7.717708782080378249e+00 4.071481639336967490e-07
-7.651388998075133507e+00 4.914952625094354118e-07
-7.586030135650944750e+00 2.987427509938433017e-07
-7.521610240567749628e+00 2.227159544215665368e-07
-7.458108020207273370e+00 1.628283953351747861e-07
-7.395502818816379609e+00 6.187730123414848749e-07
-7.333774593853726209e+00 1.436656672733354349e-07
-7.272903893382695273e+00 1.381780143058957641e-06
-7.212871834457117437e+00 4.528533614759780395e-07
-7.153660082449187385e+00 1.430115330250427512e-07
-7.095250831272068126e+00 3.709009097193665452e-06
-7.037626784452278628e+00 1.195956889821947075e-06
-6.980771137009643468e+00 4.300282432810689038e-07
-6.924667558104775189e+00 1.080454287932754326e-06
-6.869300174416541616e+00 3.842295749598395928e-06
-6.814653554213885300e+00 2.964078682321576892e-07
-6.760712692088343800e+00 2.577979380101542609e-07
-6.707462994315648963e+00 8.244374398306541526e-07
-6.654890264816202716e+00 3.809312178366821827e-07
-6.602980691686176407e+00 6.216508221238756323e-09
-6.551720834272277472e+00 8.468783906912487189e-08
-6.501097610764786872e+00 2.890842320872047328e-07
-6.451098286284775440e+00 2.109947160377326905e-07
-6.401710461442654321e+00 1.101645746243492004e-07
-6.352922061346510496e+00 1.010902935338868327e-06
-6.304721325039668756e+00 8.634002814953384378e-07
-6.257096795348075169e+00 1.060361488637605214e-06
-6.210037309119101678e+00 1.001446154479740809e-06
-6.163531987834188541e+00 1.653280851705625252e-07
-6.117570228578837366e+00 2.082893494752423504e-06
-6.072141695354100754e+00 2.359847180789955512e-07
-6.027236310714632950e+00 7.993377425154845824e-07
-5.982844247719062203e+00 1.948329688437880415e-07
-5.938955922179146363e+00 6.763130903894120003e-07
-5.895561985194874843e+00 2.216548909582932725e-07
-5.852653315963272540e+00 1.797544361739613107e-06
-5.810221014849253685e+00 9.290917709148933410e-08
-5.768256396707496236e+00 4.614920361258394620e-07
-5.726750984444712422e+00 9.021574992090647845e-07
-5.685696502812374042e+00 4.258017355544567112e-07
-5.645084872420248701e+00 9.528011517048146876e-07
-5.604908203961667112e+00 6.666192885401031284e-07
-5.565158792641851981e+00 1.844083876614513309e-08
-5.525829112800970222e+00 1.005157655516961095e-07
-5.486911812724083681e+00 2.133603495417087354e-06
-5.448399709630409760e+00 1.598707817047384422e-07
-5.410285784834729661e+00 1.029378318868258068e-06
-5.372563179074079542e+00 4.493470846960317424e-07
-5.335225187993163587e+00 5.972283048821184783e-07
-5.298265257782246884e+00 5.906129841763347805e-07
-5.261676980961550676e+00 9.394062574649094853e-07
-5.225454092306433651e+00 3.818362077776105920e-07
-5.189590464907923639e+00 4.285672127250504390e-07
-5.154080106363324809e+00 9.558699874117080946e-07
-5.118917155092023386e+00 7.944122598136840623e-07
-5.084095876771596245e+00 8.362737450754396025e-07
-5.049610660889740643e+00 3.347201829693442871e-07
-5.015456017407655231e+00 1.240394555178750697e-07
-4.981626573530626878e+00 6.321915581519227032e-07
-4.948117070581910859e+00 1.034150900889476036e-07
-4.914922360976011539e+00 3.792438545742289442e-07
-4.882037405287712239e+00 4.428363927817376141e-07
-4.849457269413337102e+00 6.833217948118918297e-07
-4.817177121820895636e+00 1.724381491125246787e-06
-4.785192230885824571e+00 1.098712100442309611e-07
-4.753497962309302771e+00 2.425969011816647410e-07
-4.722089776616123835e+00 1.963546819768860308e-07
-4.690963226729293112e+00 1.175902562502627039e-06
-4.660113955618596648e+00 2.689888018419389535e-06
-4.629537694020590344e+00 3.896798002767602285e-08
-4.599230258227382961e+00 5.394523471179911801e-07
-4.569187547941903738e+00 4.581967341958444180e-07
-4.539405544197283149e+00 3.970681953030496595e-08
-4.509880307338105077e+00 2.625845244355509711e-07
-4.480607975061465353e+00 1.486174955487589064e-07
-4.451584760515686412e+00 6.237881950827321626e-07
-4.422806950454783781e+00 8.335905906251851829e-07
-4.394270903446768628e+00 6.494679367237234083e-07
-4.365973048133954926e+00 5.186104982222669144e-07
-4.337909881543509094e+00 9.320556619502268978e-07
-4.310077967446587444e+00 3.430688358658367313e-08
-4.282473934764412071e+00 4.636257983838396309e-07
-4.255094476019731786e+00 5.828195059348090439e-07
-4.227936345832168819e+00 5.957480320990537590e-07
-4.200996359456015128e+00 1.210125569551121316e-07
-4.174271391359062555e+00 8.731760403190549403e-07
-4.147758373841154089e+00 8.609429664253826107e-08
-4.121454295691163061e+00 1.404837684730843467e-07
-4.095356200881122177e+00 2.569829548098766138e-07
-4.069461187296388616e+00 1.544180752468669923e-08
-4.043766405500584860e+00 5.132316021002898508e-07
-4.018269057534298305e+00 1.127290712767808440e-06
-3.992966395746416985e+00 3.405133484431931466e-07
-3.967855721657088441e+00 1.139435389713551136e-06
-3.942934384851309204e+00 6.355540617826163141e-07
-3.918199781902168777e+00 3.783175694964813589e-07
-3.893649355322847061e+00 1.056223267590144011e-07
-3.869280592546462394e+00 7.465086084024609934e-07
-3.845091024932894896e+00 1.783026549769458256e-06
-3.821078226801797317e+00 7.328727589354787211e-07
-3.797239814490932730e+00 5.414297019190448022e-09
-3.773573445439120100e+00 7.601659535720988579e-08
-3.750076817293014120e+00 5.621713449507878285e-07
-3.726747667036997225e+00 6.075589756513210710e-07
-3.703583770145510101e+00 8.154036108318539333e-07
-3.680582939757102157e+00 4.219378810718027922e-08
-3.657743025869630404e+00 3.464107955469477707e-07
-3.635061914555887341e+00 4.294834129141663270e-06
-3.612537527199123133e+00 7.817721626021850501e-07
-3.590167819747855482e+00 1.659536934852911453e-07
-3.567950781989368547e+00 3.201511021937656609e-07
-3.545884436841426179e+00 7.503043807892731834e-07
-3.523966839661581307e+00 8.354935388095974214e-07
-3.502196077573649369e+00 9.134588882114026596e-07
-3.480570268810808887e+00 8.283041148777161533e-07
-3.459087562074850908e+00 4.088508185147342071e-07
-3.437746135911134981e+00 5.436890348908788763e-07
-3.416544198098792506e+00 2.658297631834003473e-07
-3.395479985055740890e+00 1.275154431575143060e-07
-3.374551761258098193e+00 2.138606073014356420e-07
-3.353757818673582580e+00 1.022086439587087604e-06
-3.333096476208523118e+00 7.486497998212875222e-08
-3.312566079168071553e+00 5.248059516723755232e-07
-3.292164998729279812e+00 2.875242442144335500e-07
-3.271891631426664837e+00 4.308363285843081352e-07
-3.251744398649922374e+00 2.170602746465120591e-07
-3.231721746153456643e+00 7.143687543519102573e-08
-3.211822143577407918e+00 6.193603238111803875e-07
-3.192044083979844071e+00 5.105235274678971131e-07
-3.172386083379843402e+00 5.625445975019963059e-07
-3.152846680311138350e+00 7.539544810837068139e-07
-3.133424435386072737e+00 1.802131195411680722e-06
-3.114117930869558570e+00 1.371664541877499396e-07
-3.094925770262795250e+00 6.016349390862002046e-07
-3.075846577896469647e+00 1.426853955386670959e-06
-3.056878998533198555e+00 2.013700172045548218e-07
-3.038021696978961295e+00 4.176704379806722512e-07
-3.019273357703287086e+00 1.112019478840875269e-07
-3.000632684467968048e+00 6.951479848946315603e-08
-2.982098399964077995e+00 1.050949593227047158e-06
-2.963669245457069223e+00 6.482122602803501159e-09
-2.945343980439752762e+00 1.142776573743206536e-06
-2.927121382292947160e+00 9.820326190390701729e-07
-2.909000245953597297e+00 3.780744729701856808e-07
-2.890979383590179363e+00 1.976576323985973493e-06
-2.873057624285205058e+00 1.333399805445261764e-07
-2.855233813724623815e+00 1.551403181547333718e-07
-2.837506813893987179e+00 2.182986914508493854e-07
-2.819875502781155951e+00 1.393417177030480927e-06
-2.802338774085429751e+00 3.124666948390378725e-08
-2.784895536932901372e+00 6.939875347749432807e-07
-2.767544715597910265e+00 3.346843922842973711e-07
-2.750285249230413953e+00 5.286791884816222051e-07
-2.733116091589155250e+00 1.494845211287729112e-07
-2.716036210780464089e+00 4.004678857749968610e-07
-2.699044589002566052e+00 1.023075497350075697e-06
-2.682140222295249732e+00 3.996258523033113020e-07
-2.665322120294779662e+00 4.625129502663913170e-07
-2.648589305993904297e+00 2.620921115286928402e-07
-2.631940815506855547e+00 8.770763226161498861e-08
-2.615375697839200431e+00 7.944291396570318113e-07
-2.598893014662444045e+00 2.206155220816889931e-06
-2.582491840093254609e+00 8.908058470862503908e-08
-2.566171260477212002e+00 2.979425513325293283e-07
-2.549930374176959447e+00 1.821711713489457398e-07
-2.533768291364664638e+00 1.606778179774718308e-06
-2.517684133818677505e+00 1.047517139088834007e-06
-2.501677034724291371e+00 4.281789440088433888e-07
-2.485746138478510670e+00 1.075758871221742558e-07
-2.469890600498723998e+00 3.740311237152555504e-07
-2.454109587035200768e+00 2.326454875676716306e-07
-2.438402274987315543e+00 1.198981650948895022e-06
-2.422767851723407695e+00 1.579489874642888038e-06
-2.407205514904207533e+00 4.171079962117067702e-07
-2.391714472309731221e+00 9.522231649278077318e-07
-2.376293941669569421e+00 1.408323328476002926e-06
-2.360943150496495058e+00 2.331119905984141434e-06
-2.345661335923311608e+00 1.050488603349804483e-06
-2.330447744542858413e+00 3.297478502429881109e-09
-2.315301632251118846e+00 1.567819744829817734e-06
-2.300222264093345625e+00 5.006324900190553130e-07
-2.285208914113144640e+00 1.317748299007096523e-07
-2.270260865204440481e+00 1.344101075931992635e-07
-2.255377408966269037e+00 5.199764451106122291e-07
-2.240557845560325223e+00 2.560726050901801197e-07
-2.225801483571210770e+00 1.807396277764567718e-08
-2.211107639869315467e+00 3.016066808354033298e-07
-2.196475639476279440e+00 6.551824547870719903e-07
-2.181904815432973432e+00 3.481202131625840052e-07
-2.167394508669943320e+00 1.902155538715354735e-07
-2.152944067880271817e+00 3.680960185821612731e-07
-2.138552849394784516e+00 5.351804999901724780e-07
-2.124220217059574090e+00 1.003298218400747896e-06
-2.109945542115772454e+00 4.017266406087456111e-08
-2.095728203081529628e+00 8.843862869026084407e-07
-2.081567585636154849e+00 4.610905718018500012e-07
-2.067463082506362237e+00 5.872711980569117154e-07
-2.053414093354584136e+00 5.844904436803572254e-07
-2.039420024669305942e+00 3.647839392899418756e-07
-2.025480289657382471e+00 1.077355854177451287e-06
-2.011594308138276332e+00 2.986687615569302698e-07
-1.997761506440205226e+00 3.441885735186550806e-07
-1.983981317298131319e+00 1.446181040585174681e-07
-1.970253179753569617e+00 1.846992411799648609e-07
-1.956576539056167352e+00 1.028585447690323199e-06
-1.942950846567025547e+00 3.399392417527788911e-07
-1.929375559663717654e+00 9.195383555368746305e-07
-1.915850141646975535e+00 5.625822025632408510e-07
-1.902374061649005244e+00 7.521905422864835578e-07
-1.888946794543396868e+00 3.287484574089821726e-07
-1.875567820856598900e+00 4.704407952238722954e-06
-1.862236626680921825e+00 2.915058105256323194e-07
-1.848952703589041180e+00 8.904293427269970582e-07
-1.835715548549967879e+00 5.844716554491888379e-07
-1.822524663846452730e+00 1.042149963085768249e-06
-1.809379556993800708e+00 1.828642958228312574e-07
-1.796279740660062796e+00 1.423422941127947183e-06
-1.783224732587581407e+00 9.553308448001365014e-08
-1.770214055515849871e+00 2.202814708221920616e-07
-1.757247237105675541e+00 1.270585047714071992e-07
-1.744323809864610553e+00 1.216807346027362879e-06
-1.731443311073621372e+00 8.216675753636524362e-07
-1.718605282714980698e+00 1.458240896642405121e-07
-1.705809271401351745e+00 1.446403022328259981e-07
-1.693054828306041149e+00 9.291484666648236394e-07
-1.680341509094399610e+00 6.236312962100105657e-07
-1.667668873856344547e+00 2.164968529210317329e-07
-1.655036487039980519e+00 3.063635377935440517e-07
-1.642443917386301022e+00 2.730514975802817355e-07
-1.629890737864948980e+00 1.107085781997298224e-06
-1.617376525611005755e+00 1.983884914501723752e-06
-1.604900861862805783e+00 1.322184650795345546e-06
-1.592463331900736856e+00 8.190233259196544045e-08
-1.580063524987020074e+00 5.805081875870871542e-08
-1.567701034306447028e+00 6.920699320301824250e-07
-1.555375456908052678e+00 4.259499500593018915e-07
-1.543086393647707277e+00 4.001593374079617012e-07
-1.530833449131608237e+00 5.886895640431078552e-07
-1.518616231660659732e+00 1.233515035812849383e-07
-1.506434353175712282e+00 9.191053210389704474e-07
-1.494287429203655870e+00 2.216753782093369661e-07
-1.482175078804342627e+00 6.400595305821957790e-08
-1.470096924518329295e+00 3.043184938553342414e-07
-1.458052592315416618e+00 1.124585394019904806e-06
-1.446041711543979202e+00 1.467572019598791066e-07
-1.434063914881057000e+00 4.562022920056123591e-07
-1.422118838283209508e+00 2.031507926241324456e-08
-1.410206120938107599e+00 1.256450842171595258e-07
-1.398325405216850115e+00 4.257586684736428323e-08
-1.386476336626996986e+00 7.296346353046112933e-07
-1.374658563766294916e+00 1.853868274027692950e-06
-1.362871738277095179e+00 5.879625656783643013e-09
-1.351115514801437101e+00 1.317731273764495350e-07
-1.339389550936797013e+00 6.535511919873616946e-07
-1.327693507192477362e+00 7.087495901846186514e-07
-1.316027046946637080e+00 5.362498908919239718e-07
-1.304389836403941239e+00 3.578703400063159312e-07
-1.292781544553817996e+00 6.422257131301371503e-07
-1.281201843129320173e+00 1.441454664169725032e-07
-1.269650406566570577e+00 7.045033087831348176e-08
-1.258126911964788874e+00 8.600983861808755221e-07
-1.246631039046874889e+00 1.412740089165202224e-07
-1.235162470120555911e+00 2.020475216388392831e-07
-1.223720890040073339e+00 8.795919217944464259e-07
-1.212305986168408234e+00 9.181072696670076880e-07
-1.200917448340022453e+00 2.144625126161125581e-07
-1.189554968824123149e+00 1.531444793039183350e-06
-1.178218242288426865e+00 5.887998045311936398e-07
-1.166906965763418569e+00 1.175009525959145496e-06
-1.155620838607101852e+00 1.349100677294614521e-07
-1.144359562470215863e+00 8.733114048917676561e-07
-1.133122841261928526e+00 4.054163119497454846e-07
-1.121910381115985400e+00 1.101429728183097821e-07
-1.110721890357309283e+00 8.694514895600404978e-08
-1.099557079469039467e+00 9.872518085508451629e-07
-1.088415661060010642e+00 1.427293063564850497e-06
-1.077297349832647466e+00 4.783610121956976137e-08
-1.066201862551285018e+00 7.325200995695618275e-07
-1.055128918010896033e+00 2.010135242000071334e-07
-1.044078237006218046e+00 8.532713189999195157e-07
-1.033049542301277102e+00 2.029568624797342308e-06
-1.022042558599299822e+00 2.772431999294681759e-07
-1.011057012512998066e+00 7.101877904729268293e-09
-1.000092632535235726e+00 1.922699203083829526e-07
-9.891491490100537964e-01 9.019608238869782325e-08
-9.782262941040561488e-01 6.019807939963502570e-07
-9.673238017781481402e-01 9.020796880189356547e-07
-9.564414077596213870e-01 7.500327221249959382e-07
-9.455788495145712735e-01 1.072971327452989834e-07
-9.347358662206534108e-01 1.024405355078462287e-06
-9.239121987401626157e-01 1.765816092673026576e-07
-9.131075895934324116e-01 1.493925015800322898e-07
-9.023217829325496098e-01 5.474683734871767094e-07
-8.915545245153719822e-01 1.072427762565386032e-07
-8.808055616798529108e-01 1.544597579658326930e-07
-8.700746433186589135e-01 1.148805479513809325e-06
-8.593615198540814903e-01 1.796994626129307307e-07
-8.486659432132259706e-01 1.515127944195618284e-06
-8.379876668034880183e-01 9.718780016822139870e-07
-8.273264454882990337e-01 2.136439420135718659e-06
-8.166820355631438932e-01 7.694691023560872966e-07
-8.060541947318363709e-01 9.449086076611412286e-07
-7.954426820830584610e-01 1.550408538272658068e-07
-7.848472580671504994e-01 1.768156563969530374e-06
-7.742676844731486430e-01 6.478717312000309827e-07
-7.637037244060699281e-01 4.516622738762330275e-07
-7.531551422644284788e-01 1.650891310353212496e-06
-7.426217037179922986e-01 6.992328706867770964e-07
-7.321031756857663275e-01 5.692631442872476392e-07
-7.215993263142009839e-01 1.486743939416779735e-06
-7.111099249556180890e-01 6.343841811865865545e-07
-7.006347421468592795e-01 4.184015906696146818e-07
-6.901735495881351490e-01 1.381007739594964207e-06
-6.797261201220911042e-01 3.826674533315758615e-07
-6.692922277130706199e-01 2.029948574816889855e-07
-6.588716474265783329e-01 2.263244178837387516e-06
-6.484641554089376481e-01 1.562510848465807385e-06
-6.380695288671385246e-01 3.856280428071103627e-07
-6.276875460488731129e-01 3.733541397002172267e-07
-6.173179862227488046e-01 9.226477678226015718e-07
-6.069606296586862459e-01 3.832757373078934812e-07
-5.966152576084875481e-01 1.171798436010030235e-07
-5.862816522865772484e-01 1.512646760216470210e-06
-5.759595968509094721e-01 2.026060738672273165e-06
-5.656488753840412942e-01 2.916371992560667818e-07
-5.553492728743597562e-01 7.570899386877590409e-07
-5.450605751974718638e-01 4.247119827565387389e-07
-5.347825690977430213e-01 1.011024432259364711e-06
-5.245150421699888987e-01 1.771371526175316275e-06
-5.142577828413065211e-01 3.448577571930460568e-07
-5.040105803530536832e-01 9.577687372104728152e-07
-4.937732247429644228e-01 4.469247592487227937e-07
-4.835455068274036594e-01 4.903637734798979313e-07
-4.733272181837471781e-01 2.410067574278908807e-06
-4.631181511328986700e-01 9.829405403744904574e-07
-4.529180987219272314e-01 2.879155284403817240e-07
-4.427268547068332061e-01 2.387670886605872162e-07
-4.325442135354257145e-01 1.727053233661175308e-06
-4.223699703303245845e-01 1.334711914287988581e-07
-4.122039208720716941e-01 4.804978864801178116e-07
-4.020458615823537807e-01 3.196231982341255351e-06
-3.918955895073323314e-01 8.510347645990868038e-07
-3.817529023010813316e-01 2.171133432045877417e-06
-3.716175982091194929e-01 7.947488173172883144e-07
-3.614894760520483419e-01 2.277198418386665208e-07
-3.513683352092828449e-01 1.400735575631666109e-06
-3.412539756028758475e-01 6.727060778602408942e-07
-3.311461976814312758e-01 4.359746579563638207e-06
-3.210448024041094306e-01 1.547185757390702086e-06
-3.109495912247085547e-01 4.409381246723776129e-07
-3.008603660758366605e-01 5.271243782179502831e-07
-2.907769293531580201e-01 3.577349448431015519e-06
-2.806990838997174276e-01 1.531130998588798483e-06
-2.706266329903371237e-01 4.491925135566150413e-06
-2.605593803160889399e-01 3.104191540225703873e-06
-2.504971299688272257e-01 3.288836791567421350e-06
-2.404396864257955790e-01 2.193445646003497636e-06
-2.303868545342923901e-01 2.098596123113605889e-06
-2.203384394963986970e-01 2.366621315558781605e-08
-2.102942468537628840e-01 8.546407961237233604e-07
-2.002540824724450275e-01 1.434324632985374990e-07
-1.902177525278067050e-01 3.647962381720405192e-06
-1.801850634894590075e-01 1.171622459071177216e-07
-1.701558221062540455e-01 9.120552758424003008e-06
-1.601298353913264694e-01 9.582420710572905869e-07
-1.501069106071708514e-01 9.645040930555526571e-06
-1.400868552507662790e-01 3.373196427813999522e-06
-1.300694770387391397e-01 1.087222885841494803e-05
-1.200545838925550501e-01 6.534047448029438413e-06
-1.100419839237516545e-01 3.111855742697124951e-05
-1.000314854191983877e-01 1.960200347710921507e-06
-9.002289682638489610e-02 1.454587638770082737e-05
-8.001602673873924043e-02 2.376856090419075966e-05
-7.001068388096250150e-02 7.920012930618351710e-02
-6.000667709439190534e-02 4.913728516287120263e-01
-5.000381532237931775e-02 7.076458067965261112e-01
-4.000190759568706539e-02 1.286994433982199038e+00
-3.000076301789707939e-02 1.327657053047390123e+00
-2.000019075083557876e-02 2.439181290572463467e+00
-9.999999999999974187e-03 2.544882679837560779e+00
0.000000000000000000e+00 3.536247676070655377e+00
9.999999999999974187e-03 3.516058369857013144e+00
2.000019075083557876e-02 4.362841326082024018e+00
3.000076301789707939e-02 4.063321557281439844e+00
4.000190759568635068e-02 3.174621065578513424e+00
5.000381532237860305e-02 3.077552572205543235e+00
6.000667709439118369e-02 2.024396450993408703e+00
7.001068388096322315e-02 2.477284456372886634e+00
8.001602673873996208e-02 2.021292777600288471e+00
9.002289682638561774e-02 1.673198824751759295e+00
1.000314854191983877e-01 1.825428699059157722e+00
1.100419839237516545e-01 1.090952846684555277e+00
1.200545838925550501e-01 1.375379322274352889e+00
1.300694770387391397e-01 1.788020616865098056e+00
1.400868552507662790e-01 1.424412394400174531e+00
1.501069106071708514e-01 6.298468048326558710e-01
1.601298353913264694e-01 7.825147459345110912e-01
1.701558221062540455e-01 8.244314233484282273e-01
1.801850634894582859e-01 3.721476210266027040e-01
1.902177525278067050e-01 5.516029499433009464e-01
2.002540824724450275e-01 4.058923719575008859e-01
2.102942468537628840e-01 3.711571473303869328e-02
2.203384394963986970e-01 5.038891866145485121e-01
2.303868545342923901e-01 1.971141792186704433e-01
2.404396864257955790e-01 1.670400502162168108e-02
2.504971299688272257e-01 2.425586730315680284e-01
2.605593803160889399e-01 9.149737944012525936e-02
2.706266329903371237e-01 6.746780541095697239e-05
2.806990838997167059e-01 1.373010667527226246e-05
2.907769293531572985e-01 5.220299701045744834e-05
3.008603660758359388e-01 2.377389233015127866e-05
3.109495912247092764e-01 1.839281013028185488e-05
3.210448024041101522e-01 7.809216299006860947e-05
3.311461976814320529e-01 1.376745108107458613e-05
3.412539756028758475e-01 1.207477610286379225e-05
3.513683352092828449e-01 8.153803729537027409e-06
3.614894760520483419e-01 7.275157009932039097e-06
3.716175982091194929e-01 2.425567850244891800e-05
3.817529023010813316e-01 5.881077604628951585e-06
3.918955895073323314e-01 1.318326435768347495e-05
4.020458615823530590e-01 7.914734231170267157e-06
4.122039208720709169e-01 8.325342888859747206e-06
4.223699703303238628e-01 2.832195612413649314e-06
4.325442135354264361e-01 2.177990438208286233e-06
4.427268547068339277e-01 6.772356366540425716e-06
4.529180987219279531e-01 1.180104050397619979e-05
4.631181511328986700e-01 3.089030922779129416e-06
4.733272181837471781e-01 1.949327115636311473e-05
4.835455068274036594e-01 7.525399166034522230e-06
4.937732247429644228e-01 1.299320811007227515e-05
5.040105803530536832e-01 2.561833857427894866e-05
5.142577828413065211e-01 1.758394347854484618e-06
5.245150421699888987e-01 2.365214378312893852e-07
5.347825690977430213e-01 1.296938777647577798e-05
5.450605751974710866e-01 1.516860770411332530e-05
5.553492728743597562e-01 3.636988813317310871e-06
5.656488753840412942e-01 1.957884188341517918e-06
5.759595968509094721e-01 8.910467795538458663e-06
5.862816522865772484e-01 7.677230354365134461e-06
5.966152576084875481e-01 5.283244399423272841e-06
6.069606296586862459e-01 7.347496627137616704e-06
6.173179862227488046e-01 3.236689144238091934e-06
6.276875460488731129e-01 3.114553292501472069e-06
6.380695288671385246e-01 3.751219868346203376e-06
6.484641554089369819e-01 2.784609423914704073e-06
6.588716474265774448e-01 2.232787074018729961e-06
6.692922277130698427e-01 2.002747027883601820e-06
6.797261201220904381e-01 1.002545764240045035e-06
6.901735495881360372e-01 9.451916708943995481e-06
7.006347421468600567e-01 5.406573349104078993e-06
7.111099249556188662e-01 8.156515074986000569e-06
7.215993263142009839e-01 3.700302628224676513e-06
7.321031756857663275e-01 1.605927532030015753e-07
7.426217037179922986e-01 6.951230533469806979e-06
7.531551422644284788e-01 2.353829279899113013e-06
7.637037244060699281e-01 2.545477896830141302e-06
7.742676844731486430e-01 4.411238567834192817e-06
7.848472580671498333e-01 1.027268739937172809e-06
7.954426820830577949e-01 1.514956606972424559e-07
8.060541947318363709e-01 1.592916285595948793e-07
8.166820355631446704e-01 8.536485180810933623e-06
8.273264454882999219e-01 1.341148235430132645e-05
8.379876668034880183e-01 9.285211665288886429e-07
8.486659432132259706e-01 1.683383746249468951e-06
8.593615198540814903e-01 1.428352859468237216e-06
8.700746433186589135e-01 7.851944903591843192e-06
8.808055616798529108e-01 7.803291971572624017e-06
8.915545245153719822e-01 1.129533787332099387e-06
9.023217829325496098e-01 1.337986154459518448e-06
9.131075895934324116e-01 9.588366275719237828e-06
9.239121987401619496e-01 9.281271789476745107e-07
9.347358662206525226e-01 3.212523631299476134e-06
9.455788495145712735e-01 9.091625144255654936e-06
9.564414077596213870e-01 3.840321233665703250e-06
9.673238017781488063e-01 4.510829711818020339e-07
9.782262941040561488e-01 3.292810104058790296e-06
9.891491490100537964e-01 1.872481413658689758e-06
1.000092632535235726e+00 4.857210877608864455e-06
1.011057012512998066e+00 3.626869481866735457e-06
1.022042558599299822e+00 2.143868434318024849e-06
1.033049542301277102e+00 3.947280896688434115e-06
1.044078237006217380e+00 2.620105595633184851e-07
1.055128918010895367e+00 2.217573541446761815e-06
1.066201862551284352e+00 1.135573248700308762e-06
1.077297349832648132e+00 3.380087202729671869e-06
1.088415661060011308e+00 6.655105781743509993e-07
1.099557079469040355e+00 2.166548287336568821e-06
1.110721890357309283e+00 2.594540514906093699e-06
1.121910381115985400e+00 2.188859188839070513e-06
1.133122841261928526e+00 3.010689787628241945e-06
1.144359562470215863e+00 1.666338276093328602e-06
1.155620838607101852e+00 3.574804531808363862e-06
1.166906965763418569e+00 1.572631363746194458e-06
1.178218242288425976e+00 2.509785186380853473e-06
1.189554968824123149e+00 6.085114219629446486e-07
1.200917448340022453e+00 1.200742343176082446e-06
1.212305986168408900e+00 5.663560334200944776e-06
1.223720890040074227e+00 2.066395437162701840e-07
1.235162470120555911e+00 7.654498832515208363e-07
1.246631039046874889e+00 4.880198332384627254e-06
1.258126911964788874e+00 2.670340054233883060e-08
1.269650406566570577e+00 1.135050966918346080e-06
1.281201843129320173e+00 2.904785552439707314e-06
1.292781544553817996e+00 1.034095098410828113e-06
1.304389836403941239e+00 2.712526583121995029e-06
1.316027046946637080e+00 1.344246731656534374e-06
1.327693507192476696e+00 4.210840703405432467e-07
1.339389550936796125e+00 2.801642559806773793e-06
1.351115514801436435e+00 1.724797531020300233e-06
1.362871738277095179e+00 4.573955238078971635e-06
1.374658563766295805e+00 1.193599154503619528e-07
1.386476336626997652e+00 3.766058521296103684e-06
1.398325405216850559e+00 5.889692727547757254e-07
1.410206120938107599e+00 4.020802742204256595e-07
1.422118838283209508e+00 7.412849591898414383e-07
1.434063914881057000e+00 4.390628121022638215e-07
1.446041711543979202e+00 2.491890208586303787e-07
1.458052592315416618e+00 1.814656277913635432e-06
1.470096924518328407e+00 1.743275437429322509e-06
1.482175078804341739e+00 9.188447434812298981e-07
1.494287429203654982e+00 2.815143375205196969e-06
1.506434353175713392e+00 1.076083752517853805e-06
1.518616231660660620e+00 2.488277618544731844e-06
1.530833449131608681e+00 1.389191180717876470e-06
1.543086393647707277e+00 2.280156966614973617e-06
1.555375456908052678e+00 8.587022328658451022e-07
1.567701034306447028e+00 8.517178733156194776e-07
1.580063524987019630e+00 3.941961358571646785e-06
1.592463331900736190e+00 1.557598074821997961e-06
1.604900861862805117e+00 8.503144300323046435e-07
1.617376525611005755e+00 5.588588938708741745e-06
1.629890737864948091e+00 3.509649774337317489e-06
1.642443917386300800e+00 8.388293134002193061e-07
1.655036487039980742e+00 1.309816007737657574e-06
1.667668873856345213e+00 4.670757405744740795e-06
1.680341509094400276e+00 1.193986705597458367e-06
1.693054828306040926e+00 2.580313583330706573e-08
1.705809271401351079e+00 1.627953607074322771e-06
1.718605282714980920e+00 7.768458697868914164e-06
1.731443311073621594e+00 1.357093340503874149e-06
1.744323809864610997e+00 1.319340767511286858e-06
1.757247237105675541e+00 1.616425406782391986e-07
1.770214055515848983e+00 1.515078463193501733e-06
1.783224732587580741e+00 9.350488292160306039e-07
1.796279740660062352e+00 3.852849875971582746e-06
1.809379556993800708e+00 1.562741821350956526e-06
1.822524663846453397e+00 1.043187257493517885e-06
1.835715548549968767e+00 1.451893878894981416e-06
1.848952703589041624e+00 1.207979923434676801e-06
1.862236626680921825e+00 2.914172599578788842e-06
1.875567820856598900e+00 1.977697859236024563e-06
1.888946794543396868e+00 1.454814874830362056e-06
1.902374061649005244e+00 1.235516507709097996e-08
1.915850141646975535e+00 2.080068680375926450e-06
1.929375559663716988e+00 5.034467889615396456e-07
1.942950846567024437e+00 3.614782082176202026e-06
1.956576539056166242e+00 1.088575167210681091e-07
1.970253179753570727e+00 1.560386979274097967e-06
1.983981317298132430e+00 2.030533820261000443e-07
1.997761506440205892e+00 1.398119591101280656e-07
2.011594308138276332e+00 9.921573592697905951e-07
2.025480289657382471e+00 1.751968367669655397e-06
2.039420024669305942e+00 3.219048854130697595e-06
2.053414093354583247e+00 5.014476625243306223e-07
2.067463082506361793e+00 2.877588468965221442e-06
2.081567585636154405e+00 7.846861224674401434e-07
2.095728203081529628e+00 4.892567485695785544e-07
2.109945542115771566e+00 2.841627362198890934e-06
2.124220217059573645e+00 1.673289839955617299e-07
2.138552849394784072e+00 2.106949994164068570e-06
2.152944067880272261e+00 1.362917017810867085e-06
2.167394508669943765e+00 2.025233702176183878e-06
2.181904815432972988e+00 1.235033128359517768e-06
2.196475639476278996e+00 1.469679456207267375e-06
2.211107639869315911e+00 2.480581923412237577e-06
2.225801483571211214e+00 1.393371590049356967e-06
2.240557845560325667e+00 1.415698274659256480e-06
2.255377408966268149e+00 2.132230278672509040e-07
2.270260865204440481e+00 2.249851815124717620e-07
2.285208914113143308e+00 1.947295922394006908e-06
2.300222264093344737e+00 1.719692190700009699e-08
2.315301632251118846e+00 3.368761309191746642e-07
2.330447744542859301e+00 8.634093647463501073e-07
2.345661335923311608e+00 3.746995473037787270e-06
2.360943150496495946e+00 1.589629769174782162e-06
2.376293941669568088e+00 1.686373801105252740e-06
2.391714472309731221e+00 4.423062768923066533e-06
2.407205514904206645e+00 2.255221593364250322e-06
2.422767851723407695e+00 2.799887901379787679e-07
2.438402274987316432e+00 2.062396953830814811e-07
2.454109587035200768e+00 7.538466607972752123e-07
2.469890600498723998e+00 1.821820731826961015e-06
2.485746138478509337e+00 2.883863654166351775e-07
2.501677034724291371e+00 5.696965594749363448e-06
2.517684133818678394e+00 1.919276212712308216e-06
2.533768291364664638e+00 2.561219489170884669e-06
2.549930374176959891e+00 1.193280937619473377e-06
2.566171260477213334e+00 3.343948918885464601e-06
2.582491840093254609e+00 9.302691050091283291e-08
2.598893014662444489e+00 1.351449371601849880e-07
2.615375697839199987e+00 7.160137540842516436e-07
2.631940815506855991e+00 2.962956218912398529e-06
2.648589305993903409e+00 1.659618079360368686e-08
2.665322120294779218e+00 7.568068283875275193e-07
2.682140222295247955e+00 9.227572027889717508e-07
2.699044589002565164e+00 4.282437229048854866e-07
2.716036210780464977e+00 6.611231667609509775e-07
2.733116091589157026e+00 2.304767508992065976e-06
2.750285249230413953e+00 1.894527584696576955e-06
2.767544715597911598e+00 2.523016240038701639e-07
2.784895536932901372e+00 5.246861372969641775e-07
2.802338774085429751e+00 4.295223408668771659e-06
2.819875502781155063e+00 3.780718073896999302e-06
2.837506813893987179e+00 1.537645386808313800e-06
2.855233813724622927e+00 1.637308450815881117e-07
2.873057624285204170e+00 3.681282259911451426e-06
2.890979383590180252e+00 1.594823537590790977e-06
2.909000245953595520e+00 2.000841384280581099e-07
2.927121382292947160e+00 8.729129886073871421e-07
2.945343980439754095e+00 5.679886685425210023e-06
2.963669245457068335e+00 7.121105288551528151e-07
2.982098399964077995e+00 2.385204685706348820e-06
3.000632684467967159e+00 7.824017901499382250e-07
3.019273357703287086e+00 1.461353972215531982e-06
3.038021696978962627e+00 1.974310526757336556e-07
3.056878998533198555e+00 1.585188897104691517e-06
3.075846577896470535e+00 2.165044793811841043e-07
3.094925770262794362e+00 1.344843763064074081e-06
3.114117930869559014e+00 2.549097271319542573e-06
3.133424435386071849e+00 8.103574172013159208e-07
3.152846680311138350e+00 1.745396641460139045e-06
3.172386083379844290e+00 3.412677487761777096e-09
3.192044083979846292e+00 1.292242609689609939e-06
3.211822143577407918e+00 5.795841388654711419e-07
3.231721746153457975e+00 1.927367848873734611e-06
3.251744398649921930e+00 4.677088683636325350e-07
3.271891631426665281e+00 9.480684033664761325e-07
3.292164998729279368e+00 3.114041719462301682e-06
3.312566079168071553e+00 1.274982021198243374e-07
3.333096476208521786e+00 2.217619095845261034e-06
3.353757818673582580e+00 6.426630858541901965e-07
3.374551761258096416e+00 1.250178322456799194e-06
3.395479985055740446e+00 2.889692626444598045e-06
3.416544198098793395e+00 9.896885600832502437e-07
3.437746135911136314e+00 4.093209132971910728e-06
3.459087562074850908e+00 2.825722189883827026e-07
3.480570268810810663e+00 3.180755117673135208e-06
3.502196077573649369e+00 2.426260075866911411e-07
3.523966839661581307e+00 2.826897067034208739e-06
3.545884436841424847e+00 9.225975076198428543e-07
3.567950781989368547e+00 3.732794746997548445e-07
3.590167819747851929e+00 8.784474172750189802e-07
3.612537527199123133e+00 2.943642118862507571e-07
3.635061914555887341e+00 1.140961247926959920e-06
3.657743025869628628e+00 8.403281927224157799e-07
3.680582939757102157e+00 9.828866730134472671e-08
3.703583770145510101e+00 9.317948464263117459e-07
3.726747667036997225e+00 9.225600525781175629e-08
3.750076817293014120e+00 7.494565453162280645e-06
3.773573445439117879e+00 8.474128799563465233e-07
3.797239814490932730e+00 6.457917842321048953e-07
3.821078226801799538e+00 1.155986655598703645e-06
3.845091024932894896e+00 1.502715501277197710e-06
3.869280592546462394e+00 5.398178799221199378e-07
3.893649355322847061e+00 3.465814472916269744e-06
3.918199781902168777e+00 3.849510918260982027e-06
3.942934384851307872e+00 1.345645801791231155e-07
3.967855721657088441e+00 1.903734227789259419e-06
3.992966395746416985e+00 3.957683159909880070e-06
4.018269057534300082e+00 3.071088085919614348e-06
4.043766405500584860e+00 1.297349974299191590e-06
4.069461187296391280e+00 6.115149100499195406e-07
4.095356200881122177e+00 1.398835759061585085e-06
4.121454295691163061e+00 5.106480414329543716e-06
4.147758373841154089e+00 1.863918804582538313e-06
4.174271391359062555e+00 1.377042871072170052e-06
4.200996359456013352e+00 5.981126381023649251e-06
4.227936345832168819e+00 1.454983956245170166e-06
4.255094476019727345e+00 4.546358668236359243e-07
4.282473934764413848e+00 2.270430579268769872e-06
4.310077967446587444e+00 4.443593291144765469e-07
4.337909881543510870e+00 1.537422190281251905e-06
4.365973048133954926e+00 2.188995716989504152e-06
4.394270903446770404e+00 6.760386621076522822e-06
4.422806950454781116e+00 1.168130920774245521e-06
4.451584760515686412e+00 2.410633273778769022e-06
4.480607975061463577e+00 3.689115745489235443e-07
4.509880307338105077e+00 7.912924190894825462e-07
4.539405544197283149e+00 7.449818722662573058e-06
4.569187547941903738e+00 5.671148248142348023e-07
4.599230258227382961e+00 8.532429065000041202e-07
4.629537694020593008e+00 3.696241382525056083e-06
4.660113955618596648e+00 2.027290726500888781e-06
4.690963226729293112e+00 2.224236589471902256e-06
4.722089776616123835e+00 1.137316060711614320e-06
4.753497962309302771e+00 1.419820822639520127e-06
4.785192230885826348e+00 2.067404893768018920e-06
4.817177121820895636e+00 3.726886459769415886e-07
4.849457269413340654e+00 1.047158743763704236e-06
4.882037405287709575e+00 1.918674812110788945e-07
4.914922360976011539e+00 2.106760740710346590e-06
4.948117070581908195e+00 1.027611764384872946e-06
4.981626573530626878e+00 1.235105251871345259e-06
5.015456017407652567e+00 4.940288540093250161e-06
5.049610660889745972e+00 5.353308871958751032e-07
5.084095876771596245e+00 4.969455800902725564e-07
5.118917155092026050e+00 2.637736639031071489e-07
5.154080106363324809e+00 1.165489541874131826e-06
5.189590464907923639e+00 6.196007624400558251e-07
5.225454092306433651e+00 2.271378774390367257e-06
5.261676980961550676e+00 1.786676370351670315e-06
5.298265257782244220e+00 1.869275394060977413e-06
5.335225187993163587e+00 3.013111074836045386e-06
5.372563179074077766e+00 3.086693271492659635e-06
5.410285784834729661e+00 1.625418652452154697e-06
5.448399709630405319e+00 7.307166438179038744e-07
5.486911812724086346e+00 3.066490405306406140e-06
5.525829112800970222e+00 2.275038880115512248e-06
5.565158792641854646e+00 6.765576407002617054e-07
5.604908203961667112e+00 3.305325500593496187e-06
5.645084872420248701e+00 2.409387439638475256e-06
5.685696502812371378e+00 4.391517621040331982e-06
5.726750984444712422e+00 5.030208289804023608e-07
5.768256396707492684e+00 6.673515258023951348e-06
5.810221014849253685e+00 7.554873975827286504e-06
5.852653315963272540e+00 4.707024817916948551e-07
5.895561985194872179e+00 3.021159059601129340e-06
5.938955922179146363e+00 2.767595346492499511e-06
5.982844247719065756e+00 1.869753200544764090e-07
6.027236310714632950e+00 1.843394730147572354e-06
6.072141695354100754e+00 2.432597899703431124e-06
6.117570228578833813e+00 1.191029654977842052e-06
6.163531987834188541e+00 2.953930176542683830e-06
6.210037309119105231e+00 6.266163432367623891e-07
6.257096795348075169e+00 8.008911700839282357e-07
6.304721325039668756e+00 3.267292228754438494e-06
6.352922061346506943e+00 3.175771279915691581e-06
6.401710461442654321e+00 5.747321763632702562e-06
6.451098286284771888e+00 1.130636214043671257e-05
6.501097610764786872e+00 3.656752840057529105e-06
6.551720834272277472e+00 6.953670905506340026e-06
6.602980691686179959e+00 3.826081981001290301e-06
6.654890264816202716e+00 2.354693706330993709e-06
6.707462994315653404e+00 7.783989197870331880e-07
6.760712692088343800e+00 2.807226139959840420e-06
6.814653554213885300e+00 4.541255409399024904e-06
6.869300174416541616e+00 1.100664523983090130e-05
6.924667558104775189e+00 3.351968542451152481e-06
6.980771137009639027e+00 1.688417833371845771e-06
7.037626784452278628e+00 5.241309844716685413e-06
7.095250831272059244e+00 7.261890260473056587e-06
7.153660082449184721e+00 3.648651118376770661e-06
7.212871834457117437e+00 1.811352260338449560e-06
7.272903893382699714e+00 6.662789357220637059e-06
7.333774593853726209e+00 1.441665300463253769e-06
7.395502818816384050e+00 1.629280000274624270e-06
7.458108020207268929e+00 2.901879224830101744e-06
7.521610240567749628e+00 5.163596507289397412e-06
7.586030135650939421e+00 6.491412659660929308e-06
7.651388998075133507e+00 5.686488890000280193e-06
7.717708782080382690e+00 2.122363238364302148e-06
7.785012129448951157e+00 5.841031057472029401e-06
7.853322396653874549e+00 5.039556368280329058e-06
7.922663683303971638e+00 3.937285682612038824e-06
7.993060861958362295e+00 4.054071859716836736e-07
8.064539609387720631e+00 3.878691584108325125e-06
8.137126439365120589e+00 4.104249379518177592e-06
8.210848737074378789e+00 6.553431582468698284e-06
8.285734795229668492e+00 3.439458902719349563e-06
8.361813852006719117e+00 1.274462221752576387e-05
8.439116130892415413e+00 8.142816792278541831e-06
8.517672882566811765e+00 8.798835048782165910e-06
8.597516428939853128e+00 1.786948644151737325e-06
8.678680209472870999e+00 6.298009051957109536e-06
8.761198829924738973e+00 4.528851036026174805e-06
8.845108113671690475e+00 3.253404876101830680e-06
8.930445155761116638e+00 3.587218905822693040e-06
9.017248379870389741e+00 7.454493614712611648e-06
9.105557598354891979e+00 2.173751121506858464e-06
9.195414075582201363e+00 4.978368466167354457e-06
9.286860594764410948e+00 5.042566135409355232e-06
9.379941528515811200e+00 8.231786613951537904e-08
9.474702913380864899e+00 6.683386162150107606e-06
9.571192528595130256e+00 2.844558125740749242e-06
9.669459979362780899e+00 4.035459941280559338e-06
9.769556784955327089e+00 7.333553874826771645e-06
9.871536471960840942e+00 6.299693525121221559e-06
9.975454673037942754e+00 6.470632473814664738e-07
1.008136923155793063e+01 1.191598303847284896e-05
1.018934031254830330e+01 5.858817131139912178e-06
1.029943052038522566e+01 7.478478598281503913e-06
1.041170502371859463e+01 8.220325735539618178e-06
1.052623168815380517e+01 1.791531498393375224e-05
1.064308121725768252e+01 1.102161614249433856e-05
1.076232730250476877e+01 2.454820170910384627e-05
1.088404678283179194e+01 1.010370285044903958e-05
1.100831981452695096e+01 1.369528461373502890e-05
1.113523005224294415e+01 2.645875595307755395e-05
1.126486484199331350e+01 1.463424081300831716e-05
1.139731542706779699e+01 1.603799731574171214e-05
1.153267716788676189e+01 1.879587597657889704e-05
1.167104977690866718e+01 9.403324460282593521e-06
1.181253756980620828e+01 1.933154770642769187e-05
1.195724973424156268e+01 5.741754746054188191e-05
1.210530061769597765e+01 4.730435813678163730e-05
1.225681003594877438e+01 1.769011035880382657e-05
1.241190360395464154e+01 2.143592478291173476e-05
1.257071309104042101e+01 1.159606909816612535e-05
1.273337680253192516e+01 3.763087713184572273e-05
1.290003999013476133e+01 2.609877703527360151e-05
1.307085529362815102e+01 1.232539801266035765e-05
1.324598321669588152e+01 3.653901956554560530e-05
1.342559264001181063e+01 4.214320674288801332e-05
1.360986137502873916e+01 2.826604196417961868e-05
1.379897676228727654e+01 3.425043471615087441e-06
1.399313631847826045e+01 8.842790356740264719e-05
1.419254843695589230e+01 7.651609443545518048e-05
1.439743314692606369e+01 7.427571023790691476e-05
1.460802293712368716e+01 5.997417401796735915e-05
1.482456365046278535e+01 1.866972215269890997e-04
1.504731545689699779e+01 1.391878111062592592e-04
1.527655391258613626e+01 1.494179971466318623e-04
1.551257111443440273e+01 2.247183088024996400e-03
1.575567696017295916e+01 1.006890185802902107e-05
1.600620052541652782e+01 5.154346225661276637e-05
1.626449157056262607e+01 2.747096083209496454e-04
1.653092219204418001e+01 2.611184406013961935e-03
1.680588863433074565e+01 6.738734066697261993e-03
1.708981328123576660e+01 1.010475880887561594e-02
1.738314684757837725e+01 8.098929627963461983e-03
1.768637079511793431e+01 2.367517035610060619e-02
1.800000000000201084e+01 1.713349391768674234e-05
