# Status file for ctqmc. Used to save all times t_s, t_e.
2
33
0.8732076427093329 1.14760883024703 0 0
1.560700873873511 1.815638645265603 0 0
1.871134663076805 1.952457975655415 0 0
4.857245328144482 5.06438926372689 0 0
6.503012273403363 6.827707458132364 0 0
14.90310603289813 15.04832515450206 0 0
15.8770625544214 15.95257018911161 0 0
19.86092410202454 19.97716177190983 0 0
20.36763608201797 22.08325943572123 0 0
26.84043403866312 26.91186849366655 0 0
26.91752272943193 27.14150497791008 0 0
28.32034994057265 29.00350811800553 0 0
29.53796660197633 31.42274040138961 0 0
31.60196923104835 31.81605865485003 0 0
32.49611329878527 34.61402120950294 0 0
34.85787337265286 35.40532908290976 0 0
36.876903418745 37.02964165221903 0 0
37.03916857230751 37.31888030755702 0 0
39.34717523554121 39.48744620548786 0 0
47.21518600876654 47.77901022219785 0 0
47.87966547418955 48.04840745622091 0 0
48.57019945841479 48.86028994558361 0 0
53.73676749255372 54.6638692332017 0 0
72.76679463963171 73.12161392937504 0 0
75.21396807931319 75.41351193132863 0 0
75.84301123093537 76.43248658048394 0 0
76.62748078530872 76.87024846837076 0 0
77.35268996647019 77.97202450445025 0 0
83.53528417269774 83.92207827996519 0 0
84.86353188509943 85.98060810302779 0 0
90.89065886907954 91.03662061952603 0 0
91.06202661119879 91.60694016758252 0 0
91.90038794639216 92.14613836469172 0 0
33
6.636208699525772 8.547146100385035 0 0
10.13269223238999 10.35881753650689 0 0
19.03903749892997 19.98395713321259 0 0
22.26489623807885 22.81152868519741 0 0
23.01162722633852 23.49558057277504 0 0
23.73810709971723 24.52214701496762 0 0
26.625110388195 27.3274079641661 0 0
41.82387356427174 41.98788293612962 0 0
42.24354289375308 42.43938324896605 0 0
43.52407310117292 44.32318880895724 0 0
45.69641043629241 46.55664678220663 0 0
46.57112858521853 46.68471605268765 0 0
48.11377864692311 48.19075571035047 0 0
54.74247065162228 55.25434780440896 0 0
55.27954757218912 55.4274935028754 0 0
57.39295274324146 59.07635714508927 0 0
59.23157217568507 59.43528518760622 0 0
59.46749223051123 59.79792988393533 0 0
59.82727702390751 60.99963645072884 0 0
62.47052574354525 63.7329414697666 0 0
66.23266246138118 66.43195593086129 0 0
66.82289144027993 67.54731949581974 0 0
67.66966980583578 67.98784720030319 0 0
68.90839210930245 69.39045944634637 0 0
69.86433708080632 70.84736644020737 0 0
82.68041475213163 82.80468665820888 0 0
87.21827470081293 87.76196767648295 0 0
88.73940875691552 89.09038757231554 0 0
89.21677710231917 89.3743983148258 0 0
92.61845426619588 92.64808965781936 0 0
92.83483752746831 92.8396093177721 0 0
93.0116682734425 93.33153247850595 0 0
93.66751570531406 94.17340891283303 0 0
