# Status file for ctqmc. Used to save all times t_s, t_e.
2
29
2.791640672348259 0.1518159502982709 0 0
5.678855082450494 4.485609866584638 0 0
6.769007191477845 6.443373211835977 0 0
7.080363814306039 6.875556279500811 0 0
9.249974807825881 7.176469802194429 0 0
9.783959518899687 9.631524499445783 0 0
22.94126000950947 10.40746867729454 0 0
23.47627370605375 23.14828180626228 0 0
26.46976230017049 25.429001791128 0 0
29.01432615481293 26.90225472834174 0 0
29.87658871199354 29.36495551161086 0 0
31.14687797596849 30.48589591174512 0 0
32.6896894259321 31.5296735876036 0 0
34.66932594147378 33.02651705035399 0 0
44.37315683690469 35.3501500555918 0 0
51.88475961323812 44.39277003210483 0 0
53.05894386060935 52.7590646669389 0 0
54.10000775401254 53.39051612424035 0 0
70.2331045237879 55.5049165478533 0 0
84.52225918011057 70.75053594982192 0 0
85.58433220705821 84.56479227644851 0 0
94.37620735483533 87.23542556045963 0 0
94.46186744617654 94.45166343829588 0 0
94.5519086847668 94.48838092733884 0 0
95.03463789745753 94.64291802029629 0 0
96.38265114004727 96.16950227830954 0 0
98.09531462357467 97.04784999680648 0 0
98.52188420183619 98.12530382781655 0 0
99.26029846866793 98.75725039578143 0 0
42
4.185009564451677 4.23999271870678 0 0
15.80335357307271 16.84175389238891 0 0
18.72824012287946 18.83393333266049 0 0
19.22433443751208 19.76290811965025 0 0
20.62816198216566 20.68840113850632 0 0
37.94077228664772 38.17334471478997 0 0
40.12158202157316 40.48139940206355 0 0
40.86066674692398 42.36069968637889 0 0
42.73464715604415 43.38792535132956 0 0
43.47724713178526 44.32191552046744 0 0
44.83514820814477 45.12716017779771 0 0
46.14607118855159 46.82110812836231 0 0
47.63894654081107 48.0813569724718 0 0
48.8698441896811 48.88880422940441 0 0
50.09265962605172 50.13971607986283 0 0
51.2014947835044 51.59308661860119 0 0
55.55273786117687 55.90782895780804 0 0
56.32233098291884 57.10284532849458 0 0
59.62882957483293 59.84793669009299 0 0
60.73041457200095 60.88870705937475 0 0
61.53954148765509 61.89840807466268 0 0
61.97324738769969 62.59409644978783 0 0
63.0960662425145 63.22486495771626 0 0
71.78125436553844 71.79127985097541 0 0
72.25163571464881 72.34880445558858 0 0
72.68155528675068 73.86702482646602 0 0
75.54967353961764 76.06147703272968 0 0
77.6623830829855 78.35050772443108 0 0
79.36886433968134 79.37573967606438 0 0
79.40563483134598 80.17026950671232 0 0
80.69450766583505 80.78476622296989 0 0
80.93424779907171 81.74700824195907 0 0
82.63409866575795 83.25778358522025 0 0
83.48318310795884 83.84094831390121 0 0
84.14661619456011 84.24859031315655 0 0
88.02212185710685 88.84406803024454 0 0
88.84982930956511 89.60756204547147 0 0
90.46359962033289 90.62444565944594 0 0
91.64630242016177 91.95655030484622 0 0
93.80660799161821 94.27509204169472 0 0
97.5609506746149 97.67692824798814 0 0
98.44826115602687 98.85195582695 0 0
