# Status file for ctqmc. Used to save all times t_s, t_e.
2
40
4.880757377493498 0.1857620832250291 0 0
6.169404231490335 5.685341889966124 0 0
6.556711764582362 6.246968814301389 0 0
7.062761311301574 6.971668580811921 0 0
7.513042399290843 7.087203143045178 0 0
8.309744750440801 8.203131985119244 0 0
12.05995256371616 8.727526022553869 0 0
13.54955835866679 12.82762707138005 0 0
17.96554599654486 13.93086022356771 0 0
18.46591944923919 18.46374701204162 0 0
19.77674503342035 18.71217724638111 0 0
26.84265599500291 20.1333151613258 0 0
30.2298332066958 27.13855894060213 0 0
32.94587445377481 31.22835308064556 0 0
34.03682134852834 32.9743257107501 0 0
35.82483589748476 34.190887430569 0 0
35.96642526275061 35.84768483660959 0 0
42.93876438440496 36.19943655286027 0 0
43.75957690000084 43.39609148077336 0 0
45.17230958560146 43.8406020773951 0 0
53.30812455396152 45.88929936156444 0 0
55.78310591868703 54.35552119711805 0 0
56.84196835865436 55.83166637888021 0 0
58.59293832567414 58.08826342745836 0 0
60.5549370431456 58.82421428468886 0 0
62.28893861863789 61.32286686156581 0 0
62.63309543333565 62.49425751847969 0 0
64.54345060804978 63.04357502502598 0 0
66.21607620501972 64.65432568042041 0 0
68.98098231764628 67.52847479169537 0 0
69.86210358824218 69.16517420894871 0 0
79.55603537319487 70.35899985266227 0 0
80.01055748371992 79.78960070750334 0 0
82.98990469732679 80.94752841736707 0 0
83.36270969929502 83.24083978444507 0 0
86.01191540852153 83.41897960796021 0 0
92.63048524326791 86.10207581034982 0 0
93.82748462112698 93.35866922817917 0 0
96.55166581329225 94.41488140489894 0 0
99.30840298805255 98.24559695204229 0 0
38
0.605432144526759 1.637166310778866 0 0
2.525322395835338 2.993015966841384 0 0
8.822257766697248 9.196600806985975 0 0
9.465824606111186 9.806812463634582 0 0
11.16171140727779 11.43228464922824 0 0
13.13796060500017 13.15064683313016 0 0
14.55929594780722 15.41088951786346 0 0
15.82317222707987 15.91932191481187 0 0
16.54175304146435 17.05655847710792 0 0
22.79236106127613 23.21360985859519 0 0
23.22795282278703 24.03512124725441 0 0
25.06112633873469 25.44009249814524 0 0
25.87526821774677 25.91142998033662 0 0
26.00672981676081 26.35938358281686 0 0
27.54896578316 27.6808830070591 0 0
31.63484495720802 32.08417625564805 0 0
33.33419978812584 33.49507152435878 0 0
34.19716017843323 35.19484808557233 0 0
39.08590260544118 39.23390808750279 0 0
39.31830794399001 39.83863763522861 0 0
39.99575437042384 40.97343450967018 0 0
43.35627927173416 43.69642617139367 0 0
44.84592658970025 45.09260250466122 0 0
46.69554825703046 46.99719460063219 0 0
47.05650192655892 48.17592212249043 0 0
57.18745634373767 57.27946598089531 0 0
63.26506797975676 64.16683740134924 0 0
64.27949559937348 65.35474797475324 0 0
66.57638605012062 66.58420613477816 0 0
69.41656549848689 70.79219838668676 0 0
72.02561647077579 73.29244380139539 0 0
73.66628113541124 73.84703888811428 0 0
76.63418433439027 77.71573750801744 0 0
78.88158902200112 79.32331290998681 0 0
83.57965369751868 83.67763485113275 0 0
83.92492960051852 83.97440387167495 0 0
86.73237765233387 87.21812654706365 0 0
94.8555488450035 95.41104846886007 0 0
