# Status file for ctqmc. Used to save all times t_s, t_e.
2
8
38.6726392804692 39.52796310201505 0 0
39.59199118447219 39.83007413050589 0 0
42.47936468809637 42.57052358357761 0 0
45.09936734580353 45.34796962473308 0 0
47.329131162015 47.89150970850839 0 0
48.01350882838006 48.64037238278119 0 0
54.43242554367595 55.33492916080423 0 0
60.72336287383269 60.98530282040635 0 0
30
2.517288105592848 2.684009545676575 0 0
4.573599513140493 4.726816889749234 0 0
6.369134661184935 7.714947139220515 0 0
17.03130765251922 17.83853755645778 0 0
23.58770930979041 23.6100413089009 0 0
23.81859744065109 23.92353188620928 0 0
24.59839382382435 26.41498667572817 0 0
26.42355893757712 27.13530039246828 0 0
27.28613800077644 27.33948537475362 0 0
28.38176486959446 28.454216358369 0 0
29.29093987475089 29.76806074537369 0 0
30.9158658774017 32.69414235489576 0 0
32.82042844424775 32.87846564996808 0 0
48.79775925366908 51.06614843647754 0 0
52.7852886605334 53.0996727111323 0 0
54.966202254043 55.06963091815647 0 0
56.26152821653283 56.31150011438913 0 0
80.5783824464384 80.84102662012555 0 0
81.06121565137809 81.10922608625316 0 0
81.49117735568507 82.91047827261976 0 0
83.11569282085495 83.64004156881445 0 0
83.76111777281322 84.58528817624442 0 0
84.99264368505683 85.08703848864283 0 0
87.66583527653653 87.91663504997921 0 0
88.32646683794611 88.79790711613728 0 0
89.5181204512692 89.76103391216985 0 0
91.32653428175446 91.40820183516497 0 0
91.63054818602453 92.31531761184729 0 0
94.79816960722822 95.20833663165951 0 0
96.43783052407612 96.87199971503145 0 0
