# Status file for ctqmc. Used to save all times t_s, t_e.
2
24
0.9281674552300868 1.726878989130327 0 0
9.095148655162202 9.154308439526561 0 0
10.99082167703907 11.18575685236232 0 0
12.44154361787629 12.9555342754246 0 0
14.40505783352248 15.42209129518691 0 0
15.72116861354587 16.23033868162194 0 0
16.25051618262593 16.55025179873113 0 0
20.05465089387247 20.19145465079571 0 0
24.6415702141381 25.2491673341422 0 0
25.98288641143778 26.94907314683845 0 0
30.75063078913925 32.06721215024721 0 0
36.09007800631441 36.77540516917301 0 0
36.84177561723202 36.85519912214034 0 0
38.5323242777334 40.53176758170793 0 0
40.82478870480791 41.81661232339738 0 0
43.04215969442484 43.64618156960822 0 0
71.54677844109275 72.33961000906179 0 0
73.72702334189995 74.40062796425674 0 0
74.69260769814048 76.20762656540273 0 0
78.28057238836529 78.36608894975787 0 0
78.71567949941712 79.97380792337958 0 0
80.51267202568816 80.64262386368942 0 0
80.99168588577378 82.00005304333277 0 0
97.75680478208425 98.0787380815862 0 0
17
3.343146825484578 4.036049225385076 0 0
4.187030047354544 5.228703601922939 0 0
5.296946446145973 5.84471145791488 0 0
6.020908140474349 6.11935820845107 0 0
6.501113861287065 7.81276557416607 0 0
8.795425279332601 8.888679671404862 0 0
9.0158983727482 9.347038825716568 0 0
20.22089284845058 21.59381957638682 0 0
22.74308623953159 23.44132317260528 0 0
52.8604709258889 54.96081458175193 0 0
62.38057389987928 62.97876367925609 0 0
63.14605494215776 63.20548960686082 0 0
71.16290263050136 71.31362136866933 0 0
86.05943679167852 86.31294270222698 0 0
87.34020046383995 87.69636835121972 0 0
87.75010598767334 88.20328159661238 0 0
89.07419469015875 90.3012942422536 0 0
