# Status file for ctqmc. Used to save all times t_s, t_e.
2
34
12.17164257209611 13.27120154509612 0 0
19.60516823880106 20.16454731766256 0 0
20.34180863240825 21.45807022965217 0 0
21.78169708858929 22.04346875737258 0 0
24.99941090269087 26.04043867202538 0 0
26.2744885939947 26.6730816672506 0 0
31.97774947893792 33.23825102374971 0 0
34.44162841774087 35.09726465257749 0 0
40.23801784216116 41.22084813623896 0 0
42.61726265147339 43.06606415836679 0 0
43.6958005542575 44.1275152953479 0 0
47.79828524037485 47.83764826195277 0 0
50.15391100254993 50.29831020267999 0 0
50.46357968911006 50.54415157099142 0 0
52.91097704749968 53.02972836470773 0 0
56.1025093674344 56.33118125772928 0 0
57.18119306433558 57.31469457632092 0 0
57.89830520323145 57.91359133651117 0 0
58.28926699415367 59.25698270798347 0 0
60.17472389591236 61.84966229538354 0 0
62.59382734426264 63.451027035739 0 0
66.40804700969107 66.48139207871465 0 0
66.59771787807189 67.14509595669681 0 0
68.24940550103821 68.64904399894114 0 0
68.72010463679568 69.28549943026292 0 0
69.94567757497971 70.09281387802723 0 0
73.84056739651707 74.05760342836636 0 0
74.11931365699829 74.2565994603244 0 0
74.27652489689943 74.51296584154753 0 0
75.75369970953854 75.80808730415762 0 0
76.51003836788213 77.08192323847686 0 0
78.81414270937013 79.35912418077696 0 0
79.75151843312969 80.19453132737232 0 0
80.35264214941283 80.38839371182816 0 0
24
8.666110489003113 9.056014979647003 0 0
10.90374357368941 11.01325924554761 0 0
14.29473064960285 14.34280179999332 0 0
14.61847199989849 14.93383843626773 0 0
14.97806456767676 15.05859035869319 0 0
15.07579151886061 17.40825642248695 0 0
17.54039554649898 17.6163356839875 0 0
22.0813045604972 22.61299733497303 0 0
22.70941053134182 22.81312692620198 0 0
39.44039867306569 40.12350852757444 0 0
41.66817641201077 42.12372061031242 0 0
42.14812383876474 42.29855763426843 0 0
44.37131976028361 44.54160113930525 0 0
45.47226213483443 46.94311178695182 0 0
47.84531818694077 48.1058884264303 0 0
48.61824291316962 48.76077247710739 0 0
53.54464725160329 53.57163402901183 0 0
67.17862937339871 67.50534506463379 0 0
72.51233017585086 73.56043512915291 0 0
83.33391971827749 84.32577348197067 0 0
85.5091899485415 87.62660163460444 0 0
90.47165454525937 90.65972489676696 0 0
90.92013960139738 91.6780780447278 0 0
98.6245932055521 98.93061941055595 0 0
