# Status file for ctqmc. Used to save all times t_s, t_e.
2
28
5.524460997781658 5.848568125045865 0 0
9.549589887844178 10.53094070577446 0 0
10.57471001496051 11.13969483292454 0 0
11.2823250767825 11.47535105955697 0 0
12.26634721313784 12.97647168572084 0 0
20.0422164703052 20.43315181783617 0 0
20.90380926742944 21.5583765142916 0 0
21.67482954040263 22.61041761474747 0 0
22.94665604111335 23.76895156470747 0 0
23.77394927002846 23.83092393294553 0 0
23.8612310679492 24.81262312423389 0 0
24.92802344665332 24.97448726431097 0 0
25.25115226222769 25.81586303975067 0 0
31.65928342206222 32.22851293833475 0 0
32.87669076012297 33.05854812583175 0 0
41.97469348879686 42.52813273745582 0 0
45.69268207349989 45.81772698230463 0 0
47.07560465194415 47.9086790392403 0 0
49.36061580354428 50.11738048580344 0 0
50.36230266463628 50.48653603047287 0 0
50.50212146831311 50.9196362998925 0 0
72.81576206313152 73.74799638543767 0 0
75.27367663001687 75.93833003268908 0 0
76.39934941232939 76.45981249405034 0 0
89.66008143217468 89.88026477831278 0 0
92.74895267187857 93.92489747885897 0 0
98.71144496258056 99.1430595082272 0 0
99.23240715281095 99.2887671329035 0 0
33
4.230849835654098 4.963091360320088 0 0
5.085710252589614 5.315301562050784 0 0
7.687028765582296 9.147335293121682 0 0
9.350640442230144 9.541213566935026 0 0
11.13337825023317 12.05351837088573 0 0
13.53485740491973 13.91825110493049 0 0
14.82159027061889 15.04800672551319 0 0
19.06415662326017 19.97842244686058 0 0
27.80521655180903 27.87131807164112 0 0
33.37542810498748 34.37356817278838 0 0
35.45007594359871 35.73131696164739 0 0
37.57184321265319 37.64918378660428 0 0
37.72185035256054 38.39068826647925 0 0
38.79995875169587 39.46812260508467 0 0
39.944941432919 40.36321850016903 0 0
41.49533807496142 41.96481470846786 0 0
62.10698624201429 63.46674065178345 0 0
65.37827945075311 67.31333652682827 0 0
69.23501598264063 69.38955339012944 0 0
69.73519855221967 70.9674955589032 0 0
71.19323360011005 71.87508843631589 0 0
72.71528397544928 73.16344452939802 0 0
77.31896917907284 77.40286776794714 0 0
79.24272336889605 79.59744780532385 0 0
82.30463837455842 82.35494854108465 0 0
85.76141724385026 86.19294718223844 0 0
86.6014295399946 86.76697397398046 0 0
87.36470843632981 87.92087148658985 0 0
88.01089228899866 90.4864534871614 0 0
91.34572747484098 91.46983683338051 0 0
94.51461589715906 94.57904757666194 0 0
96.49393531691443 97.59867660801719 0 0
98.76303546480801 98.90227913121004 0 0
