# Status file for ctqmc. Used to save all times t_s, t_e.
2
36
0.0794633597501552 0.1299750404625479 0 0
0.9439130942519902 1.058713902081749 0 0
3.086928869396729 3.791916032224485 0 0
4.117083096150759 4.305370233565059 0 0
4.490956535247941 4.607668604025013 0 0
6.058070531450151 6.759589117032128 0 0
6.84042446001228 8.329820051871328 0 0
14.23296257075065 14.52544527812107 0 0
14.83773451459872 15.59024417017972 0 0
17.21789820897649 17.52281089801055 0 0
17.70841932261456 19.98145902964753 0 0
22.07212388011158 23.19044491552873 0 0
23.30871363004975 24.36692378672803 0 0
31.33302119997035 31.90844698648206 0 0
33.39935554966002 34.10764289716512 0 0
40.87720925619661 41.67777516563591 0 0
42.11560979520178 42.57435146221282 0 0
44.4047088217099 44.61841546287513 0 0
46.9640466699911 47.15484980533643 0 0
47.61205008911082 47.72280144314201 0 0
51.83941071934433 52.82931079155002 0 0
54.29539719053255 55.34293292441095 0 0
55.65367505137014 55.68685338499397 0 0
56.12222980132568 57.59748017934161 0 0
57.73043852830843 58.22758018584496 0 0
60.90899140170735 60.96484928116722 0 0
61.2471023028478 61.74824981291324 0 0
63.86976375841301 64.39243851055664 0 0
64.85499451090051 64.86489923023035 0 0
65.9789577877843 66.62175088959101 0 0
68.885380034492 69.04246810386425 0 0
84.10837163231081 84.4482261729287 0 0
88.1158300315313 88.52089314736115 0 0
91.51570090373465 91.69024697424992 0 0
93.65920901832216 94.21756271572009 0 0
99.16056204187025 99.31969256011857 0 0
23
23.1533471712305 23.15452051640836 0 0
23.71389597912921 23.7682681561909 0 0
26.46363744147817 26.52975338253487 0 0
26.67784543902086 27.22326610298961 0 0
30.1746976679583 30.22180342690563 0 0
34.59843566649126 35.66785893037395 0 0
38.39881765203842 39.0623732515278 0 0
48.57346164306666 49.94602589811073 0 0
50.11498525932565 50.37523136612145 0 0
58.19293263701149 60.47557597428182 0 0
61.65163162945728 61.81300615486355 0 0
62.06667288092713 62.15861481018452 0 0
64.20880013328919 64.27966128251862 0 0
69.15820211006071 69.76616577838114 0 0
70.08776921351792 70.60365488415212 0 0
71.20120476841612 72.74200992716223 0 0
72.95352353565107 73.86928625589033 0 0
74.4905168805511 75.46227887437531 0 0
78.66263483323033 79.16901506849094 0 0
79.86333348727605 80.78628398168429 0 0
82.24446829851317 82.34142866192433 0 0
84.22751348925216 84.33394710834077 0 0
84.62959551708013 84.68362731784124 0 0
