# Status file for ctqmc. Used to save all times t_s, t_e.
2
27
0.6431236422783542 0.9130424539124817 0 0
7.648599563775782 7.673195841683049 0 0
8.759295047352197 9.302573454885401 0 0
15.53877909570972 15.65688051131112 0 0
35.17397407706011 35.79078230906484 0 0
35.9279566132378 37.19607022256499 0 0
47.79961099105969 48.89480486730749 0 0
52.09094367034454 52.99097419104435 0 0
53.27310568496883 53.57348882151327 0 0
53.9693035920622 54.27249006294478 0 0
54.5750529895078 56.30877833006937 0 0
59.89911649097731 59.97305993043249 0 0
64.22160501937381 64.50499472396274 0 0
74.73646385169896 75.50809811987875 0 0
75.59720172520541 75.88154334025357 0 0
77.93679534516657 78.22629935075184 0 0
78.48528744140673 78.55169718530058 0 0
79.84845663196052 80.68616028099025 0 0
80.87029189660544 80.96644018049012 0 0
81.37115803535796 81.57773690405691 0 0
81.69540811462772 82.05808700352259 0 0
82.13113012424131 82.40984481701129 0 0
82.90906259050607 83.20223461361184 0 0
83.30114140919257 83.58564862632505 0 0
92.9150299496939 92.92754365183985 0 0
95.7902942314611 97.62480186451502 0 0
98.91359289353822 99.94131194627866 0 0
35
0.985185608340899 1.045046350033193 0 0
5.639158779113014 6.205873587185577 0 0
7.482903198605033 7.869891035665185 0 0
9.045857930047831 9.057890431659915 0 0
9.438140487472706 11.01898252838066 0 0
11.16387312890111 11.63069682550582 0 0
16.99753643265462 17.25524390629227 0 0
17.33775081455988 17.37532077385466 0 0
18.20474810346817 18.20977234813689 0 0
18.28751160700131 18.857789306466 0 0
19.01633596520757 19.2807253973569 0 0
20.52952067072713 20.54325162371552 0 0
23.15545285695858 23.48923789631651 0 0
24.87440924330167 25.47078403461158 0 0
26.20849304449091 27.20748194326129 0 0
27.41444881921511 27.96020303785237 0 0
29.27556961461987 30.77593912416445 0 0
30.98918815627349 32.75453160266656 0 0
34.60407440801256 34.78997707736232 0 0
38.85856902463593 38.98869502387827 0 0
41.88205684087653 41.91705081511156 0 0
53.07772517305957 53.41464733451676 0 0
58.52586251541743 58.57267801879182 0 0
60.04088870537225 62.06161432170823 0 0
66.87332303888026 66.9657679889537 0 0
66.97865844131476 67.08967808043708 0 0
67.27928469760197 68.92962914022297 0 0
69.0929398512644 69.82703880815944 0 0
72.10278277208043 72.89439785310373 0 0
77.70205259304103 77.9767770223315 0 0
78.21296545580935 78.77194193230756 0 0
88.20296170730413 88.38930412891658 0 0
88.96918532137634 89.47439317618162 0 0
89.63179047734914 89.69012845120226 0 0
89.6939298751645 89.96663181738769 0 0
