# Status file for ctqmc. Used to save all times t_s, t_e.
2
34
5.482072134606476 6.291280082218393 0 0
6.401450651478036 6.918467638368087 0 0
10.10875217501867 10.22702728369801 0 0
10.27142985493463 10.29657518949738 0 0
11.24778597891806 11.58446910625562 0 0
14.06045035984494 14.39619521716374 0 0
14.5430783549975 15.04219740496887 0 0
15.99447781241185 16.06169809138042 0 0
16.18655755529619 18.34919066122313 0 0
26.06684615371373 26.32293251996869 0 0
27.6743326187654 29.58995184931556 0 0
30.5914754215127 31.12962011128565 0 0
31.43967108265126 31.95155761476049 0 0
34.97792925494623 35.27827890083678 0 0
36.6572143171007 37.02539402124317 0 0
37.04232621808563 37.69823803768247 0 0
38.37801942440873 38.77062709847944 0 0
51.39900982739604 52.47933014469483 0 0
62.54149591175 62.68496209509929 0 0
75.2278525592443 75.95011502849545 0 0
76.19066772243819 76.55768053840741 0 0
76.87789221329751 77.03498105285551 0 0
78.04261055913722 78.24341766834092 0 0
78.40629401064403 78.83096934138661 0 0
79.62193988951037 80.40580649947769 0 0
81.20885340230839 81.4908095462004 0 0
82.94763357213188 83.56142854497243 0 0
84.75969532861363 85.53426922801049 0 0
86.42858163620279 88.14361433092044 0 0
88.41053342354844 88.63900879195883 0 0
88.71823826678255 88.74315110344079 0 0
90.48893801744133 91.7393618019056 0 0
91.93631664144837 92.39743199916485 0 0
94.75065606754299 97.24962051931578 0 0
20
0.2238825312342101 0.210847803697277 0 0
1.343240100156285 0.8932207097998579 0 0
1.937477512298891 1.654625633401787 0 0
18.27168520304859 2.259868153886439 0 0
18.63543460452276 18.43515894855481 0 0
20.6208220300146 19.3016914862668 0 0
23.16406365363521 21.6335804859007 0 0
55.54445837315859 23.45092800756689 0 0
58.60086247605154 56.95550468318904 0 0
59.50045053935975 59.4637158839158 0 0
59.67217513106482 59.63433865091204 0 0
61.16451170219171 60.0698101606792 0 0
62.22601187733035 61.8053365301498 0 0
69.73196813549391 63.59321838187785 0 0
88.21643000647701 69.95528898075422 0 0
89.39876657237541 88.29355130389517 0 0
93.50845950678833 89.93834705060601 0 0
93.98263389652034 93.61447936375006 0 0
98.76860417318468 94.51356723566802 0 0
99.80721393991486 98.80701693112189 0 0
