-1.800000000000201084e+01 5.418323009073102541e-07
-1.768637079511795918e+01 1.607666768011958689e-05
-1.738314684757837725e+01 4.148495397155365299e-05
-1.708981328123576660e+01 5.517204888171005356e-05
-1.680588863433072433e+01 1.780079075032198137e-05
-1.653092219204418001e+01 1.172651371897470059e-05
-1.626449157056260830e+01 1.924124721535070337e-05
-1.600620052541652782e+01 5.494344372940243504e-06
-1.575567696017295916e+01 1.361136505655412060e-05
-1.551257111443442049e+01 3.747757335459535555e-07
-1.527655391258613626e+01 4.994051289870093398e-06
-1.504731545689701200e+01 2.130678919101491555e-06
-1.482456365046278535e+01 1.065456129259668644e-07
-1.460802293712368716e+01 7.011174836275154928e-06
-1.439743314692604947e+01 5.009498042702352469e-06
-1.419254843695589230e+01 9.032868106844245022e-06
-1.399313631847824624e+01 7.795598457609974861e-06
-1.379897676228727654e+01 8.746901756265805580e-08
-1.360986137502872673e+01 7.240447385230295133e-06
-1.342559264001182306e+01 1.344663434326251827e-05
-1.324598321669588152e+01 2.761774597130373233e-06
-1.307085529362816168e+01 2.447504429292224823e-06
-1.290003999013476133e+01 8.950060356391501012e-06
-1.273337680253193582e+01 6.209857849122749818e-06
-1.257071309104041035e+01 1.097365234240555915e-05
-1.241190360395464154e+01 2.907172541757648218e-06
-1.225681003594876195e+01 8.466697343450433456e-06
-1.210530061769597765e+01 4.718438638838702570e-07
-1.195724973424155202e+01 7.932791806606077290e-07
-1.181253756980619762e+01 2.442034357237032522e-06
-1.167104977690866718e+01 3.798260600085409646e-06
-1.153267716788677255e+01 1.003602073062190234e-06
-1.139731542706779699e+01 2.273040874876701465e-06
-1.126486484199332239e+01 7.448502601118696777e-06
-1.113523005224293527e+01 9.142047819706150004e-06
-1.100831981452695096e+01 3.314570595132880571e-06
-1.088404678283180083e+01 9.289450893279951815e-07
-1.076232730250476877e+01 1.764438422454114939e-06
-1.064308121725769141e+01 6.721271469374082864e-06
-1.052623168815380517e+01 1.983099430597419074e-06
-1.041170502371859463e+01 8.348473307586759664e-08
-1.029943052038521678e+01 2.682431695168633487e-06
-1.018934031254830330e+01 6.171837612180723368e-06
-1.008136923155793951e+01 6.113258763814126143e-07
-9.975454673037956965e+00 7.500865694540868556e-06
-9.871536471960840942e+00 5.111749155734673413e-06
-9.769556784955334194e+00 1.338134103485197929e-07
-9.669459979362780899e+00 1.508561947249200877e-06
-9.571192528595137361e+00 9.344147635841822988e-07
-9.474702913380864899e+00 1.230879570351243119e-06
-9.379941528515811200e+00 3.031315471233178850e-06
-9.286860594764403842e+00 4.131481060825430717e-06
-9.195414075582201363e+00 5.724192287839157921e-06
-9.105557598354884874e+00 3.010376154257451124e-06
-9.017248379870389741e+00 3.272830520757651482e-07
-8.930445155761116638e+00 4.588840320327107764e-07
-8.845108113671695804e+00 1.538581632267491993e-06
-8.761198829924738973e+00 4.393774855575988464e-06
-8.678680209472876328e+00 2.441415428491709924e-06
-8.597516428939853128e+00 2.175229036018700609e-06
-8.517672882566811765e+00 3.300706973879278855e-07
-8.439116130892410084e+00 3.726022742374740190e-06
-8.361813852006719117e+00 3.811016884999794348e-06
-8.285734795229661387e+00 1.105809789397103977e-06
-8.210848737074378789e+00 1.506202450108139500e-06
-8.137126439365120589e+00 1.390799447571817218e-06
-8.064539609387715302e+00 3.154490615299214792e-06
-7.993060861958362295e+00 3.672371662360825760e-07
-7.922663683303976967e+00 1.530811776223821857e-06
-7.853322396653874549e+00 2.887099057787537914e-06
-7.785012129448951157e+00 1.243801425847079575e-06
-7.717708782080378249e+00 7.554488032509989266e-06
-7.651388998075133507e+00 4.305090947977079569e-06
-7.586030135650944750e+00 1.486183836225506087e-06
-7.521610240567749628e+00 1.911413908012598850e-07
-7.458108020207273370e+00 2.198202448987168582e-06
-7.395502818816379609e+00 6.713215660271668033e-07
-7.333774593853726209e+00 3.646470817413712134e-06
-7.272903893382695273e+00 1.590963117442198875e-06
-7.212871834457117437e+00 1.282394728320509573e-06
-7.153660082449187385e+00 1.251806781613532599e-06
-7.095250831272068126e+00 1.516042442498171819e-06
-7.037626784452278628e+00 1.498239053111654619e-06
-6.980771137009643468e+00 2.740899956276047758e-06
-6.924667558104775189e+00 3.435016368070010890e-07
-6.869300174416541616e+00 3.399078734593148302e-08
-6.814653554213885300e+00 2.367277571429307038e-06
-6.760712692088343800e+00 6.810319505833942440e-07
-6.707462994315648963e+00 1.010897990360782719e-06
-6.654890264816202716e+00 2.126625164452229950e-06
-6.602980691686176407e+00 3.971569769424506592e-07
-6.551720834272277472e+00 6.777950327413466073e-07
-6.501097610764786872e+00 2.971673288155324187e-06
-6.451098286284775440e+00 2.166884798729716845e-06
-6.401710461442654321e+00 1.300443254334675279e-06
-6.352922061346510496e+00 2.857052311485332563e-07
-6.304721325039668756e+00 1.518880567907791783e-06
-6.257096795348075169e+00 2.145770018972970801e-07
-6.210037309119101678e+00 7.259759772458639236e-07
-6.163531987834188541e+00 1.481302894047273146e-06
-6.117570228578837366e+00 1.087040589318581047e-06
-6.072141695354100754e+00 5.736499131310300747e-08
-6.027236310714632950e+00 1.870491105189706529e-07
-5.982844247719062203e+00 1.283749189527699952e-06
-5.938955922179146363e+00 4.630673244813490351e-08
-5.895561985194874843e+00 3.346806104687904248e-06
-5.852653315963272540e+00 2.043639628960539573e-06
-5.810221014849253685e+00 3.316806920658858500e-06
-5.768256396707496236e+00 8.720507162146731221e-07
-5.726750984444712422e+00 2.229590198497891921e-06
-5.685696502812374042e+00 2.322613068473369421e-07
-5.645084872420248701e+00 1.716889271498329566e-06
-5.604908203961667112e+00 3.041569843071639615e-07
-5.565158792641851981e+00 1.246336472049384127e-06
-5.525829112800970222e+00 1.295821071550139680e-06
-5.486911812724083681e+00 7.376609774393943705e-07
-5.448399709630409760e+00 3.130268443939501312e-07
-5.410285784834729661e+00 6.470327109948541473e-07
-5.372563179074079542e+00 6.220105759735672458e-07
-5.335225187993163587e+00 5.314814752820761019e-07
-5.298265257782246884e+00 1.947622770419332563e-06
-5.261676980961550676e+00 6.827197503437612356e-07
-5.225454092306433651e+00 7.580448742417975478e-08
-5.189590464907923639e+00 1.250188145924550009e-07
-5.154080106363324809e+00 1.285789977220685538e-06
-5.118917155092023386e+00 8.376039699537016400e-07
-5.084095876771596245e+00 1.206628409916165710e-06
-5.049610660889740643e+00 9.111954232953035053e-08
-5.015456017407655231e+00 6.070534098539243587e-07
-4.981626573530626878e+00 1.089189647232076351e-06
-4.948117070581910859e+00 2.257716615856614822e-07
-4.914922360976011539e+00 3.923794382898739835e-06
-4.882037405287712239e+00 2.487948895879086741e-07
-4.849457269413337102e+00 2.893635093579481448e-07
-4.817177121820895636e+00 6.281037826449982523e-07
-4.785192230885824571e+00 9.541170212751621633e-07
-4.753497962309302771e+00 1.420864128662664922e-06
-4.722089776616123835e+00 1.787803658720618987e-06
-4.690963226729293112e+00 4.895141536002234524e-07
-4.660113955618596648e+00 3.136661804159628345e-07
-4.629537694020590344e+00 2.900368235692940581e-07
-4.599230258227382961e+00 4.666241881979525299e-07
-4.569187547941903738e+00 6.101537498687342902e-08
-4.539405544197283149e+00 1.201560152615726185e-06
-4.509880307338105077e+00 2.783062763427117004e-07
-4.480607975061465353e+00 8.666547759971572071e-07
-4.451584760515686412e+00 1.104154227567562293e-06
-4.422806950454783781e+00 5.585894751324702750e-06
-4.394270903446768628e+00 7.883346570600302551e-07
-4.365973048133954926e+00 5.774822389165715188e-07
-4.337909881543509094e+00 1.416269700479403376e-06
-4.310077967446587444e+00 1.338848668196896554e-06
-4.282473934764412071e+00 1.312571507724852912e-06
-4.255094476019731786e+00 2.955390326393906492e-07
-4.227936345832168819e+00 1.101366192363830216e-06
-4.200996359456015128e+00 2.519963959789981714e-07
-4.174271391359062555e+00 8.792416123646474205e-07
-4.147758373841154089e+00 5.041871995095182905e-07
-4.121454295691163061e+00 9.195097417871264558e-07
-4.095356200881122177e+00 1.967405471512978871e-06
-4.069461187296388616e+00 3.744776150079720421e-07
-4.043766405500584860e+00 2.828261611065088833e-07
-4.018269057534298305e+00 1.195931934693319831e-06
-3.992966395746416985e+00 3.397965159699631263e-07
-3.967855721657088441e+00 2.727168037292017898e-06
-3.942934384851309204e+00 6.767085848952162324e-07
-3.918199781902168777e+00 9.353442812444028614e-07
-3.893649355322847061e+00 5.412148218053362468e-07
-3.869280592546462394e+00 3.268062046093637652e-06
-3.845091024932894896e+00 3.172272816893313306e-06
-3.821078226801797317e+00 8.748149658513554036e-07
-3.797239814490932730e+00 4.674732372391220391e-08
-3.773573445439120100e+00 3.877274631186359220e-06
-3.750076817293014120e+00 5.277406680725613692e-07
-3.726747667036997225e+00 1.296682358686226249e-07
-3.703583770145510101e+00 1.899299323094694207e-06
-3.680582939757102157e+00 3.312893984587441344e-07
-3.657743025869630404e+00 4.831177151170291132e-07
-3.635061914555887341e+00 2.078809977315236427e-07
-3.612537527199123133e+00 8.625306811077574308e-10
-3.590167819747855482e+00 1.603425908897895090e-06
-3.567950781989368547e+00 1.326672264729144081e-06
-3.545884436841426179e+00 3.116932483163420931e-08
-3.523966839661581307e+00 7.875394385799451644e-08
-3.502196077573649369e+00 4.052759961076157684e-07
-3.480570268810808887e+00 1.460000852348967322e-06
-3.459087562074850908e+00 2.416809350170009913e-07
-3.437746135911134981e+00 7.049002975059630453e-08
-3.416544198098792506e+00 3.993330659505962948e-07
-3.395479985055740890e+00 5.739891113456224799e-06
-3.374551761258098193e+00 1.623544590169153504e-06
-3.353757818673582580e+00 5.912573689146923475e-07
-3.333096476208523118e+00 1.594989606271422990e-07
-3.312566079168071553e+00 8.188626665488547954e-07
-3.292164998729279812e+00 4.012619586784676103e-07
-3.271891631426664837e+00 1.516876311879246219e-07
-3.251744398649922374e+00 1.326259512464145040e-07
-3.231721746153456643e+00 2.605685263433205158e-07
-3.211822143577407918e+00 8.584073479816383210e-07
-3.192044083979844071e+00 7.116836846239712681e-07
-3.172386083379843402e+00 1.291572808471228184e-07
-3.152846680311138350e+00 1.590995715162605034e-06
-3.133424435386072737e+00 7.977268882005260747e-08
-3.114117930869558570e+00 1.213109037021097409e-06
-3.094925770262795250e+00 2.068959838024966627e-07
-3.075846577896469647e+00 1.812064661664713560e-06
-3.056878998533198555e+00 5.843645732089611138e-07
-3.038021696978961295e+00 9.623294679216649548e-09
-3.019273357703287086e+00 6.497477999147873919e-07
-3.000632684467968048e+00 5.782764537855805596e-07
-2.982098399964077995e+00 5.925114357894940196e-07
-2.963669245457069223e+00 3.445633475791705050e-07
-2.945343980439752762e+00 2.184598689551448541e-06
-2.927121382292947160e+00 3.916815014683953127e-07
-2.909000245953597297e+00 4.232848366074635306e-08
-2.890979383590179363e+00 1.022678705563060821e-06
-2.873057624285205058e+00 1.129052860613586445e-06
-2.855233813724623815e+00 2.998064445229117143e-07
-2.837506813893987179e+00 1.233162558073105747e-06
-2.819875502781155951e+00 1.628574871171439222e-07
-2.802338774085429751e+00 7.872602565391795626e-08
-2.784895536932901372e+00 4.091391660813416477e-07
-2.767544715597910265e+00 7.095464589451838563e-07
-2.750285249230413953e+00 1.357785307887853272e-06
-2.733116091589155250e+00 2.038189761484582727e-06
-2.716036210780464089e+00 3.339942194515870858e-07
-2.699044589002566052e+00 9.570150373254716942e-07
-2.682140222295249732e+00 2.763330704739770487e-06
-2.665322120294779662e+00 2.411714701265587598e-07
-2.648589305993904297e+00 1.423337739826217102e-06
-2.631940815506855547e+00 1.444767900395882174e-06
-2.615375697839200431e+00 1.072952667459480297e-06
-2.598893014662444045e+00 1.584096422822059922e-07
-2.582491840093254609e+00 5.803259956245783119e-08
-2.566171260477212002e+00 5.825990936369881864e-07
-2.549930374176959447e+00 5.142269671788537354e-07
-2.533768291364664638e+00 4.751492421091825664e-07
-2.517684133818677505e+00 7.883833932306933894e-07
-2.501677034724291371e+00 1.092788905778190376e-06
-2.485746138478510670e+00 1.078026455836976155e-06
-2.469890600498723998e+00 5.892981083153026497e-07
-2.454109587035200768e+00 9.849438785650262605e-08
-2.438402274987315543e+00 4.675514833547378821e-07
-2.422767851723407695e+00 8.306982182714954884e-07
-2.407205514904207533e+00 3.971314131916347460e-07
-2.391714472309731221e+00 1.642378763826236468e-08
-2.376293941669569421e+00 5.896086695694414431e-07
-2.360943150496495058e+00 7.667252782508352624e-07
-2.345661335923311608e+00 6.625950415661336094e-08
-2.330447744542858413e+00 2.272863263495275956e-07
-2.315301632251118846e+00 4.959877729122605202e-08
-2.300222264093345625e+00 5.347879661402391355e-07
-2.285208914113144640e+00 3.058070592803255363e-07
-2.270260865204440481e+00 6.530143504770717191e-07
-2.255377408966269037e+00 5.113667607737391916e-07
-2.240557845560325223e+00 5.889594950723953987e-08
-2.225801483571210770e+00 2.768022063712122409e-07
-2.211107639869315467e+00 1.355140569881099603e-06
-2.196475639476279440e+00 4.390977080642609008e-07
-2.181904815432973432e+00 3.109970021979460902e-07
-2.167394508669943320e+00 4.365647524735687281e-07
-2.152944067880271817e+00 1.141912117421469131e-07
-2.138552849394784516e+00 4.605413347026950274e-07
-2.124220217059574090e+00 1.767998450543206403e-06
-2.109945542115772454e+00 2.675825927716802897e-06
-2.095728203081529628e+00 4.100169279878241227e-06
-2.081567585636154849e+00 6.530605989801765190e-08
-2.067463082506362237e+00 9.672678752352846557e-07
-2.053414093354584136e+00 1.699524304962484024e-06
-2.039420024669305942e+00 1.603205033639304790e-07
-2.025480289657382471e+00 6.823623173699042820e-07
-2.011594308138276332e+00 1.247622209466096096e-06
-1.997761506440205226e+00 1.702111066656567943e-06
-1.983981317298131319e+00 2.896847576578157318e-06
-1.970253179753569617e+00 1.333292484734931797e-06
-1.956576539056167352e+00 1.316017595771344583e-06
-1.942950846567025547e+00 4.408392107805550637e-08
-1.929375559663717654e+00 1.850093235255914806e-07
-1.915850141646975535e+00 1.503781888305905740e-07
-1.902374061649005244e+00 7.740454303648886301e-07
-1.888946794543396868e+00 1.111997000657838214e-06
-1.875567820856598900e+00 9.471023636069329874e-08
-1.862236626680921825e+00 1.675799366552096856e-07
-1.848952703589041180e+00 4.443093889662258251e-07
-1.835715548549967879e+00 3.374209211169808805e-07
-1.822524663846452730e+00 1.944388365212794801e-07
-1.809379556993800708e+00 5.349973196391213802e-08
-1.796279740660062796e+00 2.078323044197219997e-07
-1.783224732587581407e+00 2.833416903347927530e-06
-1.770214055515849871e+00 3.351082548225801824e-06
-1.757247237105675541e+00 1.886579115285619949e-07
-1.744323809864610553e+00 3.734454459917494720e-07
-1.731443311073621372e+00 9.364151983253738511e-07
-1.718605282714980698e+00 9.901874671482432838e-07
-1.705809271401351745e+00 1.372893843633826097e-07
-1.693054828306041149e+00 5.914099259446265671e-07
-1.680341509094399610e+00 1.199336148494144987e-06
-1.667668873856344547e+00 6.380564303213469402e-07
-1.655036487039980519e+00 4.071694571971007036e-07
-1.642443917386301022e+00 1.213126668230180404e-06
-1.629890737864948980e+00 2.311719085451185989e-07
-1.617376525611005755e+00 1.801926698551598260e-07
-1.604900861862805783e+00 2.291361584764819056e-07
-1.592463331900736856e+00 6.085552863764027978e-07
-1.580063524987020074e+00 8.793004809117166577e-07
-1.567701034306447028e+00 4.079954754516868811e-07
-1.555375456908052678e+00 2.112216347552892267e-06
-1.543086393647707277e+00 1.691318643159168907e-07
-1.530833449131608237e+00 2.448951655018424069e-06
-1.518616231660659732e+00 9.220120034931565005e-07
-1.506434353175712282e+00 5.399696038399863474e-07
-1.494287429203655870e+00 3.388761172764735472e-06
-1.482175078804342627e+00 5.759930450540800288e-07
-1.470096924518329295e+00 1.569206282791219266e-07
-1.458052592315416618e+00 7.975320759383316425e-07
-1.446041711543979202e+00 7.218720373148573093e-07
-1.434063914881057000e+00 6.037510782923510223e-07
-1.422118838283209508e+00 9.356339410074945178e-07
-1.410206120938107599e+00 3.934141724435415701e-07
-1.398325405216850115e+00 2.565877101215694945e-06
-1.386476336626996986e+00 4.105100458476407388e-08
-1.374658563766294916e+00 1.935871100129438654e-06
-1.362871738277095179e+00 2.182490086018803812e-06
-1.351115514801437101e+00 6.744536868079605727e-07
-1.339389550936797013e+00 3.100784081765732379e-06
-1.327693507192477362e+00 5.701739298390672787e-08
-1.316027046946637080e+00 1.627526745703739762e-06
-1.304389836403941239e+00 3.723704236953419371e-07
-1.292781544553817996e+00 3.040478573674473315e-06
-1.281201843129320173e+00 1.928704168325806284e-06
-1.269650406566570577e+00 6.319953783957764725e-07
-1.258126911964788874e+00 1.582111174384627015e-07
-1.246631039046874889e+00 1.900438224819971309e-07
-1.235162470120555911e+00 4.321725329341153039e-07
-1.223720890040073339e+00 3.181156380599281617e-06
-1.212305986168408234e+00 1.572157257318238980e-07
-1.200917448340022453e+00 1.087002855439516303e-07
-1.189554968824123149e+00 1.339196268395327471e-06
-1.178218242288426865e+00 8.342490995918910691e-07
-1.166906965763418569e+00 7.645899585431839642e-07
-1.155620838607101852e+00 2.474934164794087946e-07
-1.144359562470215863e+00 1.542621985490110290e-06
-1.133122841261928526e+00 3.158495057394754288e-06
-1.121910381115985400e+00 3.948148050080239822e-07
-1.110721890357309283e+00 4.014398675698789700e-07
-1.099557079469039467e+00 1.392051459131710314e-07
-1.088415661060010642e+00 3.649347431334551488e-07
-1.077297349832647466e+00 1.364327118622843353e-06
-1.066201862551285018e+00 1.542795326310827697e-06
-1.055128918010896033e+00 2.956102907884174512e-07
-1.044078237006218046e+00 9.951726658312561804e-07
-1.033049542301277102e+00 7.418020150448832590e-07
-1.022042558599299822e+00 1.649511501431310921e-07
-1.011057012512998066e+00 8.500282740374480279e-06
-1.000092632535235726e+00 7.356938280680197712e-08
-9.891491490100537964e-01 6.355788489595736962e-07
-9.782262941040561488e-01 1.846767298493176362e-07
-9.673238017781481402e-01 9.130230088706705780e-07
-9.564414077596213870e-01 6.623985607743767571e-07
-9.455788495145712735e-01 3.086372015477274292e-06
-9.347358662206534108e-01 8.967108728314427507e-07
-9.239121987401626157e-01 1.966737157164360977e-06
-9.131075895934324116e-01 6.009677941107780449e-07
-9.023217829325496098e-01 7.274458298031064621e-06
-8.915545245153719822e-01 1.030977916681326934e-06
-8.808055616798529108e-01 1.887253126813639228e-06
-8.700746433186589135e-01 2.675398813879110585e-06
-8.593615198540814903e-01 1.136089412839990016e-06
-8.486659432132259706e-01 1.059314364204521798e-06
-8.379876668034880183e-01 1.400746343395353331e-06
-8.273264454882990337e-01 2.044005844765840031e-06
-8.166820355631438932e-01 1.061853508507542846e-06
-8.060541947318363709e-01 2.130808879720465595e-06
-7.954426820830584610e-01 4.227348507684284933e-06
-7.848472580671504994e-01 2.287399389766551386e-06
-7.742676844731486430e-01 2.564534002139481829e-06
-7.637037244060699281e-01 2.505314800371419156e-06
-7.531551422644284788e-01 1.598406181604018024e-06
-7.426217037179922986e-01 1.193781229828116899e-06
-7.321031756857663275e-01 3.009274311424753797e-06
-7.215993263142009839e-01 1.002843264778282016e-06
-7.111099249556180890e-01 5.639278807004099894e-07
-7.006347421468592795e-01 1.302404018872471867e-06
-6.901735495881351490e-01 9.246031596127263017e-07
-6.797261201220911042e-01 2.375280762435329019e-06
-6.692922277130706199e-01 1.198885670771071218e-06
-6.588716474265783329e-01 1.395426736070951517e-06
-6.484641554089376481e-01 3.076809480118974672e-06
-6.380695288671385246e-01 1.021288035237392393e-06
-6.276875460488731129e-01 2.013988539334410452e-06
-6.173179862227488046e-01 4.653646432747053928e-06
-6.069606296586862459e-01 2.370689770888592163e-06
-5.966152576084875481e-01 1.861727558348730576e-06
-5.862816522865772484e-01 8.424609089190197888e-07
-5.759595968509094721e-01 2.464093811635648614e-06
-5.656488753840412942e-01 4.196326865470540672e-06
-5.553492728743597562e-01 2.152335990361594157e-06
-5.450605751974718638e-01 5.331742033398487106e-06
-5.347825690977430213e-01 1.096266878934413027e-05
-5.245150421699888987e-01 4.672709469872755330e-06
-5.142577828413065211e-01 2.311578279080171358e-06
-5.040105803530536832e-01 1.519393978102209116e-06
-4.937732247429644228e-01 2.061101478666182216e-06
-4.835455068274036594e-01 6.297473417374807768e-08
-4.733272181837471781e-01 1.217965156053304893e-05
-4.631181511328986700e-01 1.106011805726200122e-06
-4.529180987219272314e-01 2.514954971914166624e-05
-4.427268547068332061e-01 6.175209442798952736e-06
-4.325442135354257145e-01 2.599036148488871274e-06
-4.223699703303245845e-01 8.027583627806308473e-06
-4.122039208720716941e-01 3.917531301928442252e-07
-4.020458615823537807e-01 1.133114400250969697e-05
-3.918955895073323314e-01 3.103574727646590791e-06
-3.817529023010813316e-01 1.520379097061519927e-05
-3.716175982091194929e-01 1.572719548323427892e-05
-3.614894760520483419e-01 5.783460412207471138e-06
-3.513683352092828449e-01 1.504814680495937570e-05
-3.412539756028758475e-01 7.484888638522348893e-06
-3.311461976814312758e-01 9.164317182701607915e-06
-3.210448024041094306e-01 1.491541562207667520e-06
-3.109495912247085547e-01 2.144146660796884658e-05
-3.008603660758366605e-01 1.304745346447169039e-05
-2.907769293531580201e-01 1.693496006353503020e-05
-2.806990838997174276e-01 3.548159503324496803e-05
-2.706266329903371237e-01 2.658298292305759342e-05
-2.605593803160889399e-01 1.136029405686196776e-05
-2.504971299688272257e-01 3.904196273997221717e-05
-2.404396864257955790e-01 9.020718128473147429e-05
-2.303868545342923901e-01 1.127692491817340343e-04
-2.203384394963986970e-01 1.239222484847379911e-04
-2.102942468537628840e-01 1.700250995145674029e-04
-2.002540824724450275e-01 7.812066650159980538e-05
-1.902177525278067050e-01 5.997563033292348071e-03
-1.801850634894590075e-01 2.911528614561116114e-04
-1.701558221062540455e-01 4.493215157773487456e-01
-1.601298353913264694e-01 1.171460749316933017e-02
-1.501069106071708514e-01 3.957853312777948607e-01
-1.400868552507662790e-01 5.104135178100133174e-01
-1.300694770387391397e-01 7.621027865092098175e-01
-1.200545838925550501e-01 4.869576955067225765e-01
-1.100419839237516545e-01 9.048747018552918409e-01
-1.000314854191983877e-01 9.161381251823809135e-01
-9.002289682638489610e-02 9.675065224161096822e-01
-8.001602673873924043e-02 1.205124818789003571e+00
-7.001068388096250150e-02 1.781055779260448002e+00
-6.000667709439190534e-02 1.948769932970067620e+00
-5.000381532237931775e-02 2.152227154099727979e+00
-4.000190759568706539e-02 2.564168208083745348e+00
-3.000076301789707939e-02 2.300068752225675528e+00
-2.000019075083557876e-02 2.245407847295142201e+00
-9.999999999999974187e-03 3.311491294935704044e+00
0.000000000000000000e+00 3.080562894414373254e+00
9.999999999999974187e-03 3.555375506739770319e+00
2.000019075083557876e-02 4.035382105366632999e+00
3.000076301789707939e-02 2.026534501898024310e+00
4.000190759568635068e-02 2.180533496501353419e+00
5.000381532237860305e-02 1.542102524264258978e+00
6.000667709439118369e-02 1.910931720749535323e+00
7.001068388096322315e-02 1.081312671365696421e+00
8.001602673873996208e-02 1.341157963642968021e+00
9.002289682638561774e-02 1.185844564681203028e+00
1.000314854191983877e-01 1.130274589806750329e+00
1.100419839237516545e-01 5.841639820069192135e-01
1.200545838925550501e-01 7.458629312839960557e-01
1.300694770387391397e-01 5.938326237150104436e-01
1.400868552507662790e-01 3.857074782803538993e-01
1.501069106071708514e-01 3.582319381473290099e-01
1.601298353913264694e-01 1.012232698469557463e-01
1.701558221062540455e-01 8.158635794337215641e-02
1.801850634894582859e-01 6.846265523906601782e-05
1.902177525278067050e-01 2.796395493330514157e-04
2.002540824724450275e-01 2.125600093068124447e-03
2.102942468537628840e-01 4.867638375270112033e-02
2.203384394963986970e-01 6.436682074506503717e-05
2.303868545342923901e-01 4.494618055637071016e-05
2.404396864257955790e-01 1.458131423631046301e-04
2.504971299688272257e-01 2.657688218800399101e-05
2.605593803160889399e-01 1.100890181246158041e-04
2.706266329903371237e-01 4.609537071748710872e-05
2.806990838997167059e-01 1.153037174278752968e-05
2.907769293531572985e-01 1.272024404762219229e-05
3.008603660758359388e-01 2.336599535688193587e-05
3.109495912247092764e-01 1.142049112919944881e-05
3.210448024041101522e-01 2.160187531312708663e-05
3.311461976814320529e-01 2.075535283525581460e-05
3.412539756028758475e-01 1.005571466868119446e-05
3.513683352092828449e-01 1.314099867470912339e-05
3.614894760520483419e-01 3.302963549743336832e-06
3.716175982091194929e-01 3.417251222755100401e-06
3.817529023010813316e-01 2.848391419911527238e-05
3.918955895073323314e-01 4.093388760417125131e-06
4.020458615823530590e-01 1.741808085245135563e-06
4.122039208720709169e-01 3.283985782854616975e-06
4.223699703303238628e-01 9.418211825935320783e-07
4.325442135354264361e-01 1.286353892876691245e-05
4.427268547068339277e-01 1.070983416060476858e-05
4.529180987219279531e-01 1.183912558482832318e-05
4.631181511328986700e-01 1.453203555753199691e-06
4.733272181837471781e-01 2.906484244283082706e-06
4.835455068274036594e-01 4.562616138920225953e-06
4.937732247429644228e-01 1.815744443308562035e-06
5.040105803530536832e-01 5.411342745595911944e-06
5.142577828413065211e-01 1.414024483132362275e-05
5.245150421699888987e-01 4.537331242820007717e-06
5.347825690977430213e-01 1.243551562499355664e-06
5.450605751974710866e-01 2.388952311834062153e-06
5.553492728743597562e-01 7.466606583981069625e-07
5.656488753840412942e-01 3.570624920757174968e-06
5.759595968509094721e-01 1.522442102982447755e-06
5.862816522865772484e-01 4.828299504289236238e-06
5.966152576084875481e-01 5.023776645124432485e-06
6.069606296586862459e-01 7.787456140021650493e-07
6.173179862227488046e-01 2.703218883768788921e-06
6.276875460488731129e-01 3.974744571282446776e-06
6.380695288671385246e-01 4.594503649185106996e-06
6.484641554089369819e-01 1.875029348930204376e-06
6.588716474265774448e-01 7.507928050136998306e-07
6.692922277130698427e-01 3.063469396672307760e-07
6.797261201220904381e-01 4.988158816620956095e-06
6.901735495881360372e-01 3.296346880977521666e-06
7.006347421468600567e-01 1.091150181877922381e-06
7.111099249556188662e-01 1.143036994370816464e-06
7.215993263142009839e-01 3.973005228567913383e-06
7.321031756857663275e-01 5.790733401333290764e-07
7.426217037179922986e-01 1.092353533212262872e-06
7.531551422644284788e-01 3.349547116081166185e-07
7.637037244060699281e-01 3.248082467672436488e-06
7.742676844731486430e-01 6.188033644003426619e-06
7.848472580671498333e-01 3.038971727771533167e-06
7.954426820830577949e-01 2.821546370771592670e-06
8.060541947318363709e-01 1.788230256662232535e-06
8.166820355631446704e-01 1.218405728193484008e-06
8.273264454882999219e-01 1.801196473055107989e-07
8.379876668034880183e-01 3.353437309799367726e-07
8.486659432132259706e-01 2.949735023750880725e-06
8.593615198540814903e-01 8.494462933399905274e-07
8.700746433186589135e-01 1.858782520446801841e-06
8.808055616798529108e-01 4.893977248783096904e-06
8.915545245153719822e-01 3.882532856283602151e-06
9.023217829325496098e-01 2.524409903393311652e-06
9.131075895934324116e-01 2.755347663501577659e-07
9.239121987401619496e-01 2.059861342939518908e-06
9.347358662206525226e-01 1.626726523866773257e-06
9.455788495145712735e-01 1.628936448468529769e-06
9.564414077596213870e-01 5.737251021970187512e-06
9.673238017781488063e-01 2.388368879006388801e-07
9.782262941040561488e-01 1.294577092128386242e-06
9.891491490100537964e-01 8.033295148735490141e-07
1.000092632535235726e+00 5.884566521467734933e-07
1.011057012512998066e+00 2.691083808533278050e-06
1.022042558599299822e+00 7.118449205452849841e-07
1.033049542301277102e+00 1.390904533285365320e-06
1.044078237006217380e+00 4.463465251827999445e-07
1.055128918010895367e+00 5.742121955356334863e-07
1.066201862551284352e+00 1.723544515766106262e-06
1.077297349832648132e+00 2.226939096785345190e-07
1.088415661060011308e+00 1.824960633252446442e-06
1.099557079469040355e+00 3.789006344456270594e-07
1.110721890357309283e+00 3.387824092848919004e-06
1.121910381115985400e+00 2.243615366573836070e-06
1.133122841261928526e+00 6.267882442810546366e-07
1.144359562470215863e+00 1.785501517288533294e-06
1.155620838607101852e+00 1.410271074324567110e-06
1.166906965763418569e+00 1.486136305366988389e-06
1.178218242288425976e+00 2.820350629725201741e-06
1.189554968824123149e+00 1.500236222984446201e-06
1.200917448340022453e+00 7.894437399463371488e-07
1.212305986168408900e+00 3.626046709436328503e-07
1.223720890040074227e+00 6.350879952113591096e-08
1.235162470120555911e+00 1.552105629882403686e-06
1.246631039046874889e+00 1.141931354518220313e-06
1.258126911964788874e+00 7.143766622225231089e-07
1.269650406566570577e+00 3.361802530540647379e-07
1.281201843129320173e+00 5.089360539240019103e-07
1.292781544553817996e+00 4.141936343993886767e-06
1.304389836403941239e+00 8.230644234688545639e-07
1.316027046946637080e+00 8.044856575900002118e-07
1.327693507192476696e+00 5.358852268580312563e-07
1.339389550936796125e+00 4.519497759932942537e-07
1.351115514801436435e+00 4.768539091850786350e-07
1.362871738277095179e+00 6.307531562126407064e-07
1.374658563766295805e+00 6.536327352755675899e-07
1.386476336626997652e+00 1.417659054109425552e-06
1.398325405216850559e+00 1.566299511302542979e-06
1.410206120938107599e+00 4.366636187029193331e-07
1.422118838283209508e+00 1.730018918996931278e-06
1.434063914881057000e+00 4.808369288515504219e-07
1.446041711543979202e+00 2.623605904564728291e-07
1.458052592315416618e+00 1.168336485328983996e-06
1.470096924518328407e+00 1.525594322460629010e-07
1.482175078804341739e+00 1.154985477370087858e-06
1.494287429203654982e+00 7.615567308725756440e-08
1.506434353175713392e+00 1.668590092056703195e-06
1.518616231660660620e+00 1.646655607804701895e-06
1.530833449131608681e+00 1.117486447968196734e-06
1.543086393647707277e+00 4.438224262858648570e-07
1.555375456908052678e+00 3.061160607202279463e-06
1.567701034306447028e+00 6.189633168851678958e-08
1.580063524987019630e+00 8.799650547454573014e-08
1.592463331900736190e+00 3.128062110018016653e-07
1.604900861862805117e+00 3.740664163693554124e-06
1.617376525611005755e+00 1.443044682252853814e-06
1.629890737864948091e+00 1.255451643460441088e-06
1.642443917386300800e+00 9.867842408824988793e-07
1.655036487039980742e+00 1.815514144933984989e-06
1.667668873856345213e+00 4.191913092302116112e-07
1.680341509094400276e+00 1.467530981085584604e-06
1.693054828306040926e+00 5.303723149187543837e-07
1.705809271401351079e+00 8.819143721920069285e-07
1.718605282714980920e+00 2.874866469576635483e-07
1.731443311073621594e+00 1.205231296285971600e-06
1.744323809864610997e+00 3.870589435165071423e-07
1.757247237105675541e+00 2.897962858135267120e-06
1.770214055515848983e+00 7.274812647977263447e-08
1.783224732587580741e+00 1.103347372898421152e-06
1.796279740660062352e+00 2.174997949978015163e-06
1.809379556993800708e+00 2.534919946190976925e-06
1.822524663846453397e+00 1.540185811835370972e-06
1.835715548549968767e+00 1.974875632091927900e-07
1.848952703589041624e+00 1.376218321424457019e-06
1.862236626680921825e+00 4.884327957184768653e-07
1.875567820856598900e+00 5.996303062182310259e-07
1.888946794543396868e+00 2.842571949442222665e-06
1.902374061649005244e+00 6.095917682510985255e-07
1.915850141646975535e+00 7.634342598692261025e-07
1.929375559663716988e+00 8.733193541034564720e-08
1.942950846567024437e+00 5.110216858698487893e-07
1.956576539056166242e+00 3.973058935507979771e-07
1.970253179753570727e+00 8.355760369443794682e-07
1.983981317298132430e+00 6.269868543395977549e-06
1.997761506440205892e+00 1.458001491345685860e-06
2.011594308138276332e+00 2.275149258522693228e-06
2.025480289657382471e+00 1.514357254119344832e-06
2.039420024669305942e+00 3.985615542431650166e-07
2.053414093354583247e+00 4.044742594555796477e-09
2.067463082506361793e+00 2.278635003801929826e-07
2.081567585636154405e+00 5.509277385516856057e-07
2.095728203081529628e+00 1.862266965254351568e-07
2.109945542115771566e+00 1.094577991702784894e-08
2.124220217059573645e+00 3.409494840648023351e-07
2.138552849394784072e+00 1.647494836522273538e-06
2.152944067880272261e+00 7.196562076275784950e-07
2.167394508669943765e+00 5.765494013644958089e-07
2.181904815432972988e+00 3.770284120964098644e-07
2.196475639476278996e+00 2.542591286893288740e-07
2.211107639869315911e+00 6.085988144269328977e-07
2.225801483571211214e+00 4.599171777327132333e-07
2.240557845560325667e+00 1.679400790479515592e-06
2.255377408966268149e+00 3.638691885440744795e-06
2.270260865204440481e+00 1.436356700689233858e-06
2.285208914113143308e+00 3.493872621902162314e-07
2.300222264093344737e+00 2.647779570282961188e-06
2.315301632251118846e+00 5.727131881305585036e-07
2.330447744542859301e+00 2.310662815522272852e-07
2.345661335923311608e+00 7.058431819076167912e-07
2.360943150496495946e+00 4.715857381431745093e-07
2.376293941669568088e+00 1.731128395073259051e-07
2.391714472309731221e+00 3.557641717558212567e-08
2.407205514904206645e+00 1.134822824069774253e-06
2.422767851723407695e+00 5.788035657253164134e-07
2.438402274987316432e+00 4.691380879961713880e-07
2.454109587035200768e+00 3.405142299553223514e-06
2.469890600498723998e+00 7.031370108135906984e-07
2.485746138478509337e+00 1.060569894998809723e-06
2.501677034724291371e+00 7.242176907991771680e-07
2.517684133818678394e+00 2.389036680573378186e-06
2.533768291364664638e+00 1.353249749987265565e-07
2.549930374176959891e+00 9.680256631871113885e-07
2.566171260477213334e+00 5.518181867954309174e-07
2.582491840093254609e+00 4.767457475453641301e-07
2.598893014662444489e+00 1.531922461827531022e-06
2.615375697839199987e+00 1.717882990068698628e-07
2.631940815506855991e+00 3.932541125695226047e-08
2.648589305993903409e+00 1.367046509001160056e-06
2.665322120294779218e+00 1.681651627827351819e-06
2.682140222295247955e+00 4.226121790538466390e-07
2.699044589002565164e+00 2.094788720661548397e-07
2.716036210780464977e+00 2.798299625918607840e-06
2.733116091589157026e+00 3.243898626463302216e-07
2.750285249230413953e+00 1.620507213067608262e-06
2.767544715597911598e+00 1.887081178031047059e-07
2.784895536932901372e+00 4.367384015332042244e-07
2.802338774085429751e+00 2.065479451913348067e-07
2.819875502781155063e+00 4.221869189588962881e-08
2.837506813893987179e+00 2.091961462288522513e-07
2.855233813724622927e+00 2.865262324626347442e-06
2.873057624285204170e+00 2.758219443471854132e-07
2.890979383590180252e+00 6.093868137557858590e-08
2.909000245953595520e+00 6.434158181600708543e-07
2.927121382292947160e+00 3.003089926363672937e-06
2.945343980439754095e+00 1.643015922367110149e-06
2.963669245457068335e+00 1.605706841237567621e-07
2.982098399964077995e+00 3.965452179284777604e-07
3.000632684467967159e+00 1.655112088592156769e-06
3.019273357703287086e+00 1.166799429083263907e-06
3.038021696978962627e+00 3.374413912821036343e-07
3.056878998533198555e+00 6.576447956710248290e-07
3.075846577896470535e+00 4.177960762387314208e-07
3.094925770262794362e+00 1.220007169607535895e-07
3.114117930869559014e+00 1.367238527786703776e-06
3.133424435386071849e+00 1.535441338885530144e-07
3.152846680311138350e+00 7.078844645062236327e-08
3.172386083379844290e+00 4.195386042351865610e-07
3.192044083979846292e+00 1.685139763082982231e-06
3.211822143577407918e+00 2.505322856557858097e-07
3.231721746153457975e+00 8.982869355773960537e-08
3.251744398649921930e+00 5.711197658924104504e-08
3.271891631426665281e+00 1.271904813245759664e-06
3.292164998729279368e+00 6.325462151960450518e-07
3.312566079168071553e+00 5.523135402804008114e-07
3.333096476208521786e+00 4.050901864835140633e-07
3.353757818673582580e+00 1.366752017738381798e-06
3.374551761258096416e+00 8.030189025509564327e-08
3.395479985055740446e+00 1.062073643687738833e-06
3.416544198098793395e+00 1.458248215224887415e-06
3.437746135911136314e+00 2.031627034741296424e-07
3.459087562074850908e+00 5.899111915755819681e-07
3.480570268810810663e+00 6.607008208560810494e-07
3.502196077573649369e+00 9.449063625533556598e-08
3.523966839661581307e+00 3.006772639195879242e-07
3.545884436841424847e+00 9.787115561105147577e-07
3.567950781989368547e+00 8.499820464339704505e-07
3.590167819747851929e+00 1.009069932016426074e-06
3.612537527199123133e+00 4.051193065542196803e-07
3.635061914555887341e+00 1.097561349251814808e-06
3.657743025869628628e+00 1.625665279136069912e-07
3.680582939757102157e+00 3.636033610940731892e-08
3.703583770145510101e+00 4.079951177098564073e-07
3.726747667036997225e+00 1.210953300807559022e-07
3.750076817293014120e+00 6.168148123989805903e-07
3.773573445439117879e+00 4.568215211452628108e-07
3.797239814490932730e+00 4.526612964235867982e-07
3.821078226801799538e+00 2.215849902839393128e-07
3.845091024932894896e+00 9.130304297649568691e-07
3.869280592546462394e+00 1.561482860697734154e-06
3.893649355322847061e+00 4.765077669848935077e-07
3.918199781902168777e+00 5.749564137084256068e-08
3.942934384851307872e+00 2.629411499727163673e-07
3.967855721657088441e+00 6.744694624643752628e-07
3.992966395746416985e+00 6.236937293518220921e-07
4.018269057534300082e+00 1.365801003549302825e-06
4.043766405500584860e+00 3.604867757935698902e-07
4.069461187296391280e+00 5.531275092424843509e-07
4.095356200881122177e+00 1.665131635341858140e-07
4.121454295691163061e+00 4.006489049135974275e-07
4.147758373841154089e+00 9.049000019404716003e-08
4.174271391359062555e+00 9.007917787970139038e-07
4.200996359456013352e+00 2.094354543204126337e-07
4.227936345832168819e+00 3.345881086913356278e-06
4.255094476019727345e+00 2.817033605043516868e-07
4.282473934764413848e+00 4.128926233170449871e-07
4.310077967446587444e+00 1.807110017476563019e-07
4.337909881543510870e+00 5.029635353555580248e-07
4.365973048133954926e+00 6.783864024396507039e-07
4.394270903446770404e+00 5.851926200842357747e-07
4.422806950454781116e+00 1.123431777342122837e-06
4.451584760515686412e+00 2.438082481632689015e-06
4.480607975061463577e+00 1.240885751012623684e-06
4.509880307338105077e+00 1.461082554038787020e-07
4.539405544197283149e+00 1.080211709909076061e-06
4.569187547941903738e+00 7.131534902749542640e-07
4.599230258227382961e+00 2.673384200169632075e-07
4.629537694020593008e+00 5.887897023692355297e-07
4.660113955618596648e+00 9.547641439603926386e-07
4.690963226729293112e+00 1.969444724864797103e-06
4.722089776616123835e+00 1.406598428313339958e-06
4.753497962309302771e+00 1.663354010425627137e-06
4.785192230885826348e+00 1.151253089141765017e-06
4.817177121820895636e+00 3.996320311097008834e-06
4.849457269413340654e+00 5.869178008354999890e-07
4.882037405287709575e+00 1.746890544594688341e-07
4.914922360976011539e+00 3.993219637620096118e-07
4.948117070581908195e+00 9.243728667001740889e-08
4.981626573530626878e+00 1.268886842364664368e-06
5.015456017407652567e+00 1.921190666124627392e-07
5.049610660889745972e+00 1.322398693291975069e-06
5.084095876771596245e+00 1.376042345016578356e-06
5.118917155092026050e+00 2.179816031268835654e-07
5.154080106363324809e+00 3.559664340079692685e-07
5.189590464907923639e+00 7.454587813815700039e-07
5.225454092306433651e+00 2.662679992907646613e-07
5.261676980961550676e+00 1.708026858371091712e-06
5.298265257782244220e+00 1.628470760082114313e-06
5.335225187993163587e+00 1.854511970862271706e-07
5.372563179074077766e+00 1.772307284479380957e-06
5.410285784834729661e+00 7.685507763307595821e-07
5.448399709630405319e+00 9.626556893636344184e-07
5.486911812724086346e+00 7.133995350293991666e-07
5.525829112800970222e+00 9.920124178221325409e-07
5.565158792641854646e+00 5.012571892719711381e-06
5.604908203961667112e+00 2.341260118832260580e-06
5.645084872420248701e+00 1.115352253461250162e-06
5.685696502812371378e+00 1.634792172927835795e-07
5.726750984444712422e+00 1.040653002278253951e-07
5.768256396707492684e+00 1.449658703541525612e-06
5.810221014849253685e+00 3.946640688049675454e-07
5.852653315963272540e+00 1.283852176762531727e-06
5.895561985194872179e+00 6.638650296416251233e-07
5.938955922179146363e+00 3.346260289882234251e-06
5.982844247719065756e+00 2.288711746520945425e-07
6.027236310714632950e+00 7.163179754293175485e-08
6.072141695354100754e+00 8.261347610771468836e-06
6.117570228578833813e+00 3.845272167475393212e-07
6.163531987834188541e+00 4.491005404048556146e-08
6.210037309119105231e+00 2.431188392099790584e-06
6.257096795348075169e+00 2.786037616460810659e-06
6.304721325039668756e+00 1.297476577527725368e-06
6.352922061346506943e+00 9.802500137699688313e-07
6.401710461442654321e+00 2.396760798254550301e-06
6.451098286284771888e+00 5.435184138544399852e-08
6.501097610764786872e+00 1.193968656232590521e-06
6.551720834272277472e+00 2.115530396467031996e-06
6.602980691686179959e+00 8.588279598923352631e-08
6.654890264816202716e+00 1.592743576908530618e-06
6.707462994315653404e+00 3.615174249540354928e-07
6.760712692088343800e+00 4.013497707593748953e-06
6.814653554213885300e+00 2.066403759691713791e-06
6.869300174416541616e+00 4.908485137480049435e-06
6.924667558104775189e+00 6.411146073747513419e-07
6.980771137009639027e+00 2.861002639369925070e-07
7.037626784452278628e+00 1.410616280524604211e-06
7.095250831272059244e+00 1.795487339664247183e-06
7.153660082449184721e+00 9.968809897255168640e-08
7.212871834457117437e+00 1.450711473512553978e-07
7.272903893382699714e+00 1.915086640376529775e-06
7.333774593853726209e+00 7.791283408601708705e-06
7.395502818816384050e+00 5.513039869175297790e-07
7.458108020207268929e+00 2.137181021013019983e-07
7.521610240567749628e+00 1.476728466415948985e-06
7.586030135650939421e+00 1.065703395257149833e-06
7.651388998075133507e+00 1.875871955930796167e-06
7.717708782080382690e+00 2.651419413089745413e-07
7.785012129448951157e+00 4.990369952925215738e-06
7.853322396653874549e+00 4.963945080546266447e-07
7.922663683303971638e+00 1.547527544940318352e-06
7.993060861958362295e+00 1.376907985585808577e-06
8.064539609387720631e+00 3.753629932320757501e-06
8.137126439365120589e+00 1.890544714373408903e-06
8.210848737074378789e+00 8.227959440540627116e-07
8.285734795229668492e+00 1.879355120466336948e-06
8.361813852006719117e+00 9.700607797441512261e-07
8.439116130892415413e+00 2.321300842358797648e-07
8.517672882566811765e+00 3.274474001804586194e-06
8.597516428939853128e+00 1.576430813736955642e-06
8.678680209472870999e+00 5.873296368441919651e-06
8.761198829924738973e+00 8.730735831720898271e-07
8.845108113671690475e+00 1.288604537137642515e-06
8.930445155761116638e+00 2.986960119138470208e-06
9.017248379870389741e+00 5.396900751539043109e-06
9.105557598354891979e+00 6.320358808796949320e-07
9.195414075582201363e+00 4.271736871513500310e-07
9.286860594764410948e+00 7.363622853088076071e-07
9.379941528515811200e+00 1.042150552155423705e-06
9.474702913380864899e+00 2.856304032601156953e-06
9.571192528595130256e+00 4.531845243530650334e-06
9.669459979362780899e+00 4.691964041898127281e-06
9.769556784955327089e+00 6.541618523733266825e-06
9.871536471960840942e+00 1.199284099295279202e-06
9.975454673037942754e+00 2.860098765834401159e-06
1.008136923155793063e+01 4.438605685692927508e-06
1.018934031254830330e+01 2.916632531104122062e-06
1.029943052038522566e+01 7.291874914659563027e-07
1.041170502371859463e+01 3.666369466112627161e-06
1.052623168815380517e+01 7.795246046729430769e-06
1.064308121725768252e+01 7.224291440390745499e-06
1.076232730250476877e+01 1.399838191025465909e-06
1.088404678283179194e+01 4.338255391985416214e-06
1.100831981452695096e+01 4.688500270341831589e-06
1.113523005224294415e+01 4.582711253141772382e-06
1.126486484199331350e+01 1.349194775367971795e-06
1.139731542706779699e+01 4.385679479725073746e-06
1.153267716788676189e+01 5.548097910844616910e-07
1.167104977690866718e+01 2.738275973411853342e-06
1.181253756980620828e+01 3.759373946356635275e-06
1.195724973424156268e+01 1.123712587892391518e-06
1.210530061769597765e+01 1.094414236380933532e-05
1.225681003594877438e+01 5.685181721246923954e-06
1.241190360395464154e+01 4.009342848267063018e-06
1.257071309104042101e+01 5.398106626732847967e-06
1.273337680253192516e+01 6.355771641166903745e-06
1.290003999013476133e+01 4.380682260126427994e-06
1.307085529362815102e+01 8.480350001706913100e-07
1.324598321669588152e+01 1.030325604220643177e-05
1.342559264001181063e+01 3.765461219436676214e-06
1.360986137502873916e+01 1.149849349591702573e-05
1.379897676228727654e+01 4.128890402065480826e-06
1.399313631847826045e+01 1.162146664547925934e-05
1.419254843695589230e+01 1.024156102268942952e-05
1.439743314692606369e+01 6.479821912500909091e-06
1.460802293712368716e+01 7.532575523693970634e-06
1.482456365046278535e+01 6.425473812108782762e-06
1.504731545689699779e+01 8.433332745859869616e-07
1.527655391258613626e+01 1.247243491911606675e-05
1.551257111443440273e+01 1.398847686169046548e-05
1.575567696017295916e+01 1.113965770405357921e-05
1.600620052541652782e+01 1.154619475490411949e-05
1.626449157056262607e+01 2.918964031345182180e-05
1.653092219204418001e+01 2.603288577519467865e-05
1.680588863433074565e+01 3.272278487365000969e-05
1.708981328123576660e+01 4.277760844910525467e-05
1.738314684757837725e+01 1.215869661394620912e-05
1.768637079511793431e+01 3.747770490934903203e-05
1.800000000000201084e+01 5.939054695686962465e-06
