-1.800000000000201084e+01 2.304014192286341297e-06
-1.768637079511795918e+01 1.476242458607100035e-05
-1.738314684757837725e+01 9.100574542845209214e-05
-1.708981328123576660e+01 7.399292349781381669e-05
-1.680588863433072433e+01 4.310941225566130002e-05
-1.653092219204418001e+01 1.308296574340960720e-05
-1.626449157056260830e+01 1.848751310828228403e-05
-1.600620052541652782e+01 2.935125574245600469e-06
-1.575567696017295916e+01 1.494200030599896693e-05
-1.551257111443442049e+01 2.107398817602308805e-05
-1.527655391258613626e+01 3.538657316167352808e-06
-1.504731545689701200e+01 4.239059064017680484e-06
-1.482456365046278535e+01 3.072620365846130958e-06
-1.460802293712368716e+01 5.849797575532736796e-06
-1.439743314692604947e+01 1.598173644937452429e-05
-1.419254843695589230e+01 1.611932358248572276e-05
-1.399313631847824624e+01 2.112450274430852809e-05
-1.379897676228727654e+01 1.327600550829885069e-06
-1.360986137502872673e+01 1.043355899936644717e-05
-1.342559264001182306e+01 1.196818275451313335e-05
-1.324598321669588152e+01 1.059944120936555612e-05
-1.307085529362816168e+01 9.555389873522179749e-06
-1.290003999013476133e+01 7.341994522968262420e-06
-1.273337680253193582e+01 3.604090843113569187e-07
-1.257071309104041035e+01 9.098955498110676473e-06
-1.241190360395464154e+01 2.435398165824705606e-06
-1.225681003594876195e+01 1.079310928102523496e-05
-1.210530061769597765e+01 8.124078008320237448e-06
-1.195724973424155202e+01 5.681481816314628529e-06
-1.181253756980619762e+01 6.456684815500004422e-06
-1.167104977690866718e+01 4.698805270954421128e-07
-1.153267716788677255e+01 5.957694570514180486e-06
-1.139731542706779699e+01 6.284426912202507500e-06
-1.126486484199332239e+01 2.988101591037431845e-06
-1.113523005224293527e+01 5.012410169302069319e-06
-1.100831981452695096e+01 2.431101725503482010e-06
-1.088404678283180083e+01 4.280976299727057365e-06
-1.076232730250476877e+01 2.260516777924727868e-06
-1.064308121725769141e+01 8.796877542911531606e-06
-1.052623168815380517e+01 1.734624441588005951e-06
-1.041170502371859463e+01 3.483995104519572171e-06
-1.029943052038521678e+01 1.058900265849491105e-05
-1.018934031254830330e+01 3.014203032217534014e-06
-1.008136923155793951e+01 6.156422254754767009e-07
-9.975454673037956965e+00 8.407741526253755463e-07
-9.871536471960840942e+00 8.787839483265614423e-07
-9.769556784955334194e+00 1.973734896145470925e-06
-9.669459979362780899e+00 6.195206864232833169e-06
-9.571192528595137361e+00 8.243641589024067732e-06
-9.474702913380864899e+00 5.415185768605771164e-06
-9.379941528515811200e+00 2.600235535141409978e-06
-9.286860594764403842e+00 1.344170136932711881e-07
-9.195414075582201363e+00 3.499082120638677695e-06
-9.105557598354884874e+00 2.086116760818035669e-06
-9.017248379870389741e+00 2.597146410710614995e-07
-8.930445155761116638e+00 7.800025230543169307e-07
-8.845108113671695804e+00 7.531402301058699585e-06
-8.761198829924738973e+00 2.623577480570985554e-06
-8.678680209472876328e+00 3.902552522626443603e-07
-8.597516428939853128e+00 1.783348176277083951e-06
-8.517672882566811765e+00 2.006526746556311344e-06
-8.439116130892410084e+00 2.625238503839527696e-07
-8.361813852006719117e+00 1.124731184422031672e-07
-8.285734795229661387e+00 2.441243620142505105e-06
-8.210848737074378789e+00 4.239913764404321233e-06
-8.137126439365120589e+00 2.506323039970468807e-06
-8.064539609387715302e+00 4.736210817119662703e-08
-7.993060861958362295e+00 6.497711099356089035e-07
-7.922663683303976967e+00 1.237307984860577586e-06
-7.853322396653874549e+00 4.098120639241713346e-06
-7.785012129448951157e+00 2.680727800710291823e-07
-7.717708782080378249e+00 1.406357624851293958e-06
-7.651388998075133507e+00 1.299424838133451839e-06
-7.586030135650944750e+00 6.193411884182623884e-07
-7.521610240567749628e+00 8.496742792093861956e-07
-7.458108020207273370e+00 7.684862172655958724e-08
-7.395502818816379609e+00 2.129565889401851217e-06
-7.333774593853726209e+00 4.833469679578616031e-06
-7.272903893382695273e+00 1.642231759306809558e-06
-7.212871834457117437e+00 1.074403725712697438e-06
-7.153660082449187385e+00 8.280114177003803818e-07
-7.095250831272068126e+00 8.863914666945436793e-07
-7.037626784452278628e+00 2.422812091481655799e-06
-6.980771137009643468e+00 1.238106133776803502e-06
-6.924667558104775189e+00 3.003033635114509982e-06
-6.869300174416541616e+00 3.664726383235326851e-06
-6.814653554213885300e+00 1.204251743634931474e-06
-6.760712692088343800e+00 2.354620147058975729e-06
-6.707462994315648963e+00 2.239356359548563402e-06
-6.654890264816202716e+00 2.801963232970894207e-06
-6.602980691686176407e+00 1.596478667071453682e-07
-6.551720834272277472e+00 3.953800335206342518e-08
-6.501097610764786872e+00 2.126219666242505582e-06
-6.451098286284775440e+00 9.372239490721498981e-07
-6.401710461442654321e+00 9.672057528030506944e-08
-6.352922061346510496e+00 2.642512774688100840e-06
-6.304721325039668756e+00 1.629343832306506900e-06
-6.257096795348075169e+00 2.707989164187032633e-07
-6.210037309119101678e+00 3.827908181937489444e-06
-6.163531987834188541e+00 9.295952461470114347e-07
-6.117570228578837366e+00 7.549479585916998132e-07
-6.072141695354100754e+00 2.585040151873630930e-06
-6.027236310714632950e+00 3.636387241969218102e-06
-5.982844247719062203e+00 2.340607365505753225e-06
-5.938955922179146363e+00 1.483703036441475987e-06
-5.895561985194874843e+00 2.397821900592475800e-06
-5.852653315963272540e+00 7.261207588418053145e-07
-5.810221014849253685e+00 3.302648483605162424e-06
-5.768256396707496236e+00 1.501064264876249528e-06
-5.726750984444712422e+00 2.959104355724228512e-07
-5.685696502812374042e+00 2.562943385204119055e-06
-5.645084872420248701e+00 7.106842229026895476e-07
-5.604908203961667112e+00 1.583645617798093453e-06
-5.565158792641851981e+00 4.699389688342782510e-06
-5.525829112800970222e+00 2.990679111940769155e-06
-5.486911812724083681e+00 2.717276874102471485e-06
-5.448399709630409760e+00 2.347979198903107734e-06
-5.410285784834729661e+00 4.932994093238768947e-08
-5.372563179074079542e+00 2.894117805216749017e-06
-5.335225187993163587e+00 1.160761448879681075e-06
-5.298265257782246884e+00 2.289538010191201469e-07
-5.261676980961550676e+00 1.145755104348197124e-06
-5.225454092306433651e+00 8.606585462706315250e-07
-5.189590464907923639e+00 1.818279472371754387e-06
-5.154080106363324809e+00 8.497983272581071043e-07
-5.118917155092023386e+00 3.051803941380010267e-06
-5.084095876771596245e+00 1.372320036260866845e-07
-5.049610660889740643e+00 1.378964657254951266e-07
-5.015456017407655231e+00 1.453039137587301768e-07
-4.981626573530626878e+00 1.245286282614849532e-06
-4.948117070581910859e+00 7.621301268042500440e-07
-4.914922360976011539e+00 9.944762813510623384e-08
-4.882037405287712239e+00 3.009765383474858176e-07
-4.849457269413337102e+00 2.376648490914212578e-08
-4.817177121820895636e+00 1.611863957806150574e-07
-4.785192230885824571e+00 3.019186724939015166e-07
-4.753497962309302771e+00 2.039571452615837122e-06
-4.722089776616123835e+00 6.622094469476457977e-07
-4.690963226729293112e+00 1.290005486711844933e-06
-4.660113955618596648e+00 6.937111073545964482e-07
-4.629537694020590344e+00 4.175262935308647350e-06
-4.599230258227382961e+00 2.974649896997294069e-06
-4.569187547941903738e+00 6.399886537996779155e-07
-4.539405544197283149e+00 1.654580158103089443e-06
-4.509880307338105077e+00 4.444920282994627682e-06
-4.480607975061465353e+00 1.872655051447174404e-07
-4.451584760515686412e+00 4.123185454862789597e-07
-4.422806950454783781e+00 5.503988261439501076e-07
-4.394270903446768628e+00 1.245509041329006922e-06
-4.365973048133954926e+00 2.359007078945467745e-06
-4.337909881543509094e+00 1.128954705552134220e-06
-4.310077967446587444e+00 4.639650905997814042e-07
-4.282473934764412071e+00 6.887984447774194856e-07
-4.255094476019731786e+00 1.079864358535189419e-06
-4.227936345832168819e+00 4.200915929021175144e-07
-4.200996359456015128e+00 2.673814590850635709e-06
-4.174271391359062555e+00 3.870520968062045246e-07
-4.147758373841154089e+00 2.191837116797005526e-07
-4.121454295691163061e+00 1.610880247956058719e-07
-4.095356200881122177e+00 5.787074896671560071e-08
-4.069461187296388616e+00 2.753533664497869572e-07
-4.043766405500584860e+00 9.323388222383880637e-07
-4.018269057534298305e+00 1.014511496008336469e-06
-3.992966395746416985e+00 6.754119493063239201e-07
-3.967855721657088441e+00 8.487428735385516025e-07
-3.942934384851309204e+00 6.572266135929322864e-07
-3.918199781902168777e+00 1.022393814772040412e-06
-3.893649355322847061e+00 1.077709752066397940e-06
-3.869280592546462394e+00 2.816162302639682748e-06
-3.845091024932894896e+00 6.759575741174479078e-07
-3.821078226801797317e+00 9.841293538031254004e-07
-3.797239814490932730e+00 1.021896003794717140e-06
-3.773573445439120100e+00 1.253855928187865533e-06
-3.750076817293014120e+00 1.489167919049058939e-06
-3.726747667036997225e+00 4.505589186116753386e-07
-3.703583770145510101e+00 1.019529840077268436e-06
-3.680582939757102157e+00 5.564222420216746025e-07
-3.657743025869630404e+00 5.193129943794008447e-07
-3.635061914555887341e+00 8.786710603675896406e-07
-3.612537527199123133e+00 1.675004917443642611e-06
-3.590167819747855482e+00 5.666460197061219954e-07
-3.567950781989368547e+00 1.457897034375713361e-07
-3.545884436841426179e+00 1.692818880329594497e-06
-3.523966839661581307e+00 4.695551796258391251e-06
-3.502196077573649369e+00 9.946715237401099846e-07
-3.480570268810808887e+00 2.702152237884130874e-06
-3.459087562074850908e+00 1.811240627540108239e-07
-3.437746135911134981e+00 3.654554732030114805e-06
-3.416544198098792506e+00 8.335271884418635153e-07
-3.395479985055740890e+00 5.720411291105909493e-07
-3.374551761258098193e+00 9.306411480552945319e-09
-3.353757818673582580e+00 3.648642630714965739e-07
-3.333096476208523118e+00 2.064853351959531413e-07
-3.312566079168071553e+00 1.265334465532257041e-06
-3.292164998729279812e+00 1.969304602668066641e-06
-3.271891631426664837e+00 1.902276960357991694e-07
-3.251744398649922374e+00 1.773233198728182112e-06
-3.231721746153456643e+00 1.364195436103627534e-08
-3.211822143577407918e+00 5.936066516807872804e-07
-3.192044083979844071e+00 6.162704163147819797e-07
-3.172386083379843402e+00 1.208916804292588634e-06
-3.152846680311138350e+00 2.740289252955475209e-07
-3.133424435386072737e+00 5.886561378887802311e-07
-3.114117930869558570e+00 8.847369030380645046e-07
-3.094925770262795250e+00 5.683226856844483034e-07
-3.075846577896469647e+00 4.982898390256244891e-06
-3.056878998533198555e+00 3.796926517507343689e-07
-3.038021696978961295e+00 3.840445864181581457e-07
-3.019273357703287086e+00 7.402292564311918158e-08
-3.000632684467968048e+00 9.211341855181296081e-08
-2.982098399964077995e+00 1.572417276023592792e-06
-2.963669245457069223e+00 1.824688056416725339e-08
-2.945343980439752762e+00 1.512495724246023761e-06
-2.927121382292947160e+00 1.065625175352562179e-06
-2.909000245953597297e+00 1.039808314085448542e-07
-2.890979383590179363e+00 5.953259931406318159e-07
-2.873057624285205058e+00 4.048385920191483894e-07
-2.855233813724623815e+00 2.427137980716021242e-07
-2.837506813893987179e+00 1.489110613578482976e-07
-2.819875502781155951e+00 6.607037781081074770e-07
-2.802338774085429751e+00 3.217888144107832497e-07
-2.784895536932901372e+00 1.304355599219275798e-07
-2.767544715597910265e+00 3.204742404225926637e-07
-2.750285249230413953e+00 6.651118475299809790e-07
-2.733116091589155250e+00 1.772746095597192120e-06
-2.716036210780464089e+00 8.744874419573385795e-08
-2.699044589002566052e+00 1.860042048876207134e-06
-2.682140222295249732e+00 1.564514376370604089e-06
-2.665322120294779662e+00 2.534137234805919852e-07
-2.648589305993904297e+00 7.899373069228652258e-07
-2.631940815506855547e+00 8.715367489944817327e-07
-2.615375697839200431e+00 2.965014123931449177e-06
-2.598893014662444045e+00 1.965525355550153653e-06
-2.582491840093254609e+00 9.116000514585176319e-08
-2.566171260477212002e+00 1.641617003661298566e-06
-2.549930374176959447e+00 1.109705923014992413e-06
-2.533768291364664638e+00 2.424804357991615843e-07
-2.517684133818677505e+00 3.730478636952800058e-07
-2.501677034724291371e+00 1.938451489541553319e-07
-2.485746138478510670e+00 2.468093779980719857e-06
-2.469890600498723998e+00 6.465248265640225419e-07
-2.454109587035200768e+00 4.365039816330408220e-06
-2.438402274987315543e+00 1.174992778199711768e-06
-2.422767851723407695e+00 4.412679722401965562e-07
-2.407205514904207533e+00 1.405446153314718635e-06
-2.391714472309731221e+00 1.579219515627137070e-06
-2.376293941669569421e+00 1.820761771910266417e-06
-2.360943150496495058e+00 3.825201582824492814e-07
-2.345661335923311608e+00 1.613885200990937505e-06
-2.330447744542858413e+00 1.497759137034005811e-06
-2.315301632251118846e+00 2.976448021979935403e-07
-2.300222264093345625e+00 4.949710180592475506e-07
-2.285208914113144640e+00 5.138083896915958360e-07
-2.270260865204440481e+00 6.526954901038350820e-07
-2.255377408966269037e+00 3.777550907216478701e-07
-2.240557845560325223e+00 2.266215999039790767e-06
-2.225801483571210770e+00 4.781597324829544386e-07
-2.211107639869315467e+00 7.503980409654655505e-07
-2.196475639476279440e+00 9.793823418830990485e-08
-2.181904815432973432e+00 8.986226431031201613e-07
-2.167394508669943320e+00 4.606257552417987064e-07
-2.152944067880271817e+00 1.060803545594185689e-06
-2.138552849394784516e+00 8.231150494859805624e-07
-2.124220217059574090e+00 8.590556821488585472e-07
-2.109945542115772454e+00 4.497643149448680625e-07
-2.095728203081529628e+00 4.610707227577954956e-07
-2.081567585636154849e+00 1.951626336346228009e-06
-2.067463082506362237e+00 8.582133035900508512e-08
-2.053414093354584136e+00 4.387418387577612533e-09
-2.039420024669305942e+00 2.200906657535909145e-06
-2.025480289657382471e+00 2.055453915187946301e-06
-2.011594308138276332e+00 1.254097985136377581e-06
-1.997761506440205226e+00 1.526388287713987237e-06
-1.983981317298131319e+00 4.717157517515326131e-07
-1.970253179753569617e+00 4.993979398424313083e-07
-1.956576539056167352e+00 3.651927977135775866e-06
-1.942950846567025547e+00 1.990010202019881513e-06
-1.929375559663717654e+00 8.447514819410675965e-07
-1.915850141646975535e+00 8.096404793193831229e-07
-1.902374061649005244e+00 2.850009183197280527e-06
-1.888946794543396868e+00 2.083035991745929837e-07
-1.875567820856598900e+00 2.025052368346105291e-07
-1.862236626680921825e+00 4.629550035932546662e-07
-1.848952703589041180e+00 5.647536837294358600e-07
-1.835715548549967879e+00 4.081103834667236566e-07
-1.822524663846452730e+00 7.029779179520077786e-07
-1.809379556993800708e+00 5.988445526728885082e-07
-1.796279740660062796e+00 4.368328187674237414e-07
-1.783224732587581407e+00 5.273967161383124034e-07
-1.770214055515849871e+00 2.880929813682226342e-07
-1.757247237105675541e+00 6.596396777728089744e-07
-1.744323809864610553e+00 7.914827479053405276e-07
-1.731443311073621372e+00 2.319830058736866770e-07
-1.718605282714980698e+00 3.703419607416279909e-07
-1.705809271401351745e+00 1.069514640108684541e-06
-1.693054828306041149e+00 1.452613591373147168e-06
-1.680341509094399610e+00 1.773978688219198428e-06
-1.667668873856344547e+00 8.857280974647438003e-07
-1.655036487039980519e+00 1.019346885983200543e-06
-1.642443917386301022e+00 4.653800753985095824e-08
-1.629890737864948980e+00 2.628947197976898281e-06
-1.617376525611005755e+00 4.990744299357986191e-07
-1.604900861862805783e+00 2.506993524427573870e-06
-1.592463331900736856e+00 4.309785566775981028e-07
-1.580063524987020074e+00 1.211300912147274969e-07
-1.567701034306447028e+00 2.541987856768744198e-06
-1.555375456908052678e+00 1.046476983395328804e-07
-1.543086393647707277e+00 8.783203616727984606e-07
-1.530833449131608237e+00 8.260914457125280410e-07
-1.518616231660659732e+00 2.259499787754658814e-06
-1.506434353175712282e+00 4.782899890239468289e-07
-1.494287429203655870e+00 2.077309701224416229e-07
-1.482175078804342627e+00 1.385289349131707595e-06
-1.470096924518329295e+00 2.786887987825497233e-06
-1.458052592315416618e+00 1.059163121993564467e-06
-1.446041711543979202e+00 7.061280939194535777e-07
-1.434063914881057000e+00 3.682831553435831194e-06
-1.422118838283209508e+00 1.738840163313060711e-06
-1.410206120938107599e+00 5.758135314662108680e-08
-1.398325405216850115e+00 2.035503773155651050e-06
-1.386476336626996986e+00 3.574571088682937031e-07
-1.374658563766294916e+00 3.669007546626344014e-06
-1.362871738277095179e+00 1.924827567670504849e-06
-1.351115514801437101e+00 9.326443776268277945e-07
-1.339389550936797013e+00 1.496067354230865301e-06
-1.327693507192477362e+00 4.217538789326338322e-08
-1.316027046946637080e+00 8.515899036105376788e-07
-1.304389836403941239e+00 1.708003024521228665e-06
-1.292781544553817996e+00 2.718790395158906040e-06
-1.281201843129320173e+00 1.021655697307284084e-06
-1.269650406566570577e+00 4.021164489865278852e-06
-1.258126911964788874e+00 1.269644712367804654e-06
-1.246631039046874889e+00 5.168829119900938789e-08
-1.235162470120555911e+00 2.014196096295677546e-06
-1.223720890040073339e+00 1.221892461521530651e-06
-1.212305986168408234e+00 1.096858251753541578e-07
-1.200917448340022453e+00 2.366205029822401895e-07
-1.189554968824123149e+00 2.161660156768475173e-06
-1.178218242288426865e+00 1.430343215740273177e-06
-1.166906965763418569e+00 1.115534448169176169e-06
-1.155620838607101852e+00 1.562333649479956651e-07
-1.144359562470215863e+00 1.588596086203796459e-06
-1.133122841261928526e+00 9.888484590957785539e-07
-1.121910381115985400e+00 4.810392561747615998e-06
-1.110721890357309283e+00 1.535203007093418560e-06
-1.099557079469039467e+00 4.334740287441620431e-07
-1.088415661060010642e+00 2.415294678358379163e-07
-1.077297349832647466e+00 1.003047760438349926e-06
-1.066201862551285018e+00 3.526876255254454316e-07
-1.055128918010896033e+00 3.288458077709446857e-07
-1.044078237006218046e+00 1.745590353177117037e-06
-1.033049542301277102e+00 4.697535997251404726e-07
-1.022042558599299822e+00 9.762994915286773417e-07
-1.011057012512998066e+00 1.510862541419214152e-06
-1.000092632535235726e+00 2.311674380933410885e-06
-9.891491490100537964e-01 8.101022333167802986e-07
-9.782262941040561488e-01 1.243140883311836424e-06
-9.673238017781481402e-01 3.471040526692181918e-07
-9.564414077596213870e-01 3.836264336463335732e-06
-9.455788495145712735e-01 2.106371683359304757e-06
-9.347358662206534108e-01 1.678474584752534801e-06
-9.239121987401626157e-01 2.187561097800207951e-06
-9.131075895934324116e-01 2.799090946277845756e-07
-9.023217829325496098e-01 3.394046710239765657e-06
-8.915545245153719822e-01 2.835965640335460956e-06
-8.808055616798529108e-01 3.597987307839672990e-06
-8.700746433186589135e-01 2.023796534868080793e-06
-8.593615198540814903e-01 4.491230029904631891e-06
-8.486659432132259706e-01 1.165816950186665726e-06
-8.379876668034880183e-01 1.433777943928197836e-07
-8.273264454882990337e-01 3.359757045608936576e-06
-8.166820355631438932e-01 1.953325473604682393e-06
-8.060541947318363709e-01 3.619538898106212317e-07
-7.954426820830584610e-01 8.618051809348448508e-07
-7.848472580671504994e-01 9.321687544350612101e-07
-7.742676844731486430e-01 2.651051617432473478e-06
-7.637037244060699281e-01 2.675733527430581815e-06
-7.531551422644284788e-01 2.744274082384625306e-06
-7.426217037179922986e-01 2.688181791073561489e-06
-7.321031756857663275e-01 2.870264961563961866e-06
-7.215993263142009839e-01 2.679301385088097526e-06
-7.111099249556180890e-01 6.688239145449897728e-07
-7.006347421468592795e-01 7.199074755429694983e-06
-6.901735495881351490e-01 1.247952210209763287e-07
-6.797261201220911042e-01 1.599150970413124327e-06
-6.692922277130706199e-01 3.628988104605251148e-07
-6.588716474265783329e-01 3.760544759520528515e-06
-6.484641554089376481e-01 4.622848423228021293e-06
-6.380695288671385246e-01 1.152107015882491953e-06
-6.276875460488731129e-01 1.505499874087045758e-06
-6.173179862227488046e-01 4.283286296059062316e-06
-6.069606296586862459e-01 2.744854694173643394e-06
-5.966152576084875481e-01 6.160123174677629004e-06
-5.862816522865772484e-01 8.885755888904766481e-07
-5.759595968509094721e-01 7.236688392145622674e-06
-5.656488753840412942e-01 4.078161931483742476e-07
-5.553492728743597562e-01 9.181693549525232326e-07
-5.450605751974718638e-01 1.525777565101939253e-06
-5.347825690977430213e-01 2.865396381241469211e-06
-5.245150421699888987e-01 1.183760398394063740e-05
-5.142577828413065211e-01 2.470854620786329540e-06
-5.040105803530536832e-01 3.121860288153274916e-06
-4.937732247429644228e-01 2.991676827130177095e-06
-4.835455068274036594e-01 2.758528578766185395e-06
-4.733272181837471781e-01 6.699675628022056412e-06
-4.631181511328986700e-01 8.063641208003828327e-06
-4.529180987219272314e-01 1.750604401702395926e-06
-4.427268547068332061e-01 1.469302182825276031e-05
-4.325442135354257145e-01 5.527376350362097037e-06
-4.223699703303245845e-01 3.280154190530781767e-06
-4.122039208720716941e-01 6.054408621416563011e-06
-4.020458615823537807e-01 4.282256332662522967e-06
-3.918955895073323314e-01 2.416352912053651633e-06
-3.817529023010813316e-01 9.453402982317782202e-06
-3.716175982091194929e-01 9.431721094851019420e-06
-3.614894760520483419e-01 1.126677087549045048e-05
-3.513683352092828449e-01 1.366306234168279175e-05
-3.412539756028758475e-01 3.670245938544792379e-05
-3.311461976814312758e-01 2.041823957512604073e-05
-3.210448024041094306e-01 3.432437820820943917e-05
-3.109495912247085547e-01 1.264677417467646878e-05
-3.008603660758366605e-01 4.907323187974728531e-05
-2.907769293531580201e-01 1.720572733671514348e-05
-2.806990838997174276e-01 2.500861494266600415e-05
-2.706266329903371237e-01 4.578501221343543224e-05
-2.605593803160889399e-01 2.697659328859048402e-05
-2.504971299688272257e-01 2.157227803058939204e-05
-2.404396864257955790e-01 1.230833532286097331e-04
-2.303868545342923901e-01 3.779330155654559895e-05
-2.203384394963986970e-01 4.747362439465859435e-05
-2.102942468537628840e-01 1.548891859155808909e-05
-2.002540824724450275e-01 1.611488696776811776e-05
-1.902177525278067050e-01 1.837746827917260918e-03
-1.801850634894590075e-01 2.656432265790693078e-03
-1.701558221062540455e-01 4.043186255937765705e-01
-1.601298353913264694e-01 1.564413923657278279e-04
-1.501069106071708514e-01 3.515225587750840375e-01
-1.400868552507662790e-01 4.781348012815177517e-01
-1.300694770387391397e-01 7.738663733003598999e-01
-1.200545838925550501e-01 4.964968759842627311e-01
-1.100419839237516545e-01 9.064336911436688959e-01
-1.000314854191983877e-01 9.373217436472855990e-01
-9.002289682638489610e-02 1.011239661864306916e+00
-8.001602673873924043e-02 1.277952040846693782e+00
-7.001068388096250150e-02 1.902076582735934052e+00
-6.000667709439190534e-02 2.110372505917141872e+00
-5.000381532237931775e-02 2.343775728020333293e+00
-4.000190759568706539e-02 2.828688531688891228e+00
-3.000076301789707939e-02 2.567844754005447427e+00
-2.000019075083557876e-02 2.563330430989703590e+00
-9.999999999999974187e-03 3.773756576103381555e+00
0.000000000000000000e+00 3.565349473960572890e+00
9.999999999999974187e-03 3.931153740289749177e+00
2.000019075083557876e-02 4.456811263004661683e+00
3.000076301789707939e-02 2.257263548550046739e+00
4.000190759568635068e-02 2.453234226603654200e+00
5.000381532237860305e-02 1.673442791367578453e+00
6.000667709439118369e-02 2.076853220527267840e+00
7.001068388096322315e-02 1.187457880338013805e+00
8.001602673873996208e-02 1.416714133598012237e+00
9.002289682638561774e-02 1.261957091781879869e+00
1.000314854191983877e-01 1.156298536223304696e+00
1.100419839237516545e-01 6.027082257673443966e-01
1.200545838925550501e-01 7.419340349085660202e-01
1.300694770387391397e-01 5.979947724242109519e-01
1.400868552507662790e-01 3.622218894407468470e-01
1.501069106071708514e-01 3.424946355235936601e-01
1.601298353913264694e-01 6.198210787160136903e-02
1.701558221062540455e-01 3.059664124436709334e-02
1.801850634894582859e-01 2.105304399398750896e-04
1.902177525278067050e-01 6.609936066896042808e-05
2.002540824724450275e-01 2.034294717468088597e-04
2.102942468537628840e-01 1.107299443848104234e-02
2.203384394963986970e-01 2.606016456766119022e-04
2.303868545342923901e-01 4.034641893048857572e-05
2.404396864257955790e-01 5.474121820831013462e-05
2.504971299688272257e-01 9.728607988114593142e-05
2.605593803160889399e-01 9.145483075908413670e-06
2.706266329903371237e-01 5.131726929487959177e-05
2.806990838997167059e-01 1.678559507731720843e-05
2.907769293531572985e-01 5.821178151339221767e-05
3.008603660758359388e-01 1.491768667475760412e-05
3.109495912247092764e-01 1.903516962696166363e-05
3.210448024041101522e-01 1.913590070759093524e-05
3.311461976814320529e-01 1.610525174012863005e-05
3.412539756028758475e-01 5.714923862551323228e-06
3.513683352092828449e-01 1.465603662708612285e-05
3.614894760520483419e-01 1.188287542124717000e-05
3.716175982091194929e-01 7.669005388788062758e-06
3.817529023010813316e-01 1.977118454831911201e-06
3.918955895073323314e-01 1.516946556684786051e-05
4.020458615823530590e-01 3.187720417315048654e-06
4.122039208720709169e-01 3.801680299280992339e-06
4.223699703303238628e-01 2.431449623231924649e-06
4.325442135354264361e-01 1.071840478553625110e-05
4.427268547068339277e-01 1.096222229382727773e-05
4.529180987219279531e-01 4.755949641530807214e-06
4.631181511328986700e-01 1.936826422926193590e-05
4.733272181837471781e-01 5.336699150867386901e-06
4.835455068274036594e-01 1.955867152444099846e-06
4.937732247429644228e-01 1.934884980259480111e-06
5.040105803530536832e-01 2.232062200236274629e-06
5.142577828413065211e-01 3.545711462014604609e-06
5.245150421699888987e-01 4.887605688874152293e-06
5.347825690977430213e-01 1.079590772354018045e-06
5.450605751974710866e-01 3.700590517330516062e-06
5.553492728743597562e-01 3.274256656693202908e-06
5.656488753840412942e-01 3.194652841888875122e-06
5.759595968509094721e-01 1.339778853840997538e-06
5.862816522865772484e-01 1.301751487248391632e-06
5.966152576084875481e-01 3.143428263183793421e-06
6.069606296586862459e-01 2.487147943142810850e-06
6.173179862227488046e-01 7.084589696387507199e-07
6.276875460488731129e-01 2.760035702782480100e-06
6.380695288671385246e-01 1.191028668997357821e-07
6.484641554089369819e-01 8.807653939491438629e-07
6.588716474265774448e-01 1.428529120098529974e-06
6.692922277130698427e-01 1.284813233320914105e-06
6.797261201220904381e-01 4.772650655398359911e-06
6.901735495881360372e-01 3.531117033116684944e-06
7.006347421468600567e-01 2.469384456288130504e-06
7.111099249556188662e-01 5.386250907882097889e-06
7.215993263142009839e-01 3.918098241383141474e-06
7.321031756857663275e-01 1.231565814059722247e-06
7.426217037179922986e-01 6.651660149163801300e-07
7.531551422644284788e-01 4.795968864996632134e-07
7.637037244060699281e-01 1.232642915628733702e-06
7.742676844731486430e-01 1.395681718605308167e-06
7.848472580671498333e-01 2.420726531115576125e-06
7.954426820830577949e-01 3.183985277966904823e-06
8.060541947318363709e-01 2.244046402686121680e-06
8.166820355631446704e-01 5.913883818914112868e-07
8.273264454882999219e-01 9.829387838989121453e-07
8.379876668034880183e-01 1.954971984702817051e-06
8.486659432132259706e-01 2.998753706463781011e-06
8.593615198540814903e-01 4.503384185483911263e-07
8.700746433186589135e-01 1.412569078544865265e-06
8.808055616798529108e-01 2.855722897953667174e-06
8.915545245153719822e-01 3.002979695703554056e-07
9.023217829325496098e-01 2.211265440640867143e-06
9.131075895934324116e-01 4.796670105501843768e-06
9.239121987401619496e-01 2.768391814775832408e-06
9.347358662206525226e-01 8.038030824288369995e-07
9.455788495145712735e-01 9.573178489531234807e-07
9.564414077596213870e-01 1.154149469143067757e-06
9.673238017781488063e-01 7.288884097419820885e-06
9.782262941040561488e-01 3.509934015077947668e-06
9.891491490100537964e-01 2.294939827269830382e-07
1.000092632535235726e+00 1.548090713173811511e-06
1.011057012512998066e+00 3.640964384882928226e-07
1.022042558599299822e+00 3.541869418293518672e-07
1.033049542301277102e+00 1.651654856136890195e-06
1.044078237006217380e+00 1.019397724216837614e-06
1.055128918010895367e+00 4.190222960644864381e-07
1.066201862551284352e+00 1.749620422600363733e-06
1.077297349832648132e+00 1.195784381574382612e-06
1.088415661060011308e+00 1.359313135718006275e-06
1.099557079469040355e+00 2.040808132504551978e-07
1.110721890357309283e+00 1.924960223085189930e-06
1.121910381115985400e+00 1.970967793300697346e-06
1.133122841261928526e+00 2.661811690889581450e-06
1.144359562470215863e+00 8.965432535900688808e-07
1.155620838607101852e+00 8.947220580750963082e-07
1.166906965763418569e+00 2.839969311054342750e-06
1.178218242288425976e+00 2.131414096444513925e-06
1.189554968824123149e+00 1.333498112036659113e-07
1.200917448340022453e+00 2.573803226184249870e-06
1.212305986168408900e+00 2.046333069112651778e-06
1.223720890040074227e+00 1.795297166789264167e-07
1.235162470120555911e+00 2.084597741609338221e-06
1.246631039046874889e+00 7.884265278141241567e-07
1.258126911964788874e+00 5.515543338060528386e-08
1.269650406566570577e+00 1.214097990779865419e-06
1.281201843129320173e+00 7.174028132561798657e-07
1.292781544553817996e+00 4.788533355046150119e-07
1.304389836403941239e+00 1.244010581782872766e-06
1.316027046946637080e+00 4.026024087294118530e-08
1.327693507192476696e+00 2.213349933320612372e-06
1.339389550936796125e+00 3.895326511277385003e-07
1.351115514801436435e+00 1.567476278300306164e-06
1.362871738277095179e+00 2.230563969771529206e-07
1.374658563766295805e+00 1.059896489585726331e-07
1.386476336626997652e+00 4.007994242776515410e-07
1.398325405216850559e+00 1.508794557076711234e-06
1.410206120938107599e+00 5.444394315075779530e-08
1.422118838283209508e+00 1.083853777757852710e-06
1.434063914881057000e+00 3.634217726550446482e-08
1.446041711543979202e+00 2.098646139264871317e-06
1.458052592315416618e+00 1.964351446029741486e-06
1.470096924518328407e+00 1.142125153708799834e-06
1.482175078804341739e+00 1.116674295142555641e-07
1.494287429203654982e+00 6.537592876862530773e-07
1.506434353175713392e+00 4.721147665726068596e-08
1.518616231660660620e+00 1.717215355994245955e-06
1.530833449131608681e+00 1.108936491723212406e-07
1.543086393647707277e+00 7.583598477280634079e-07
1.555375456908052678e+00 3.556977997362846057e-07
1.567701034306447028e+00 1.734179612895039390e-06
1.580063524987019630e+00 1.413233839875407822e-06
1.592463331900736190e+00 2.110442837682999523e-07
1.604900861862805117e+00 4.339455440947372738e-07
1.617376525611005755e+00 7.598764624148543733e-07
1.629890737864948091e+00 1.461366586191364032e-06
1.642443917386300800e+00 1.823814445792166813e-06
1.655036487039980742e+00 6.106413002802438398e-07
1.667668873856345213e+00 3.417507322826110156e-07
1.680341509094400276e+00 1.032982616595963424e-06
1.693054828306040926e+00 7.653903514833067850e-07
1.705809271401351079e+00 1.532672898059185054e-07
1.718605282714980920e+00 3.386211381492836345e-06
1.731443311073621594e+00 1.052847760225025666e-06
1.744323809864610997e+00 2.530465612272266185e-07
1.757247237105675541e+00 6.106324352458198151e-07
1.770214055515848983e+00 8.786209701559753868e-07
1.783224732587580741e+00 6.833012530757334042e-07
1.796279740660062352e+00 9.203929497826275814e-07
1.809379556993800708e+00 1.088743745359063433e-06
1.822524663846453397e+00 3.027645943274954448e-06
1.835715548549968767e+00 6.964349405762554892e-07
1.848952703589041624e+00 1.029268085608744149e-06
1.862236626680921825e+00 1.030665860989875492e-06
1.875567820856598900e+00 1.683471143657716521e-07
1.888946794543396868e+00 3.571483415870258699e-07
1.902374061649005244e+00 7.335501598827833444e-07
1.915850141646975535e+00 1.151001677933701906e-06
1.929375559663716988e+00 3.223910410416012635e-07
1.942950846567024437e+00 9.270128485031318485e-07
1.956576539056166242e+00 9.944004079636887116e-08
1.970253179753570727e+00 3.912990866205226090e-07
1.983981317298132430e+00 1.256365845076017007e-07
1.997761506440205892e+00 2.925264675211375849e-07
2.011594308138276332e+00 8.808924820510231991e-07
2.025480289657382471e+00 4.898024160027214451e-07
2.039420024669305942e+00 2.987074486842377806e-07
2.053414093354583247e+00 6.632175600773904577e-07
2.067463082506361793e+00 6.923684750636591041e-07
2.081567585636154405e+00 3.094800076880900351e-07
2.095728203081529628e+00 1.095733854610681251e-06
2.109945542115771566e+00 3.580487478480043494e-07
2.124220217059573645e+00 1.418498951950192199e-06
2.138552849394784072e+00 5.892280719010966052e-07
2.152944067880272261e+00 8.175482477148805664e-07
2.167394508669943765e+00 1.740203632120872367e-06
2.181904815432972988e+00 9.703099452184921721e-07
2.196475639476278996e+00 7.064790601726218094e-07
2.211107639869315911e+00 7.475908762916952646e-07
2.225801483571211214e+00 1.377163798059003989e-06
2.240557845560325667e+00 5.182119979997493588e-07
2.255377408966268149e+00 8.589279630778779545e-07
2.270260865204440481e+00 4.699810830465729302e-08
2.285208914113143308e+00 1.236007372029077964e-06
2.300222264093344737e+00 4.834023110566766880e-07
2.315301632251118846e+00 3.731052874283179728e-07
2.330447744542859301e+00 2.714672324484839550e-06
2.345661335923311608e+00 2.757665062526744356e-06
2.360943150496495946e+00 3.146631832211912114e-07
2.376293941669568088e+00 1.812393427003610884e-06
2.391714472309731221e+00 1.188214075108776642e-06
2.407205514904206645e+00 6.383092935036627634e-08
2.422767851723407695e+00 3.950398236533607321e-07
2.438402274987316432e+00 1.361132583151914207e-06
2.454109587035200768e+00 2.689073152822742825e-06
2.469890600498723998e+00 1.639057265724959398e-06
2.485746138478509337e+00 4.869526688116567151e-07
2.501677034724291371e+00 2.155209991421548241e-07
2.517684133818678394e+00 3.168912723200246155e-06
2.533768291364664638e+00 6.399401688867537357e-07
2.549930374176959891e+00 6.711172535492335583e-07
2.566171260477213334e+00 7.326672226513540328e-07
2.582491840093254609e+00 7.930467903626213427e-07
2.598893014662444489e+00 1.783071413295484990e-06
2.615375697839199987e+00 1.769769387220455569e-07
2.631940815506855991e+00 2.040403154727540090e-06
2.648589305993903409e+00 6.963499104096811462e-07
2.665322120294779218e+00 4.877084443682765165e-07
2.682140222295247955e+00 3.369618416840103151e-07
2.699044589002565164e+00 8.634657962522573027e-08
2.716036210780464977e+00 6.972753181138559625e-07
2.733116091589157026e+00 5.174302586579050796e-07
2.750285249230413953e+00 8.200041232686331224e-07
2.767544715597911598e+00 6.526419982698299632e-07
2.784895536932901372e+00 1.892530954554718846e-07
2.802338774085429751e+00 3.586648163772407444e-07
2.819875502781155063e+00 2.411758819072788872e-07
2.837506813893987179e+00 2.666458801923015780e-08
2.855233813724622927e+00 1.427334313046413738e-06
2.873057624285204170e+00 1.175101542960264804e-06
2.890979383590180252e+00 1.562207673043400526e-06
2.909000245953595520e+00 1.133384270384910333e-06
2.927121382292947160e+00 1.484789587888237057e-06
2.945343980439754095e+00 1.533261826958002323e-06
2.963669245457068335e+00 3.847191779260567792e-07
2.982098399964077995e+00 8.813251578815437422e-07
3.000632684467967159e+00 1.321809151464451081e-06
3.019273357703287086e+00 3.184957530975021207e-07
3.038021696978962627e+00 1.762058081853579153e-07
3.056878998533198555e+00 5.935544394418436461e-07
3.075846577896470535e+00 3.362855814866279693e-06
3.094925770262794362e+00 3.948639186699168773e-07
3.114117930869559014e+00 1.359020310506771781e-06
3.133424435386071849e+00 2.270680843511850352e-06
3.152846680311138350e+00 3.191950432663907677e-07
3.172386083379844290e+00 3.745781258062793284e-06
3.192044083979846292e+00 1.970236619418287484e-06
3.211822143577407918e+00 6.898794213153379237e-07
3.231721746153457975e+00 5.078647412033748758e-07
3.251744398649921930e+00 1.124760922986025049e-06
3.271891631426665281e+00 4.596277118729785742e-07
3.292164998729279368e+00 2.431397749429864894e-06
3.312566079168071553e+00 1.453179759676729845e-07
3.333096476208521786e+00 3.153569509157140712e-06
3.353757818673582580e+00 1.577144653210075385e-07
3.374551761258096416e+00 2.913704351480545884e-06
3.395479985055740446e+00 1.042065909479922564e-06
3.416544198098793395e+00 1.729803295161838065e-06
3.437746135911136314e+00 4.573393401200277772e-07
3.459087562074850908e+00 1.069273885194740183e-06
3.480570268810810663e+00 7.897986034595564082e-07
3.502196077573649369e+00 2.466038482178694541e-08
3.523966839661581307e+00 1.400815468506311606e-06
3.545884436841424847e+00 2.495765774216478788e-07
3.567950781989368547e+00 7.233270644959200522e-07
3.590167819747851929e+00 2.554242220617689341e-07
3.612537527199123133e+00 1.226785140579060245e-06
3.635061914555887341e+00 6.433946898533392749e-07
3.657743025869628628e+00 7.969389230236564643e-07
3.680582939757102157e+00 5.390939018268164492e-07
3.703583770145510101e+00 9.769262033315085695e-07
3.726747667036997225e+00 4.901949428428553322e-07
3.750076817293014120e+00 6.994936211761801846e-08
3.773573445439117879e+00 7.181207120020071665e-07
3.797239814490932730e+00 1.597688814396996978e-06
3.821078226801799538e+00 4.729063575106448610e-07
3.845091024932894896e+00 1.637139765344385705e-06
3.869280592546462394e+00 2.158002694530773032e-06
3.893649355322847061e+00 5.984156842236774677e-07
3.918199781902168777e+00 1.312371462785935562e-07
3.942934384851307872e+00 1.611253720851292649e-06
3.967855721657088441e+00 4.519369751827374529e-08
3.992966395746416985e+00 5.490299584865880226e-07
4.018269057534300082e+00 1.089196098844405153e-06
4.043766405500584860e+00 4.814564171538086339e-07
4.069461187296391280e+00 1.037012754985235985e-07
4.095356200881122177e+00 6.723669540970973918e-07
4.121454295691163061e+00 1.131978159277822619e-07
4.147758373841154089e+00 9.258563270496795121e-07
4.174271391359062555e+00 1.038957599250050220e-07
4.200996359456013352e+00 3.096885051125757744e-06
4.227936345832168819e+00 1.755819580279047243e-06
4.255094476019727345e+00 1.457881176194245361e-06
4.282473934764413848e+00 3.277449545091684646e-07
4.310077967446587444e+00 8.472417571072855927e-07
4.337909881543510870e+00 1.013402870327335820e-06
4.365973048133954926e+00 2.495841403167551846e-06
4.394270903446770404e+00 5.647869063907801491e-07
4.422806950454781116e+00 7.417722449489131618e-07
4.451584760515686412e+00 5.222685715847645296e-07
4.480607975061463577e+00 3.298007083786678021e-07
4.509880307338105077e+00 8.026379483528125825e-07
4.539405544197283149e+00 3.550605046086400567e-08
4.569187547941903738e+00 2.815941757570288406e-07
4.599230258227382961e+00 1.233774608501355575e-07
4.629537694020593008e+00 1.209803399992193207e-06
4.660113955618596648e+00 7.294805839531971339e-07
4.690963226729293112e+00 7.949073975366953713e-07
4.722089776616123835e+00 1.429002319450638726e-06
4.753497962309302771e+00 1.169837063870540109e-06
4.785192230885826348e+00 4.007225517676909411e-07
4.817177121820895636e+00 1.113820837549785498e-06
4.849457269413340654e+00 2.244726530380564885e-06
4.882037405287709575e+00 2.354255362954406361e-09
4.914922360976011539e+00 1.805064069926420774e-06
4.948117070581908195e+00 8.243524507132091399e-08
4.981626573530626878e+00 1.113960763809936840e-06
5.015456017407652567e+00 6.851334489539211022e-07
5.049610660889745972e+00 1.971828267707076485e-06
5.084095876771596245e+00 9.518022738766041640e-07
5.118917155092026050e+00 6.984773612026886324e-07
5.154080106363324809e+00 1.091304290631542401e-07
5.189590464907923639e+00 1.894250188667396058e-06
5.225454092306433651e+00 1.126764307078295086e-08
5.261676980961550676e+00 1.005377412029944682e-06
5.298265257782244220e+00 4.913412360393020522e-07
5.335225187993163587e+00 2.480007278866108456e-06
5.372563179074077766e+00 4.123189362118921652e-06
5.410285784834729661e+00 3.267382893938348113e-07
5.448399709630405319e+00 2.696816944033358496e-06
5.486911812724086346e+00 1.085695092010233453e-06
5.525829112800970222e+00 1.705998085670415982e-09
5.565158792641854646e+00 5.082942918607373560e-06
5.604908203961667112e+00 2.049133627169191133e-06
5.645084872420248701e+00 1.472478105344278363e-07
5.685696502812371378e+00 2.814815528293718977e-06
5.726750984444712422e+00 2.152270056453522966e-06
5.768256396707492684e+00 2.822927132320180848e-06
5.810221014849253685e+00 6.051513816059337763e-08
5.852653315963272540e+00 5.206483469460474747e-07
5.895561985194872179e+00 5.016875750840862633e-07
5.938955922179146363e+00 3.193395231196794506e-06
5.982844247719065756e+00 5.320041413345659827e-08
6.027236310714632950e+00 1.155558589567111874e-06
6.072141695354100754e+00 4.961569598226314606e-07
6.117570228578833813e+00 6.934300637417464340e-07
6.163531987834188541e+00 3.147243097532412374e-06
6.210037309119105231e+00 1.941873871785145938e-06
6.257096795348075169e+00 8.128314157388844201e-07
6.304721325039668756e+00 7.148253802630728416e-07
6.352922061346506943e+00 1.102480280125555343e-06
6.401710461442654321e+00 6.301478394339553182e-07
6.451098286284771888e+00 5.303457533360807371e-07
6.501097610764786872e+00 1.675265322310281790e-06
6.551720834272277472e+00 4.812746775722823666e-06
6.602980691686179959e+00 3.392047884429799278e-06
6.654890264816202716e+00 2.985077195673595310e-08
6.707462994315653404e+00 2.320041390253753523e-06
6.760712692088343800e+00 5.565510101282791711e-07
6.814653554213885300e+00 2.206036057023503857e-06
6.869300174416541616e+00 3.489697426324205673e-06
6.924667558104775189e+00 2.521903301441140642e-06
6.980771137009639027e+00 6.235188051780290980e-06
7.037626784452278628e+00 1.185775327841053011e-06
7.095250831272059244e+00 1.365934432376069380e-06
7.153660082449184721e+00 8.367737166893685915e-07
7.212871834457117437e+00 2.147841610579792740e-07
7.272903893382699714e+00 3.754809624923950953e-07
7.333774593853726209e+00 2.188942169235913385e-06
7.395502818816384050e+00 6.821544198055344138e-07
7.458108020207268929e+00 2.632806736794390796e-07
7.521610240567749628e+00 6.330413698632672539e-06
7.586030135650939421e+00 1.817842422370689704e-07
7.651388998075133507e+00 9.352173229546870292e-07
7.717708782080382690e+00 9.920293855486827066e-07
7.785012129448951157e+00 5.928312579804993487e-06
7.853322396653874549e+00 1.506114288566868987e-06
7.922663683303971638e+00 4.106788097137428265e-08
7.993060861958362295e+00 7.004504125526360729e-07
8.064539609387720631e+00 2.985009964320903032e-06
8.137126439365120589e+00 2.931103747044568672e-06
8.210848737074378789e+00 2.847705811075879195e-06
8.285734795229668492e+00 1.500787342788684368e-07
8.361813852006719117e+00 3.513499106975851248e-06
8.439116130892415413e+00 1.754913618428753656e-06
8.517672882566811765e+00 1.966190605806687527e-06
8.597516428939853128e+00 4.611902238351470938e-07
8.678680209472870999e+00 1.450529275059007197e-06
8.761198829924738973e+00 3.299722498697239001e-06
8.845108113671690475e+00 2.555504304199720921e-06
8.930445155761116638e+00 4.560442626945156455e-06
9.017248379870389741e+00 5.107978770615210950e-06
9.105557598354891979e+00 3.081066002218436824e-06
9.195414075582201363e+00 2.654337157925810552e-07
9.286860594764410948e+00 1.951112139993620399e-07
9.379941528515811200e+00 6.706304155158903800e-06
9.474702913380864899e+00 3.184419276635860007e-06
9.571192528595130256e+00 3.218177507420020548e-06
9.669459979362780899e+00 9.759866215042737774e-08
9.769556784955327089e+00 1.661480174597093398e-07
9.871536471960840942e+00 5.401623997075968477e-06
9.975454673037942754e+00 4.916288158042993990e-07
1.008136923155793063e+01 5.795616960352734744e-06
1.018934031254830330e+01 1.252673001668240902e-06
1.029943052038522566e+01 1.852251394526529769e-06
1.041170502371859463e+01 4.116985825442659700e-06
1.052623168815380517e+01 3.050121033791430938e-06
1.064308121725768252e+01 4.377014510994008508e-06
1.076232730250476877e+01 4.134280463510741728e-06
1.088404678283179194e+01 3.419553267516339675e-06
1.100831981452695096e+01 2.576980197446243840e-05
1.113523005224294415e+01 4.565365270888828053e-06
1.126486484199331350e+01 1.385929498594530945e-06
1.139731542706779699e+01 5.882546244272386781e-06
1.153267716788676189e+01 8.551928435526606460e-06
1.167104977690866718e+01 7.661077148671636901e-06
1.181253756980620828e+01 3.080437218383574517e-06
1.195724973424156268e+01 5.053089149505225801e-07
1.210530061769597765e+01 7.223283145400517940e-06
1.225681003594877438e+01 4.244151640840794414e-06
1.241190360395464154e+01 8.280838958299782383e-06
1.257071309104042101e+01 4.661671922589769754e-06
1.273337680253192516e+01 4.318887028181261890e-06
1.290003999013476133e+01 7.522746233807958775e-07
1.307085529362815102e+01 1.274417925631242135e-06
1.324598321669588152e+01 4.030546192126415062e-06
1.342559264001181063e+01 1.746780817852581824e-05
1.360986137502873916e+01 7.144224513619932843e-06
1.379897676228727654e+01 4.835346113055284132e-06
1.399313631847826045e+01 6.047121344916512108e-06
1.419254843695589230e+01 3.750011827021252215e-05
1.439743314692606369e+01 1.559607670023140964e-05
1.460802293712368716e+01 9.964409071105182248e-06
1.482456365046278535e+01 3.124107529485267687e-06
1.504731545689699779e+01 3.276938509190661605e-05
1.527655391258613626e+01 1.304664958933305499e-05
1.551257111443440273e+01 1.718575143343152958e-05
1.575567696017295916e+01 2.163463841131986508e-05
1.600620052541652782e+01 1.564397763528289453e-05
1.626449157056262607e+01 2.430246602614188992e-05
1.653092219204418001e+01 7.572910323572320913e-06
1.680588863433074565e+01 6.636186791737961840e-05
1.708981328123576660e+01 7.224048843883546542e-05
1.738314684757837725e+01 2.072617521573862740e-05
1.768637079511793431e+01 3.455795951840453113e-05
1.800000000000201084e+01 5.437483079410826393e-06
