-1.800000000000201084e+01 9.880787833520311724e-06
-1.768637079511795918e+01 4.872599402648175761e-06
-1.738314684757837725e+01 2.165294583103912503e-06
-1.708981328123576660e+01 1.134401491600237131e-05
-1.680588863433072433e+01 4.035185843805275413e-06
-1.653092219204418001e+01 2.379674065660350805e-06
-1.626449157056260830e+01 3.371659320648094632e-07
-1.600620052541652782e+01 5.204044141979640605e-06
-1.575567696017295916e+01 1.121253068547422329e-05
-1.551257111443442049e+01 4.034918435097148925e-06
-1.527655391258613626e+01 1.217068595488903887e-06
-1.504731545689701200e+01 2.161706867851074157e-06
-1.482456365046278535e+01 2.347620700829494600e-05
-1.460802293712368716e+01 3.036001059705539857e-06
-1.439743314692604947e+01 2.438326813087816753e-06
-1.419254843695589230e+01 4.459763205554175004e-06
-1.399313631847824624e+01 1.586737601833847431e-05
-1.379897676228727654e+01 3.147426045797275334e-06
-1.360986137502872673e+01 9.124722320365598620e-07
-1.342559264001182306e+01 4.966912098293945300e-06
-1.324598321669588152e+01 9.131467550957880729e-07
-1.307085529362816168e+01 7.823872446482455525e-06
-1.290003999013476133e+01 1.208256518619206459e-06
-1.273337680253193582e+01 1.695408542727320686e-05
-1.257071309104041035e+01 5.846081890617128699e-06
-1.241190360395464154e+01 6.083298686399044794e-07
-1.225681003594876195e+01 8.739144655633238225e-06
-1.210530061769597765e+01 9.923675429262354137e-07
-1.195724973424155202e+01 2.610908346147406027e-06
-1.181253756980619762e+01 2.191814317292469545e-06
-1.167104977690866718e+01 1.557150209162944583e-06
-1.153267716788677255e+01 3.127370680099174280e-06
-1.139731542706779699e+01 1.269329684682944418e-06
-1.126486484199332239e+01 1.153343123317149080e-05
-1.113523005224293527e+01 2.484231156607074246e-06
-1.100831981452695096e+01 1.379884488815371034e-06
-1.088404678283180083e+01 4.884710050992276055e-07
-1.076232730250476877e+01 1.077372376416038832e-05
-1.064308121725769141e+01 4.498961073221773734e-06
-1.052623168815380517e+01 8.702155525564981786e-06
-1.041170502371859463e+01 6.265107427525019290e-06
-1.029943052038521678e+01 2.750566608862715309e-06
-1.018934031254830330e+01 1.594255299627008811e-06
-1.008136923155793951e+01 1.009713362247077631e-06
-9.975454673037956965e+00 6.550249148987185103e-07
-9.871536471960840942e+00 5.337213382047022993e-06
-9.769556784955334194e+00 1.729974853933695112e-06
-9.669459979362780899e+00 1.144402157378259348e-05
-9.571192528595137361e+00 1.056347311806993216e-07
-9.474702913380864899e+00 4.500825839415326079e-06
-9.379941528515811200e+00 3.302853946410732820e-07
-9.286860594764403842e+00 8.102578989377860183e-07
-9.195414075582201363e+00 1.390197814947016457e-06
-9.105557598354884874e+00 2.718261421130142810e-06
-9.017248379870389741e+00 6.090379126929255751e-07
-8.930445155761116638e+00 3.498171604743699730e-06
-8.845108113671695804e+00 8.194573557943200167e-07
-8.761198829924738973e+00 2.483137971170315652e-06
-8.678680209472876328e+00 6.819379230588169225e-07
-8.597516428939853128e+00 5.424233169427624611e-06
-8.517672882566811765e+00 2.888204832185684332e-06
-8.439116130892410084e+00 7.487995767117487414e-06
-8.361813852006719117e+00 2.454275810172868068e-06
-8.285734795229661387e+00 1.507218339139872538e-06
-8.210848737074378789e+00 6.407766655149157142e-06
-8.137126439365120589e+00 6.020930678407844598e-07
-8.064539609387715302e+00 4.442914550609558266e-07
-7.993060861958362295e+00 2.902067260703440910e-06
-7.922663683303976967e+00 1.357649285441577424e-06
-7.853322396653874549e+00 1.117181986541554068e-06
-7.785012129448951157e+00 3.299273774965990950e-06
-7.717708782080378249e+00 7.130622581042225897e-06
-7.651388998075133507e+00 2.680133367108906827e-06
-7.586030135650944750e+00 1.211706484746878494e-06
-7.521610240567749628e+00 2.636977876690843583e-06
-7.458108020207273370e+00 4.155714298617314079e-07
-7.395502818816379609e+00 8.911628076020719837e-07
-7.333774593853726209e+00 1.834482944685878085e-07
-7.272903893382695273e+00 3.595383960920868561e-06
-7.212871834457117437e+00 4.714619964868463445e-06
-7.153660082449187385e+00 1.153349346901130928e-06
-7.095250831272068126e+00 6.821102564129415825e-06
-7.037626784452278628e+00 8.866575325889961330e-07
-6.980771137009643468e+00 1.462118156612668407e-06
-6.924667558104775189e+00 1.646911269992729356e-06
-6.869300174416541616e+00 1.340399349020695959e-06
-6.814653554213885300e+00 5.744804500248538369e-06
-6.760712692088343800e+00 4.462402925580948729e-06
-6.707462994315648963e+00 2.011118105225849510e-06
-6.654890264816202716e+00 1.018782283687003533e-08
-6.602980691686176407e+00 8.053257238022477432e-06
-6.551720834272277472e+00 1.608656264704283232e-06
-6.501097610764786872e+00 7.131976086612578819e-07
-6.451098286284775440e+00 9.634820932823414041e-07
-6.401710461442654321e+00 4.399901506700692086e-07
-6.352922061346510496e+00 1.628455176408295063e-06
-6.304721325039668756e+00 5.575346577491090734e-06
-6.257096795348075169e+00 1.164134643885975277e-07
-6.210037309119101678e+00 3.656519605775341797e-07
-6.163531987834188541e+00 1.131711075455126627e-06
-6.117570228578837366e+00 8.327540781439313972e-07
-6.072141695354100754e+00 8.453479161560475498e-07
-6.027236310714632950e+00 1.020014765933794598e-06
-5.982844247719062203e+00 5.775523760879940407e-07
-5.938955922179146363e+00 7.329880815868898341e-07
-5.895561985194874843e+00 1.777070626596850396e-07
-5.852653315963272540e+00 1.546488571540246591e-06
-5.810221014849253685e+00 1.691082640079199613e-06
-5.768256396707496236e+00 1.658881518919198450e-06
-5.726750984444712422e+00 4.632921713216592284e-07
-5.685696502812374042e+00 2.103444330584388496e-06
-5.645084872420248701e+00 1.768987408756691571e-08
-5.604908203961667112e+00 2.830023274148314990e-06
-5.565158792641851981e+00 3.139883439068657060e-06
-5.525829112800970222e+00 3.057715112325440372e-06
-5.486911812724083681e+00 1.478625924196409507e-06
-5.448399709630409760e+00 1.529607901086564550e-07
-5.410285784834729661e+00 4.863023944562495415e-06
-5.372563179074079542e+00 5.782131701041621285e-07
-5.335225187993163587e+00 3.541930965263613924e-07
-5.298265257782246884e+00 4.630263924150229292e-07
-5.261676980961550676e+00 2.146085297928850833e-06
-5.225454092306433651e+00 6.471155523479166641e-07
-5.189590464907923639e+00 9.905117608352960074e-07
-5.154080106363324809e+00 2.339217026315542765e-07
-5.118917155092023386e+00 4.482601801615950653e-06
-5.084095876771596245e+00 3.316321356841972225e-06
-5.049610660889740643e+00 4.050392144093923767e-06
-5.015456017407655231e+00 1.819949702175229324e-06
-4.981626573530626878e+00 2.148974618388378716e-06
-4.948117070581910859e+00 8.432224734568302850e-06
-4.914922360976011539e+00 2.740661653533683689e-06
-4.882037405287712239e+00 2.211988081400641102e-06
-4.849457269413337102e+00 5.272649549565537204e-07
-4.817177121820895636e+00 3.776988515140036947e-07
-4.785192230885824571e+00 1.407539002668255946e-07
-4.753497962309302771e+00 7.696556133741499565e-07
-4.722089776616123835e+00 1.511514029232128338e-06
-4.690963226729293112e+00 1.824046189159202990e-08
-4.660113955618596648e+00 1.226691178720506362e-06
-4.629537694020590344e+00 2.300208289728924277e-06
-4.599230258227382961e+00 3.769419172399815593e-06
-4.569187547941903738e+00 2.533522254237012539e-06
-4.539405544197283149e+00 1.840242687128830455e-07
-4.509880307338105077e+00 3.976489418700544430e-07
-4.480607975061465353e+00 6.881322973230993175e-07
-4.451584760515686412e+00 1.539278675168770747e-07
-4.422806950454783781e+00 1.513767955145172052e-06
-4.394270903446768628e+00 6.094710657309642502e-07
-4.365973048133954926e+00 9.793588038494055413e-08
-4.337909881543509094e+00 4.804325698181817044e-06
-4.310077967446587444e+00 1.631034105291030015e-07
-4.282473934764412071e+00 3.566693121289387129e-07
-4.255094476019731786e+00 4.172092257271190741e-06
-4.227936345832168819e+00 7.858864645552063694e-07
-4.200996359456015128e+00 6.570420138157198951e-08
-4.174271391359062555e+00 3.027032571154473905e-06
-4.147758373841154089e+00 2.375242883276431064e-07
-4.121454295691163061e+00 5.221822902798069349e-07
-4.095356200881122177e+00 1.406153481131686945e-07
-4.069461187296388616e+00 4.239057046001686476e-06
-4.043766405500584860e+00 2.621469903266685359e-06
-4.018269057534298305e+00 1.992282588397717029e-07
-3.992966395746416985e+00 1.960519029372071934e-06
-3.967855721657088441e+00 1.487945191699098331e-06
-3.942934384851309204e+00 1.654258300105985334e-07
-3.918199781902168777e+00 1.257254864236197229e-06
-3.893649355322847061e+00 3.218041068548346093e-06
-3.869280592546462394e+00 3.754025176895436040e-06
-3.845091024932894896e+00 6.293627616253503187e-08
-3.821078226801797317e+00 5.816476402335546040e-06
-3.797239814490932730e+00 3.901421980413836727e-06
-3.773573445439120100e+00 1.516425653942576134e-06
-3.750076817293014120e+00 1.666567505783683382e-07
-3.726747667036997225e+00 7.326693226893908888e-07
-3.703583770145510101e+00 5.031682964021690046e-07
-3.680582939757102157e+00 4.292647484653096363e-06
-3.657743025869630404e+00 2.377991183325789442e-06
-3.635061914555887341e+00 1.551050384132096772e-06
-3.612537527199123133e+00 1.116106996447661322e-06
-3.590167819747855482e+00 9.750235465255272493e-07
-3.567950781989368547e+00 3.383970841707677942e-07
-3.545884436841426179e+00 1.776301410843537742e-06
-3.523966839661581307e+00 5.661363244777253302e-07
-3.502196077573649369e+00 1.602143621179393139e-06
-3.480570268810808887e+00 1.204209386386283662e-06
-3.459087562074850908e+00 3.161905052597005199e-07
-3.437746135911134981e+00 1.395243409481017328e-06
-3.416544198098792506e+00 1.662513733833011499e-06
-3.395479985055740890e+00 4.287850514128551559e-06
-3.374551761258098193e+00 4.333533725126946879e-06
-3.353757818673582580e+00 5.289668083333624141e-06
-3.333096476208523118e+00 2.273917993738654123e-06
-3.312566079168071553e+00 1.114335475589275006e-06
-3.292164998729279812e+00 2.687870139476714293e-06
-3.271891631426664837e+00 1.932421831165827888e-06
-3.251744398649922374e+00 1.635024479768640664e-06
-3.231721746153456643e+00 1.576390469065441663e-06
-3.211822143577407918e+00 1.188693993315122585e-06
-3.192044083979844071e+00 1.658838126910752405e-08
-3.172386083379843402e+00 3.288978668803628749e-07
-3.152846680311138350e+00 4.461127650426629826e-06
-3.133424435386072737e+00 3.826033790032577998e-06
-3.114117930869558570e+00 2.082429107436318936e-06
-3.094925770262795250e+00 1.474256737981452725e-06
-3.075846577896469647e+00 1.541714762770229686e-06
-3.056878998533198555e+00 4.784815628640273750e-07
-3.038021696978961295e+00 4.221586832492070279e-06
-3.019273357703287086e+00 4.623029776422988402e-07
-3.000632684467968048e+00 1.524341832283694712e-06
-2.982098399964077995e+00 6.066768918585776005e-06
-2.963669245457069223e+00 1.644950324216738506e-06
-2.945343980439752762e+00 9.809686137118274888e-06
-2.927121382292947160e+00 3.674060743411099507e-06
-2.909000245953597297e+00 6.929045296287688441e-07
-2.890979383590179363e+00 4.620411941306335672e-07
-2.873057624285205058e+00 7.999543843348161174e-07
-2.855233813724623815e+00 3.294033252811287370e-06
-2.837506813893987179e+00 5.159497770407621544e-06
-2.819875502781155951e+00 2.112425544799772538e-06
-2.802338774085429751e+00 2.830529081155335973e-07
-2.784895536932901372e+00 1.800143659160704818e-06
-2.767544715597910265e+00 7.869544944382422860e-07
-2.750285249230413953e+00 5.884565833578031797e-06
-2.733116091589155250e+00 6.296384094979526349e-06
-2.716036210780464089e+00 4.502090966870124871e-06
-2.699044589002566052e+00 6.746480168470157673e-07
-2.682140222295249732e+00 6.812495212847541582e-07
-2.665322120294779662e+00 9.720492717132886857e-06
-2.648589305993904297e+00 2.230732127062233050e-08
-2.631940815506855547e+00 1.699899832510116958e-08
-2.615375697839200431e+00 3.900968150435967312e-06
-2.598893014662444045e+00 1.051807040096881037e-06
-2.582491840093254609e+00 1.546659097377206761e-06
-2.566171260477212002e+00 3.221217060965469558e-07
-2.549930374176959447e+00 3.802064003280591478e-07
-2.533768291364664638e+00 1.499430629925469289e-07
-2.517684133818677505e+00 1.191344948833725982e-06
-2.501677034724291371e+00 9.472413746521638708e-07
-2.485746138478510670e+00 1.366278816990826712e-07
-2.469890600498723998e+00 4.610362615692481153e-08
-2.454109587035200768e+00 1.393283895046164130e-06
-2.438402274987315543e+00 2.145965062095708767e-06
-2.422767851723407695e+00 1.375052828891786101e-06
-2.407205514904207533e+00 2.864610746308677738e-06
-2.391714472309731221e+00 6.591561747197691311e-07
-2.376293941669569421e+00 1.027453109703232118e-06
-2.360943150496495058e+00 1.063861873462653468e-05
-2.345661335923311608e+00 9.311601897325216950e-09
-2.330447744542858413e+00 3.452054249400709164e-07
-2.315301632251118846e+00 5.698019407255604161e-06
-2.300222264093345625e+00 9.810393519794421205e-07
-2.285208914113144640e+00 2.991207164512678647e-07
-2.270260865204440481e+00 4.584114087235788390e-06
-2.255377408966269037e+00 3.494779762322122442e-06
-2.240557845560325223e+00 1.585212249688045231e-06
-2.225801483571210770e+00 1.920296844566214893e-06
-2.211107639869315467e+00 5.435702127252062277e-07
-2.196475639476279440e+00 6.639159698799776791e-07
-2.181904815432973432e+00 1.313596979193714910e-06
-2.167394508669943320e+00 3.041608555013270924e-06
-2.152944067880271817e+00 3.688783985872520570e-06
-2.138552849394784516e+00 3.219362888221111271e-06
-2.124220217059574090e+00 5.413562731801288666e-06
-2.109945542115772454e+00 1.597444941071886858e-06
-2.095728203081529628e+00 7.848910306596124684e-08
-2.081567585636154849e+00 7.001009783310349472e-06
-2.067463082506362237e+00 2.711074088465597278e-06
-2.053414093354584136e+00 4.009055364061634086e-06
-2.039420024669305942e+00 5.887268322365579860e-07
-2.025480289657382471e+00 6.517579530927502919e-06
-2.011594308138276332e+00 1.254143849149681857e-06
-1.997761506440205226e+00 1.601650994608460352e-06
-1.983981317298131319e+00 1.095700386097059674e-06
-1.970253179753569617e+00 3.893565695237007493e-06
-1.956576539056167352e+00 5.993647610810404071e-07
-1.942950846567025547e+00 2.165100539719474207e-06
-1.929375559663717654e+00 2.852239792253676960e-06
-1.915850141646975535e+00 3.973712239315001171e-06
-1.902374061649005244e+00 2.251757955800311279e-06
-1.888946794543396868e+00 1.118484677169943574e-06
-1.875567820856598900e+00 3.742717151854805568e-06
-1.862236626680921825e+00 5.893494676769679512e-06
-1.848952703589041180e+00 2.385922155647281722e-06
-1.835715548549967879e+00 2.156551305782510735e-06
-1.822524663846452730e+00 4.804377184273074463e-06
-1.809379556993800708e+00 5.313276523110519253e-06
-1.796279740660062796e+00 1.467559306976877292e-06
-1.783224732587581407e+00 9.863250132378688548e-07
-1.770214055515849871e+00 3.903434720779252871e-06
-1.757247237105675541e+00 7.321459966277172002e-06
-1.744323809864610553e+00 4.503223194707630381e-07
-1.731443311073621372e+00 5.299554625831224017e-06
-1.718605282714980698e+00 2.327508413343137363e-07
-1.705809271401351745e+00 8.354362351063857726e-07
-1.693054828306041149e+00 1.858570167715229296e-06
-1.680341509094399610e+00 3.291879380024911174e-06
-1.667668873856344547e+00 1.316847156504619239e-06
-1.655036487039980519e+00 1.523636894378919037e-06
-1.642443917386301022e+00 1.669055373660527134e-06
-1.629890737864948980e+00 5.748457334161826196e-06
-1.617376525611005755e+00 2.849728611615685094e-07
-1.604900861862805783e+00 3.023024125889807113e-06
-1.592463331900736856e+00 4.639968413967503397e-07
-1.580063524987020074e+00 2.414797763024423966e-06
-1.567701034306447028e+00 3.121811067006862588e-06
-1.555375456908052678e+00 3.705459515794671623e-06
-1.543086393647707277e+00 2.256221586454696444e-06
-1.530833449131608237e+00 2.311706853496338872e-06
-1.518616231660659732e+00 2.368744361579360965e-07
-1.506434353175712282e+00 1.982968139642763382e-06
-1.494287429203655870e+00 2.047089075534696882e-06
-1.482175078804342627e+00 9.483718026628209922e-06
-1.470096924518329295e+00 4.476702743870188448e-06
-1.458052592315416618e+00 2.354359238757376213e-06
-1.446041711543979202e+00 1.464508645933329040e-05
-1.434063914881057000e+00 3.903883988152653921e-06
-1.422118838283209508e+00 1.185011799584959480e-06
-1.410206120938107599e+00 6.598525467494063903e-06
-1.398325405216850115e+00 3.851759664790793686e-06
-1.386476336626996986e+00 1.463380373373775200e-06
-1.374658563766294916e+00 1.958161588247836913e-06
-1.362871738277095179e+00 7.239730849447954115e-06
-1.351115514801437101e+00 4.291677217567718508e-06
-1.339389550936797013e+00 1.636344839191072452e-07
-1.327693507192477362e+00 1.867194829256306955e-06
-1.316027046946637080e+00 2.467105636566076532e-06
-1.304389836403941239e+00 2.195114260837864678e-06
-1.292781544553817996e+00 2.004559330819334020e-06
-1.281201843129320173e+00 2.648654948635402817e-06
-1.269650406566570577e+00 7.797130987210593698e-06
-1.258126911964788874e+00 4.782332526091312243e-06
-1.246631039046874889e+00 6.537389102756206386e-06
-1.235162470120555911e+00 2.255827986646323564e-05
-1.223720890040073339e+00 5.115287936287610287e-06
-1.212305986168408234e+00 5.958734763021417454e-06
-1.200917448340022453e+00 6.019883344542971297e-06
-1.189554968824123149e+00 7.022362083569559866e-06
-1.178218242288426865e+00 9.219800099212944772e-06
-1.166906965763418569e+00 1.238607634505082530e-05
-1.155620838607101852e+00 2.876763766807783759e-06
-1.144359562470215863e+00 1.026081965051629962e-07
-1.133122841261928526e+00 9.265136606218524803e-06
-1.121910381115985400e+00 8.552425039255121602e-06
-1.110721890357309283e+00 6.459482164162031305e-06
-1.099557079469039467e+00 1.394366082014793364e-06
-1.088415661060010642e+00 1.036688707404017321e-06
-1.077297349832647466e+00 3.789514231545450200e-06
-1.066201862551285018e+00 3.720736592378201458e-06
-1.055128918010896033e+00 1.961650025724810835e-06
-1.044078237006218046e+00 5.458032559461057116e-07
-1.033049542301277102e+00 6.197962122175949305e-07
-1.022042558599299822e+00 3.552932663712944995e-07
-1.011057012512998066e+00 5.041391142520483933e-06
-1.000092632535235726e+00 1.238852833994333598e-05
-9.891491490100537964e-01 2.919550151781983020e-06
-9.782262941040561488e-01 9.633854227022868485e-06
-9.673238017781481402e-01 8.589748053461050022e-06
-9.564414077596213870e-01 1.822053523195907453e-06
-9.455788495145712735e-01 1.329864894138145325e-05
-9.347358662206534108e-01 1.256733367215252194e-05
-9.239121987401626157e-01 1.246346793787918232e-05
-9.131075895934324116e-01 4.941991193196736105e-06
-9.023217829325496098e-01 1.589223586260322630e-06
-8.915545245153719822e-01 6.592524500091196993e-06
-8.808055616798529108e-01 4.675713234185458198e-06
-8.700746433186589135e-01 5.995003832049989891e-06
-8.593615198540814903e-01 2.742622334179599493e-06
-8.486659432132259706e-01 7.544897810400154312e-06
-8.379876668034880183e-01 1.755600260558022366e-05
-8.273264454882990337e-01 9.568432774704176006e-08
-8.166820355631438932e-01 2.950470914763733471e-05
-8.060541947318363709e-01 1.373259562070683737e-05
-7.954426820830584610e-01 1.622625984580703171e-05
-7.848472580671504994e-01 3.171060973356052293e-05
-7.742676844731486430e-01 6.852462792634340176e-06
-7.637037244060699281e-01 1.802888141628406670e-05
-7.531551422644284788e-01 5.849304230855603589e-06
-7.426217037179922986e-01 1.363149191424510164e-05
-7.321031756857663275e-01 6.313174177192150902e-06
-7.215993263142009839e-01 5.169277750030300665e-06
-7.111099249556180890e-01 1.256440939922974439e-06
-7.006347421468592795e-01 5.218481334689173470e-06
-6.901735495881351490e-01 2.664348899339355622e-05
-6.797261201220911042e-01 1.744046525618147034e-05
-6.692922277130706199e-01 2.509816949811545292e-05
-6.588716474265783329e-01 8.889452782654918466e-06
-6.484641554089376481e-01 5.616603798947755489e-06
-6.380695288671385246e-01 9.992779472296541503e-06
-6.276875460488731129e-01 2.621129960660135584e-06
-6.173179862227488046e-01 1.641069665733061253e-05
-6.069606296586862459e-01 9.546305353191679129e-06
-5.966152576084875481e-01 2.336207663986056258e-05
-5.862816522865772484e-01 1.918245358940366777e-05
-5.759595968509094721e-01 1.207917673091581836e-05
-5.656488753840412942e-01 4.355434594339426186e-05
-5.553492728743597562e-01 3.290305636189554475e-05
-5.450605751974718638e-01 1.885186655164568578e-05
-5.347825690977430213e-01 6.762613993394664516e-06
-5.245150421699888987e-01 1.269600116448568359e-04
-5.142577828413065211e-01 2.526193194224905347e-05
-5.040105803530536832e-01 3.382544205363265710e-06
-4.937732247429644228e-01 2.062348930728854373e-05
-4.835455068274036594e-01 1.708985965147757487e-05
-4.733272181837471781e-01 1.330224771861277071e-05
-4.631181511328986700e-01 9.125143190020318059e-06
-4.529180987219272314e-01 1.166996661690937806e-05
-4.427268547068332061e-01 2.030143711474259621e-05
-4.325442135354257145e-01 3.588735516816973998e-05
-4.223699703303245845e-01 5.991063990886456549e-05
-4.122039208720716941e-01 1.678618496609032780e-05
-4.020458615823537807e-01 3.192303687634684422e-05
-3.918955895073323314e-01 3.521172859503940227e-05
-3.817529023010813316e-01 1.140995394968287007e-05
-3.716175982091194929e-01 4.601809329976984565e-05
-3.614894760520483419e-01 7.099861566741985056e-05
-3.513683352092828449e-01 5.595254124732540322e-05
-3.412539756028758475e-01 1.960203075782774467e-04
-3.311461976814312758e-01 4.547077567747534541e-05
-3.210448024041094306e-01 2.607985390775278755e-05
-3.109495912247085547e-01 2.096775397767078873e-05
-3.008603660758366605e-01 5.617155693200828422e-05
-2.907769293531580201e-01 6.500536116717835005e-05
-2.806990838997174276e-01 4.380070701882099899e-05
-2.706266329903371237e-01 8.264338145751894799e-05
-2.605593803160889399e-01 8.204697738204620749e-05
-2.504971299688272257e-01 1.264487817809975567e-04
-2.404396864257955790e-01 3.423526206080264268e-04
-2.303868545342923901e-01 1.191252115336551438e-04
-2.203384394963986970e-01 6.731045808693004659e-05
-2.102942468537628840e-01 1.617443042099002870e-04
-2.002540824724450275e-01 5.711579083460538713e-05
-1.902177525278067050e-01 2.310865939140302038e-03
-1.801850634894590075e-01 1.825321957262112868e-03
-1.701558221062540455e-01 1.919314232813119404e-04
-1.601298353913264694e-01 9.533266597898548689e-03
-1.501069106071708514e-01 3.595324720095004136e-04
-1.400868552507662790e-01 2.207673836225184649e-01
-1.300694770387391397e-01 5.077814360231527324e-01
-1.200545838925550501e-01 4.505063656678351958e-01
-1.100419839237516545e-01 9.275392192376703537e-01
-1.000314854191983877e-01 1.231354024198857422e+00
-9.002289682638489610e-02 1.442095834794527853e+00
-8.001602673873924043e-02 2.107595997492311746e+00
-7.001068388096250150e-02 2.995695110767358837e+00
-6.000667709439190534e-02 3.519067745857284990e+00
-5.000381532237931775e-02 4.213568593054372258e+00
-4.000190759568706539e-02 5.406864164158752928e+00
-3.000076301789707939e-02 5.644676728224803597e+00
-2.000019075083557876e-02 6.435544539768063288e+00
-9.999999999999974187e-03 9.175673823709999510e+00
0.000000000000000000e+00 8.750313950065308433e+00
9.999999999999974187e-03 9.568373276778897818e+00
2.000019075083557876e-02 9.430024310835259271e+00
3.000076301789707939e-02 5.190134264836832045e+00
4.000190759568635068e-02 5.211231631839781109e+00
5.000381532237860305e-02 3.283992663672809176e+00
6.000667709439118369e-02 3.584078065823926629e+00
7.001068388096322315e-02 2.155373359720705650e+00
8.001602673873996208e-02 2.101374003291334169e+00
9.002289682638561774e-02 1.699211262475482709e+00
1.000314854191983877e-01 1.264597865186821712e+00
1.100419839237516545e-01 7.237105016009314218e-01
1.200545838925550501e-01 6.985288905331532572e-01
1.300694770387391397e-01 4.483794995430524510e-01
1.400868552507662790e-01 2.404892270237691532e-01
1.501069106071708514e-01 1.611074232311622279e-01
1.601298353913264694e-01 2.199858664795249948e-03
1.701558221062540455e-01 1.258753393407123153e-02
1.801850634894582859e-01 2.568733963504820760e-03
1.902177525278067050e-01 6.033553471514970824e-04
2.002540824724450275e-01 2.468588907127015940e-04
2.102942468537628840e-01 1.846494145797245002e-04
2.203384394963986970e-01 2.430938688908439844e-04
2.303868545342923901e-01 8.319623878261885164e-06
2.404396864257955790e-01 1.492799832306857444e-04
2.504971299688272257e-01 2.679003233470376283e-04
2.605593803160889399e-01 2.175812096645359254e-04
2.706266329903371237e-01 5.679110541987777538e-05
2.806990838997167059e-01 1.329064333954933124e-04
2.907769293531572985e-01 4.622837016333807681e-05
3.008603660758359388e-01 2.437388664258530161e-05
3.109495912247092764e-01 1.885558264097056345e-05
3.210448024041101522e-01 6.315804570492325205e-06
3.311461976814320529e-01 2.571073957419503012e-05
3.412539756028758475e-01 7.448756492043466221e-06
3.513683352092828449e-01 2.489063161341455865e-05
3.614894760520483419e-01 3.303999471974268488e-05
3.716175982091194929e-01 1.499286530534981009e-05
3.817529023010813316e-01 2.603045480465402379e-05
3.918955895073323314e-01 6.815117014341387600e-06
4.020458615823530590e-01 1.764773512587356104e-05
4.122039208720709169e-01 3.582322534736202618e-05
4.223699703303238628e-01 3.957688161379555259e-05
4.325442135354264361e-01 1.540755904987158471e-05
4.427268547068339277e-01 1.159102014983429336e-06
4.529180987219279531e-01 3.409223796977096883e-05
4.631181511328986700e-01 1.730476464913569879e-06
4.733272181837471781e-01 3.681574852824318528e-05
4.835455068274036594e-01 1.806783896906870142e-05
4.937732247429644228e-01 1.468792375706123128e-05
5.040105803530536832e-01 1.068615934627762180e-06
5.142577828413065211e-01 8.567163766470202351e-06
5.245150421699888987e-01 2.755595038941542014e-05
5.347825690977430213e-01 9.308463514926998259e-06
5.450605751974710866e-01 1.209459333975518819e-05
5.553492728743597562e-01 9.139207882208727656e-06
5.656488753840412942e-01 4.856328431475137093e-06
5.759595968509094721e-01 1.750275807541867146e-05
5.862816522865772484e-01 1.994489027190284332e-05
5.966152576084875481e-01 1.555919354926402974e-05
6.069606296586862459e-01 1.589943211995265999e-06
6.173179862227488046e-01 8.677063758221042073e-06
6.276875460488731129e-01 1.259201630720034517e-05
6.380695288671385246e-01 5.834629005317638287e-06
6.484641554089369819e-01 8.119839168979882390e-07
6.588716474265774448e-01 5.146483240544600469e-05
6.692922277130698427e-01 9.478364942024580737e-06
6.797261201220904381e-01 1.522507972991205689e-05
6.901735495881360372e-01 2.146519001382760116e-05
7.006347421468600567e-01 8.645095764779232110e-06
7.111099249556188662e-01 8.369248293889559095e-06
7.215993263142009839e-01 2.320879074802833784e-05
7.321031756857663275e-01 6.544996918029630119e-06
7.426217037179922986e-01 1.354209735605681691e-05
7.531551422644284788e-01 1.784402171053968444e-06
7.637037244060699281e-01 3.840855765810140054e-05
7.742676844731486430e-01 5.552343889477655053e-07
7.848472580671498333e-01 4.518147275842148595e-06
7.954426820830577949e-01 4.083058934492797237e-06
8.060541947318363709e-01 1.117479249162555089e-05
8.166820355631446704e-01 1.672570361899413039e-05
8.273264454882999219e-01 4.969431657470499034e-06
8.379876668034880183e-01 4.413301820234151237e-06
8.486659432132259706e-01 1.155382469441374111e-05
8.593615198540814903e-01 1.682192792478019009e-05
8.700746433186589135e-01 1.340253209014581518e-05
8.808055616798529108e-01 8.142617860532365889e-06
8.915545245153719822e-01 6.431130518881734924e-07
9.023217829325496098e-01 7.845219945475332557e-06
9.131075895934324116e-01 1.923225372225642580e-06
9.239121987401619496e-01 3.669352961051561343e-06
9.347358662206525226e-01 1.383439035647556772e-05
9.455788495145712735e-01 2.246043484102083510e-06
9.564414077596213870e-01 1.851377757463894475e-05
9.673238017781488063e-01 1.470213201913220619e-05
9.782262941040561488e-01 1.390758525238111815e-05
9.891491490100537964e-01 2.550562596343164001e-06
1.000092632535235726e+00 8.247255854370534519e-06
1.011057012512998066e+00 1.846732481220436279e-05
1.022042558599299822e+00 8.846095181329675477e-06
1.033049542301277102e+00 1.282676957314613712e-05
1.044078237006217380e+00 4.390348302722379566e-07
1.055128918010895367e+00 2.710585442442762608e-06
1.066201862551284352e+00 1.100494109837207964e-05
1.077297349832648132e+00 1.262433627434005542e-05
1.088415661060011308e+00 1.314474102412420157e-05
1.099557079469040355e+00 7.317504626781104433e-07
1.110721890357309283e+00 2.414834525348464201e-06
1.121910381115985400e+00 1.348929605578439608e-05
1.133122841261928526e+00 3.975387105542822975e-07
1.144359562470215863e+00 1.205770085294093830e-06
1.155620838607101852e+00 4.006815359747309887e-06
1.166906965763418569e+00 1.391664333406742949e-06
1.178218242288425976e+00 1.025789970048959081e-05
1.189554968824123149e+00 2.915136629814002941e-06
1.200917448340022453e+00 4.593488849870873365e-06
1.212305986168408900e+00 4.901462325689883793e-06
1.223720890040074227e+00 5.669883098827142933e-06
1.235162470120555911e+00 6.596720774995388287e-06
1.246631039046874889e+00 2.780406542237765434e-06
1.258126911964788874e+00 1.317125310156065579e-07
1.269650406566570577e+00 6.465295556790905298e-06
1.281201843129320173e+00 7.161079387010387811e-07
1.292781544553817996e+00 4.250415718899424950e-06
1.304389836403941239e+00 2.624834620397850591e-06
1.316027046946637080e+00 2.097497602871437890e-06
1.327693507192476696e+00 4.816007971595050322e-06
1.339389550936796125e+00 7.090430524343311022e-06
1.351115514801436435e+00 1.923663067022407267e-07
1.362871738277095179e+00 9.113820108730944945e-08
1.374658563766295805e+00 1.186306273092431802e-06
1.386476336626997652e+00 1.102012631850888397e-06
1.398325405216850559e+00 1.122189937994898400e-05
1.410206120938107599e+00 1.903068027407718671e-06
1.422118838283209508e+00 4.563012796208934672e-06
1.434063914881057000e+00 9.694098220729175055e-06
1.446041711543979202e+00 2.032849949595775098e-06
1.458052592315416618e+00 3.688392138451401839e-06
1.470096924518328407e+00 1.150638227571687600e-05
1.482175078804341739e+00 3.042589402089727667e-06
1.494287429203654982e+00 9.540971878602310364e-06
1.506434353175713392e+00 2.579248734320446730e-06
1.518616231660660620e+00 5.926161388422403705e-08
1.530833449131608681e+00 7.692250779518911325e-06
1.543086393647707277e+00 3.985605021757768708e-07
1.555375456908052678e+00 3.161583576347394966e-06
1.567701034306447028e+00 1.132607933633272372e-06
1.580063524987019630e+00 4.201268891713005898e-08
1.592463331900736190e+00 2.675683621868949760e-06
1.604900861862805117e+00 4.416057440831984285e-06
1.617376525611005755e+00 5.585753986546833995e-06
1.629890737864948091e+00 1.975109106986097700e-06
1.642443917386300800e+00 3.597069449566120262e-06
1.655036487039980742e+00 4.592075609729151772e-06
1.667668873856345213e+00 6.224553538566905068e-07
1.680341509094400276e+00 1.328513455695908997e-06
1.693054828306040926e+00 7.261478235587728832e-08
1.705809271401351079e+00 2.492967467993721198e-06
1.718605282714980920e+00 2.819428883789151281e-06
1.731443311073621594e+00 3.777495369740115658e-09
1.744323809864610997e+00 3.593366761077235216e-06
1.757247237105675541e+00 4.808088989620699756e-07
1.770214055515848983e+00 1.993705156149854245e-06
1.783224732587580741e+00 2.910106926406319398e-06
1.796279740660062352e+00 1.225321049091378083e-06
1.809379556993800708e+00 5.051591732248278455e-08
1.822524663846453397e+00 2.431187323205071313e-06
1.835715548549968767e+00 4.035834847364752989e-07
1.848952703589041624e+00 1.450448995103201517e-06
1.862236626680921825e+00 3.156249505603154229e-06
1.875567820856598900e+00 2.085105972809928472e-06
1.888946794543396868e+00 1.157783494518018885e-06
1.902374061649005244e+00 7.010224394216222524e-06
1.915850141646975535e+00 4.172034825885431118e-06
1.929375559663716988e+00 6.984388132218106466e-07
1.942950846567024437e+00 1.870745316974111390e-06
1.956576539056166242e+00 2.751085101198200485e-06
1.970253179753570727e+00 1.670258458063714024e-06
1.983981317298132430e+00 1.796874818776051827e-07
1.997761506440205892e+00 3.505690976749801228e-07
2.011594308138276332e+00 5.445945194976441862e-06
2.025480289657382471e+00 3.306390719223677807e-06
2.039420024669305942e+00 1.542687034422172702e-06
2.053414093354583247e+00 1.840038877170700069e-06
2.067463082506361793e+00 1.845613934629681432e-06
2.081567585636154405e+00 4.681169886642852683e-06
2.095728203081529628e+00 1.194039545377037771e-06
2.109945542115771566e+00 2.945191004818141672e-06
2.124220217059573645e+00 2.030300189824311725e-06
2.138552849394784072e+00 1.245173593182724683e-06
2.152944067880272261e+00 5.217272825267711541e-07
2.167394508669943765e+00 7.853545781186611747e-07
2.181904815432972988e+00 3.301042664936506308e-07
2.196475639476278996e+00 2.763563262153206270e-08
2.211107639869315911e+00 1.110181608960829457e-06
2.225801483571211214e+00 3.080091849587895424e-07
2.240557845560325667e+00 9.184943276655502495e-07
2.255377408966268149e+00 2.681674119842796846e-07
2.270260865204440481e+00 7.429306249178502318e-07
2.285208914113143308e+00 9.167449815174070632e-07
2.300222264093344737e+00 4.183285485226208625e-06
2.315301632251118846e+00 1.883776422032337695e-06
2.330447744542859301e+00 2.781723497783841732e-06
2.345661335923311608e+00 2.620791900494212611e-06
2.360943150496495946e+00 3.767973489889412587e-06
2.376293941669568088e+00 1.129160276691714663e-06
2.391714472309731221e+00 2.711923276670327871e-06
2.407205514904206645e+00 2.206654323306679278e-07
2.422767851723407695e+00 7.952414842544484351e-07
2.438402274987316432e+00 5.333603065251840321e-06
2.454109587035200768e+00 2.481411707466546893e-06
2.469890600498723998e+00 6.305601818887338858e-07
2.485746138478509337e+00 1.339331291458953937e-07
2.501677034724291371e+00 2.407977072780215084e-06
2.517684133818678394e+00 8.140994935968174339e-07
2.533768291364664638e+00 9.259713399277524468e-07
2.549930374176959891e+00 2.956340184202180035e-06
2.566171260477213334e+00 9.534052545153840273e-07
2.582491840093254609e+00 1.264721905407641475e-06
2.598893014662444489e+00 9.397641197924982713e-07
2.615375697839199987e+00 1.289911192949823648e-06
2.631940815506855991e+00 2.039226382100238337e-07
2.648589305993903409e+00 1.520205297066917844e-06
2.665322120294779218e+00 1.076520045648772139e-06
2.682140222295247955e+00 9.541357125890426486e-08
2.699044589002565164e+00 3.890126419702203489e-06
2.716036210780464977e+00 8.533442633679898598e-07
2.733116091589157026e+00 1.750099566627146472e-06
2.750285249230413953e+00 2.230939821018802891e-08
2.767544715597911598e+00 5.566741731821050075e-07
2.784895536932901372e+00 2.163977207335440252e-06
2.802338774085429751e+00 1.875843811058707961e-06
2.819875502781155063e+00 2.088098708673722742e-06
2.837506813893987179e+00 1.057926954976110828e-06
2.855233813724622927e+00 3.470015922057398099e-06
2.873057624285204170e+00 2.975091509046671213e-06
2.890979383590180252e+00 1.289203216958046670e-06
2.909000245953595520e+00 1.939529874263585189e-06
2.927121382292947160e+00 2.035017705939659554e-06
2.945343980439754095e+00 8.575804530693289940e-07
2.963669245457068335e+00 2.057326565174287505e-06
2.982098399964077995e+00 1.634133177220300901e-06
3.000632684467967159e+00 1.852629490680994468e-07
3.019273357703287086e+00 2.933681551521713913e-07
3.038021696978962627e+00 3.440126426509290669e-08
3.056878998533198555e+00 1.589260527887436668e-06
3.075846577896470535e+00 6.718536078786935888e-07
3.094925770262794362e+00 4.344308638685382907e-06
3.114117930869559014e+00 1.238451644890797032e-07
3.133424435386071849e+00 1.370656489838312414e-06
3.152846680311138350e+00 1.197617665165329185e-06
3.172386083379844290e+00 2.961963048919927729e-08
3.192044083979846292e+00 1.465212211423632414e-06
3.211822143577407918e+00 2.243015356434883834e-06
3.231721746153457975e+00 8.853325179169442134e-07
3.251744398649921930e+00 3.820390790246047540e-06
3.271891631426665281e+00 1.672611855730575869e-07
3.292164998729279368e+00 1.960883640258978724e-06
3.312566079168071553e+00 2.170835694422849990e-06
3.333096476208521786e+00 1.344020711527703669e-07
3.353757818673582580e+00 2.450049194393678242e-06
3.374551761258096416e+00 1.510632019442698368e-06
3.395479985055740446e+00 6.692984808389718237e-07
3.416544198098793395e+00 4.404503240338551268e-07
3.437746135911136314e+00 7.581301023847123318e-06
3.459087562074850908e+00 2.262307682424002295e-06
3.480570268810810663e+00 2.867694813701730177e-06
3.502196077573649369e+00 5.618505129100081967e-06
3.523966839661581307e+00 5.079625135196406452e-07
3.545884436841424847e+00 1.456192758401978878e-07
3.567950781989368547e+00 8.659346697396955773e-07
3.590167819747851929e+00 8.771171134098560207e-07
3.612537527199123133e+00 5.500327356383270772e-07
3.635061914555887341e+00 2.374332582487447664e-08
3.657743025869628628e+00 2.156682626837616386e-06
3.680582939757102157e+00 4.271138558475780914e-06
3.703583770145510101e+00 1.415059894769153991e-07
3.726747667036997225e+00 9.105858372892299774e-07
3.750076817293014120e+00 6.119309573529702543e-07
3.773573445439117879e+00 4.709654433022733699e-06
3.797239814490932730e+00 2.768007958392293012e-06
3.821078226801799538e+00 3.312588911041570219e-06
3.845091024932894896e+00 1.726616381624053363e-06
3.869280592546462394e+00 2.735286671723091829e-07
3.893649355322847061e+00 1.366798779848190948e-06
3.918199781902168777e+00 2.695892521768669874e-06
3.942934384851307872e+00 5.699798062369581653e-07
3.967855721657088441e+00 1.197069469692219932e-06
3.992966395746416985e+00 2.736519601675170205e-06
4.018269057534300082e+00 3.751213316302237657e-06
4.043766405500584860e+00 5.319574128232486854e-06
4.069461187296391280e+00 9.266253639930715329e-07
4.095356200881122177e+00 1.526063033561588918e-06
4.121454295691163061e+00 2.561383157342092408e-06
4.147758373841154089e+00 1.356715083343237066e-07
4.174271391359062555e+00 3.713036172703560593e-06
4.200996359456013352e+00 1.448286872300004660e-06
4.227936345832168819e+00 1.346593686890899004e-06
4.255094476019727345e+00 9.291005346531523529e-07
4.282473934764413848e+00 8.432341265963683159e-07
4.310077967446587444e+00 1.368851957622671109e-06
4.337909881543510870e+00 1.530614147663224443e-06
4.365973048133954926e+00 2.865120986997762883e-06
4.394270903446770404e+00 5.345591003025050772e-06
4.422806950454781116e+00 1.507515291375971515e-07
4.451584760515686412e+00 2.807696530592794460e-07
4.480607975061463577e+00 1.977115733850616629e-06
4.509880307338105077e+00 2.453245407338502890e-06
4.539405544197283149e+00 2.711325129888234091e-06
4.569187547941903738e+00 2.613423943018505097e-06
4.599230258227382961e+00 9.722646704509181469e-07
4.629537694020593008e+00 8.342747681241819683e-07
4.660113955618596648e+00 4.706154222128649164e-06
4.690963226729293112e+00 7.139574826007310062e-08
4.722089776616123835e+00 3.876703287973798460e-06
4.753497962309302771e+00 7.451885551811241955e-07
4.785192230885826348e+00 1.586560549165549751e-07
4.817177121820895636e+00 1.025274295675943500e-06
4.849457269413340654e+00 3.110244193653335994e-07
4.882037405287709575e+00 9.237984972810436482e-06
4.914922360976011539e+00 1.458467940842439542e-06
4.948117070581908195e+00 1.279978471548981922e-06
4.981626573530626878e+00 1.028667295791028446e-06
5.015456017407652567e+00 1.840451851375540035e-06
5.049610660889745972e+00 8.965332092777820088e-07
5.084095876771596245e+00 3.720494876450296099e-07
5.118917155092026050e+00 6.734946700312738633e-07
5.154080106363324809e+00 7.240096882394841290e-07
5.189590464907923639e+00 1.211399606265715091e-06
5.225454092306433651e+00 2.802099741579435378e-07
5.261676980961550676e+00 2.571994092854748000e-07
5.298265257782244220e+00 1.062798720798224821e-06
5.335225187993163587e+00 2.044517145540270978e-06
5.372563179074077766e+00 1.349359048469604643e-06
5.410285784834729661e+00 8.940306900054042628e-07
5.448399709630405319e+00 3.760119464873984362e-08
5.486911812724086346e+00 1.520506523272137010e-06
5.525829112800970222e+00 4.894064316603669387e-06
5.565158792641854646e+00 7.854315734877908172e-08
5.604908203961667112e+00 1.486366116656413457e-07
5.645084872420248701e+00 2.090652090236042467e-06
5.685696502812371378e+00 3.284836706991294768e-06
5.726750984444712422e+00 9.353962833815152213e-07
5.768256396707492684e+00 9.169991579110589815e-07
5.810221014849253685e+00 2.652921225179070665e-06
5.852653315963272540e+00 4.675263805388588053e-06
5.895561985194872179e+00 2.065558812421554170e-06
5.938955922179146363e+00 4.513862271087868796e-06
5.982844247719065756e+00 1.165082933698106873e-06
6.027236310714632950e+00 4.514482597784466448e-08
6.072141695354100754e+00 6.377743030413601072e-07
6.117570228578833813e+00 1.743884651915464374e-06
6.163531987834188541e+00 1.346475470431774095e-06
6.210037309119105231e+00 1.722628484838191214e-06
6.257096795348075169e+00 3.286945380604364471e-07
6.304721325039668756e+00 2.754528609072456012e-07
6.352922061346506943e+00 1.517618071627210213e-06
6.401710461442654321e+00 3.264565651982452408e-06
6.451098286284771888e+00 2.851841895460445830e-06
6.501097610764786872e+00 2.450517516281573331e-06
6.551720834272277472e+00 2.652386307386888857e-06
6.602980691686179959e+00 8.084953048300187871e-07
6.654890264816202716e+00 1.373412012974614116e-06
6.707462994315653404e+00 2.633904077385059232e-06
6.760712692088343800e+00 1.475320525716203524e-06
6.814653554213885300e+00 5.204902759903742097e-06
6.869300174416541616e+00 1.055649719699450313e-07
6.924667558104775189e+00 6.809786503744704870e-07
6.980771137009639027e+00 4.645212075913438933e-07
7.037626784452278628e+00 6.079964008380361954e-08
7.095250831272059244e+00 2.894309635238409156e-06
7.153660082449184721e+00 1.322217951849114341e-06
7.212871834457117437e+00 1.616800057064737054e-06
7.272903893382699714e+00 2.958928902791429232e-06
7.333774593853726209e+00 3.753201946829512054e-06
7.395502818816384050e+00 8.371158662880612478e-07
7.458108020207268929e+00 4.410544396960477828e-06
7.521610240567749628e+00 3.754327888730680098e-07
7.586030135650939421e+00 5.504727909585806628e-06
7.651388998075133507e+00 6.319726451459350363e-06
7.717708782080382690e+00 1.305680677521809721e-06
7.785012129448951157e+00 1.381622914368609278e-05
7.853322396653874549e+00 3.767161995347180596e-07
7.922663683303971638e+00 6.770020818444121931e-07
7.993060861958362295e+00 1.979852495972229534e-06
8.064539609387720631e+00 7.198767238235795721e-06
8.137126439365120589e+00 5.343287022673829408e-07
8.210848737074378789e+00 1.476455758107515578e-05
8.285734795229668492e+00 2.718860490440889926e-06
8.361813852006719117e+00 3.282324941052519910e-06
8.439116130892415413e+00 3.735056938241592324e-06
8.517672882566811765e+00 2.377062953925606526e-06
8.597516428939853128e+00 2.332866275661859572e-06
8.678680209472870999e+00 4.438370629607778125e-06
8.761198829924738973e+00 4.764872681441894767e-06
8.845108113671690475e+00 2.617767497711315287e-06
8.930445155761116638e+00 2.896829205770414484e-06
9.017248379870389741e+00 7.566320634433081993e-06
9.105557598354891979e+00 8.553473552000840384e-07
9.195414075582201363e+00 5.743722588813232887e-07
9.286860594764410948e+00 4.727266514524034626e-06
9.379941528515811200e+00 9.848785788862248362e-06
9.474702913380864899e+00 2.005139968646009804e-06
9.571192528595130256e+00 8.184800491817184515e-07
9.669459979362780899e+00 2.717423398106997183e-06
9.769556784955327089e+00 8.253280800811519451e-06
9.871536471960840942e+00 5.607637938891703430e-08
9.975454673037942754e+00 4.560612605867331979e-06
1.008136923155793063e+01 1.053821544703299785e-05
1.018934031254830330e+01 5.083988833694486959e-06
1.029943052038522566e+01 2.530082374785868636e-06
1.041170502371859463e+01 1.875035420600024160e-06
1.052623168815380517e+01 6.377891065010040354e-06
1.064308121725768252e+01 3.395833343429476719e-06
1.076232730250476877e+01 2.381802366614591555e-06
1.088404678283179194e+01 4.763650603703315471e-06
1.100831981452695096e+01 1.595211858288124416e-06
1.113523005224294415e+01 9.453446645854842270e-06
1.126486484199331350e+01 6.965286486715312059e-06
1.139731542706779699e+01 2.330454763809701114e-06
1.153267716788676189e+01 5.596254391380833148e-06
1.167104977690866718e+01 2.964744279112709560e-06
1.181253756980620828e+01 3.125656404039567692e-06
1.195724973424156268e+01 2.923671992993444816e-06
1.210530061769597765e+01 4.879725769603649715e-06
1.225681003594877438e+01 3.071078282753593259e-06
1.241190360395464154e+01 9.502165879261042689e-07
1.257071309104042101e+01 7.295284597532977041e-06
1.273337680253192516e+01 6.603933663937427696e-07
1.290003999013476133e+01 5.450978496474549270e-06
1.307085529362815102e+01 4.915742875842982433e-06
1.324598321669588152e+01 6.355932387342258334e-06
1.342559264001181063e+01 1.125444240924942852e-06
1.360986137502873916e+01 4.758940170957761439e-06
1.379897676228727654e+01 3.143159311765572232e-07
1.399313631847826045e+01 7.515636088525855975e-06
1.419254843695589230e+01 3.987219811907414215e-06
1.439743314692606369e+01 3.049768819281571198e-06
1.460802293712368716e+01 6.038228374438910308e-06
1.482456365046278535e+01 6.481823249225166221e-06
1.504731545689699779e+01 1.392623719751661885e-06
1.527655391258613626e+01 1.350864382741682194e-06
1.551257111443440273e+01 6.918828945339334958e-06
1.575567696017295916e+01 3.034610545482432014e-05
1.600620052541652782e+01 1.852532822348869132e-05
1.626449157056262607e+01 1.448483397415910116e-06
1.653092219204418001e+01 6.949344909531767141e-06
1.680588863433074565e+01 1.036942596229123717e-05
1.708981328123576660e+01 8.900201096804962185e-06
1.738314684757837725e+01 4.382895032361298280e-06
1.768637079511793431e+01 7.040767285454406296e-06
1.800000000000201084e+01 2.963151303807219774e-06
