0.0314159265359 0.105746088667 -1.34529555009
0.0942477796077 0.00474097120923 -1.34472690008
0.157079632679 -0.0241548132252 -1.31888854151
0.219911485751 -0.0303507836804 -1.28177313672
0.282743338823 -0.0278359010365 -1.24164723356
0.345575191895 -0.0202734363871 -1.20307370373
0.408407044967 -0.011263374781 -1.16653151333
0.471238898038 -0.00224563217722 -1.1321189439
0.53407075111 0.00645917284841 -1.09998306034
0.596902604182 0.0147799134642 -1.07010388513
0.659734457254 0.0226196192476 -1.04230713214
0.722566310326 0.0298510039957 -1.01636534466
0.785398163397 0.0363650273024 -0.992068419993
0.848230016469 0.0421004954571 -0.969247354614
0.911061869541 0.0470482251531 -0.947770649371
0.973893722613 0.0512403435996 -0.927531833443
1.03672557568 0.0547349153778 -0.908437996251
1.09955742876 0.0576019012182 -0.890402588886
1.16238928183 0.0599128526981 -0.873342259231
1.2252211349 0.0617345851068 -0.857176361211
1.28805298797 0.0631260978973 -0.841827816156
1.35088484104 0.0641377423978 -0.827224345677
1.41371669412 0.0648117364083 -0.813299528163
1.47654854719 0.0651833454906 -0.799993456867
1.53938040026 0.0652822720561 -0.787252937244
1.60221225333 0.0651339901743 -0.775031325156
1.6650441064 0.064760881076 -0.763288067471
1.72787595947 0.0641831263982 -0.751988079829
1.79070781255 0.0634193586846 -0.741101038656
1.85353966562 0.0624870998505 -0.730600661958
1.91637151869 0.0614030302182 -0.720464032337
1.97920337176 0.0601831269171 -0.710670977668
2.04203522483 0.0588427150768 -0.701203543001
2.10486707791 0.0573964607368 -0.692045543585
2.16769893098 0.0558583328626 -0.683182203513
2.23053078405 0.0542415530281 -0.674599870839
2.29336263712 0.0525585450974 -0.666285797224
2.35619449019 0.0508208937117 -0.658227973028
2.41902634326 0.0490393163977 -0.650415008492
2.48185819634 0.0472236504072 -0.642836048535
2.54469004941 0.0453828549884 -0.635480715825
2.60752190248 0.0435250270116 -0.628339071547
2.67035375555 0.0416574290546 -0.621401592545
2.73318560862 0.0397865265123 -0.61465915548
2.79601746169 0.0379180322143 -0.608103027971
2.85884931477 0.0360569561967 -0.601724863115
2.92168116784 0.0342076583429 -0.595516694811
2.98451302091 0.0323739023949 -0.589470932987
3.04734487398 0.0305589100775 -0.583580358878
3.11017672705 0.0287654139008 -0.577838118325
3.17300858013 0.0269957079909 -0.572237714037
3.2358404332 0.0252516961716 -0.566772995985
3.29867228627 0.0235349371502 -0.561438151101
3.36150413934 0.0218466860394 -0.556227690586
3.42433599241 0.0201879327955 -0.55113643764
3.48716784548 0.0185594367775 -0.54615951292
3.54999969856 0.016961758235 -0.54129232069
3.61283155163 0.0153952862784 -0.536530533739
3.6756634047 0.0138602638467 -0.531870078584
3.73849525777 0.0123568098116 -0.527307120865
3.80132711084 0.0108849382187 -0.522838050255
3.86415896392 0.00944457531306 -0.518459466604
3.92699081699 0.00803557412622 -0.514168165802
3.98982267006 0.00665772716795 -0.509961126512
4.05265452313 0.00531077730159 -0.505835497484
4.1154863762 0.00399442697973 -0.501788585277
4.17831822927 0.00270834617936 -0.497817843098
4.24115008235 0.0014521789786 -0.493920859813
4.30398193542 0.000225549135588 -0.490095349919
4.36681378849 -0.000971935244541 -0.486339144321
4.42964564156 -0.00214067791708 -0.482650181438
4.49247749463 -0.0032810913106 -0.479026499283
4.55530934771 -0.00439359398309 -0.475466227937
4.61814120078 -0.00547860852119 -0.471967582787
4.68097305385 -0.00653655989614 -0.468528858162
4.74380490692 -0.00756787411085 -0.465148421707
4.80663675999 -0.00857297718975 -0.461824709002
4.86946861306 -0.00955229434612 -0.458556218883
4.93230046614 -0.0105062493686 -0.455341509052
4.99513231921 -0.0114352641577 -0.452179192079
5.05796417228 -0.0123397583634 -0.449067931861
5.12079602535 -0.0132201491402 -0.446006440303
5.18362787842 -0.0140768509497 -0.44299347439
5.24645973149 -0.0149102754316 -0.440027833498
5.30929158457 -0.0157208313181 -0.437108356914
5.37212343764 -0.0165089243518 -0.434233921689
5.43495529071 -0.0172749572508 -0.431403440579
5.49778714378 -0.0180193296651 -0.428615860229
5.56061899685 -0.0187424381417 -0.425870159528
5.62345084993 -0.0194446760912 -0.4231653481
5.686282703 -0.020126433759 -0.420500464891
5.74911455607 -0.0207880981839 -0.41787457692
5.81194640914 -0.0214300531461 -0.415286778155
5.87477826221 -0.0220526791313 -0.412736188376
5.93761011528 -0.0226563532626 -0.410221952251
6.00044196836 -0.0232414492443 -0.407743238396
6.06327382143 -0.0238083372932 -0.405299238534
6.1261056745 -0.0243573840639 -0.402889166714
6.18893752757 -0.0248889525778 -0.400512258555
6.25176938064 -0.0254034021407 -0.398167770572
6.31460123372 -0.0259010882611 -0.395854979512
6.37743308679 -0.0263823625707 -0.393573181745
6.44026493986 -0.0268475727396 -0.391321692672
6.50309679293 -0.0272970623983 -0.389099846165
6.565928646 -0.0277311710523 -0.386906994047
6.62876049907 -0.0281502340093 -0.384742505567
6.69159235215 -0.0285545823022 -0.382605766917
6.75442420522 -0.0289445426176 -0.380496180761
6.81725605829 -0.0293204372274 -0.378413165783
6.88008791136 -0.0296825839289 -0.376356156234
6.94291976443 -0.0300312959841 -0.37432460152
7.00575161751 -0.0303668820676 -0.372317965779
7.06858347058 -0.0306896462191 -0.370335727487
7.13141532365 -0.0309998878019 -0.36837737906
7.19424717672 -0.031297901466 -0.366442426472
7.25707902979 -0.0315839771166 -0.364530388897
7.31991088286 -0.031858399891 -0.362640798334
7.38274273594 -0.0321214501381 -0.360773199264
7.44557458901 -0.0323734034059 -0.358927148292
7.50840644208 -0.0326145304324 -0.357102213832
7.57123829515 -0.0328450971434 -0.355297975762
7.63407014822 -0.0330653646542 -0.353514025116
7.69690200129 -0.0332755892793 -0.351749963759
7.75973385437 -0.033476022542 -0.350005404102
7.82256570744 -0.0336669111952 -0.348279968778
7.88539756051 -0.0338484972397 -0.346573290376
7.94822941358 -0.0340210179517 -0.344885011147
8.01106126665 -0.0341847059123 -0.343214782728
8.07389311973 -0.0343397890417 -0.341562265871
8.1367249728 -0.0344864906352 -0.339927130189
8.19955682587 -0.0346250294049 -0.338309053888
8.26238867894 -0.034755619522 -0.33670772353
8.32522053201 -0.0348784706651 -0.33512283378
8.38805238508 -0.0349937880664 -0.333554087177
8.45088423816 -0.0351017725657 -0.332001193897
8.51371609123 -0.0352026206626 -0.330463871537
8.5765479443 -0.0352965245721 -0.328941844888
8.63937979737 -0.0353836722824 -0.327434845734
8.70221165044 -0.0354642476139 -0.325942612634
8.76504350352 -0.0355384302783 -0.324464890733
8.82787535659 -0.0356063959418 -0.323001431558
8.89070720966 -0.0356683162865 -0.321551992836
8.95353906273 -0.0357243590743 -0.320116338308
9.0163709158 -0.0357746882109 -0.31869423755
9.07920276887 -0.0358194638111 -0.3172854658
9.14203462195 -0.0358588422636 -0.315889803794
9.20486647502 -0.0358929762968 -0.314507037597
9.26769832809 -0.0359220150444 -0.313136958452
9.33053018116 -0.0359461041122 -0.31177936262
9.39336203423 -0.0359653856427 -0.310434051238
9.45619388731 -0.035979998382 -0.309100830171
9.51902574038 -0.0359900777454 -0.307779509873
9.58185759345 -0.0359957558822 -0.306469905254
9.64468944652 -0.035997161741 -0.305171835548
9.70752129959 -0.0359944211344 -0.303885124184
9.77035315266 -0.0359876568038 -0.302609598665
9.83318500574 -0.0359769884814 -0.301345090454
9.89601685881 -0.0359625329548 -0.300091434848
9.95884871188 -0.0359444041285 -0.298848470874
10.021680565 -0.0359227130856 -0.297616041183
10.084512418 -0.0358975681491 -0.296393991937
10.1473442711 -0.035869074942 -0.295182172715
10.2101761242 -0.0358373364461 -0.293980436412
10.2730079772 -0.035802453061 -0.292788639145
10.3358398303 -0.035764522662 -0.291606640162
10.3986716834 -0.035723640656 -0.29043430175
10.4615035365 -0.0356799000391 -0.289271489152
10.5243353895 -0.0356333914492 -0.288118070485
10.5871672426 -0.0355842032222 -0.286973916653
10.6499990957 -0.0355324214437 -0.285838901278
10.7128309487 -0.0354781300025 -0.284712900618
10.7756628018 -0.0354214106409 -0.283595793495
10.8384946549 -0.0353623430044 -0.282487461225
10.901326508 -0.0353010046945 -0.281387787555
10.964158361 -0.0352374713092 -0.28029665858
11.0269902141 -0.0351718165069 -0.27921396271
11.0898220672 -0.0351041120214 -0.278139590556
11.1526539202 -0.035034427761 -0.277073434961
11.2154857733 -0.0349628317722 -0.276015390781
11.2783176264 -0.0348893903944 -0.274965355092
11.3411494795 -0.0348141681666 -0.27392322674
11.4039813325 -0.0347372280103 -0.272888906843
11.4668131856 -0.034658631164 -0.271862298014
11.5296450387 -0.0345784372433 -0.270843305187
11.5924768917 -0.0344967043938 -0.269831834608
11.6553087448 -0.0344134890672 -0.268827794724
11.7181405979 -0.0343288464225 -0.267831095376
11.780972451 -0.0342428300178 -0.266841648198
11.843804304 -0.0341554920099 -0.265859366541
11.9066361571 -0.0340668833316 -0.26488416507
11.9694680102 -0.0339770532845 -0.26391596035
12.0322998632 -0.0338860501297 -0.262954670144
12.0951317163 -0.0337939207431 -0.262000213821
12.1579635694 -0.033700710607 -0.261052512286
12.2207954225 -0.0336064642911 -0.260111487549
12.2836272755 -0.0335112249262 -0.259177063296
12.3464591286 -0.0334150344863 -0.258249164418
12.4092909817 -0.0333179340638 -0.257327716954
12.4721228348 -0.0332199633682 -0.256412648531
12.5349546878 -0.0331211610962 -0.255503887782
12.5977865409 -0.0330671214217 -0.254581296603
12.660618394 -0.0330103987259 -0.253665703553
12.723450247 -0.0329511012734 -0.252757013601
12.7862821001 -0.0328893335257 -0.251855133626
12.8491139532 -0.0328251962821 -0.250959972377
12.9119458063 -0.0327587868184 -0.250071440433
12.9747776593 -0.0326901990183 -0.249189450157
13.0376095124 -0.0326195235003 -0.248313915658
13.1004413655 -0.0325468477382 -0.247444752746
13.1632732185 -0.032472256177 -0.246581878899
13.2261050716 -0.0323958303446 -0.245725213222
13.2889369247 -0.0323176489584 -0.244874676404
13.3517687778 -0.0322377880285 -0.244030190687
13.4146006308 -0.032156320954 -0.243191679829
13.4774324839 -0.0320733186197 -0.242359069062
13.540264337 -0.0319888494848 -0.241532285068
13.60309619 -0.0319029796711 -0.240711255932
13.6659280431 -0.0318157730455 -0.23989591112
13.7287598962 -0.0317272913012 -0.239086181441
13.7915917493 -0.0316375940339 -0.238281999012
13.8544236023 -0.0315467388159 -0.237483297236
13.9172554554 -0.0314547812675 -0.236690010764
13.9800873085 -0.0313617751261 -0.235902075466
14.0429191615 -0.0312677723097 -0.235119428407
14.1057510146 -0.0311728229829 -0.234342007813
14.1685828677 -0.0310769756154 -0.233569753048
14.2314147208 -0.0309802770422 -0.232802604583
14.2942465738 -0.0308827725183 -0.232040503974
14.3570784269 -0.0307845057746 -0.231283393833
14.41991028 -0.0306855190681 -0.230531217806
14.482742133 -0.030585853233 -0.229783920545
14.5455739861 -0.0304855477299 -0.229041447689
14.6084058392 -0.0303846406902 -0.228303745836
14.6712376923 -0.0302831689623 -0.227570762526
14.7340695453 -0.0301811681549 -0.226842446213
14.7969013984 -0.0300786726776 -0.22611874625
14.8597332515 -0.0299757157815 -0.225399612861
14.9225651046 -0.0298723295974 -0.22468499713
14.9853969576 -0.0297685451743 -0.223974850969
15.0482288107 -0.0296643925126 -0.223269127114
15.1110606638 -0.0295599006012 -0.222567779092
15.1738925168 -0.0294550974501 -0.221870761209
15.2367243699 -0.0293500101215 -0.221178028537
15.299556223 -0.0292446647622 -0.220489536885
15.3623880761 -0.0291390866326 -0.219805242794
15.4252199291 -0.0290333001357 -0.219125103514
15.4880517822 -0.0289273288454 -0.218449076989
15.5508836353 -0.0288211955327 -0.217777121843
15.6137154883 -0.0287149221927 -0.217109197361
15.6765473414 -0.0286085300679 -0.216445263478
15.7393791945 -0.0285020396736 -0.215785280768
15.8022110476 -0.0283954708221 -0.215129210419
15.8650429006 -0.0282888426425 -0.214477014229
15.9278747537 -0.0281821736052 -0.21382865459
15.9907066068 -0.0280754815416 -0.213184094474
16.0535384598 -0.0279687836651 -0.21254329742
16.1163703129 -0.0278620965893 -0.211906227524
16.179202166 -0.0277554363488 -0.211272849426
16.2420340191 -0.0276488184159 -0.210643128298
16.3048658721 -0.0275422577207 -0.210017029832
16.3676977252 -0.0274357686652 -0.209394520228
16.4305295783 -0.0273293651419 -0.208775566188
16.4933614313 -0.0272230605488 -0.208160134902
16.5561932844 -0.0271168678062 -0.207548194037
16.6190251375 -0.0270107993708 -0.206939711726
16.6818569906 -0.0269048672493 -0.206334656564
16.7446888436 -0.0267990830133 -0.205732997597
16.8075206967 -0.0266934578141 -0.205134704304
16.8703525498 -0.0265880023938 -0.204539746599
16.9331844028 -0.0264827270994 -0.203948094816
16.9960162559 -0.0263776418932 -0.203359719706
17.058848109 -0.0262727563675 -0.20277459242
17.1216799621 -0.0261680797539 -0.20219268451
17.1845118151 -0.0260636209353 -0.201613967914
17.2473436682 -0.0259593884563 -0.201038414954
17.3101755213 -0.0258553905341 -0.200465998324
17.3730073744 -0.0257516350682 -0.199896691085
17.4358392274 -0.0256481296507 -0.199330466657
17.4986710805 -0.0255448815759 -0.198767298811
17.5615029336 -0.0254418978477 -0.198207161667
17.6243347866 -0.0253391851911 -0.19765002968
17.6871666397 -0.0252367500587 -0.19709587764
17.7499984928 -0.0251345986411 -0.19654468066
17.8128303459 -0.0250327368729 -0.195996414176
17.8756621989 -0.0249311704416 -0.195451053936
17.938494052 -0.0248299047955 -0.194908575995
18.0013259051 -0.0247289451495 -0.194368956715
18.0641577581 -0.0246282964953 -0.193832172748
18.1269896112 -0.0245279636053 -0.19329820104
18.1898214643 -0.0244279510401 -0.192767018824
18.2526533174 -0.0243282631553 -0.192238603612
18.3154851704 -0.0242289041087 -0.191712933194
18.3783170235 -0.0241298778649 -0.191189985625
18.4411488766 -0.0240311882025 -0.19066973923
18.5039807296 -0.0239328387174 -0.190152172598
18.5668125827 -0.0238348328328 -0.189637264565
18.6296444358 -0.0237371737992 -0.189124994228
18.6924762889 -0.0236398647053 -0.188615340926
18.7553081419 -0.0235429084771 -0.188108284244
18.818139995 -0.0234463078888 -0.187603804004
18.8809718481 -0.0233500655629 -0.187101880263
18.9438037011 -0.0232541839772 -0.18660249331
19.0066355542 -0.023158665469 -0.186105623659
19.0694674073 -0.0230635122387 -0.185611252049
19.1322992604 -0.0229687263548 -0.185119359437
19.1951311134 -0.0228743097576 -0.184629926997
19.2579629665 -0.0227802642636 -0.184142936113
19.3207948196 -0.0226865915695 -0.183658368376
19.3836266726 -0.0225932932543 -0.183176205588
19.4464585257 -0.0225003707856 -0.182696429747
19.5092903788 -0.022407825521 -0.182219023053
19.5721222319 -0.0223156587126 -0.181743967898
19.6349540849 -0.0222238715101 -0.181271246869
19.697785938 -0.0221324649628 -0.180800842742
19.7606177911 -0.0220414400263 -0.180332738475
19.8234496442 -0.0219507975612 -0.179866917213
19.8862814972 -0.0218605383383 -0.179403362281
19.9491133503 -0.0217706630415 -0.17894205718
20.0119452034 -0.0216811722704 -0.178482985586
20.0747770564 -0.0215920665428 -0.178026131348
20.1376089095 -0.0215033462974 -0.177571478481
20.2004407626 -0.0214150118959 -0.177119011172
20.2632726157 -0.0213270636267 -0.176668713767
20.3261044687 -0.0212395017058 -0.176220570777
20.3889363218 -0.0211523262811 -0.175774566871
20.4517681749 -0.0210655374318 -0.175330686875
20.5146000279 -0.0209791351736 -0.17488891577
20.577431881 -0.0208931194587 -0.174449238688
20.6402637341 -0.0208074901788 -0.174011640915
20.7030955872 -0.0207222471677 -0.173576107879
20.7659274402 -0.0206373902018 -0.173142625156
20.8287592933 -0.0205529190031 -0.172711178468
20.8915911464 -0.0204688332405 -0.172281753677
20.9544229994 -0.0203851325316 -0.171854336784
21.0172548525 -0.0203018164458 -0.171428913926
21.0800867056 -0.0202188845027 -0.171005471381
21.1429185587 -0.0201363361781 -0.170583995554
21.2057504117 -0.0200541709022 -0.170164472987
21.2685822648 -0.0199723880627 -0.169746890349
21.3314141179 -0.0198909870056 -0.169331234438
21.3942459709 -0.0198099670371 -0.168917492181
21.457077824 -0.0197293274248 -0.168505650626
21.5199096771 -0.0196490674004 -0.168095696943
21.5827415302 -0.0195691861579 -0.167687618429
21.6455733832 -0.019489682858 -0.167281402498
21.7084052363 -0.019410556628 -0.166877036679
21.7712370894 -0.0193318065635 -0.166474508622
21.8340689424 -0.0192534317288 -0.166073806091
21.8969007955 -0.0191754311589 -0.165674916961
21.9597326486 -0.0190978038602 -0.165277829221
22.0225645017 -0.0190205488115 -0.164882530972
22.0853963547 -0.0189436649659 -0.164489010421
22.1482282078 -0.0188671512509 -0.164097255884
22.2110600609 -0.0187910065691 -0.163707255785
22.273891914 -0.0187152298003 -0.163318998651
22.336723767 -0.0186398198022 -0.162932473113
22.3995556201 -0.0185647754103 -0.162547667904
22.4623874732 -0.0184900954405 -0.162164571858
22.5252193262 -0.0184157786878 -0.161783173911
22.5880511793 -0.018341823929 -0.161403463095
22.6508830324 -0.018268229923 -0.161025428538
22.7137148855 -0.0181949954108 -0.160649059471
22.7765467385 -0.0181221191172 -0.160274345211
22.8393785916 -0.0180495997518 -0.159901275175
22.9022104447 -0.0179774360085 -0.159529838869
22.9650422977 -0.0179056265663 -0.159160025895
23.0278741508 -0.0178341700923 -0.158791825939
23.0907060039 -0.0177630652389 -0.158425228782
23.153537857 -0.017692310647 -0.15806022429
23.21636971 -0.0176219049456 -0.157696802418
23.2792015631 -0.0175518467528 -0.157334953206
23.3420334162 -0.0174821346755 -0.15697466678
23.4048652692 -0.0174127673115 -0.15661593335
23.4676971223 -0.0173437432485 -0.156258743209
23.5305289754 -0.0172750610659 -0.15590308673
23.5933608285 -0.0172067193349 -0.155548954372
23.6561926815 -0.0171387166174 -0.155196336671
23.7190245346 -0.0170710514697 -0.154845224244
23.7818563877 -0.0170037224403 -0.154495607783
23.8446882407 -0.0169367280718 -0.154147478064
23.9075200938 -0.0168700669005 -0.153800825933
23.9703519469 -0.0168037374573 -0.153455642316
24.0331838 -0.0167377382678 -0.153111918213
24.096015653 -0.016672067853 -0.152769644698
24.1588475061 -0.0166067247295 -0.15242881292
24.2216793592 -0.0165417074109 -0.152089414096
24.2845112122 -0.0164770144057 -0.15175143952
24.3473430653 -0.0164126442204 -0.151414880553
24.4101749184 -0.0163485953581 -0.15107972863
24.4730067715 -0.0162848663196 -0.150745975252
24.5358386245 -0.016221455604 -0.15041361199
24.5986704776 -0.0161583617077 -0.150082630483
24.6615023307 -0.0160955831257 -0.149753022438
24.7243341838 -0.0160331183526 -0.149424779626
24.7871660368 -0.0159709658815 -0.149097893885
24.8499978899 -0.0159091242045 -0.14877235712
24.912829743 -0.0158475918133 -0.148448161299
24.975661596 -0.0157863672009 -0.148125298451
25.0384934491 -0.0157254488584 -0.147803760672
25.1013253022 -0.0156648352785 -0.147483540119
25.1641571553 -0.0156045249544 -0.14716462901
25.2269890083 -0.0155445163796 -0.146847019624
25.2898208614 -0.0154848080494 -0.146530704302
25.3526527145 -0.0154253984599 -0.146215675443
25.4154845675 -0.0153662861082 -0.145901925509
25.4783164206 -0.0153074694944 -0.145589447013
25.5411482737 -0.01524894712 -0.145278232532
25.6039801268 -0.0151907174876 -0.144968274701
25.6668119798 -0.0151327791036 -0.144659566206
25.7296438329 -0.0150751304754 -0.144352099797
25.792475686 -0.0150177701136 -0.144045868275
25.855307539 -0.0149606965319 -0.143740864494
25.9181393921 -0.0149039082471 -0.143437081368
25.9809712452 -0.014847403778 -0.143134511861
26.0438030983 -0.0147911816478 -0.142833148992
26.1066349513 -0.0147352403818 -0.142532985834
26.1694668044 -0.0146795785096 -0.142234015512
26.2322986575 -0.0146241945652 -0.141936231198
26.2951305105 -0.014569087085 -0.141639626122
26.3579623636 -0.0145142546099 -0.141344193564
26.4207942167 -0.0144596956848 -0.141049926851
26.4836260698 -0.0144054088586 -0.140756819361
26.5464579228 -0.0143513926841 -0.140464864527
26.6092897759 -0.0142976457198 -0.140174055819
26.672121629 -0.0142441665265 -0.139884386769
26.734953482 -0.0141909536718 -0.139595850945
26.7977853351 -0.0141380057259 -0.139308441975
26.8606171882 -0.0140853212652 -0.139022153522
26.9234490413 -0.0140328988708 -0.138736979301
26.9862808943 -0.0139807371273 -0.138452913077
27.0491127474 -0.0139288346253 -0.138169948655
27.1119446005 -0.0138771899614 -0.137888079884
27.1747764536 -0.013825801735 -0.137607300667
27.2376083066 -0.0137746685526 -0.137327604944
27.3004401597 -0.0137237890248 -0.1370489867
27.3632720128 -0.0136731617688 -0.136771439964
27.4261038658 -0.0136227854061 -0.136494958809
27.4889357189 -0.013572658563 -0.136219537354
27.551767572 -0.0135227798738 -0.13594516975
27.6145994251 -0.0134731479757 -0.135671850204
27.6774312781 -0.0134237615129 -0.135399572955
27.7402631312 -0.0133746191342 -0.135128332287
27.8030949843 -0.0133257194954 -0.134858122524
27.8659268373 -0.0132770612573 -0.134588938031
27.9287586904 -0.0132286430863 -0.134320773212
27.9915905435 -0.0131804636553 -0.13405362251
28.0544223966 -0.0131325216418 -0.133787480414
28.1172542496 -0.01308481573 -0.133522341446
28.1800861027 -0.0130373446109 -0.133258200165
28.2429179558 -0.0129901069789 -0.132995051175
28.3057498088 -0.0129431015372 -0.132732889112
28.3685816619 -0.0128963269932 -0.132471708652
28.431413515 -0.0128497820605 -0.132211504513
28.4942453681 -0.012803465459 -0.131952271444
28.5570772211 -0.0127573759154 -0.131694004229
28.6199090742 -0.0127115121608 -0.131436697696
28.6827409273 -0.0126658729338 -0.131180346703
28.7455727803 -0.0126204569787 -0.130924946146
28.8084046334 -0.0125752630455 -0.130670490956
28.8712364865 -0.0125302898907 -0.130416976101
28.9340683396 -0.0124855362769 -0.130164396581
28.9969001926 -0.0124410009722 -0.129912747434
29.0597320457 -0.0123966827528 -0.129662023725
29.1225638988 -0.0123525803985 -0.129412220562
29.1853957518 -0.0123086926969 -0.129163333082
29.2482276049 -0.0122650184412 -0.128915356457
29.311059458 -0.0122215564313 -0.128668285888
29.3738913111 -0.012178305473 -0.128422116613
29.4367231641 -0.012135264377 -0.128176843904
29.4995550172 -0.0120924319623 -0.12793246306
29.5623868703 -0.0120498070532 -0.127688969415
29.6252187234 -0.0120073884797 -0.127446358334
29.6880505764 -0.0119651750783 -0.127204625215
29.7508824295 -0.0119231656923 -0.126963765482
29.8137142826 -0.0118813591696 -0.1267237746
29.8765461356 -0.0118397543663 -0.126484648051
29.9393779887 -0.0117983501423 -0.126246381362
30.0022098418 -0.0117571453661 -0.126008970078
30.0650416949 -0.0117161389107 -0.125772409779
30.1278735479 -0.0116753296555 -0.125536696075
30.190705401 -0.0116347164863 -0.125301824605
30.2535372541 -0.0115942982948 -0.125067791038
30.3163691071 -0.0115540739792 -0.124834591065
30.3792009602 -0.0115140424428 -0.124602220419
30.4420328133 -0.0114742025963 -0.124370674846
30.5048646664 -0.0114345533551 -0.124139950135
30.5676965194 -0.0113950936414 -0.123910042091
30.6305283725 -0.0113558223837 -0.123680946553
30.6933602256 -0.0113167385156 -0.123452659387
30.7561920786 -0.0112778409781 -0.123225176481
30.8190239317 -0.0112391287163 -0.122998493758
30.8818557848 -0.0112006006825 -0.122772607163
30.9446876379 -0.0111622558348 -0.122547512668
31.0075194909 -0.0111240931373 -0.122323206273
31.070351344 -0.0110861115594 -0.122099684003
31.1331831971 -0.011048310077 -0.121876941907
31.1960150501 -0.0110106876712 -0.121654976066
31.2588469032 -0.0109732433304 -0.121433782577
31.3216787563 -0.010935976047 -0.121213357571
31.3845106094 -0.0108988848204 -0.120993697201
31.4473424624 -0.0108619686555 -0.120774797642
31.5101743155 -0.0108252265627 -0.120556655098
31.5730061686 -0.0107886575582 -0.120339265797
31.6358380216 -0.0107522606643 -0.120122625988
31.6986698747 -0.0107160349085 -0.119906731949
31.7615017278 -0.0106799793246 -0.119691579977
31.8243335809 -0.0106440929516 -0.119477166396
31.8871654339 -0.0106083748342 -0.119263487552
31.949997287 -0.0105728240223 -0.119050539819
32.0128291401 -0.0105374395729 -0.118838319581
32.0756609932 -0.0105022205468 -0.118626823262
32.1384928462 -0.0104671660105 -0.118416047301
32.2013246993 -0.0104322750379 -0.118205988155
32.2641565524 -0.0103975467064 -0.117996642309
32.3269884054 -0.0103629800992 -0.117788006274
32.3898202585 -0.0103285743053 -0.117580076575
32.4526521116 -0.0102943284199 -0.117372849762
32.5154839647 -0.0102602415419 -0.11716632241
32.5783158177 -0.0102263127774 -0.116960491108
32.6411476708 -0.0101925412357 -0.116755352477
32.7039795239 -0.0101589260337 -0.11655090315
32.7668113769 -0.0101254662921 -0.116347139785
32.82964323 -0.0100921611371 -0.116144059062
32.8924750831 -0.0100590097009 -0.115941657679
32.9553069362 -0.0100260111197 -0.115739932359
33.0181387892 -0.00999316453596 -0.115538879839
33.0809706423 -0.00996046909724 -0.115338496879
33.1438024954 -0.00992792395534 -0.115138780263
33.2066343484 -0.00989552826808 -0.114939726792
33.2694662015 -0.00986328119799 -0.114741333285
33.3322980546 -0.00983118191266 -0.114543596583
33.3951299077 -0.00979922958453 -0.114346513547
33.4579617607 -0.00976742339197 -0.114150081055
33.5207936138 -0.0097357625171 -0.113954296008
33.5836254669 -0.00970424614814 -0.11375915532
33.6464573199 -0.00967287347708 -0.113564655931
33.709289173 -0.00964164370154 -0.113370794796
33.7721210261 -0.00961055602441 -0.113177568888
33.8349528792 -0.00957960965221 -0.112984975203
33.8977847322 -0.00954880379787 -0.112793010745
33.9606165853 -0.00951813767747 -0.112601672553
34.0234484384 -0.009487610513 -0.112410957669
34.0862802914 -0.00945722153119 -0.112220863156
34.1491121445 -0.00942696996252 -0.112031386104
34.2119439976 -0.0093968550432 -0.111842523612
34.2747758507 -0.00936687601403 -0.111654272795
34.3376077037 -0.00933703211963 -0.111466630792
34.4004395568 -0.00930732261033 -0.111279594757
34.4632714099 -0.00927774674016 -0.11109316186
34.526103263 -0.00924830376794 -0.110907329289
34.588935116 -0.00921899295757 -0.110722094247
34.6517669691 -0.00918981357696 -0.110537453958
34.7145988222 -0.0091607648986 -0.110353405658
34.7774306752 -0.00913184619908 -0.110169946605
34.8402625283 -0.00910305676054 -0.109987074066
34.9030943814 -0.00907439586812 -0.109804785332
34.9659262345 -0.00904586281236 -0.109623077706
35.0287580875 -0.00901745688829 -0.109441948505
35.0915899406 -0.00898917739409 -0.109261395069
35.1544217937 -0.00896102363295 -0.109081414748
35.2172536467 -0.00893299491326 -0.108902004909
35.2800854998 -0.00890509054619 -0.108723162935
35.3429173529 -0.00887730984772 -0.108544886225
35.405749206 -0.00884965213838 -0.108367172194
35.468581059 -0.00882211674251 -0.10819001827
35.5314129121 -0.0087947029884 -0.108013421897
35.5942447652 -0.00876741020915 -0.107837380536
35.6570766182 -0.00874023774161 -0.107661891661
35.7199084713 -0.0087131849264 -0.10748695276
35.7827403244 -0.00868625110876 -0.107312561339
35.8455721775 -0.00865943563784 -0.107138714916
35.9084040305 -0.008632737866 -0.106965411024
35.9712358836 -0.00860615715097 -0.106792647212
36.0340677367 -0.00857969285329 -0.106620421041
36.0968995897 -0.0085533443386 -0.106448730084
36.1597314428 -0.00852711097493 -0.106277571938
36.2225632959 -0.00850099213557 -0.106106944202
36.285395149 -0.00847498719659 -0.105936844499
36.348227002 -0.00844909553922 -0.105767270455
36.4110588551 -0.00842331654707 -0.105598219721
36.4738907082 -0.00839764960821 -0.105429689956
36.5367225612 -0.00837209411451 -0.105261678833
36.5995544143 -0.00834664946232 -0.105094184035
36.6623862674 -0.00832131505016 -0.104927203266
36.7252181205 -0.00829609028118 -0.104760734237
36.7880499735 -0.00827097456226 -0.104594774674
36.8508818266 -0.0082459673035 -0.104429322318
36.9137136797 -0.00822106791936 -0.104264374921
36.9765455328 -0.00819627582699 -0.104099930247
37.0393773858 -0.00817159044774 -0.103935986074
37.1022092389 -0.00814701120646 -0.103772540193
37.165041092 -0.00812253753127 -0.103609590409
37.227872945 -0.00809816885406 -0.103447134536
37.2907047981 -0.00807390461044 -0.103285170403
37.3535366512 -0.00804974423923 -0.103123695847
37.4163685043 -0.00802568718194 -0.102962708726
37.4792003573 -0.00800173288487 -0.102802206904
37.5420322104 -0.00797788079728 -0.102642188255
37.6048640635 -0.00795413037077 -0.102482650674
37.6676959165 -0.00793048106219 -0.102323592057
37.7305277696 -0.00790693233015 -0.102165010318
37.7933596227 -0.0078834836375 -0.102006903383
37.8561914758 -0.00786013444996 -0.101849269188
37.9190233288 -0.00783688423692 -0.101692105679
37.9818551819 -0.00781373247011 -0.101535410817
38.044687035 -0.00779067862562 -0.101379182574
38.107518888 -0.00776772218168 -0.101223418934
38.1703507411 -0.00774486262113 -0.101068117885
38.2331825942 -0.00772209942912 -0.100913277434
38.2960144473 -0.00769943209348 -0.100758895601
38.3588463003 -0.00767686010605 -0.100604970409
38.4216781534 -0.00765438296144 -0.100451499896
38.4845100065 -0.00763200015696 -0.100298482114
38.5473418595 -0.00760971119405 -0.100145915119
38.6101737126 -0.00758751557588 -0.0999937969858
38.6730055657 -0.00756541280979 -0.0998421257925
38.7358374188 -0.00754340240558 -0.0996908996322
38.7986692718 -0.00752148387635 -0.0995401166052
38.8615011249 -0.00749965673763 -0.0993897748267
38.924332978 -0.00747792050857 -0.0992398724202
38.987164831 -0.00745627471065 -0.0990904075179
39.0499966841 -0.00743471886888 -0.0989413782629
39.1128285372 -0.00741325251032 -0.0987927828143
39.1756603903 -0.00739187516616 -0.0986446193295
39.2384922433 -0.00737058636927 -0.0984968859873
39.3013240964 -0.00734938565595 -0.0983495809705
39.3641559495 -0.00732827256494 -0.0982027024754
39.4269878026 -0.00730724663848 -0.0980562487034
39.4898196556 -0.00728630742121 -0.0979102178688
39.5526515087 -0.00726545446049 -0.097764608196
39.6154833618 -0.00724468730581 -0.097619417919
39.6783152148 -0.00722400551146 -0.097474645275
39.7411470679 -0.00720340863133 -0.0973302885261
39.803978921 -0.00718289622464 -0.0971863459274
39.8668107741 -0.00716246785235 -0.0970428157531
39.9296426271 -0.00714212307806 -0.0968996962801
39.9924744802 -0.00712186146763 -0.0967569858053
40.0553063333 -0.0071016825906 -0.09661468262
40.1181381863 -0.00708158601826 -0.0964727850367
40.1809700394 -0.00706157132468 -0.0963312913716
40.2438018925 -0.00704163808618 -0.0961901999539
40.3066337456 -0.00702178588265 -0.0960495091167
40.3694655986 -0.00700201429591 -0.0959092172032
40.4322974517 -0.00698232290957 -0.0957693225691
40.4951293048 -0.00696271131088 -0.0956298235767
40.5579611578 -0.00694317908955 -0.0954907185948
40.6207930109 -0.00692372583703 -0.0953520060029
40.683624864 -0.00690435114759 -0.0952136841906
40.7464567171 -0.00688505461771 -0.0950757515558
40.8092885701 -0.00686583584714 -0.0949382065005
40.8721204232 -0.00684669443712 -0.0948010474406
40.9349522763 -0.00682762999141 -0.094664272798
40.9977841293 -0.00680864211673 -0.0945278810041
41.0606159824 -0.00678973042174 -0.094391870494
41.1234478355 -0.00677089451713 -0.0942562397209
41.1862796886 -0.00675213401656 -0.0941209871359
41.2491115416 -0.00673344853604 -0.0939861112029
41.3119433947 -0.00671483769282 -0.0938516103963
41.3747752478 -0.00669630110846 -0.0937174831893
41.4376071008 -0.00667783840403 -0.093583728077
41.5004389539 -0.00665944920533 -0.0934503435511
41.563270807 -0.00664113313978 -0.0933173281122
41.6261026601 -0.00662288983544 -0.0931846802789
41.6889345131 -0.00660471892466 -0.0930523985674
41.7517663662 -0.00658662004123 -0.0929204815012
41.8145982193 -0.00656859282112 -0.0927889276162
41.8774300724 -0.00655063690164 -0.0926577354576
41.9402619254 -0.00653275192427 -0.0925269035716
42.0030937785 -0.00651493753066 -0.092396430517
42.0659256316 -0.0064971933651 -0.0922663148596
42.1287574846 -0.00647951907465 -0.0921365551695
42.1915893377 -0.00646191430795 -0.0920071500298
42.2544211908 -0.00644437871593 -0.0918780980239
42.3172530439 -0.00642691195123 -0.0917493977474
42.3800848969 -0.0064095136688 -0.0916210478025
42.44291675 -0.00639218352637 -0.0914930467946
42.5057486031 -0.00637492118191 -0.0913653933464
42.5685804561 -0.00635772629727 -0.0912380860753
42.6314123092 -0.00634059853517 -0.0911111236123
42.6942441623 -0.00632353756103 -0.0909845045948
42.7570760154 -0.00630654304121 -0.0908582276704
42.8199078684 -0.00628961464486 -0.0907322914881
42.8827397215 -0.00627275204372 -0.0906066947033
42.9455715746 -0.00625595490984 -0.090481435984
43.0084034276 -0.00623922291854 -0.0903565140006
43.0712352807 -0.00622255574611 -0.0902319274341
43.1340671338 -0.0062059530715 -0.0901076749675
43.1968989869 -0.00618941457515 -0.0899837552932
43.2597308399 -0.00617293993963 -0.0898601671099
43.322562693 -0.00615652884921 -0.0897369091221
43.3853945461 -0.00614018098968 -0.0896139800431
43.4482263991 -0.00612389604937 -0.0894913785916
43.5110582522 -0.00610767371794 -0.0893691034897
43.5738901053 -0.00609151368728 -0.089247153469
43.6367219584 -0.00607541565038 -0.0891255272711
43.6995538114 -0.00605937930262 -0.089004223637
43.7623856645 -0.00604340434104 -0.0888832413173
43.8252175176 -0.00602749046451 -0.0887625790697
43.8880493706 -0.00601163737351 -0.0886422356554
43.9508812237 -0.00599584477038 -0.0885222098444
44.0137130768 -0.00598011235884 -0.0884025004135
44.0765449299 -0.00596443984476 -0.0882831061435
44.1393767829 -0.00594882693611 -0.0881640258181
44.202208636 -0.00593327334114 -0.0880452582376
44.2650404891 -0.00591777877159 -0.0879268021953
44.3278723422 -0.00590234293944 -0.0878086565023
44.3907041952 -0.00588696555901 -0.0876908199654
44.4535360483 -0.00587164634604 -0.0875732914066
44.5163679014 -0.00585638501809 -0.0874560696471
44.5791997544 -0.00584118129463 -0.0873391535141
44.6420316075 -0.00582603489591 -0.0872225418471
44.7048634606 -0.00581094554443 -0.0871062334851
44.7676953137 -0.00579591296431 -0.0869902272733
44.8305271667 -0.00578093688116 -0.0868745220652
44.8933590198 -0.00576601702225 -0.0867591167173
44.9561908729 -0.00575115311617 -0.0866440100938
45.0190227259 -0.00573634489302 -0.086529201067
45.081854579 -0.00572159208515 -0.0864146885055
45.1446864321 -0.00570689442521 -0.0863004712965
45.2075182852 -0.00569225164894 -0.0861865483195
45.2703501382 -0.00567766349175 -0.0860729184739
45.3331819913 -0.00566312969267 -0.0859595806468
45.3960138444 -0.00564864999093 -0.0858465337449
45.4588456974 -0.00563422412719 -0.0857337766762
45.5216775505 -0.00561985184354 -0.0856213083557
45.5845094036 -0.00560553288498 -0.0855091276954
45.6473412567 -0.00559126699592 -0.0853972336238
45.7101731097 -0.00557705392307 -0.0852856250712
45.7730049628 -0.00556289341602 -0.0851743009623
45.8358368159 -0.00554878522357 -0.0850632602423
45.8986686689 -0.00553472909666 -0.0849525018568
45.961500522 -0.00552072478816 -0.0848420247538
46.0243323751 -0.00550677205193 -0.0847318278881
46.0871642282 -0.00549287064369 -0.0846219102164
46.1499960812 -0.00547902031927 -0.0845122707091
46.2128279343 -0.00546522083854 -0.0844029083264
46.2756597874 -0.0054514719596 -0.0842938220492
46.3384916404 -0.00543777344342 -0.0841850108583
46.4013234935 -0.00542412505315 -0.0840764737302
46.4641553466 -0.00541052655076 -0.0839682096669
46.5269871997 -0.005396977703 -0.0838602176502
46.5898190527 -0.00538347827473 -0.0837524966856
46.6526509058 -0.00537002803427 -0.0836450457759
46.7154827589 -0.00535662675046 -0.0835378639265
46.778314612 -0.00534327419317 -0.0834309501545
46.841146465 -0.0053299701341 -0.0833243034741
46.9039783181 -0.00531671434581 -0.0832179229129
46.9668101712 -0.00530350660251 -0.0831118074928
47.0296420242 -0.00529034667967 -0.0830059562484
47.0924738773 -0.0052772343534 -0.0829003682171
47.1553057304 -0.00526416940201 -0.0827950424378
47.2181375835 -0.00525115160462 -0.0826899779567
47.2809694365 -0.00523818074127 -0.0825851738241
47.3438012896 -0.00522525659303 -0.0824806290991
47.4066331427 -0.00521237894371 -0.0823763428321
47.4694649957 -0.00519954757664 -0.082272314093
47.5322968488 -0.0051867622773 -0.0821685419469
47.5951287019 -0.00517402283161 -0.0820650254704
47.657960555 -0.00516132902766 -0.081961763735
47.720792408 -0.00514868065394 -0.0818587558257
47.7836242611 -0.00513607750085 -0.0817560008233
47.8464561142 -0.00512351935888 -0.0816534978216
47.9092879672 -0.00511100602098 -0.0815512459123
47.9721198203 -0.00509853727958 -0.0814492441979
48.0349516734 -0.00508611293014 -0.0813474917777
48.0977835265 -0.00507373276809 -0.0812459877574
48.1606153795 -0.00506139659023 -0.0811447312493
48.2234472326 -0.00504910419458 -0.081043721369
48.2862790857 -0.00503685538016 -0.0809429572343
48.3491109387 -0.00502464994719 -0.0808424379683
48.4119427918 -0.00501248769721 -0.0807421626997
48.4747746449 -0.00500036843228 -0.0806421305584
48.537606498 -0.00498829195623 -0.0805423406799
48.600438351 -0.0049762580736 -0.0804427922026
48.6632702041 -0.0049642665894 -0.0803434842761
48.7261020572 -0.00495231731115 -0.0802444160407
48.7889339102 -0.00494041004674 -0.0801455866463
48.8517657633 -0.00492854460415 -0.0800469952557
48.9145976164 -0.00491672079374 -0.0799486410246
48.9774294695 -0.0049049384263 -0.0798505231158
49.0402613225 -0.00489319731427 -0.0797526406948
49.1030931756 -0.00488149727022 -0.0796549929323
49.1659250287 -0.00486983810783 -0.0795575790085
49.2287568818 -0.00485821964316 -0.0794603980917
49.2915887348 -0.0048466416911 -0.0793634493737
49.3544205879 -0.00483510406991 -0.0792667320318
49.417252441 -0.00482360659674 -0.0791702452613
49.480084294 -0.00481214909032 -0.0790739882581
49.5429161471 -0.00480073137178 -0.0789779602121
49.6057480002 -0.0047893532616 -0.0788821603243
49.6685798533 -0.00477801458162 -0.0787865878027
49.7314117063 -0.00476671515525 -0.078691241852
49.7942435594 -0.00475545480579 -0.0785961216882
49.8570754125 -0.00474423335808 -0.0785012265236
49.9199072655 -0.00473305063864 -0.0784065555749
49.9827391186 -0.00472190647376 -0.0783121080657
50.0455709717 -0.00471080069105 -0.078217883224
50.1084028248 -0.0046997331192 -0.0781238802772
50.1712346778 -0.00468870358798 -0.0780300984549
50.2340665309 -0.0046777119276 -0.0779365369993
50.296898384 -0.00466675796971 -0.077843195144
50.359730237 -0.00465584154622 -0.0777500721341
50.4225620901 -0.00464496249053 -0.0776571672175
50.4853939432 -0.00463412063646 -0.077564479647
50.5482257963 -0.00462331581977 -0.0774720086673
50.6110576493 -0.00461254787562 -0.0773797535403
50.6738895024 -0.00460181664069 -0.0772877135273
50.7367213555 -0.00459112195331 -0.0771958878853
50.7995532085 -0.00458046365144 -0.0771042758843
50.8623850616 -0.0045698415745 -0.0770128767969
50.9252169147 -0.00455925556232 -0.0769216898944
50.9880487678 -0.00454870545682 -0.0768307144481
51.0508806208 -0.00453819109938 -0.0767399497433
51.1137124739 -0.00452771233293 -0.0766493950619
51.176544327 -0.00451726900068 -0.0765590496884
51.23937618 -0.00450686094746 -0.076468912912
51.3022080331 -0.00449648801848 -0.0763789840247
51.3650398862 -0.00448615005992 -0.0762892623228
51.4278717393 -0.00447584691845 -0.0761997471033
51.4907035923 -0.00446557844198 -0.0761104376675
51.5535354454 -0.00445534447864 -0.0760213333234
51.6163672985 -0.00444514487861 -0.075932433373
51.6791991516 -0.00443497949088 -0.0758437371344
51.7420310046 -0.00442484816709 -0.0757552439164
51.8048628577 -0.00441475075885 -0.0756669530353
51.8676947108 -0.00440468711853 -0.0755788638127
51.9305265638 -0.00439465709923 -0.0754909755716
51.9933584169 -0.00438466055536 -0.075403287637
52.05619027 -0.00437469734152 -0.0753157993394
52.1190221231 -0.00436476731319 -0.0752285100089
52.1818539761 -0.00435487032696 -0.0751414189801
52.2446858292 -0.00434500623991 -0.0750545255884
52.3075176823 -0.00433517490954 -0.0749678291788
52.3703495353 -0.00432537619452 -0.0748813290924
52.4331813884 -0.00431560995451 -0.0747950246734
52.4960132415 -0.00430587604921 -0.0747089152748
52.5588450946 -0.00429617433949 -0.0746230002465
52.6216769476 -0.00428650468707 -0.0745372789404
52.6845088007 -0.00427686695385 -0.0744517507195
52.7473406538 -0.00426726100262 -0.0743664149432
52.8101725068 -0.00425768669776 -0.0742812709681
52.8730043599 -0.0042481439034 -0.0741963181653
52.935836213 -0.00423863248433 -0.0741115559035
52.9986680661 -0.00422915230695 -0.074026983548
53.0614999191 -0.00421970323667 -0.0739426004853
53.1243317722 -0.00421028514194 -0.0738584060776
53.1871636253 -0.00420089788978 -0.0737743997131
53.2499954783 -0.0041915413488 -0.0736905807735
53.3128273314 -0.00418221538876 -0.0736069486406
53.3756591845 -0.00417291987922 -0.0735235026997
53.4384910376 -0.00416365469082 -0.073440242347
53.5013228906 -0.00415441969449 -0.0733571669727
53.5641547437 -0.00414521476283 -0.0732742759675
53.6269865968 -0.00413603976795 -0.0731915687357
53.6898184498 -0.00412689458346 -0.0731090446709
53.7526503029 -0.00411777908276 -0.0730267031819
53.815482156 -0.00410869314041 -0.0729445436741
53.8783140091 -0.00409963663207 -0.0728625655513
53.9411458621 -0.00409060943321 -0.072780768227
54.0039777152 -0.00408161142039 -0.0726991511115
54.0668095683 -0.00407264247105 -0.0726177136206
54.1296414214 -0.00406370246179 -0.0725364551803
54.1924732744 -0.00405479127259 -0.0724553751974
54.2553051275 -0.00404590878117 -0.0723744731046
54.3181369806 -0.00403705486789 -0.0722937483222
54.3809688336 -0.00402822941229 -0.0722132002826
54.4438006867 -0.00401943229537 -0.0721328284147
54.5066325398 -0.00401066339886 -0.0720526321497
54.5694643929 -0.00400192260506 -0.071972610918
54.6322962459 -0.00399320979564 -0.0718927641664
54.695128099 -0.00398452485484 -0.0718130913287
54.7579599521 -0.00397586766582 -0.0717335918489
54.8207918051 -0.00396723811309 -0.0716542651701
54.8836236582 -0.00395863608225 -0.071575110738
54.9464555113 -0.00395006145754 -0.0714961280094
55.0092873644 -0.00394151412659 -0.0714173164235
55.0721192174 -0.00393299397539 -0.0713386754431
55.1349510705 -0.00392450089164 -0.0712602045195
55.1977829236 -0.00391603476267 -0.0711819031147
55.2606147766 -0.00390759547711 -0.0711037706887
55.3234466297 -0.00389918292483 -0.0710258066966
55.3862784828 -0.00389079699375 -0.0709480106158
55.4491103359 -0.00388243757582 -0.0708703819011
55.5119421889 -0.00387410455997 -0.0707929200348
55.574774042 -0.00386579783845 -0.07071562448
55.6376058951 -0.00385751730292 -0.0706384947126
55.7004377481 -0.00384926284551 -0.0705615302082
55.7632696012 -0.0038410343598 -0.0704847304425
55.8261014543 -0.00383283173825 -0.0704080948998
55.8889333074 -0.00382465487488 -0.0703316230627
55.9517651604 -0.00381650366447 -0.070255314414
56.0145970135 -0.00380837800204 -0.070179168439
56.0774288666 -0.00380027778279 -0.070103184631
56.1402607196 -0.00379220290332 -0.0700273624762
56.2030925727 -0.00378415325983 -0.0699517014691
56.2659244258 -0.00377612874912 -0.069876201106
56.3287562789 -0.00376812926902 -0.0698008608839
56.3915881319 -0.00376015471724 -0.0697256803064
56.454419985 -0.00375220499353 -0.0696506588623
56.5172518381 -0.00374427999578 -0.0695757960669
56.5800836912 -0.00373637962409 -0.0695010914211
56.6429155442 -0.00372850377838 -0.0694265444336
56.7057473973 -0.0037206523595 -0.0693521546117
56.7685792504 -0.0037128252679 -0.0692779214717
56.8314111034 -0.00370502240615 -0.0692038445195
56.8942429565 -0.00369724367563 -0.0691299232761
56.9570748096 -0.00368948897905 -0.0690561572558
57.0199066627 -0.00368175821941 -0.0689825459802
57.0827385157 -0.00367405130037 -0.0689090889692
57.1455703688 -0.00366636812523 -0.0688357857495
57.2084022219 -0.00365870859937 -0.0687626358402
57.2712340749 -0.00365107262722 -0.0686896387722
57.334065928 -0.0036434601142 -0.0686167940745
57.3968977811 -0.00363587096614 -0.068544101277
57.4597296342 -0.00362830508917 -0.0684715599157
57.5225614872 -0.0036207623907 -0.0683991695182
57.5853933403 -0.00361324277751 -0.0683269296251
57.6482251934 -0.00360574615734 -0.0682548397748
57.7110570464 -0.00359827243806 -0.0681828995108
57.7738888995 -0.00359082152847 -0.068111108371
57.8367207526 -0.00358339333775 -0.0680394658993
57.8995526057 -0.00357598777507 -0.0679679716441
57.9623844587 -0.00356860475085 -0.0678966251502
58.0252163118 -0.00356124417479 -0.0678254259687
58.0880481649 -0.00355390595786 -0.067754373651
58.1508800179 -0.00354659001145 -0.0676834677522
58.213711871 -0.0035392962474 -0.067612707819
58.2765437241 -0.00353202457742 -0.0675420934177
58.3393755772 -0.0035247749142 -0.0674716240987
58.4022074302 -0.00351754716995 -0.0674012994322
58.4650392833 -0.00351034125899 -0.0673311189698
58.5278711364 -0.00350315709481 -0.0672610822798
58.5907029894 -0.00349599459192 -0.0671911889229
58.6535348425 -0.00348885366414 -0.0671214384749
58.7163666956 -0.00348173422667 -0.0670518304988
58.7791985487 -0.0034746361955 -0.0669823645638
58.8420304017 -0.00346755948604 -0.0669130402436
58.9048622548 -0.00346050401473 -0.0668438571125
58.9676941079 -0.00345346969737 -0.0667748147516
59.030525961 -0.00344645645203 -0.0667059127279
59.093357814 -0.00343946419573 -0.0666371506267
59.1561896671 -0.00343249284653 -0.0665685280245
59.2190215202 -0.00342554232224 -0.0665000445094
59.2818533732 -0.00341861254164 -0.0664316996598
59.3446852263 -0.00341170342374 -0.0663634930648
59.4075170794 -0.00340481488872 -0.0662954243045
59.4703489325 -0.00339794685472 -0.066227492979
59.5331807855 -0.00339109924305 -0.0661596986699
59.5960126386 -0.0033842719738 -0.0660920409735
59.6588444917 -0.00337746496876 -0.0660245194772
59.7216763447 -0.00337067814825 -0.065957133782
59.7845081978 -0.00336391143391 -0.0658898834843
59.8473400509 -0.00335716474803 -0.0658227681836
59.910171904 -0.00335043801353 -0.0657557874732
59.973003757 -0.00334373115247 -0.0656889409609
60.0358356101 -0.00333704408833 -0.0656222282453
60.0986674632 -0.00333037674465 -0.0655556489323
60.1614993162 -0.00332372904488 -0.0654892026327
60.2243311693 -0.00331710091368 -0.0654228889465
60.2871630224 -0.00331049227569 -0.0653567074854
60.3499948755 -0.00330390305527 -0.0652906578648
60.4128267285 -0.00329733317857 -0.0652247396892
60.4756585816 -0.0032907825708 -0.0651589525743
60.5384904347 -0.00328425115759 -0.0650932961402
60.6013222877 -0.00327773886613 -0.0650277699962
60.6641541408 -0.00327124562231 -0.064962373765
60.7269859939 -0.0032647713539 -0.0648971070647
60.789817847 -0.00325831598741 -0.064831969518
60.8526497 -0.00325187945134 -0.0647669607445
60.9154815531 -0.0032454616732 -0.0647020803705
60.9783134062 -0.00323906258207 -0.064637328018
61.0411452592 -0.00323268210588 -0.0645727033169
61.1039771123 -0.00322632017418 -0.0645082058946
61.1668089654 -0.00321997671598 -0.0644438353828
61.2296408185 -0.00321365166142 -0.0643795914086
61.2924726715 -0.00320734494082 -0.0643154736038
61.3553045246 -0.00320105648381 -0.0642514816073
61.4181363777 -0.00319478622133 -0.0641876150502
61.4809682308 -0.00318853408481 -0.0641238735691
61.5438000838 -0.00318230000515 -0.0640602568051
61.6066319369 -0.00317608391409 -0.0639967643956
61.66946379 -0.00316988574386 -0.06393339598
61.732295643 -0.00316370542646 -0.0638701512059
61.7951274961 -0.00315754289448 -0.06380702971
61.8579593492 -0.00315139808128 -0.0637440311391
61.9207912023 -0.00314527091956 -0.0636811551434
61.9836230553 -0.00313916134322 -0.063618401366
62.0464549084 -0.00313306928592 -0.0635557694558
62.1092867615 -0.00312699468215 -0.0634932590622
62.1721186145 -0.00312093746607 -0.0634308698402
62.2349504676 -0.00311489757219 -0.0633686014431
62.2977823207 -0.00310887493626 -0.0633064535197
62.3606141738 -0.00310286949261 -0.0632444257322
62.4234460268 -0.00309688117798 -0.0631825177299
62.4862778799 -0.00309090992827 -0.0631207291732
62.549109733 -0.00308495567826 -0.0630590597297
62.611941586 -0.00307901836629 -0.0629975090493
62.6747734391 -0.00307309792831 -0.0629360767963
62.7376052922 -0.00306719430155 -0.0628747626349
62.8004371453 -0.00306130742352 -0.0628135662293
62.8632689983 -0.00305543723195 -0.0627524872454
62.9261008514 -0.00304958366432 -0.0626915253506
62.9889327045 -0.00304374665931 -0.0626306802138
63.0517645575 -0.00303792615546 -0.0625699515033
63.1145964106 -0.00303212209197 -0.062509338884
63.1774282637 -0.00302633440736 -0.062448842035
63.2402601168 -0.00302056304125 -0.0623884606251
63.3030919698 -0.00301480793275 -0.0623281943359
63.3659238229 -0.00300906902219 -0.0622680428374
63.428755676 -0.00300334625028 -0.0622080058032
63.491587529 -0.00299763955685 -0.0621480829129
63.5544193821 -0.00299194888309 -0.0620882738469
63.6172512352 -0.00298627416925 -0.0620285782899
63.6800830883 -0.00298061535755 -0.0619689959146
63.7429149413 -0.00297497238864 -0.0619095264096
63.8057467944 -0.00296934520485 -0.0618501694568
63.8685786475 -0.00296373374843 -0.061790924739
63.9314105006 -0.00295813796131 -0.0617317919444
63.9942423536 -0.00295255778617 -0.0616727707605
64.0570742067 -0.00294699316578 -0.0616138608761
64.1199060598 -0.00294144404342 -0.0615550619789
64.1827379128 -0.00293591036199 -0.0614963737635
64.2455697659 -0.0029303920658 -0.0614377959161
64.308401619 -0.00292488909853 -0.0613793281314
64.3712334721 -0.00291940140406 -0.0613209701054
64.4340653251 -0.00291392892688 -0.0612627215308
64.4968971782 -0.00290847161133 -0.0612045821068
64.5597290313 -0.0029030294026 -0.0611465515294
64.6225608843 -0.00289760224638 -0.0610886294899
64.6853927374 -0.00289219008648 -0.0610308157032
64.7482245905 -0.00288679286991 -0.0609731098569
64.8110564436 -0.00288141054179 -0.060915511657
64.8738882966 -0.00287604304822 -0.0608580208105
64.9367201497 -0.0028706903359 -0.0608006370155
64.9995520028 -0.0028653523512 -0.0607433599776
65.0623838558 -0.00286002904076 -0.060686189408
65.1252157089 -0.00285472035221 -0.060629125004
65.188047562 -0.00284942623198 -0.0605721664843
65.2508794151 -0.00284414662821 -0.0605153135518
65.3137112681 -0.00283888148803 -0.0604585659195
65.3765431212 -0.00283363075997 -0.0604019232977
65.4393749743 -0.00282839439216 -0.0603453853983
65.5022068273 -0.00282317233234 -0.0602889519414
65.5650386804 -0.00281796453061 -0.0602326226238
65.6278705335 -0.00281277093451 -0.0601763971801
65.6907023866 -0.00280759149355 -0.0601202753187
65.7535342396 -0.00280242615691 -0.0600642567584
65.8163660927 -0.00279727487485 -0.0600083412142
65.8791979458 -0.00279213759624 -0.0599525284114
65.9420297988 -0.00278701427181 -0.059896818064
66.0048616519 -0.00278190485123 -0.0598412098982
66.067693505 -0.00277680928484 -0.0597857036404
66.1305253581 -0.00277172752424 -0.059730299002
66.1933572111 -0.00276665951918 -0.0596749957195
66.2561890642 -0.00276160522159 -0.0596197935101
66.3190209173 -0.00275656458186 -0.0595646921088
66.3818527704 -0.00275153755266 -0.0595096912325
66.4446846234 -0.00274652408449 -0.0594547906209
66.5075164765 -0.00274152413036 -0.0593999899907
66.5703483296 -0.00273653764118 -0.0593452890886
66.6331801826 -0.00273156457079 -0.0592906876296
66.6960120357 -0.00272660487058 -0.0592361853555
66.7588438888 -0.00272165849441 -0.0591817819926
66.8216757419 -0.00271672539374 -0.0591274772863
66.8845075949 -0.00271180552284 -0.0590732709618
66.947339448 -0.0027068988351 -0.0590191627558
67.0101713011 -0.00270200528379 -0.0589651524078
67.0730031541 -0.0026971248222 -0.0589112396593
67.1358350072 -0.00269225740508 -0.0588574242443
67.1986668603 -0.00268740298674 -0.0588037059001
67.2614987134 -0.00268256152071 -0.0587500843734
67.3243305664 -0.00267773296239 -0.0586965594009
67.3871624195 -0.0026729172659 -0.0586431307317
67.4499942726 -0.00266811438661 -0.0585897981011
67.5128261256 -0.00266332427975 -0.0585365612583
67.5756579787 -0.00265854690064 -0.0584834199434
67.6384898318 -0.00265378220394 -0.0584303739121
67.7013216849 -0.00264903014664 -0.0583774229044
67.7641535379 -0.00264429068412 -0.0583245666653
67.826985391 -0.00263956377262 -0.0582718049499
67.8898172441 -0.00263484936791 -0.0582191375097
67.9526490971 -0.00263014742721 -0.0581665640847
68.0154809502 -0.00262545790695 -0.0581140844343
68.0783128033 -0.00262078076396 -0.058061698307
68.1411446564 -0.00261611595539 -0.0580094054604
68.2039765094 -0.00261146343793 -0.0579572056461
68.2668083625 -0.00260682316976 -0.0579050986161
68.3296402156 -0.0026021951082 -0.0578530841289
68.3924720686 -0.00259757921055 -0.0578011619437
68.4553039217 -0.00259297543554 -0.0577493318115
68.5181357748 -0.00258838374063 -0.0576975934954
68.5809676279 -0.00258380408478 -0.0576459467499
68.6437994809 -0.00257923642621 -0.0575943913372
68.706631334 -0.00257468072313 -0.0575429270222
68.7694631871 -0.00257013693474 -0.0574915535619
68.8322950402 -0.00256560502048 -0.0574402707162
68.8951268932 -0.00256108493861 -0.0573890782564
68.9579587463 -0.00255657664951 -0.0573379759359
69.0207905994 -0.00255208011226 -0.0572869635264
69.0836224524 -0.00254759528638 -0.0572360407917
69.1464543055 -0.00254312213195 -0.0571852074972
69.2092861586 -0.00253866060893 -0.0571344634135
69.2721180117 -0.00253421067744 -0.057083808307
69.3349498647 -0.00252977229818 -0.0570332419427
69.3977817178 -0.00252534543141 -0.0569827640968
69.4606135709 -0.00252093003802 -0.0569323745336
69.5234454239 -0.00251652607858 -0.0568820730274
69.586277277 -0.00251213351449 -0.0568318593538
69.6491091301 -0.0025077523068 -0.0567817332756
69.7119409832 -0.00250338241687 -0.0567316945751
69.7747728362 -0.00249902380655 -0.0566817430207
69.8376046893 -0.00249467643714 -0.0566318783901
69.9004365424 -0.00249034027093 -0.0565821004558
69.9632683954 -0.00248601526876 -0.0565324090065
70.0261002485 -0.00248170139418 -0.0564828038062
70.0889321016 -0.00247739860901 -0.0564332846361
70.1517639547 -0.0024731068757 -0.0563838512747
70.2145958077 -0.00246882615696 -0.0563345035048
70.2774276608 -0.00246455641535 -0.056285241106
70.3402595139 -0.00246029761389 -0.0562360638591
70.4030913669 -0.00245604971626 -0.0561869715408
70.46592322 -0.00245181268507 -0.0561379639415
70.5287550731 -0.00244758648388 -0.0560890408399
70.5915869262 -0.00244337107634 -0.0560402020197
70.6544187792 -0.00243916642613 -0.055991447269
70.7172506323 -0.00243497249691 -0.055942776372
70.7800824854 -0.00243078925342 -0.0558941891108
70.8429143384 -0.00242661665901 -0.0558456852762
70.9057461915 -0.00242245467781 -0.0557972646593
70.9685780446 -0.00241830327541 -0.0557489270393
71.0314098977 -0.0024141624159 -0.055700672208
71.0942417507 -0.00241003206335 -0.055652499963
71.1570736038 -0.00240591218355 -0.0556044100861
71.2199054569 -0.00240180274148 -0.0555564023686
71.28273731 -0.0023977037018 -0.0555084766071
71.345569163 -0.00239361503016 -0.0554606325927
71.4084010161 -0.00238953669195 -0.0554128701159
71.4712328692 -0.00238546865246 -0.055365188976
71.5340647222 -0.00238141087832 -0.0553175889604
71.5968965753 -0.00237736333456 -0.0552700698722
71.6597284284 -0.00237332598772 -0.0552226314997
71.7225602815 -0.0023692988037 -0.0551752736456
71.7853921345 -0.00236528174856 -0.055127996106
71.8482239876 -0.00236127478971 -0.0550807986743
71.9110558407 -0.00235727789303 -0.0550336811529
71.9738876937 -0.00235329102535 -0.0549866433431
72.0367195468 -0.00234931415334 -0.0549396850409
72.0995513999 -0.00234534724458 -0.0548928060463
72.162383253 -0.00234139026599 -0.0548460061622
72.225215106 -0.00233744318412 -0.0547992851946
72.2880469591 -0.00233350596667 -0.0547526429458
72.3508788122 -0.00232957858197 -0.0547060792106
72.4137106652 -0.00232566099661 -0.0546595938024
72.4765425183 -0.00232175317949 -0.0546131865175
72.5393743714 -0.00231785509737 -0.0545668571706
72.6022062245 -0.00231396671932 -0.0545206055571
72.6650380775 -0.0023100880129 -0.0544744314902
72.7278699306 -0.00230621894678 -0.0544283347737
72.7907017837 -0.00230235948905 -0.0543823152183
72.8535336367 -0.00229850960831 -0.054336372632
72.9163654898 -0.00229466927337 -0.0542905068243
72.9791973429 -0.00229083845301 -0.0542447176021
73.042029196 -0.00228701711669 -0.0541990047752
73.104861049 -0.0022832052324 -0.0541533681593
73.1676929021 -0.00227940277035 -0.0541078075621
73.2305247552 -0.00227560969967 -0.0540623227933
73.2933566082 -0.00227182598905 -0.0540169136725
73.3561884613 -0.0022680516091 -0.053971580007
73.4190203144 -0.00226428652859 -0.0539263216156
73.4818521675 -0.00226053071782 -0.0538811383094
73.5446840205 -0.00225678414655 -0.0538360299076
73.6075158736 -0.00225304678529 -0.0537909962172
73.6703477267 -0.00224931860362 -0.0537460370616
73.7331795798 -0.00224559957236 -0.053701152254
73.7960114328 -0.00224188966095 -0.0536563416214
73.8588432859 -0.00223818884078 -0.0536116049715
73.921675139 -0.00223449708262 -0.0535669421249
73.984506992 -0.00223081435706 -0.0535223528997
74.0473388451 -0.00222714063395 -0.0534778371263
74.1101706982 -0.00222347588626 -0.0534333946085
74.1730025513 -0.00221982008306 -0.053389025183
74.2358344043 -0.00221617319683 -0.0533447286609
74.2986662574 -0.00221253519849 -0.0533005048716
74.3614981105 -0.00220890606011 -0.0532563536266
74.4243299635 -0.00220528575218 -0.053212274764
74.4871618166 -0.00220167424713 -0.0531682680977
74.5499936697 -0.00219807151657 -0.0531243334537
74.6128255228 -0.00219447753216 -0.0530804706617
74.6756573758 -0.00219089226602 -0.0530366795444
74.7384892289 -0.00218731569077 -0.0529929599251
74.801321082 -0.0021837477782 -0.052949311631
74.864152935 -0.00218018850039 -0.0529057344954
74.9269847881 -0.00217663783039 -0.052862228341
74.9898166412 -0.00217309574034 -0.0528187929964
75.0526484943 -0.00216956220318 -0.0527754282909
75.1154803473 -0.00216603719154 -0.0527321340542
75.1783122004 -0.00216252067803 -0.052688910119
75.2411440535 -0.00215901263593 -0.0526457563124
75.3039759065 -0.00215551303877 -0.0526026724634
75.3668077596 -0.00215202185897 -0.0525596584087
75.4296396127 -0.00214853906987 -0.0525167139808
75.4924714658 -0.00214506464587 -0.0524738390041
75.5553033188 -0.00214159855932 -0.0524310333214
75.6181351719 -0.00213814078447 -0.0523882967635
75.680967025 -0.00213469129482 -0.0523456291612
75.743798878 -0.00213125006448 -0.0523030303501
75.8066307311 -0.00212781706704 -0.0522605001711
75.8694625842 -0.00212439227626 -0.0522180384594
75.9322944373 -0.00212097566687 -0.0521756450431
75.9951262903 -0.00211756721316 -0.0521333197621
76.0579581434 -0.00211416688886 -0.0520910624621
76.1207899965 -0.0021107746691 -0.0520488729691
76.1836218496 -0.00210739052752 -0.0520067511324
76.2464537026 -0.00210401443955 -0.0519646967824
76.3092855557 -0.00210064637958 -0.0519227097622
76.3721174088 -0.00209728632235 -0.0518807899121
76.4349492618 -0.00209393424326 -0.051838937068
76.4977811149 -0.00209059011655 -0.05179715108
76.560612968 -0.0020872539179 -0.0517554317847
76.6234448211 -0.00208392562226 -0.0517137790208
76.6862766741 -0.00208060520568 -0.0516721926286
76.7491085272 -0.00207729264236 -0.0516306724616
76.8119403803 -0.00207398790833 -0.0515892183586
76.8747722333 -0.00207069097924 -0.051547830161
76.9376040864 -0.00206740183106 -0.0515065077102
77.0004359395 -0.00206412043932 -0.0514652508579
77.0632677926 -0.00206084677947 -0.0514240594505
77.1260996456 -0.00205758082803 -0.0513829333276
77.1889314987 -0.00205432256126 -0.0513418723346
77.2517633518 -0.0020510719542 -0.0513008763285
77.3145952048 -0.00204782898447 -0.0512599451425
77.3774270579 -0.00204459362718 -0.05121907864
77.440258911 -0.00204136585966 -0.0511782766562
77.5030907641 -0.00203814565847 -0.051137539039
77.5659226171 -0.00203493299921 -0.0510968656529
77.6287544702 -0.0020317278595 -0.0510562563329
77.6915863233 -0.00202853021565 -0.051015710933
77.7544181763 -0.00202534004484 -0.0509752293069
77.8172500294 -0.00202215732389 -0.0509348113013
77.8800818825 -0.00201898202981 -0.0508944567693
77.9429137356 -0.00201581414011 -0.0508541655617
78.0057455886 -0.00201265363095 -0.050813937538
78.0685774417 -0.00200950048067 -0.0507737725436
78.1314092948 -0.00200635466692 -0.0507336704277
78.1942411478 -0.00200321616596 -0.0506936310542
78.2570730009 -0.00200008495616 -0.0506536542754
78.319904854 -0.00199696101508 -0.0506137399403
78.3827367071 -0.00199384432011 -0.0505738879107
78.4455685601 -0.0019907348498 -0.0505340980318
78.5084004132 -0.00198763258134 -0.0504943701696
78.5712322663 -0.00198453749292 -0.0504547041814
78.6340641194 -0.00198144956289 -0.0504150999129
78.6968959724 -0.00197836876905 -0.0503755572338
78.7597278255 -0.00197529509042 -0.0503360759868
78.8225596786 -0.0019722285035 -0.0502966560534
78.8853915316 -0.00196916898831 -0.0502572972722
78.9482233847 -0.00196611652324 -0.0502179995057
79.0110552378 -0.00196307108612 -0.0501787626207
79.0738870909 -0.00196003265593 -0.0501395864714
79.1367189439 -0.00195700121189 -0.0501004709144
79.199550797 -0.00195397673189 -0.0500614158216
79.2623826501 -0.00195095919517 -0.0500224210442
79.3252145031 -0.00194794858122 -0.0499834864472
79.3880463562 -0.00194494486842 -0.0499446118917
79.4508782093 -0.00194194803588 -0.0499057972445
79.5137100624 -0.00193895806329 -0.0498670423631
79.5765419154 -0.00193597492944 -0.0498283471157
79.6393737685 -0.00193299861425 -0.0497897113551
79.7022056216 -0.00193002909656 -0.0497511349573
79.7650374746 -0.00192706635593 -0.0497126177874
79.8278693277 -0.00192411037258 -0.0496741596974
79.8907011808 -0.00192116112534 -0.0496357605651
79.9535330339 -0.00191821859424 -0.0495974202527
80.0163648869 -0.00191528275929 -0.0495591386227
80.07919674 -0.00191235360065 -0.0495209155419
80.1420285931 -0.00190943109752 -0.0494827508836
80.2048604461 -0.00190651523005 -0.0494446445118
80.2676922992 -0.00190360597913 -0.0494065962892
80.3305241523 -0.00190070332392 -0.0493686060924
80.3933560054 -0.00189780724534 -0.0493306737846
80.4561878584 -0.00189491772341 -0.0492927992353
80.5190197115 -0.00189203473857 -0.0492549823152
80.5818515646 -0.00188915827176 -0.0492172228904
80.6446834176 -0.00188628830316 -0.0491795208343
80.7075152707 -0.00188342481323 -0.0491418760134
80.7703471238 -0.00188056778247 -0.0491042883071
80.8331789769 -0.00187771719203 -0.0490667575818
80.8960108299 -0.00187487302297 -0.0490292837033
80.958842683 -0.00187203525588 -0.0489918665502
81.0216745361 -0.00186920387152 -0.0489545059965
81.0845063892 -0.00186637885144 -0.0489172019097
81.1473382422 -0.00186356017631 -0.0488799541628
81.2101700953 -0.00186074782728 -0.0488427626374
81.2730019484 -0.00185794178621 -0.0488056271953
81.3358338014 -0.00185514203374 -0.0487685477211
81.3986656545 -0.00185234855157 -0.0487315240824
81.4614975076 -0.00184956132094 -0.0486945561608
81.5243293607 -0.00184678032369 -0.0486576438251
81.5871612137 -0.00184400554128 -0.0486207869553
81.6499930668 -0.00184123695512 -0.0485839854271
81.7128249199 -0.00183847454749 -0.048547239113
81.7756567729 -0.00183571829963 -0.0485105478971
81.838488626 -0.00183296819398 -0.0484739116441
81.9013204791 -0.00183022421168 -0.0484373302474
81.9641523322 -0.00182748633519 -0.0484008035759
82.0269841852 -0.00182475454656 -0.0483643315072
82.0898160383 -0.00182202882793 -0.0483279139226
82.1526478914 -0.00181930916092 -0.0482915507044
82.2154797444 -0.00181659552897 -0.0482552417231
82.2783115975 -0.00181388791338 -0.048218986866
82.3411434506 -0.00181118629708 -0.0481827860064
82.4039753037 -0.00180849066243 -0.0481466390295
82.4668071567 -0.00180580099157 -0.0481105458163
82.5296390098 -0.00180311726704 -0.0480745062501
82.5924708629 -0.00180043947207 -0.0480385202065
82.6553027159 -0.00179776758885 -0.0480025875682
82.718134569 -0.00179510160011 -0.0479667082238
82.7809664221 -0.00179244148909 -0.0479308820485
82.8437982752 -0.00178978723894 -0.0478951089211
82.9066301282 -0.00178713883141 -0.0478593887389
82.9694619813 -0.00178449625014 -0.0478237213808
83.0322938344 -0.00178185947867 -0.0477881067192
83.0951256875 -0.00177922849921 -0.0477525446545
83.1579575405 -0.00177660329577 -0.0477170350603
83.2207893936 -0.00177398385165 -0.04768157782
83.2836212467 -0.00177137014943 -0.0476461728268
83.3464530997 -0.00176876217285 -0.0476108199657
83.4092849528 -0.00176615990526 -0.0475755191176
83.4721168059 -0.00176356333055 -0.0475402701689
83.534948659 -0.00176097243158 -0.0475050730096
83.597780512 -0.00175838719261 -0.0474699275236
83.6606123651 -0.00175580759667 -0.0474348336019
83.7234442182 -0.0017532336283 -0.047399791125
83.7862760712 -0.00175066527056 -0.0473647999861
83.8491079243 -0.00174810250739 -0.047329860077
83.9119397774 -0.00174554532254 -0.0472949712802
83.9747716305 -0.00174299370059 -0.0472601334865
84.0376034835 -0.00174044762551 -0.0472253465772
84.1004353366 -0.00173790708078 -0.0471906104549
84.1632671897 -0.00173537205056 -0.047155925005
84.2260990427 -0.00173284251988 -0.0471212901087
84.2889308958 -0.00173031847159 -0.0470867056737
84.3517627489 -0.00172779989134 -0.0470521715724
84.414594602 -0.00172528676308 -0.0470176877031
84.477426455 -0.00172277907078 -0.0469832539634
84.5402583081 -0.0017202767992 -0.046948870234
84.6030901612 -0.00171777993266 -0.0469145364181
84.6659220142 -0.00171528845594 -0.0468802524004
84.7287538673 -0.00171280235361 -0.0468460180737
84.7915857204 -0.00171032161063 -0.0468118333316
84.8544175735 -0.00170784621129 -0.0467776980678
84.9172494265 -0.00170537614044 -0.0467436121784
84.9800812796 -0.00170291138275 -0.0467095755567
85.0429131327 -0.00170045192402 -0.04667558809
85.1057449857 -0.00169799774797 -0.04664164968
85.1685768388 -0.00169554884069 -0.0466077602163
85.2314086919 -0.00169310518634 -0.0465739196005
85.294240545 -0.00169066677097 -0.0465401277148
85.357072398 -0.00168823357877 -0.0465063844718
85.4199042511 -0.00168580559544 -0.0464726897571
85.4827361042 -0.00168338280582 -0.0464390434704
85.5455679573 -0.00168096519616 -0.0464054455039
85.6083998103 -0.00167855275056 -0.046371895766
85.6712316634 -0.00167614545572 -0.0463383941333
85.7340635165 -0.00167374329655 -0.0463049405166
85.7968953695 -0.00167134625783 -0.0462715348188
85.8597272226 -0.00166895432625 -0.0462381769272
85.9225590757 -0.00166656748691 -0.0462048667433
85.9853909288 -0.0016641857259 -0.0461716041618
86.0482227818 -0.00166180902802 -0.0461383890936
86.1110546349 -0.00165943737989 -0.046105221423
86.173886488 -0.00165707076735 -0.0460721010545
86.236718341 -0.0016547091757 -0.0460390278922
86.2995501941 -0.00165235259063 -0.0460060018363
86.3623820472 -0.00165000099915 -0.0459730227804
86.4252139003 -0.00164765438653 -0.0459400906294
86.4880457533 -0.00164531273926 -0.0459072052773
86.5508776064 -0.00164297604334 -0.0458743666334
86.6137094595 -0.00164064428426 -0.0458415746014
86.6765413125 -0.00163831744947 -0.045808829069
86.7393731656 -0.00163599552352 -0.0457761299571
86.8022050187 -0.00163367849465 -0.0457434771493
86.8650368718 -0.00163136634746 -0.045710870563
86.9278687248 -0.00162905907002 -0.0456783100846
86.9907005779 -0.00162675664771 -0.0456457956307
87.053532431 -0.00162445906646 -0.045613327106
87.116364284 -0.00162216631441 -0.0455809044011
87.1791961371 -0.00161987837698 -0.0455485274297
87.2420279902 -0.00161759524126 -0.0455161960906
87.3048598433 -0.00161531689382 -0.0454839102898
87.3676916963 -0.00161304332129 -0.0454516699381
87.4305235494 -0.00161077451022 -0.0454194749318
87.4933554025 -0.00160851044799 -0.0453873251787
87.5561872555 -0.00160625112156 -0.0453552205792
87.6190191086 -0.00160399651655 -0.0453231610525
87.6818509617 -0.00160174662142 -0.04529114649
87.7446828148 -0.00159950142217 -0.0452591768092
87.8075146678 -0.00159726090667 -0.0452272519028
87.8703465209 -0.00159502506126 -0.0451953716903
87.933178374 -0.00159279387326 -0.0451635360743
87.9960102271 -0.00159056733012 -0.0451317449616
88.0588420801 -0.00158834541891 -0.0450999982578
88.1216739332 -0.00158612812644 -0.0450682958755
88.1845057863 -0.00158391544067 -0.0450366377177
88.2473376393 -0.00158170734879 -0.045005023694
88.3101694924 -0.00157950383809 -0.0449734537102
88.3730013455 -0.00157730489582 -0.0449419276814
88.4358331986 -0.00157511050955 -0.0449104455148
88.4986650516 -0.00157292066714 -0.0448790071112
88.5614969047 -0.0015707353556 -0.0448476123936
88.6243287578 -0.00156855456276 -0.0448162612636
88.6871606108 -0.00156637827672 -0.0447849536263
88.7499924639 -0.00156420648436 -0.0447536894034
88.812824317 -0.00156203917398 -0.0447224684973
88.8756561701 -0.00155987633294 -0.0446912908233
88.9384880231 -0.00155771794948 -0.0446601562856
89.0013198762 -0.0015555640112 -0.0446290648016
89.0641517293 -0.00155341450598 -0.0445980162817
89.1269835823 -0.00155126942192 -0.0445670106353
89.1898154354 -0.00154912874674 -0.0445360477796
89.2526472885 -0.00154699246849 -0.0445051276175
89.3154791416 -0.00154486057517 -0.0444742500716
89.3783109946 -0.00154273305573 -0.0444434150431
89.4411428477 -0.00154060989668 -0.0444126224579
89.5039747008 -0.00153849108768 -0.0443818722184
89.5668065538 -0.00153637661624 -0.0443511642403
89.6296384069 -0.00153426647053 -0.0443204984442
89.69247026 -0.00153216063932 -0.0442898747328
89.7553021131 -0.00153005911077 -0.0442592930241
89.8181339661 -0.00152796187317 -0.044228753235
89.8809658192 -0.00152586891459 -0.0441982552827
89.9437976723 -0.00152378022376 -0.0441677990762
90.0066295253 -0.00152169578964 -0.0441373845289
90.0694613784 -0.00151961559985 -0.0441070115637
90.1322932315 -0.00151753964375 -0.044076680088
90.1951250846 -0.00151546790922 -0.0440463900264
90.2579569376 -0.00151340038565 -0.0440161412841
90.3207887907 -0.00151133706163 -0.0439859337786
90.3836206438 -0.00150927792521 -0.0439557674345
90.4464524969 -0.0015072229657 -0.0439256421615
90.5092843499 -0.00150517217182 -0.0438955578793
90.572116203 -0.001503125532 -0.0438655145072
90.6349480561 -0.00150108303545 -0.0438355119584
90.6977799091 -0.00149904467125 -0.0438055501467
90.7606117622 -0.00149701042803 -0.043775628996
90.8234436153 -0.00149498029505 -0.0437457484216
90.8862754684 -0.00149295426061 -0.0437159083499
90.9491073214 -0.00149093231481 -0.0436861086802
91.0119391745 -0.00148891444598 -0.0436563493477
91.0747710276 -0.00148690064374 -0.0436266302636
91.1376028806 -0.00148489089656 -0.0435969513514
91.2004347337 -0.00148288519449 -0.0435673125236
91.2632665868 -0.00148088352636 -0.0435377137046
91.3260984399 -0.00147888588119 -0.0435081548133
91.3889302929 -0.0014768922482 -0.0434786357737
91.451762146 -0.00147490261758 -0.0434491564958
91.5145939991 -0.00147291697799 -0.0434197169044
91.5774258521 -0.00147093531839 -0.0433903169316
91.6402577052 -0.00146895762943 -0.0433609564763
91.7030895583 -0.00146698389964 -0.0433316354765
91.7659214114 -0.00146501411922 -0.0433023538403
91.8287532644 -0.00146304827711 -0.0432731114993
91.8915851175 -0.00146108636292 -0.0432439083774
91.9544169706 -0.00145912836665 -0.0432147443841
92.0172488236 -0.00145717427783 -0.0431856194486
92.0800806767 -0.00145522408595 -0.0431565334927
92.1429125298 -0.00145327778121 -0.0431274864341
92.2057443829 -0.0014513353525 -0.0430984782065
92.2685762359 -0.00144939679034 -0.0430695087198
92.331408089 -0.00144746208433 -0.0430405779039
92.3942399421 -0.00144553122405 -0.0430116856828
92.4570717951 -0.0014436042001 -0.0429828319716
92.5199036482 -0.00144168100154 -0.0429540167049
92.5827355013 -0.0014397616189 -0.0429252397977
92.6455673544 -0.00143784604184 -0.042896501181
92.7083992074 -0.00143593426085 -0.0428678007666
92.7712310605 -0.0014340262654 -0.0428391384944
92.8340629136 -0.00143212204533 -0.0428105142857
92.8968947667 -0.00143022159148 -0.0427819280588
92.9597266197 -0.00142832489391 -0.0427533797392
93.0225584728 -0.0014264319422 -0.0427248692596
93.0853903259 -0.00142454272724 -0.0426963965346
93.1482221789 -0.00142265723886 -0.0426679614977
93.211054032 -0.00142077546771 -0.0426395640691
93.2738858851 -0.00141889740376 -0.042611204177
93.3367177382 -0.00141702303714 -0.0425828817522
93.3995495912 -0.00141515235852 -0.0425545967175
93.4623814443 -0.00141328535854 -0.0425263489937
93.5252132974 -0.00141142202695 -0.0424981385194
93.5880451504 -0.00140956235483 -0.042469965209
93.6508770035 -0.0014077063328 -0.0424418289913
93.7137088566 -0.00140585395072 -0.0424137298042
93.7765407097 -0.00140400519934 -0.0423856675632
93.8393725627 -0.00140216006906 -0.0423576422092
93.9022044158 -0.00140031855128 -0.0423296536549
93.9650362689 -0.0013984806361 -0.0423017018347
94.0278681219 -0.00139664631419 -0.0422737866773
94.090699975 -0.00139481557601 -0.0422459081165
94.1535318281 -0.00139298841296 -0.0422180660673
94.2163636812 -0.0013911648147 -0.0421902604758
94.2791955342 -0.00138934477354 -0.0421624912516
94.3420273873 -0.00138752827881 -0.0421347583441
94.4048592404 -0.00138571532207 -0.0421070616669
94.4676910934 -0.0013839058947 -0.0420794011523
94.5305229465 -0.00138209998665 -0.0420517767357
94.5933547996 -0.00138029758936 -0.0420241883403
94.6561866527 -0.00137849869352 -0.0419966359058
94.7190185057 -0.00137670329044 -0.041969119352
94.7818503588 -0.00137491137094 -0.0419416386135
94.8446822119 -0.00137312292603 -0.0419141936228
94.9075140649 -0.00137133794691 -0.0418867843094
94.970345918 -0.00136955642497 -0.0418594105975
95.0331777711 -0.00136777835087 -0.0418320724269
95.0960096242 -0.00136600371595 -0.0418047697246
95.1588414772 -0.00136423251131 -0.0417775024283
95.2216733303 -0.00136246472851 -0.0417502704578
95.2845051834 -0.00136070035845 -0.0417230737553
95.3473370365 -0.00135893939218 -0.0416959122494
95.4101688895 -0.00135718182154 -0.0416687858727
95.4730007426 -0.00135542763769 -0.0416416945553
95.5358325957 -0.00135367683201 -0.0416146382334
95.5986644487 -0.00135192939576 -0.0415876168341
95.6614963018 -0.00135018532033 -0.0415606302963
95.7243281549 -0.00134844459715 -0.0415336785516
95.787160008 -0.00134670721794 -0.0415067615293
95.849991861 -0.00134497317416 -0.0414798791633
95.9128237141 -0.00134324245726 -0.0414530313902
95.9756555672 -0.00134151505846 -0.0414262181439
96.0384874202 -0.00133979096963 -0.0413994393585
96.1013192733 -0.0013380701827 -0.0413726949603
96.1641511264 -0.00133635268848 -0.0413459848996
96.2269829795 -0.00133463847938 -0.0413193090942
96.2898148325 -0.00133292754666 -0.0412926674856
96.3526466856 -0.00133121988219 -0.0412660600104
96.4154785387 -0.00132951547796 -0.0412394865959
96.4783103917 -0.0013278143253 -0.0412129471836
96.5411422448 -0.00132611641559 -0.0411864417127
96.6039740979 -0.0013244217416 -0.0411599701102
96.666805951 -0.00132273029507 -0.0411335323114
96.729637804 -0.00132104206733 -0.0411071282579
96.7924696571 -0.00131935705009 -0.041080757882
96.8553015102 -0.00131767523628 -0.04105442112
96.9181333632 -0.00131599661684 -0.0410281179092
96.9809652163 -0.0013143211838 -0.0410018481914
97.0437970694 -0.00131264893027 -0.0409756118824
97.1066289225 -0.00131097984678 -0.0409494089456
97.1694607755 -0.00130931392593 -0.0409232393049
97.2322926286 -0.00130765116015 -0.0408971028932
97.2951244817 -0.00130599154167 -0.0408709996488
97.3579563347 -0.00130433506191 -0.0408449295152
97.4207881878 -0.00130268171292 -0.0408188924312
97.4836200409 -0.00130103148754 -0.0407928883296
97.546451894 -0.00129938437768 -0.0407669171447
97.609283747 -0.00129774037533 -0.0407409788214
97.6721156001 -0.00129609947314 -0.0407150732926
97.7349474532 -0.00129446166309 -0.0406892004984
97.7977793063 -0.00129282693749 -0.0406633603782
97.8606111593 -0.00129119528868 -0.0406375528659
97.9234430124 -0.00128956670895 -0.0406117779074
97.9862748655 -0.00128794119037 -0.0405860354421
98.0491067185 -0.00128631872604 -0.0405603253998
98.1119385716 -0.00128469930772 -0.0405346477254
98.1747704247 -0.00128308292803 -0.040509002358
98.2376022778 -0.00128146957984 -0.0404833892343
98.3004341308 -0.0012798592547 -0.0404578082992
98.3632659839 -0.00127825194593 -0.040432259488
98.426097837 -0.00127664764583 -0.0404067427379
98.48892969 -0.0012750463468 -0.0403812579973
98.5517615431 -0.00127344804095 -0.0403558052042
98.6145933962 -0.00127185272211 -0.0403303842903
98.6774252493 -0.00127026038173 -0.0403049952056
98.7402571023 -0.00126867101315 -0.0402796378853
98.8030889554 -0.00126708460867 -0.0402543122735
98.8659208085 -0.00126550116072 -0.0402290183124
98.9287526615 -0.00126392066278 -0.0402037559341
98.9915845146 -0.00126234310658 -0.0401785250935
99.0544163677 -0.00126076848573 -0.0401533257216
99.1172482208 -0.00125919679264 -0.0401281577624
99.1800800738 -0.00125762801996 -0.0401030211596
99.2429119269 -0.00125606216107 -0.0400779158485
99.30574378 -0.00125449920779 -0.0400528417822
99.368575633 -0.00125293915385 -0.0400277988963
99.4314074861 -0.00125138199199 -0.0400027871287
99.4942393392 -0.00124982771476 -0.0399778064287
99.5570711923 -0.00124827631533 -0.0399528567368
99.6199030453 -0.0012467277865 -0.0399279379951
99.6827348984 -0.0012451821215 -0.0399030501466
99.7455667515 -0.00124363931371 -0.0398781931232
99.8083986045 -0.00124209935473 -0.0398533668936
99.8712304576 -0.00124056223842 -0.0398285713861
99.9340623107 -0.00123902795815 -0.0398038065369
99.9968941638 -0.00123749650653 -0.0397790722995
100.059726017 -0.0012359678772 -0.0397543686076
100.12255787 -0.0012344420624 -0.0397296954206
100.185389723 -0.00123291905583 -0.0397050526725
100.248221576 -0.00123139885062 -0.0396804403029
100.311053429 -0.0012298814397 -0.0396558582692
100.373885282 -0.00122836681642 -0.0396313065057
100.436717135 -0.00122685497377 -0.0396067849625
100.499548988 -0.00122534590569 -0.0395822935725
100.562380841 -0.00122383960505 -0.0395578322888
100.625212694 -0.00122233606477 -0.039533401062
100.688044548 -0.00122083527825 -0.0395089998303
100.750876401 -0.00121933723933 -0.0394846285355
100.813708254 -0.00121784194062 -0.0394602871318
100.876540107 -0.00121634937596 -0.0394359755561
100.93937196 -0.00121485953844 -0.0394116937632
101.002203813 -0.00121337242205 -0.0393874416847
101.065035666 -0.00121188801973 -0.0393632192767
101.127867519 -0.00121040632458 -0.0393390264886
101.190699372 -0.0012089273307 -0.0393148632557
101.253531225 -0.0012074510314 -0.0392907295304
101.316363078 -0.00120597741969 -0.0392666252608
101.379194931 -0.00120450648987 -0.0392425503859
101.442026784 -0.0012030382348 -0.0392185048612
101.504858637 -0.00120157264817 -0.0391944886303
101.567690491 -0.00120010972416 -0.0391705016325
101.630522344 -0.00119864945571 -0.0391465438251
101.693354197 -0.00119719183635 -0.0391226151499
101.75618605 -0.00119573686022 -0.0390987155547
101.819017903 -0.00119428452105 -0.0390748449822
101.881849756 -0.0011928348117 -0.0390510033914
101.944681609 -0.00119138772661 -0.0390271907204
102.007513462 -0.00118994325926 -0.0390034069186
102.070345315 -0.00118850140297 -0.0389796519384
102.133177168 -0.00118706215193 -0.038955925725
102.196009021 -0.00118562550003 -0.038932228223
102.258840874 -0.00118419144069 -0.0389085593849
102.321672727 -0.00118275996793 -0.0388849191553
102.38450458 -0.00118133107552 -0.0388613074835
102.447336434 -0.00117990475723 -0.0388377243201
102.510168287 -0.0011784810068 -0.0388141696181
102.57300014 -0.00117705981838 -0.0387906433166
102.635831993 -0.0011756411859 -0.038767145367
102.698663846 -0.00117422510286 -0.0387436757243
102.761495699 -0.00117281156355 -0.0387202343323
102.824327552 -0.00117140056184 -0.038696821139
102.887159405 -0.00116999209122 -0.0386734361064
102.949991258 -0.00116858614665 -0.0386500791632
103.012823111 -0.00116718272153 -0.0386267502712
103.075654964 -0.00116578180938 -0.038603449386
103.138486817 -0.00116438340584 -0.0385801764376
103.20131867 -0.00116298750246 -0.0385569314075
103.264150523 -0.00116159409573 -0.0385337142127
103.326982377 -0.00116020317811 -0.0385105248286
103.38981423 -0.00115881474517 -0.0384873631844
103.452646083 -0.00115742878968 -0.0384642292441
103.515477936 -0.00115604530645 -0.0384411229551
103.578309789 -0.00115466428952 -0.0384180442697
103.641141642 -0.00115328573308 -0.0383949931336
103.703973495 -0.00115190963067 -0.0383719695106
103.766805348 -0.00115053597754 -0.0383489733358
103.829637201 -0.00114916476747 -0.0383260045694
103.892469054 -0.00114779599481 -0.0383030631571
103.955300907 -0.00114642965388 -0.0382801490526
104.01813276 -0.00114506573835 -0.0382572622139
104.080964613 -0.00114370424325 -0.038234402582
104.143796467 -0.00114234516242 -0.0382115701166
104.20662832 -0.00114098849049 -0.0381887647633
104.269460173 -0.00113963422122 -0.0381659864843
104.332292026 -0.00113828234986 -0.0381432352189
104.395123879 -0.00113693286977 -0.0381205109318
104.457955732 -0.00113558577656 -0.0380978135607
104.520787585 -0.00113424106364 -0.0380751430729
104.583619438 -0.00113289872575 -0.0380524994096
104.646451291 -0.00113155875777 -0.0380298825257
104.709283144 -0.00113022115327 -0.0380072923816
104.772114997 -0.00112888590716 -0.0379847289261
104.83494685 -0.00112755301417 -0.037962192107
104.897778703 -0.00112622246886 -0.0379396818743
104.960610556 -0.00112489426453 -0.0379171982057
105.02344241 -0.00112356839727 -0.0378947410287
105.086274263 -0.00112224486138 -0.0378723102962
105.149106116 -0.00112092365039 -0.0378499059821
105.211937969 -0.00111960475999 -0.037827528022
105.274769822 -0.00111828818417 -0.0378051763799
105.337601675 -0.00111697391757 -0.0377828510044
105.400433528 -0.00111566195517 -0.037760551849
105.463265381 -0.00111435229178 -0.0377382788669
105.526097234 -0.00111304492107 -0.0377160320203
105.588929087 -0.00111173983865 -0.0376938112582
105.65176094 -0.00111043703873 -0.0376716165366
105.714592793 -0.00110913651641 -0.0376494478025
105.777424646 -0.00110783826638 -0.0376273050143
105.840256499 -0.00110654228246 -0.0376051881413
105.903088353 -0.00110524856078 -0.0375830971127
105.965920206 -0.00110395709517 -0.0375610319014
106.028752059 -0.00110266788083 -0.0375389924579
106.091583912 -0.00110138091219 -0.0375169787379
106.154415765 -0.00110009618456 -0.0374949906927
106.217247618 -0.00109881369227 -0.0374730282822
106.280079471 -0.0010975334306 -0.0374510914632
106.342911324 -0.00109625539412 -0.037429180184
106.405743177 -0.00109497957818 -0.0374072943995
106.46857503 -0.00109370597676 -0.0373854340774
106.531406883 -0.00109243458559 -0.0373635991615
106.594238736 -0.00109116539881 -0.0373417896193
106.657070589 -0.00108989841255 -0.0373200053921
106.719902442 -0.00108863362038 -0.0372982464495
106.782734296 -0.00108737101815 -0.0372765127409
106.845566149 -0.00108611060066 -0.0372548042211
106.908398002 -0.00108485236277 -0.0372331208519
106.971229855 -0.00108359629927 -0.0372114625917
107.034061708 -0.00108234240572 -0.0371898293858
107.096893561 -0.00108109067661 -0.037168221205
107.159725414 -0.00107984110763 -0.0371466379912
107.222557267 -0.00107859369282 -0.0371250797191
107.28538912 -0.00107734842837 -0.0371035463295
107.348220973 -0.00107610530901 -0.037082037781
107.411052826 -0.0010748643294 -0.0370605540437
107.473884679 -0.00107362548479 -0.037039095068
107.536716532 -0.00107238877071 -0.0370176608071
107.599548385 -0.0010711541822 -0.0369962512186
107.662380239 -0.00106992171422 -0.0369748662646
107.725212092 -0.00106869136197 -0.0369535059027
107.788043945 -0.00106746312066 -0.0369321700897
107.850875798 -0.00106623698586 -0.0369108587798
107.913707651 -0.0010650129517 -0.0368895719427
107.976539504 -0.00106379101481 -0.0368683095212
108.039371357 -0.00106257116925 -0.03684707148
108.10220321 -0.00106135341124 -0.0368258577789
108.165035063 -0.00106013773514 -0.0368046683784
108.227866916 -0.00105892413682 -0.0367835032311
108.290698769 -0.00105771261136 -0.0367623623004
108.353530622 -0.00105650315397 -0.0367412455456
108.416362475 -0.00105529576047 -0.0367201529151
108.479194328 -0.00105409042576 -0.0366990843786
108.542026182 -0.00105288714483 -0.0366780398964
108.604858035 -0.00105168591394 -0.0366570194172
108.667689888 -0.00105048672805 -0.0366360229037
108.730521741 -0.00104928958221 -0.0366150503213
108.793353594 -0.00104809447207 -0.0365941016273
108.856185447 -0.0010469013933 -0.0365731767755
108.9190173 -0.00104571034077 -0.036552275733
108.981849153 -0.00104452131026 -0.0365313984539
109.044681006 -0.00104333429689 -0.0365105449025
109.107512859 -0.00104214929712 -0.0364897150278
109.170344712 -0.00104096630549 -0.0364689087994
109.233176565 -0.00103978531752 -0.0364481261778
109.296008418 -0.00103860632895 -0.0364273671186
109.358840271 -0.00103742933526 -0.0364066315848
109.421672125 -0.00103625433153 -0.0363859195413
109.484503978 -0.00103508131422 -0.0363652309349
109.547335831 -0.0010339102783 -0.0363445657348
109.610167684 -0.00103274121961 -0.0363239238951
109.672999537 -0.00103157413327 -0.0363033053908
109.73583139 -0.00103040901492 -0.0362827101727
109.798663243 -0.00102924586057 -0.0362621382004
109.861495096 -0.00102808466573 -0.0362415894368
109.924326949 -0.00102692542537 -0.0362210638472
109.987158802 -0.00102576813635 -0.0362005613778
110.049990655 -0.0010246127929 -0.0361800820101
110.112822508 -0.00102345939205 -0.0361596256906
110.175654361 -0.0010223079282 -0.0361391923889
110.238486214 -0.00102115839851 -0.0361187820552
110.301318068 -0.00102001079699 -0.0360983946652
110.364149921 -0.0010188651207 -0.0360780301674
110.426981774 -0.00101772136438 -0.0360576885375
110.489813627 -0.00101657952476 -0.0360373697207
110.55264548 -0.00101543959672 -0.0360170736915
110.615477333 -0.0010143015759 -0.035996800415
110.678309186 -0.00101316545914 -0.0359765498347
110.741141039 -0.00101203124139 -0.0359563219287
110.803972892 -0.0010108989184 -0.0359361166566
110.866804745 -0.00100976848658 -0.0359159339722
110.929636598 -0.00100863994125 -0.0358957738464
110.992468451 -0.0010075132782 -0.0358756362433
111.055300304 -0.00100638849323 -0.0358555211166
111.118132157 -0.0010052655828 -0.0358354284329
111.180964011 -0.00100414454182 -0.035815358159
111.243795864 -0.00100302536727 -0.0357953102468
111.306627717 -0.00100190805416 -0.035775284672
111.36945957 -0.00100079259809 -0.0357552813958
111.432291423 -0.000999678995828 -0.0357353003729
111.495123276 -0.000998567243625 -0.0357153415624
111.557955129 -0.000997457336235 -0.0356954049427
111.620786982 -0.000996349270147 -0.0356754904686
111.683618835 -0.000995243041015 -0.0356555981093
111.746450688 -0.000994138645805 -0.0356357278171
111.809282541 -0.000993036079286 -0.0356158795607
111.872114394 -0.000991935337645 -0.0355960533124
111.934946247 -0.00099083641719 -0.0355762490275
111.9977781 -0.000989739314188 -0.0355564666627
112.060609954 -0.000988644024145 -0.0355367061942
112.123441807 -0.000987550543699 -0.0355169675735
112.18627366 -0.000986458867716 -0.035497250785
112.249105513 -0.000985368993592 -0.0354775557689
112.311937366 -0.000984280916413 -0.0354578825048
112.374769219 -0.000983194632727 -0.0354382309524
112.437601072 -0.000982110138521 -0.0354186010732
112.500432925 -0.000981027429887 -0.035398992832
112.563264778 -0.000979946503034 -0.0353794061976
112.626096631 -0.000978867353389 -0.0353598411378
112.688928484 -0.000977789977794 -0.0353402976111
112.751760337 -0.000976714372461 -0.0353207755744
112.81459219 -0.000975640533081 -0.035301275004
112.877424043 -0.000974568456148 -0.0352817958584
112.940255897 -0.000973498137822 -0.0352623381071
113.00308775 -0.000972429573964 -0.0352429017117
113.065919603 -0.000971362760858 -0.0352234866419
113.128751456 -0.000970297694687 -0.0352040928592
113.191583309 -0.000969234372064 -0.0351847203253
113.254415162 -0.000968172788671 -0.03516536901
113.317247015 -0.000967112940567 -0.0351460388854
113.380078868 -0.000966054824921 -0.0351267298999
113.442910721 -0.000964998437424 -0.0351074420257
113.505742574 -0.000963943773847 -0.0350881752413
113.568574427 -0.000962890830833 -0.0350689295013
113.63140628 -0.00096183960566 -0.0350497047599
113.694238133 -0.000960790092956 -0.035030501006
113.757069986 -0.000959742290069 -0.0350113181896
113.81990184 -0.000958696192527 -0.0349921562885
113.882733693 -0.000957651797662 -0.0349730152548
113.945565546 -0.00095660910124 -0.0349538950602
114.008397399 -0.000955568099108 -0.0349347956774
114.071229252 -0.000954528788449 -0.034915717066
114.134061105 -0.000953491165334 -0.034896659194
114.196892958 -0.000952455226133 -0.0348776220236
114.259724811 -0.000951420967152 -0.0348586055224
114.322556664 -0.000950388384849 -0.0348396096588
114.385388517 -0.000949357475039 -0.0348206344121
114.44822037 -0.000948328234875 -0.034801679729
114.511052223 -0.000947300661043 -0.0347827455785
114.573884076 -0.000946274748845 -0.0347638319403
114.636715929 -0.000945250495646 -0.0347449387712
114.699547783 -0.000944227897567 -0.0347260660423
114.762379636 -0.00094320695095 -0.0347072137186
114.825211489 -0.000942187652313 -0.0346883817675
114.888043342 -0.0009411699984 -0.0346695701531
114.950875195 -0.000940153985393 -0.0346507788479
115.013707048 -0.000939139609767 -0.0346320078163
115.076538901 -0.000938126868022 -0.0346132570278
115.139370754 -0.000937115757159 -0.0345945264444
115.202202607 -0.000936106273087 -0.0345758160416
115.26503446 -0.000935098412334 -0.0345571257801
115.327866313 -0.000934092171359 -0.0345384556403
115.390698166 -0.000933087547862 -0.0345198055623
115.453530019 -0.000932084537096 -0.0345011755398
115.516361872 -0.000931083135927 -0.0344825655345
115.579193726 -0.00093008334099 -0.034463975512
115.642025579 -0.000929085149457 -0.0344454054323
115.704857432 -0.000928088556787 -0.0344268552812
115.767689285 -0.000927093560168 -0.0344083250144
115.830521138 -0.000926100156257 -0.0343898146067
115.893352991 -0.000925108341634 -0.0343713240192
115.956184844 -0.000924118113655 -0.0343528532125
116.019016697 -0.000923129467255 -0.0343344021785
116.08184855 -0.000922142400385 -0.0343159708735
116.144680403 -0.000921156909568 -0.0342975592574
116.207512256 -0.000920172991305 -0.0342791673063
116.270344109 -0.00091919064186 -0.0342607949953
116.333175962 -0.00091820985814 -0.0342424422884
116.396007816 -0.000917230637364 -0.034224109146
116.458839669 -0.000916252975731 -0.03420579555
116.521671522 -0.000915276870192 -0.034187501459
116.584503375 -0.0009143023172 -0.0341692268473
116.647335228 -0.000913329312983 -0.0341509716896
116.710167081 -0.00091235785544 -0.0341327359441
116.772998934 -0.000911387940648 -0.0341145195824
116.835830787 -0.000910419565512 -0.0340963225746
116.89866264 -0.000909452726755 -0.0340781448921
116.961494493 -0.000908487420767 -0.0340599865082
117.024326346 -0.000907523645219 -0.0340418473777
117.087158199 -0.000906561395864 -0.03402372749
117.149990052 -0.000905600670323 -0.0340056267972
117.212821905 -0.000904641464976 -0.0339875452726
117.275653759 -0.000903683776519 -0.0339694828986
117.338485612 -0.000902727601933 -0.0339514396335
117.401317465 -0.000901772938518 -0.0339334154415
117.464149318 -0.000900819782158 -0.0339154103086
117.526981171 -0.000899868130058 -0.0338974241959
117.589813024 -0.000898917979553 -0.0338794570692
117.652644877 -0.000897969326883 -0.0338615089086
117.71547673 -0.000897022169504 -0.0338435796718
117.778308583 -0.00089607650354 -0.0338256693421
117.841140436 -0.000895132326146 -0.033807777886
117.903972289 -0.000894189634943 -0.0337899052623
117.966804142 -0.000893248425993 -0.0337720514543
118.029635995 -0.000892308696175 -0.0337542164352
118.092467848 -0.000891370443039 -0.0337364001594
118.155299702 -0.000890433662886 -0.0337186026102
118.218131555 -0.000889498353271 -0.0337008237546
118.280963408 -0.000888564510224 -0.0336830635677
118.343795261 -0.000887632131856 -0.0336653220076
118.406627114 -0.000886701213799 -0.0336475990644
118.469458967 -0.000885771754005 -0.0336298946944
118.53229082 -0.00088484374916 -0.0336122088688
118.595122673 -0.000883917196578 -0.033594541559
118.657954526 -0.000882992092343 -0.0335768927484
118.720786379 -0.000882068434141 -0.0335592623963
118.783618232 -0.000881146218897 -0.0335416504754
118.846450085 -0.000880225443455 -0.0335240569607
118.909281938 -0.000879306104859 -0.0335064818186
118.972113791 -0.000878388200569 -0.0334889250157
119.034945645 -0.000877471726769 -0.0334713865452
119.097777498 -0.000876556681258 -0.0334538663529
119.160609351 -0.000875643060896 -0.0334363644188
119.223441204 -0.000874730862693 -0.0334188807181
119.286273057 -0.000873820083187 -0.0334014152299
119.34910491 -0.000872910720312 -0.0333839679103
119.411936763 -0.000872002770387 -0.0333665387416
119.474768616 -0.00087109623104 -0.0333491276908
119.537600469 -0.000870191099298 -0.0333317347284
119.600432322 -0.000869287372221 -0.0333143598263
119.663264175 -0.000868385046436 -0.0332970029697
119.726096028 -0.000867484119726 -0.0332796641093
119.788927881 -0.000866584588762 -0.0332623432339
119.851759734 -0.000865686451217 -0.0332450403055
119.914591588 -0.000864789703549 -0.0332277553019
119.977423441 -0.000863894343472 -0.0332104881912
120.040255294 -0.000863000367848 -0.0331932389515
120.103087147 -0.000862107773554 -0.0331760075542
120.165919 -0.000861216558263 -0.0331587939683
120.228750853 -0.00086032671903 -0.0331415981623
120.291582706 -0.000859438252816 -0.0331244201212
120.354414559 -0.00085855115713 -0.033107259806
120.417246412 -0.000857665429018 -0.0330901171946
120.480078265 -0.000856781065457 -0.0330729922603
120.542910118 -0.000855898063883 -0.0330558849752
120.605741971 -0.000855016421782 -0.0330387953068
120.668573824 -0.000854136135614 -0.0330217232371
120.731405677 -0.000853257203376 -0.0330046687357
120.794237531 -0.000852379621826 -0.0329876317736
120.857069384 -0.000851503388416 -0.032970612324
120.919901237 -0.000850628500331 -0.0329536103609
120.98273309 -0.000849754955074 -0.0329366258559
121.045564943 -0.000848882749391 -0.0329196587873
121.108396796 -0.00084801188101 -0.0329027091233
121.171228649 -0.000847142347153 -0.0328857768323
121.234060502 -0.000846274144898 -0.0328688619019
121.296892355 -0.000845407271557 -0.0328519642973
121.359724208 -0.000844541724553 -0.0328350839898
121.422556061 -0.000843677501579 -0.0328182209517
121.485387914 -0.000842814599156 -0.0328013751662
121.548219767 -0.000841953014641 -0.0327845466074
121.61105162 -0.000841092746301 -0.0327677352293
121.673883474 -0.00084023379063 -0.0327509410233
121.736715327 -0.000839376145012 -0.0327341639636
121.79954718 -0.000838519807365 -0.0327174040166
121.862379033 -0.000837664774211 -0.0327006611617
121.925210886 -0.000836811043641 -0.0326839353681
121.988042739 -0.000835958612638 -0.0326672266145
122.050874592 -0.000835107478912 -0.0326505348667
122.113706445 -0.000834257639444 -0.0326338601091
122.176538298 -0.000833409091679 -0.0326172023119
122.239370151 -0.000832561833394 -0.0326005614438
122.302202004 -0.000831715861728 -0.0325839374855
122.365033857 -0.000830871173584 -0.032567330415
122.42786571 -0.000830027767121 -0.0325507402006
122.490697563 -0.00082918563939 -0.032534166821
122.553529417 -0.000828344788045 -0.0325176102415
122.61636127 -0.000827505210658 -0.0325010704406
122.679193123 -0.000826666904273 -0.0324845473968
122.742024976 -0.00082582986593 -0.0324680410883
122.804856829 -0.000824994094081 -0.0324515514828
122.867688682 -0.000824159585812 -0.0324350785499
122.930520535 -0.000823326338241 -0.0324186222804
122.993352388 -0.000822494349318 -0.0324021826305
123.056184241 -0.000821663616311 -0.0323857595886
123.119016094 -0.000820834136448 -0.0323693531301
123.181847947 -0.00082000590766 -0.0323529632171
123.2446798 -0.000819178927111 -0.0323365898393
123.307511653 -0.000818353192141 -0.0323202329695
123.370343506 -0.000817528701327 -0.0323038925663
123.43317536 -0.000816705450881 -0.0322875686246
123.496007213 -0.000815883438616 -0.0322712611184
123.558839066 -0.000815062662978 -0.0322549700029
123.621670919 -0.00081424312025 -0.0322386952802
123.684502772 -0.000813424808499 -0.03222243691
123.747334625 -0.000812607725456 -0.0322061948691
123.810166478 -0.000811791868802 -0.0321899691328
123.872998331 -0.000810977235669 -0.0321737596787
123.935830184 -0.000810163823252 -0.0321575664932
123.998662037 -0.0008093516302 -0.0321413895307
124.06149389 -0.000808540653273 -0.0321252287806
124.124325743 -0.000807730890717 -0.0321090842062
124.187157596 -0.000806922338724 -0.0320929558095
124.249989449 -0.000806114996967 -0.0320768435336
124.312821303 -0.000805308861239 -0.0320607473764
124.375653156 -0.000804503930129 -0.0320446673078
124.438485009 -0.000803700200732 -0.032028603305
124.501316862 -0.000802897671315 -0.0320125553361
124.564148715 -0.0008020963386 -0.0319965233911
124.626980568 -0.000801296200827 -0.0319805074386
124.689812421 -0.000800497255592 -0.0319645074515
124.752644274 -0.000799699500805 -0.0319485234006
124.815476127 -0.000798902933152 -0.0319325552828
124.87830798 -0.00079810755127 -0.0319166030589
124.941139833 -0.000797313352197 -0.0319006667077
125.003971686 -0.000796520334061 -0.0318847462058
125.066803539 -0.000795728493857 -0.031868841538
125.129635392 -0.000794937830035 -0.0318529526662
125.192467246 -0.000794148339989 -0.0318370795729
125.255299099 -0.000793360021069 -0.0318212222406
125.318130952 -0.000792572871376 -0.0318053806414
125.380962805 -0.00079178688866 -0.0317895547453
125.443794658 -0.000791002070346 -0.031773744541
125.506626511 -0.000790218414237 -0.0317579500004
125.569458364 -0.000789435918085 -0.0317421710967
125.632290217 -0.000788654579615 -0.03172640781
