# Status file for ctqmc. Used to save all times t_s, t_e.
2
51
1.100868781578029 1.600691628602747 0 0
1.680810256501786 2.076879417991763 0 0
2.085048919338302 3.153191295150511 0 0
3.579654031583482 3.638937081746229 0 0
3.862221189720485 5.125169003201416 0 0
5.334395146737073 5.680877505555488 0 0
5.732390500510717 7.379775114845201 0 0
8.616576878319696 8.618212989981592 0 0
9.350157625197738 9.858960403610812 0 0
10.2107654128022 10.7272537416645 0 0
10.79388820893213 10.81257151087303 0 0
11.0314342979595 11.28207935027691 0 0
12.37817161710704 12.50820602280085 0 0
18.94714153359839 18.98806329691186 0 0
19.31529419987775 19.38863709961017 0 0
20.59276477157597 20.72273491449015 0 0
22.69486689814021 22.71218441663842 0 0
25.33838939979109 25.4202923557214 0 0
27.48727375231637 28.45953415669579 0 0
28.7272417473454 33.66331593323413 0 0
33.8319757713448 34.43033700574318 0 0
34.43897421489849 35.329209995695 0 0
35.39306899336324 35.79376811240082 0 0
35.89478357285819 36.03116681605847 0 0
36.07714278037533 36.33695340768577 0 0
36.36445651616517 37.51638641140939 0 0
37.85927043664882 42.63601556674185 0 0
42.64186862843343 43.30124256161855 0 0
43.34411152501836 46.24045745272006 0 0
46.31050782795454 48.93426704368062 0 0
49.00197298493609 49.58853853279217 0 0
51.16584448085264 53.04485057911686 0 0
53.11916323967326 54.31990760071381 0 0
54.47456191366489 56.17978323193664 0 0
57.71964064275227 61.41118153897825 0 0
61.50773778527745 61.64573773781353 0 0
63.58089779631273 63.58913659386542 0 0
64.90086562513089 65.62593400691594 0 0
65.82946509834515 70.94919632056386 0 0
71.30453644737847 71.50917311534644 0 0
71.61931238414901 72.00431120943985 0 0
73.68869269586253 73.98940578708545 0 0
77.37472037087372 77.41213691389817 0 0
78.0912182439629 80.3745771248188 0 0
81.54168970850023 82.37959821061048 0 0
82.58620284151068 84.22535169077936 0 0
84.49607010462366 84.54155433080987 0 0
84.55841008037658 84.82620921214622 0 0
86.78235568228598 90.22504989259662 0 0
92.75561723504326 92.80122977748142 0 0
98.67203701476902 99.4408364223932 0 0
44
0.1487964597303056 0.9550660247280147 0 0
1.469782755165047 1.740850928611139 0 0
2.282136006309328 2.283921043050423 0 0
3.238032252163419 3.36530029357172 0 0
6.375785092468377 6.451239446713601 0 0
7.446484624475222 9.324081321192969 0 0
11.28494283602788 12.04195048750932 0 0
12.6309903119164 13.28008974662231 0 0
13.83886400696231 16.5284563772083 0 0
17.24964918936764 22.15901335523798 0 0
22.32276715129682 23.33044846173084 0 0
24.24727933820743 25.92531498252586 0 0
25.93548080898645 27.49850133066616 0 0
31.40159431647968 31.63793214830693 0 0
33.20898147497036 33.28945812951407 0 0
37.54618266467946 37.68683831125943 0 0
37.96356206141355 38.05692573332562 0 0
49.58941856555928 50.04933940945553 0 0
55.3532953025605 55.43803439597571 0 0
55.88370260735149 55.90622922887739 0 0
55.98495395594743 57.20099353052548 0 0
57.41292034762915 57.5724563193065 0 0
58.59381169318492 58.60353167645042 0 0
60.26675622630579 60.33793992442753 0 0
60.64661750918899 60.83644176121177 0 0
61.51407731449885 61.76053622816772 0 0
61.98389035732182 63.00741730543137 0 0
63.05363838910634 64.16280771862341 0 0
64.16612765002709 64.91510449190214 0 0
71.99002116060011 72.83293501896949 0 0
73.02054381359322 73.71111889388139 0 0
73.97736417787713 74.2536053726472 0 0
74.56629692876864 74.67431878862629 0 0
75.47303221471947 77.01944285593049 0 0
77.22642765654369 77.34121186458781 0 0
77.4412535548646 77.98557230483503 0 0
79.02433530136706 79.20979005411475 0 0
81.73399973679768 81.842888435619 0 0
82.78838895699067 82.91630980503395 0 0
84.92763394882999 85.5711049106481 0 0
90.54779480888679 92.60844088951872 0 0
93.11833927552453 96.00835313586948 0 0
96.27131060365197 98.53187313424074 0 0
99.53430257375851 99.57572368965575 0 0
