# Status file for ctqmc. Used to save all times t_s, t_e.
2
41
1.845992375967489 1.875392824177264 0 0
2.186423366613242 2.44622887386579 0 0
3.118443982785227 3.167548608902977 0 0
6.811455561325023 10.21660995354496 0 0
10.22806304870416 10.45800837839585 0 0
11.16416538076392 11.49689942663444 0 0
14.7607756720013 14.85005676205402 0 0
23.03708019881767 23.27817577492471 0 0
23.36874056363082 24.28958101458403 0 0
25.02107318322561 28.12318605041898 0 0
30.68193247061944 31.13857761330321 0 0
34.04987057491389 34.58935505004984 0 0
35.8458734230935 36.2962488988173 0 0
39.90500811412046 40.06095580564334 0 0
40.51111190944678 41.59597782596623 0 0
41.64707142998394 44.46781436460653 0 0
44.58462738941568 46.42921760286566 0 0
46.67980323400182 49.93485508848286 0 0
49.94655310713179 50.40686482749948 0 0
52.28078128553193 55.46756082274113 0 0
55.60635665511646 55.71762183456442 0 0
59.38441937267166 59.42058377072333 0 0
59.50147010925296 59.55453169463483 0 0
61.883478028616 61.90498059544176 0 0
61.90549730830592 62.32505317796694 0 0
62.5842243543139 62.58704953856605 0 0
69.1306714348016 69.53495418737936 0 0
70.0903083247952 70.21623738737466 0 0
70.34696309447433 70.59511645782995 0 0
70.67855683837134 70.72559705221038 0 0
71.92185328908351 73.43908992959388 0 0
75.23515105474929 75.53605518486778 0 0
76.67184785759834 76.73076980110798 0 0
76.75447702770913 76.79227157642903 0 0
77.07678401383835 77.21849966836994 0 0
79.72615645419079 79.78902074576472 0 0
81.82661731676619 81.9127267411977 0 0
82.121371010462 82.14250592093713 0 0
83.02198418277641 84.73230285868873 0 0
87.40926393254135 87.73208104388318 0 0
99.52178051067972 99.60846316942974 0 0
44
2.488422624332065 1.912250401521047 0 0
10.82176597404376 6.848220599901329 0 0
11.54380498964918 11.090604068501 0 0
11.95542140816375 11.9411102372765 0 0
15.42106765630769 15.31737495711034 0 0
16.36427095739751 15.98225321269804 0 0
16.82367096682637 16.72490550063019 0 0
18.39346798806419 18.30322362442394 0 0
19.64099645556015 19.30054042909009 0 0
26.83655426437249 22.96238197063975 0 0
28.38563971317655 26.95129693254417 0 0
31.12165282695377 30.42845518976192 0 0
33.00975195030536 32.97142210700243 0 0
34.60109940440362 34.01904391653456 0 0
35.47248428095571 34.65850221906152 0 0
36.34943589832582 35.69661154186373 0 0
48.5640919157366 39.34378898357399 0 0
50.19485869946361 48.62970761033296 0 0
50.28334496890594 50.20893549266214 0 0
55.50989580791742 51.9014602305075 0 0
56.04518381090399 55.83652321261283 0 0
59.40944261722989 59.14653998840271 0 0
61.04657904629357 60.49462926925922 0 0
61.36920777318653 61.11995428411192 0 0
62.5254773343598 61.74598309812097 0 0
63.36212051273479 63.3177870732623 0 0
66.22424207762066 66.2231995840479 0 0
69.50582352201582 69.07987310270579 0 0
70.39344203817579 69.89782870439062 0 0
70.77599106418924 70.72113753128403 0 0
71.94666881494928 71.92725223797044 0 0
73.44076579798904 72.04597645713532 0 0
75.56545098386076 75.05176115297203 0 0
77.11298603804376 76.67518297713674 0 0
77.53662150798282 77.21653427932314 0 0
78.11353936659805 78.09289500506581 0 0
78.397353130566 78.23870227443236 0 0
81.89743345561469 81.805342392776 0 0
84.6228996492911 83.01018992008456 0 0
84.92578948798118 84.64518526687766 0 0
85.11746187197663 85.00321648276955 0 0
85.5219072775554 85.40418537657708 0 0
90.34813755772716 90.10367170196693 0 0
92.35615017496626 92.19690722096279 0 0
