# Status file for ctqmc. Used to save all times t_s, t_e.
2
37
2.041446209993398 2.000830811957342 0 0
3.811083749585966 3.748907941601883 0 0
7.074836941700363 6.110542384947795 0 0
8.80799614186164 8.438664671186045 0 0
11.47351608177639 10.22249277799618 0 0
11.82142430551277 11.59512841408038 0 0
16.56417511596996 12.60776747926196 0 0
20.44108835134141 19.41171706483161 0 0
27.83031897183726 27.49671734381414 0 0
29.90643745973231 29.7725461882126 0 0
35.52845188999611 29.93857098458802 0 0
36.74760549675106 36.13996809130734 0 0
37.74285348364604 37.15986396071319 0 0
39.12193574500984 38.9352583317728 0 0
41.69382350403949 41.61476639317176 0 0
45.49537149171434 41.85917762112673 0 0
46.07301273504556 45.92376358894352 0 0
47.59006840055817 47.33680488751011 0 0
48.4198366863045 48.25982025136986 0 0
52.35625968098725 48.69758578381108 0 0
56.68538031380871 56.46275706179794 0 0
63.93302290959289 56.71766899948687 0 0
65.01143068453791 64.06315020520253 0 0
65.0323510460145 65.02392147000556 0 0
65.85810034468885 65.77227689525124 0 0
66.10419000734997 65.94332104529406 0 0
67.96544013215819 67.91603137073501 0 0
70.52195491002253 70.31794816518178 0 0
75.85715529815843 72.28767556699233 0 0
84.62970420877492 77.66173765918923 0 0
85.25864817974198 84.84697305846137 0 0
88.78845985668481 85.30782197027015 0 0
88.94238975917223 88.94087705223986 0 0
91.84184714559552 89.17013929586253 0 0
96.21899833153817 92.03557179132051 0 0
97.14419937171621 97.00541058302136 0 0
98.40004908741176 97.39077938453647 0 0
41
0.5710083259522349 0.6906447493148393 0 0
5.994929423537432 6.74108077977019 0 0
10.25033451593303 10.62591765138076 0 0
10.75802782625813 11.46623181044992 0 0
12.06161722779135 12.06466415171295 0 0
12.63701878237497 13.44939051806876 0 0
13.48748468074409 14.88460010891857 0 0
15.08677673055537 16.0594238719925 0 0
19.7825921879454 19.89101945978488 0 0
28.95812717084553 28.97525280177265 0 0
29.31607088788185 29.35070355962059 0 0
30.70433161621444 31.51085848212709 0 0
31.67049619905566 32.80772747638982 0 0
32.85245484013396 33.79876689931796 0 0
34.33989660775291 34.48060588443613 0 0
35.01717267272812 35.3187866484582 0 0
36.34718877188174 36.43171342007597 0 0
38.59402154781353 38.76444804690118 0 0
42.95898925776778 44.2864670739534 0 0
48.96407495827972 51.7162693694922 0 0
52.0427513591449 52.11194096098404 0 0
52.11407943895826 52.32690195658586 0 0
57.01601949740716 58.06851023095644 0 0
58.38212236094752 64.8222556267407 0 0
68.00555798647753 68.02758301152956 0 0
68.18714387757718 68.2632999132904 0 0
69.17653805177457 69.21101671327766 0 0
72.53970214159752 74.43339030301644 0 0
74.73079868058009 75.12594109083467 0 0
77.11059768690974 77.1136544658188 0 0
78.09464704173007 84.2935399787771 0 0
85.08431776718356 86.55615025430984 0 0
86.56099935981443 86.97708419637807 0 0
87.06556779369413 87.84392205604969 0 0
87.91295552491624 88.38930296800781 0 0
89.75196316395271 89.7852199865568 0 0
89.83483979606979 90.15670788707779 0 0
90.16151342538866 91.51870684364509 0 0
92.04423298238785 94.91712544491121 0 0
95.19501199462871 95.64461437481518 0 0
97.65849395731645 98.41385276591953 0 0
