# Status file for ctqmc. Used to save all times t_s, t_e.
2
28
0.1134098062943707 0.9123471274046153 0 0
1.511099764864097 12.03853455617956 0 0
12.55710650526404 14.5626226099515 0 0
14.892865415559 18.58619889256093 0 0
18.70477682458275 22.44314179800836 0 0
23.36219748580265 23.54720065110281 0 0
24.14688364952534 24.25091629634849 0 0
24.99993382740595 25.81572278875853 0 0
25.8831979043619 27.43937716148229 0 0
27.53984708498192 27.83014160129332 0 0
27.87618431499368 31.2180724230262 0 0
35.84422802490484 37.05923609910597 0 0
37.08258378876117 39.91150638420874 0 0
40.19985531336862 41.97022246903798 0 0
42.08041230468612 43.14972810938728 0 0
43.20345339994183 44.84290615121286 0 0
49.05400276716448 49.10803412916547 0 0
54.78254678858231 54.87847881192358 0 0
55.00767210457791 55.71613759724627 0 0
57.86622775996108 58.51134516813887 0 0
73.25369695045231 75.07990259146769 0 0
89.94546886808762 90.21340634098854 0 0
90.67305276201331 90.75418291407266 0 0
90.91323539115002 90.92270094880175 0 0
92.46556534821215 93.11730574027484 0 0
93.22866723948621 94.21936874754175 0 0
95.51992075212848 95.54990826622272 0 0
96.74712888876586 99.81503416595886 0 0
40
0.475714698409746 0.5954145272431788 0 0
0.80976906786907 1.175991509072418 0 0
1.289355297750287 1.355241667664459 0 0
3.78890480156537 3.854700444690641 0 0
14.75360166182029 14.84645503042846 0 0
22.7594474250414 22.82043043380413 0 0
23.2809634225482 23.39291016370089 0 0
23.44281621590044 23.84524020931203 0 0
24.34045877489575 24.80567588389601 0 0
24.92350075209616 25.05998372396786 0 0
26.79500102061265 26.81955278914145 0 0
27.81790900984818 27.82637933032578 0 0
29.70015316545686 29.980418716954 0 0
31.30285784636679 34.49891853138305 0 0
34.55325339781638 34.8207385438275 0 0
44.77917534266773 46.34947260740681 0 0
46.37141103452678 50.58477917652039 0 0
50.64241499664483 50.73960145595073 0 0
50.90711063988103 52.94365149158953 0 0
53.06509616102799 54.06104880299987 0 0
54.87564109686222 55.02551676373503 0 0
55.98647614683991 56.37986974165917 0 0
56.89767468776225 57.66298698636654 0 0
58.4946586942096 58.82534377298513 0 0
59.01395740255896 61.56183560312041 0 0
61.98316261200596 65.74906799364324 0 0
66.13641176390121 72.37134709890657 0 0
72.76121004967823 72.89089486838863 0 0
75.05583460021012 78.27965602182715 0 0
78.55306120330252 79.04244300943773 0 0
79.27477646733959 79.83581439272074 0 0
79.9548587809882 82.48507076106203 0 0
82.50165536076383 84.29551415669715 0 0
84.55847582518057 89.78761830774411 0 0
91.06358380490009 91.32092679964536 0 0
91.35646717004225 91.68907523540162 0 0
92.00136642086991 92.48272297658153 0 0
93.026516653298 93.25603791735561 0 0
94.43439613473763 94.44979412891711 0 0
94.55450627846461 96.59527936548101 0 0
