# Status file for ctqmc. Used to save all times t_s, t_e.
2
47
1.632715465036259 1.652186876290204 0 0
6.615535864358736 6.676920318074436 0 0
7.720940261182375 7.737403998180093 0 0
7.825952785028404 8.000774135695394 0 0
9.615904370667584 9.794860886614458 0 0
10.35113425859718 10.40825455268339 0 0
10.42933175749176 12.20399866890607 0 0
12.39964391230827 14.51840187177156 0 0
16.27433431196162 16.62767213411838 0 0
16.73729463221284 18.25791316011894 0 0
18.28703804910926 19.58896987917244 0 0
19.59694635754151 20.30636196436113 0 0
20.95904840828875 21.40285542304557 0 0
21.75840181614628 21.95335412575127 0 0
22.89410489634259 23.34266639972489 0 0
23.49633247089476 27.881085301697 0 0
28.32612569943322 28.52236794412997 0 0
29.98316326428311 37.74758891553217 0 0
37.75514898720422 38.69704829657567 0 0
39.2345784535346 39.3285573202644 0 0
39.72849611171452 39.78153413892665 0 0
39.8154547867944 40.30397857779433 0 0
41.44796386234196 42.54337854843577 0 0
42.59240703339064 42.92671906211168 0 0
43.89701042468529 44.21812804146951 0 0
44.73802450351765 45.25340537412327 0 0
45.61687721983849 47.21390769294806 0 0
47.61836629062738 47.75526535253105 0 0
48.36627062898832 48.92626947754838 0 0
48.94173320334696 49.33296911453005 0 0
52.92472207518297 53.80259779649193 0 0
54.10603318682885 54.34193983494524 0 0
56.62440413422927 58.49002007756499 0 0
58.68320374323683 58.76023545771757 0 0
58.79515834492802 59.41812893737423 0 0
60.64233207340321 60.82670465386965 0 0
61.21951367292698 63.60853376976444 0 0
63.7889311377945 65.89601930821037 0 0
66.39332744401932 71.9876622409989 0 0
72.16201237336435 73.45928918143659 0 0
79.97744244137674 80.00154863264812 0 0
89.43255085373552 89.59295216580475 0 0
91.56135929669408 92.42742621888365 0 0
92.43828756989518 92.59714229867363 0 0
95.71334547010429 95.81101469783626 0 0
99.26258515140212 99.41620564313513 0 0
99.44713191105564 99.53376751422893 0 0
42
1.264528022828799 0.8431474236266325 0 0
1.551949238561221 1.321347779221 0 0
6.725340861025156 4.815339177552094 0 0
8.011807644650965 7.7550229768371 0 0
11.75204168733836 9.204121792763326 0 0
14.54834486017821 11.76900757709835 0 0
20.24354811245843 16.77483583923881 0 0
25.54332831622557 20.51141534246304 0 0
28.47608284261741 25.69225688398053 0 0
38.72715714425713 29.47071530799639 0 0
41.08641633851396 39.68660004586645 0 0
44.41870401425489 41.3779738781546 0 0
46.72572169334664 44.53129473122607 0 0
47.72055013441895 46.75919130960368 0 0
49.80418424990473 48.41578195175477 0 0
53.50151406995806 52.98391733631897 0 0
54.26845523184255 53.67209153291051 0 0
54.67537318510436 54.28528625041778 0 0
55.94362487023273 55.35021097617237 0 0
58.69282524630925 55.94792649328345 0 0
59.51933385193201 58.7769621918888 0 0
60.50801895391166 60.50728062831252 0 0
64.24324882132665 61.08047648685017 0 0
66.1973541969827 64.31565962677418 0 0
73.39761098686176 66.4166206590735 0 0
77.55192955602899 77.51719462244169 0 0
78.33600017943854 77.66654064996141 0 0
81.57224701007229 81.49967285202598 0 0
81.99389317581256 81.98451475383136 0 0
82.47860783560151 82.25935642377814 0 0
83.81808464676259 83.58656747191272 0 0
84.13113886863491 84.07262310884207 0 0
88.4639620723764 87.72031568175775 0 0
89.58090422916324 89.08776004634277 0 0
89.89715213201411 89.89625258319568 0 0
91.22209870098388 91.21575864672739 0 0
92.6041911237627 91.52285039990981 0 0
94.13490055794149 94.00041441094325 0 0
95.20498638783585 94.17113576804412 0 0
95.81324623233985 95.69796476216989 0 0
96.2276271447723 96.18374632819088 0 0
99.52647715671691 99.02054560425285 0 0
