# Status file for ctqmc. Used to save all times t_s, t_e.
2
37
2.048735674220699 2.106189136924037 0 0
4.59546387240975 4.595759916988827 0 0
11.31095021795689 11.3690705562255 0 0
12.92470545438887 12.97891955805399 0 0
13.47549808784544 13.49719624478599 0 0
17.06726430436419 17.17722840112416 0 0
17.23061550529081 17.29284400471479 0 0
20.87768989810489 20.94159459252229 0 0
22.38179528039375 22.60989891608675 0 0
32.93326005785609 33.46296332893129 0 0
33.88389041424007 33.98105116355962 0 0
36.06503638112166 37.78259532392671 0 0
38.56680510108762 38.7030749922406 0 0
41.21420771697367 41.86500486899881 0 0
44.03450903002265 44.23979982814927 0 0
44.9299666295567 45.07030908726573 0 0
45.10640176416661 47.44531506946105 0 0
47.48057792272838 51.7226312689195 0 0
51.99540039241058 52.691925589245 0 0
52.71554741133191 53.7939714018504 0 0
54.23510008602933 54.3149005108092 0 0
65.382739013391 66.34814570759529 0 0
67.22325863859975 67.56766470177892 0 0
76.24687390268315 76.41706167426864 0 0
76.60017481356918 76.78346018151075 0 0
77.72320990604638 77.84772830084853 0 0
78.59769099751884 78.77058827077066 0 0
79.4815383937851 80.09350877274412 0 0
80.20662436404801 81.04610772382505 0 0
81.12894365433031 87.29872194790575 0 0
87.41167158104047 88.17733149698485 0 0
88.20704874361229 89.01851701333328 0 0
89.15771817870268 89.45113995331523 0 0
91.7938324552611 91.95250508391723 0 0
92.49679118847108 92.6010380391175 0 0
95.65272044901847 95.78421687542968 0 0
95.81138829776228 97.90157429438317 0 0
42
0.08906276558178661 0.3190306073852582 0 0
0.6011101381432695 2.337081212779318 0 0
3.0565092493475 5.935629173242624 0 0
5.976216748158458 10.78714171305771 0 0
10.91701665401646 13.04885084209571 0 0
13.10415530133433 15.91758982844125 0 0
16.74879296349063 18.91845748625171 0 0
18.981558112467 30.33305697970635 0 0
30.56800756883461 30.66260982856583 0 0
30.73541068901257 30.81463860512511 0 0
30.99636546162051 31.92862208933713 0 0
32.00964497968497 32.22250811724955 0 0
32.45825019562461 32.46472403582403 0 0
33.6492817744302 36.26632228755312 0 0
38.14512101729633 38.24374002439654 0 0
38.92889633220527 41.06921087357209 0 0
42.00137098279576 42.68933562884175 0 0
43.11703193626195 44.67524026567786 0 0
49.66459283399892 49.80779455193762 0 0
50.87390006275291 50.93360273879565 0 0
54.02162837765896 54.09490891074356 0 0
54.38435798019444 60.18223278829472 0 0
61.2799817972307 62.77628873712813 0 0
63.00609693471969 63.05001778665522 0 0
63.32971893650068 65.39579471086169 0 0
67.78868656218943 68.2319595112893 0 0
68.73022786344767 68.81815422417681 0 0
68.99355753164245 69.66855129860467 0 0
69.68577088539637 70.66357734223844 0 0
70.83265465378084 74.19872369030413 0 0
74.23181411205438 74.2628567368446 0 0
74.31498699781993 75.1894913451944 0 0
75.20072163440672 75.35889031214413 0 0
75.43218025331878 76.24122663232457 0 0
77.17166561705807 77.82040748507504 0 0
78.03325041645925 78.37009696771851 0 0
78.58338619452563 79.44806238409859 0 0
90.26522840595084 91.30755127313859 0 0
91.31158941120897 94.60847753746587 0 0
94.72063885211563 95.69876242730858 0 0
97.02865166528748 97.11678173273373 0 0
97.87853685031773 98.52824445194867 0 0
