# Status file for ctqmc. Used to save all times t_s, t_e.
2
54
2.478991544466226 2.617141295312385 0 0
2.650898598596382 3.284763487996038 0 0
4.660169689651438 4.710202660459007 0 0
4.956453871987422 5.333498702863723 0 0
7.432518594709149 8.615618512527801 0 0
8.620556661568816 12.20635503668812 0 0
12.21332598942705 12.51503452412629 0 0
12.64803613546692 15.57409773886189 0 0
15.62315375737115 18.12530051920852 0 0
18.25175109638849 18.5165551624954 0 0
19.01247530577653 19.25688733367783 0 0
19.43852264871111 20.01886474777052 0 0
20.43762883232172 20.57588435121957 0 0
21.00801068451695 26.3549556095734 0 0
26.95568983889881 27.04606900581651 0 0
27.66934338642066 27.84755612579113 0 0
28.10068705297908 28.72657433807627 0 0
30.04976807131665 31.94467469252732 0 0
32.10546383680854 32.19511640407016 0 0
32.35552230013626 32.38979743811418 0 0
33.93280930004939 34.1161171530967 0 0
37.32725913541361 37.34592224175078 0 0
39.39678742720061 42.79346733412707 0 0
43.52353356926842 44.13442234618395 0 0
44.50112528683749 45.13335554484285 0 0
45.53680198482142 47.54788461621838 0 0
47.86363370954492 50.2891653738696 0 0
50.41492319184852 50.5216071017713 0 0
51.3689641135668 51.52485166859907 0 0
51.53281100739295 56.65834539726207 0 0
57.91994363674345 58.30842235865717 0 0
58.3091086217507 58.72260137986361 0 0
58.72341602046059 60.58628388151163 0 0
63.86068946223268 63.91052626497662 0 0
64.18854132329139 64.73531958603307 0 0
68.12979280987403 68.16160270616921 0 0
68.21098316434795 68.8631374603506 0 0
69.04230493669256 69.32969906460505 0 0
69.41676091416596 69.44806964847466 0 0
71.56921250400113 71.58769076874049 0 0
76.20963411458098 76.37046261230465 0 0
76.4527317639581 77.30879521869453 0 0
78.10682991771637 78.29286807891708 0 0
78.42386271988524 78.58056809727931 0 0
79.12035102844432 79.25397914263425 0 0
79.49184454466588 84.12599898414912 0 0
84.13417443102006 87.49865399865114 0 0
89.05072072023853 89.05738785993465 0 0
91.20892306902918 91.53318508112991 0 0
92.51811889638824 93.60442106631342 0 0
93.75435183257393 93.9329299399661 0 0
93.93727187049521 94.43393201417956 0 0
94.57134019614219 94.79817480874728 0 0
98.87701815680437 98.97852420551909 0 0
39
0.7589901428150403 0.6271226055533636 0 0
1.612899900022493 1.529644007345447 0 0
4.089538719915558 2.662888094486343 0 0
5.577676702407473 4.968076756952218 0 0
14.3887811612572 7.239532241117725 0 0
22.95894369550486 14.43840093536494 0 0
23.4810297301034 23.07970058360046 0 0
26.35667176875944 23.51230744658255 0 0
28.71349227538067 27.18328348274045 0 0
29.45625945322386 28.73358813190188 0 0
32.5088751646578 29.78108944946372 0 0
33.44274782892067 33.39232416759234 0 0
36.74178765278965 36.56970573847508 0 0
37.33864252630642 36.77570004640347 0 0
46.65439594459393 38.87354999203394 0 0
47.68480707097859 46.69023532288621 0 0
51.67999441087166 47.73927453946477 0 0
52.78809547026327 51.7507911577584 0 0
55.20619864098959 52.7960977260584 0 0
56.76760168748159 55.32857836796548 0 0
60.65297938476319 57.16644856352357 0 0
64.03784475619661 63.65173207898883 0 0
65.12574893644563 64.35146233959911 0 0
66.27564916073071 66.19674956016144 0 0
66.84160261911767 66.40464971038185 0 0
67.52483607498415 66.97554552809839 0 0
67.62232927483667 67.59635171862003 0 0
68.43431369395303 68.14094981452044 0 0
70.41482106475603 69.0302601130844 0 0
72.13860154428697 72.10216436389398 0 0
73.34105925895807 73.32389784752016 0 0
74.05272166604047 73.94304752669883 0 0
87.82422990182661 75.62146408113692 0 0
87.99979103526798 87.93152253397572 0 0
93.02481554541872 92.45779875830495 0 0
94.26774921077701 93.05706740705965 0 0
94.46494092827832 94.41739940140275 0 0
94.7678952132546 94.59363732042551 0 0
95.26543374889424 95.01156372913341 0 0
