# Status file for ctqmc. Used to save all times t_s, t_e.
2
35
0.4439606242996847 0.1112807979177493 0 0
0.7681641841915965 0.4585547051961872 0 0
1.301482118042214 1.289910428444013 0 0
7.833256416795535 7.805926450730714 0 0
18.69627256097466 8.863797952745115 0 0
18.78324576703386 18.71557766671031 0 0
19.33235468389143 18.85632145098541 0 0
29.37989851786427 20.31220616659273 0 0
33.87219908423737 29.38408021586952 0 0
36.65345658805672 35.88176244563186 0 0
37.12967866923761 36.76513984943716 0 0
37.37733187197864 37.36945866973186 0 0
38.21376748982437 37.73595134996432 0 0
38.87345537071103 38.43037514334365 0 0
45.67224004885801 39.0677569379812 0 0
46.84593314462288 45.994243449698 0 0
47.16893711575136 47.06482434199469 0 0
51.01984746124677 50.83865592591447 0 0
53.81061224406275 51.98557493039586 0 0
54.44958065151841 54.27720725151915 0 0
54.99470966386695 54.92333306632776 0 0
55.27460988475199 55.26058881662938 0 0
57.74277324209248 56.86673448499915 0 0
59.75583107387278 59.74422013430519 0 0
59.89351089898763 59.81313190827089 0 0
65.61351375704589 60.58989620599711 0 0
71.530936032797 65.72514244941033 0 0
75.86341960959128 75.31043617929238 0 0
80.23198170807021 80.00779635631645 0 0
82.78170629975853 80.55293074401008 0 0
83.33631485677158 83.29311437044097 0 0
86.58154283260941 86.49280492820876 0 0
88.16639279828438 86.87662842364233 0 0
92.68817520253955 88.67982615807361 0 0
99.47585756529685 99.02252555737985 0 0
40
0.4082299847643895 0.5592944038480994 0 0
1.363904814018613 1.63262059776662 0 0
4.570743123438021 4.577076138725551 0 0
7.927328777639327 7.946852663575866 0 0
8.911397411114715 10.05142778341822 0 0
10.81659948493271 12.67933562853515 0 0
12.78789091414684 12.90203849785772 0 0
14.21072453139567 14.84512181762583 0 0
14.91024260085538 19.22930346975296 0 0
20.23492950380076 21.63720780454936 0 0
21.67298735676115 25.75496085106634 0 0
25.89602130260179 25.91072665061694 0 0
25.91991178328434 30.14258273116596 0 0
30.14674915484457 30.30319354489997 0 0
31.09543684393638 33.7452029423718 0 0
36.35530296136871 37.23428829790072 0 0
37.59958004965353 37.63953672557619 0 0
39.69717025316243 40.54263047768442 0 0
40.95220168903129 43.00281008235898 0 0
43.24508811175625 44.6191828459399 0 0
46.02412750692651 46.77082759168971 0 0
47.09469351223539 47.29169555890073 0 0
48.44992315244324 48.48871657621475 0 0
48.67489904003206 48.70526260129496 0 0
52.84466451801239 52.87806605395513 0 0
57.0343946397532 57.98502883706492 0 0
60.63872508994699 60.70894220216417 0 0
60.82421363846471 62.44407634308891 0 0
62.48660094204003 64.55922984555778 0 0
65.83801460960839 66.26321623570034 0 0
66.28082787829698 66.47017507883547 0 0
66.66369101444062 70.36926950683245 0 0
71.25300793345562 71.45515740345125 0 0
80.60417355174212 81.67954885108755 0 0
82.06057084166707 82.71839225238496 0 0
83.15041143550066 83.4123968901762 0 0
85.32568155771453 85.35356424520796 0 0
86.91177341380346 88.3752181446836 0 0
89.35295265122527 89.81473524657822 0 0
90.29418669304442 91.8610008493638 0 0
