# Status file for ctqmc. Used to save all times t_s, t_e.
2
58
1.212163040368083 0.8521257097108474 0 0
2.399220836447172 1.94711293539738 0 0
4.266373658384188 2.459503818548815 0 0
6.626567074113457 4.331083123437116 0 0
6.684001107877795 6.64430448973058 0 0
7.39697593144694 7.111709548290395 0 0
7.726013277663743 7.610248003205806 0 0
12.21394661421623 11.63412139943974 0 0
15.09209148892119 12.27148507689198 0 0
16.39382610690732 15.53876513280817 0 0
17.18411042896726 16.77408493852688 0 0
18.12712451086326 17.46906827190481 0 0
21.02522564304 18.54531287209785 0 0
22.34903804326058 21.0424544921362 0 0
25.91336016535329 24.0820374315179 0 0
26.31843261843136 26.26208501099907 0 0
28.45576629509521 26.97983228187908 0 0
30.21651804389922 29.76314225293082 0 0
31.45929330368746 31.36888117753109 0 0
36.62153854780883 31.90254654038132 0 0
42.79330574291158 36.96591425840329 0 0
43.91246147657731 43.05466623385976 0 0
44.08454672300448 44.03229641493008 0 0
44.46191420190411 44.08970508348597 0 0
46.70153644522716 44.60278026155522 0 0
47.03295967361898 46.9853598960323 0 0
48.71167523636722 47.38532596915983 0 0
51.24255223370891 49.3288160251991 0 0
52.6159568867789 51.8703249016204 0 0
52.74911621170939 52.67393821767343 0 0
52.78941576577267 52.75389762894331 0 0
57.47914059696387 52.89060667961069 0 0
58.57199407720604 57.72279231016562 0 0
59.02792686763576 58.97667300753486 0 0
61.27269544674716 59.25996733084232 0 0
62.55343700966771 61.63970281308399 0 0
63.57697365991076 63.17222568408529 0 0
67.92134182477872 67.70508966500358 0 0
68.23690603544559 68.21639781568886 0 0
70.09201896839129 70.05216246401332 0 0
73.40889460538475 70.82050769856438 0 0
73.92312752649457 73.47476111514005 0 0
76.49315701648888 73.97577696425928 0 0
79.18481850053688 76.97549798821038 0 0
79.97576809517624 79.37189080643421 0 0
85.90480700569697 80.15559504562238 0 0
87.18939132491711 85.98223396340464 0 0
88.21619357959213 88.21133397273049 0 0
90.16914165538702 88.27838360456693 0 0
90.76652542459142 90.21248905283095 0 0
92.09709808023503 91.78126423342364 0 0
92.62141899950548 92.5804615916223 0 0
94.80243288554223 94.1681227260086 0 0
96.30740864976947 94.8536716159023 0 0
96.98141401144535 96.54623965742546 0 0
97.44401609606852 97.33612270760945 0 0
98.04827802289481 97.67560082732612 0 0
98.62135046401671 98.50715508426816 0 0
51
0.7375410775657883 2.215448437330112 0 0
2.421800796450298 3.01177429499708 0 0
3.314458353851677 5.466813344269218 0 0
5.675879498851133 6.146011159306818 0 0
6.819172137848684 6.883381611258379 0 0
7.042856218208712 7.272253677947648 0 0
9.703074049523686 9.801930631524632 0 0
11.30202162783164 11.88168265801802 0 0
12.71518023586761 13.6345303790028 0 0
15.87072579743956 18.11912010600814 0 0
18.46585313734354 20.89486015017432 0 0
21.19446104968402 21.27516548279503 0 0
21.27619502981898 21.45500330693261 0 0
21.6464304346807 21.91055626973908 0 0
22.05261845588482 22.40149436397508 0 0
23.89294722433965 25.16446857234795 0 0
25.29925668025387 25.53476103499638 0 0
25.5352082946597 26.31293895888214 0 0
26.4117940748611 26.51257827921769 0 0
26.68545691326528 27.9437578442918 0 0
30.8830417234216 31.17053476379473 0 0
31.8199413623159 31.92298558790024 0 0
32.30196939636209 33.63783646055061 0 0
33.71880664200632 34.52510100943067 0 0
34.67156224665645 35.98311644941298 0 0
36.17413210708851 36.20692606064375 0 0
36.29027028091483 38.18818245338342 0 0
38.51034775999675 43.46249419983285 0 0
43.78511209605364 44.39503934084171 0 0
44.58442862123056 44.68951550349331 0 0
44.79113112197737 46.82398601511895 0 0
47.05585726014861 47.91107228890872 0 0
49.18296381224304 51.33212654700625 0 0
52.0143609767931 56.01375626825487 0 0
56.48096851116717 58.38111371347235 0 0
59.23677525295363 60.03099354835442 0 0
60.2494931246712 61.51268067092497 0 0
65.36508967842519 65.38835912313365 0 0
69.65397678692383 70.48941767074564 0 0
70.58576861922906 73.20363237189545 0 0
73.54334024104162 73.64679763769523 0 0
73.9420181287025 74.7641010663346 0 0
74.91492262999921 77.08448667261995 0 0
77.36180135251757 81.34090208775173 0 0
81.62207931118763 86.98499627189125 0 0
87.91159136223034 88.6639007972959 0 0
89.38322936799089 90.57645562316287 0 0
91.97376867252531 92.15512698576174 0 0
95.06048002479156 96.84709010128047 0 0
98.25233661090554 98.60792206051282 0 0
99.22893519002997 99.51115873813229 0 0
