# Status file for ctqmc. Used to save all times t_s, t_e.
2
49
0.3074582917034689 0.3373348727417961 0 0
0.9845248925045686 1.931445227720412 0 0
3.456763500118574 5.971642328941525 0 0
11.10198182797775 11.48171326196461 0 0
14.48258428390379 14.54908702017145 0 0
16.53595500334686 17.11164510517583 0 0
17.38444284030663 17.59136146404126 0 0
20.93059343095173 22.99805075281335 0 0
23.55987097550818 23.93905359181548 0 0
26.08146301103235 26.45382674286554 0 0
26.64586986894734 26.68060835211815 0 0
26.93109448879818 27.9987110960305 0 0
30.25847311391339 30.62897074634384 0 0
30.64243406749072 30.76871922827685 0 0
31.90416831406381 32.07152067182736 0 0
33.04266972552382 33.10784925352002 0 0
35.38378677958073 35.65036105476057 0 0
36.41556144653437 37.2039039855454 0 0
41.04221277719554 41.15081275290582 0 0
41.78142356926487 41.95560804113248 0 0
44.86705865582644 45.18983645411144 0 0
45.35840430988389 46.01785439036919 0 0
48.5377865290033 50.59189366884436 0 0
50.96632009422453 52.49922726397619 0 0
54.73992866470904 55.58321582045158 0 0
56.67527358373206 57.3622414422482 0 0
57.68552412157498 59.42141456330455 0 0
63.02194567934168 63.22767040641892 0 0
63.72218386304449 64.10497940393243 0 0
65.96187712337623 65.97255502299268 0 0
66.72954842259688 67.4017571267004 0 0
68.19970408021354 68.60432556772221 0 0
68.83967127101428 71.59952050483075 0 0
74.14905182876491 77.93174863855992 0 0
78.50292551615844 79.41449341400931 0 0
82.43035758283951 84.26234448326377 0 0
84.51591292627081 84.9845911425398 0 0
85.81523196996322 85.96856216068863 0 0
86.25992882693973 86.98981259678342 0 0
88.74438494480054 89.47430472695176 0 0
89.69427183691397 89.75082719479875 0 0
90.24455264794155 90.6464509431586 0 0
90.70611383261962 91.47395228399141 0 0
93.07888034281439 93.27879899411055 0 0
95.7719373420742 95.98476376620384 0 0
96.08088654673497 96.1569247359059 0 0
99.03215378826732 99.06001242666422 0 0
99.09540484628609 99.27863869399879 0 0
99.46937449791162 99.63125663395908 0 0
56
0.03916152833420483 1.19723712012431 0 0
3.557373232264682 3.662519253087574 0 0
4.069505147925136 5.010747255836797 0 0
6.551448837758086 6.585565411588557 0 0
7.219608534528277 8.205954005076864 0 0
8.350229057149996 10.03334423040674 0 0
10.57709308127478 10.68840613060064 0 0
10.77550496314845 15.75389146132158 0 0
16.01375254868329 16.60747397563882 0 0
16.62046842067773 17.44840608282345 0 0
17.7205172753777 20.63381982227114 0 0
20.93602832275158 22.29569387871269 0 0
23.04984156296032 23.48685078373454 0 0
23.81569697666761 25.86386537899658 0 0
26.12238348210436 26.56609501867658 0 0
28.05864914453272 28.53799517202218 0 0
29.12153039624852 32.18068916811686 0 0
32.25264789964032 36.12592055896118 0 0
37.14208876205854 37.22127072023429 0 0
37.3163011319211 37.34274663746586 0 0
37.62778553920145 37.77901014813025 0 0
38.22761061416835 39.55257890215427 0 0
40.6727723532311 43.80237249401559 0 0
43.97159682395193 47.55467166254999 0 0
47.57166713648183 47.57787585147722 0 0
49.9445692828789 50.03363477096713 0 0
53.11495444011884 54.02951872149764 0 0
54.08056632132202 54.39786662910969 0 0
54.57457076054457 54.64778518493435 0 0
55.30633065714236 56.77033026175307 0 0
57.49722536969703 58.03052243766987 0 0
58.18659415137 59.10877050547745 0 0
59.92073193782053 61.05331477252908 0 0
61.13026038630997 62.31758899853371 0 0
62.78983414817529 65.07895549573877 0 0
65.19429996822571 69.00465010723232 0 0
71.53111968573536 72.21372796468077 0 0
72.36081891924459 73.12159122162267 0 0
73.16645400620661 73.20595900284141 0 0
74.95364605066236 74.98597413759921 0 0
76.5221679301786 76.71897717487401 0 0
77.42114793150182 78.05300890097628 0 0
78.70474186507795 79.56222355710898 0 0
79.57213708807045 80.55544348299411 0 0
81.02642075884275 82.63403484374328 0 0
84.22336117380505 84.59623698334738 0 0
84.67615279249974 84.76783634611496 0 0
84.90949086005006 85.43381628407354 0 0
87.28421783984494 88.72224141151459 0 0
89.22266970526657 89.22397015802495 0 0
89.59949265768819 90.26215082570423 0 0
91.42538218235855 94.61406016968731 0 0
95.11964682254889 96.4979348175669 0 0
96.55570305397903 97.704748203856 0 0
97.76017975670544 97.88835496101683 0 0
98.11210609163992 98.21973573068804 0 0
