0.000000000000000000e+00 -5.802738490641068392e-01
2.500000000000000555e-01 -3.616148039006787385e-01
5.000000000000001110e-01 -2.561077764618169272e-01
7.500000000000002220e-01 -1.955495330244663710e-01
1.000000000000000222e+00 -1.564042476012422189e-01
1.250000000000000222e+00 -1.291206768602967681e-01
1.500000000000000444e+00 -1.091718246122346803e-01
1.750000000000000444e+00 -9.410230405923858399e-02
2.000000000000000444e+00 -8.242395670935370733e-02
2.250000000000000444e+00 -7.317966786639168442e-02
2.500000000000000444e+00 -6.572266919304547983e-02
2.750000000000000444e+00 -5.960820064049576761e-02
3.000000000000000888e+00 -5.451938148185647703e-02
3.250000000000000888e+00 -5.022904217747958810e-02
3.500000000000000888e+00 -4.656837618099513021e-02
3.750000000000000888e+00 -4.341225831555511894e-02
4.000000000000000888e+00 -4.066438603206973257e-02
4.250000000000000888e+00 -3.825155452594553029e-02
4.500000000000000888e+00 -3.611577637530616336e-02
4.750000000000000888e+00 -3.421213990908644753e-02
5.000000000000000888e+00 -3.250416276732470688e-02
5.250000000000000888e+00 -3.096316654541536595e-02
5.500000000000000888e+00 -2.956529059641688217e-02
5.750000000000000888e+00 -2.829153947791929191e-02
6.000000000000001776e+00 -2.712572883198610674e-02
6.250000000000001776e+00 -2.605483255478546756e-02
6.500000000000001776e+00 -2.506748867352776022e-02
6.750000000000001776e+00 -2.415446953979133449e-02
7.000000000000001776e+00 -2.330754225504000354e-02
7.250000000000001776e+00 -2.251997531344451797e-02
7.500000000000001776e+00 -2.178563388187948480e-02
7.750000000000001776e+00 -2.109948078307316566e-02
8.000000000000001776e+00 -2.045683411660770279e-02
8.250000000000001776e+00 -1.985384325051564591e-02
8.500000000000001776e+00 -1.928686335162638210e-02
8.750000000000001776e+00 -1.875289879497421541e-02
9.000000000000001776e+00 -1.824906517088525915e-02
9.250000000000001776e+00 -1.777299845193192063e-02
9.500000000000001776e+00 -1.732238472717356759e-02
9.750000000000001776e+00 -1.689533631309536599e-02
1.000000000000000178e+01 -1.648997547265368402e-02
1.025000000000000178e+01 -1.610477988381980863e-02
1.050000000000000178e+01 -1.573821043334316938e-02
1.075000000000000178e+01 -1.538902885434517698e-02
1.100000000000000178e+01 -1.505596220609428659e-02
1.125000000000000178e+01 -1.473799548496729228e-02
1.150000000000000178e+01 -1.443406711748596027e-02
1.175000000000000178e+01 -1.414333916020843462e-02
1.200000000000000355e+01 -1.386491934034028706e-02
1.225000000000000355e+01 -1.359811120426035469e-02
1.250000000000000355e+01 -1.334215911706565505e-02
1.275000000000000355e+01 -1.309648045286526674e-02
1.300000000000000355e+01 -1.286043062044306406e-02
1.325000000000000355e+01 -1.263351913719551467e-02
1.350000000000000355e+01 -1.241519225112952540e-02
1.375000000000000355e+01 -1.220503451408044837e-02
1.400000000000000355e+01 -1.200256696401902357e-02
1.425000000000000355e+01 -1.180743561442260114e-02
1.450000000000000355e+01 -1.161922347470528694e-02
1.475000000000000355e+01 -1.143762719997598598e-02
1.500000000000000355e+01 -1.126228148107338844e-02
1.525000000000000355e+01 -1.109292494985913979e-02
1.550000000000000355e+01 -1.092923567776316052e-02
1.575000000000000355e+01 -1.077098730332642917e-02
1.600000000000000355e+01 -1.061789454947692501e-02
1.625000000000000355e+01 -1.046976042919894878e-02
1.650000000000000355e+01 -1.032633083445427813e-02
1.675000000000000355e+01 -1.018743357999413179e-02
1.700000000000000355e+01 -1.005284123651478678e-02
1.725000000000000355e+01 -9.922402689434117740e-03
1.750000000000000355e+01 -9.795913490055319084e-03
1.775000000000000355e+01 -9.673240534083471509e-03
1.800000000000000355e+01 -9.554199290302212155e-03
1.825000000000000355e+01 -9.438672140382020626e-03
1.850000000000000355e+01 -9.326491918052626229e-03
1.875000000000000355e+01 -9.217554396644345172e-03
1.900000000000000355e+01 -9.111707634597954186e-03
1.925000000000000355e+01 -9.008859048746320486e-03
1.950000000000000355e+01 -8.908870116324796307e-03
1.975000000000000355e+01 -8.811658429255853076e-03
2.000000000000000355e+01 -8.717097349911495652e-03
2.025000000000000355e+01 -8.625113404062079159e-03
2.050000000000000355e+01 -8.535590528491010520e-03
2.075000000000000355e+01 -8.448463126932537204e-03
2.100000000000000355e+01 -8.363624583452133887e-03
2.125000000000000355e+01 -8.281016275937469473e-03
2.150000000000000355e+01 -8.200540060452898850e-03
2.175000000000000355e+01 -8.122143510599422189e-03
2.200000000000000355e+01 -8.045736105661394078e-03
2.225000000000000355e+01 -7.971270940525465587e-03
2.250000000000000355e+01 -7.898664374859809545e-03
2.275000000000000355e+01 -7.827874437301596267e-03
2.300000000000000355e+01 -7.758823714467344423e-03
2.325000000000000355e+01 -7.691474654211993833e-03
2.350000000000000355e+01 -7.625755492498553778e-03
2.375000000000000355e+01 -7.561632643635241013e-03
2.400000000000000711e+01 -7.499039480153957271e-03
2.425000000000000711e+01 -7.437945982687765856e-03
2.450000000000000711e+01 -7.378290203329196384e-03
2.475000000000000711e+01 -7.320045333933988818e-03
2.500000000000000711e+01 -7.263153697260049668e-03
2.525000000000000711e+01 -7.207591380251454627e-03
2.550000000000000711e+01 -7.153304609449739893e-03
2.575000000000000711e+01 -7.100272084463121747e-03
2.600000000000000711e+01 -7.048443605417120672e-03
2.625000000000000711e+01 -6.997800231626660761e-03
2.650000000000000711e+01 -6.948295038847640548e-03
2.675000000000000711e+01 -6.899911218905152577e-03
2.700000000000000711e+01 -6.852604853786248285e-03
2.725000000000000711e+01 -6.806361063544985601e-03
2.750000000000000711e+01 -6.761138692345569634e-03
2.775000000000000711e+01 -6.716924604271756749e-03
2.800000000000000711e+01 -6.673680184115293734e-03
2.825000000000000711e+01 -6.631393873837321262e-03
2.850000000000000711e+01 -6.590029397666563593e-03
2.875000000000000711e+01 -6.549576625322905965e-03
2.900000000000000711e+01 -6.510001437348533759e-03
2.925000000000000711e+01 -6.471294995416543294e-03
2.950000000000000711e+01 -6.433425169567075219e-03
2.975000000000000711e+01 -6.396384290554724128e-03
3.000000000000000711e+01 -6.360142065844898163e-03
3.025000000000000711e+01 -6.324691884020572363e-03
3.050000000000000711e+01 -6.290005151337985101e-03
3.075000000000000711e+01 -6.256076213523420471e-03
3.100000000000000711e+01 -6.222878048961599795e-03
3.125000000000000711e+01 -6.190405869206661027e-03
3.150000000000000711e+01 -6.158634109042271376e-03
3.175000000000000711e+01 -6.127558763119322904e-03
3.200000000000000711e+01 -6.097155616953509050e-03
3.225000000000000711e+01 -6.067421373397496875e-03
3.250000000000000711e+01 -6.038333072063639673e-03
3.275000000000000711e+01 -6.009888056168588566e-03
3.300000000000000711e+01 -5.982064531141251251e-03
3.325000000000000711e+01 -5.954860419160545870e-03
3.350000000000000711e+01 -5.928255010650196333e-03
3.375000000000000711e+01 -5.902246751144535342e-03
3.400000000000000711e+01 -5.876815942174207219e-03
3.425000000000000711e+01 -5.851961502325198072e-03
3.450000000000000711e+01 -5.827664676620825102e-03
3.475000000000000711e+01 -5.803924811195959599e-03
3.500000000000000711e+01 -5.780724032813489011e-03
3.525000000000000711e+01 -5.758062074132930253e-03
3.550000000000000711e+01 -5.735921887117023665e-03
3.575000000000000711e+01 -5.714303553792154933e-03
3.600000000000000711e+01 -5.693190799640812649e-03
3.625000000000000711e+01 -5.672584022626936395e-03
3.650000000000000711e+01 -5.652467674569783274e-03
3.675000000000000711e+01 -5.632842439187824013e-03
3.700000000000000711e+01 -5.613693451498091846e-03
3.725000000000000711e+01 -5.595021653794607364e-03
3.750000000000000711e+01 -5.576812824930832413e-03
3.775000000000000711e+01 -5.559068141448408884e-03
3.800000000000000711e+01 -5.541773990094478464e-03
3.825000000000000711e+01 -5.524931759692153221e-03
3.850000000000000711e+01 -5.508528412014768172e-03
3.875000000000000711e+01 -5.492565528601334179e-03
3.900000000000000711e+01 -5.477030616296396648e-03
3.925000000000000711e+01 -5.461925431993475133e-03
3.950000000000000711e+01 -5.447238000293674887e-03
3.975000000000000711e+01 -5.432970237995327079e-03
4.000000000000000711e+01 -5.419110662446491311e-03
4.025000000000000711e+01 -5.405661336718547982e-03
4.050000000000000711e+01 -5.392611248091150333e-03
4.075000000000000711e+01 -5.379962593979881191e-03
4.100000000000000711e+01 -5.367704810836260165e-03
4.125000000000000711e+01 -5.355840220006791164e-03
4.150000000000000711e+01 -5.344358688166295224e-03
4.175000000000000711e+01 -5.333262651440628943e-03
4.200000000000000711e+01 -5.322542389598450274e-03
4.225000000000000711e+01 -5.312200445634518431e-03
4.250000000000000711e+01 -5.302227497064382344e-03
4.275000000000000711e+01 -5.292626186959747958e-03
4.300000000000000711e+01 -5.283387576901221738e-03
4.325000000000000711e+01 -5.274514404074892582e-03
4.350000000000000711e+01 -5.265998101828206490e-03
4.375000000000000711e+01 -5.257841496293380601e-03
4.400000000000000711e+01 -5.250036381811262753e-03
4.425000000000000711e+01 -5.242585669198385201e-03
4.450000000000000711e+01 -5.235481504283878706e-03
4.475000000000000711e+01 -5.228726879011658113e-03
4.500000000000000711e+01 -5.222314282327666923e-03
4.525000000000000711e+01 -5.216246784559230854e-03
4.550000000000000711e+01 -5.210517210322285209e-03
4.575000000000000711e+01 -5.205128706424977381e-03
4.600000000000000711e+01 -5.200074426661926985e-03
4.625000000000000711e+01 -5.195357593135552232e-03
4.650000000000000711e+01 -5.190971683135703341e-03
4.675000000000000711e+01 -5.186919993682204133e-03
4.700000000000000711e+01 -5.183196320719229977e-03
4.725000000000000711e+01 -5.179804036354984653e-03
4.750000000000000711e+01 -5.176737251150864694e-03
4.775000000000000711e+01 -5.173999413026264538e-03
4.800000000000001421e+01 -5.171584944026419439e-03
4.825000000000001421e+01 -5.169497369036213374e-03
4.850000000000001421e+01 -5.167731419332799447e-03
4.875000000000001421e+01 -5.166290698264630610e-03
4.900000000000001421e+01 -5.165170244875894046e-03
4.925000000000001421e+01 -5.164373742754413410e-03
4.950000000000001421e+01 -5.163896538137369152e-03
4.975000000000001421e+01 -5.163742397040871346e-03
5.000000000000001421e+01 -5.163906973127629918e-03
5.025000000000001421e+01 -5.164394117493809055e-03
5.050000000000001421e+01 -5.165199792132757484e-03
5.075000000000001421e+01 -5.166327936254599962e-03
5.100000000000001421e+01 -5.167774821703163823e-03
5.125000000000001421e+01 -5.169544479286247718e-03
5.150000000000001421e+01 -5.171633492740523863e-03
5.175000000000001421e+01 -5.174045988413311647e-03
5.200000000000001421e+01 -5.176778864639630662e-03
5.225000000000001421e+01 -5.179836347816713094e-03
5.250000000000001421e+01 -5.183215654212869339e-03
5.275000000000001421e+01 -5.186921115261311499e-03
5.300000000000001421e+01 -5.190950269061078703e-03
5.325000000000001421e+01 -5.195307557398720633e-03
5.350000000000001421e+01 -5.199990844759638797e-03
5.375000000000001421e+01 -5.205004689032066700e-03
5.400000000000001421e+01 -5.210347286377092768e-03
5.425000000000001421e+01 -5.216023316920226360e-03
5.450000000000001421e+01 -5.222031314560449111e-03
5.475000000000001421e+01 -5.228376088143305012e-03
5.500000000000001421e+01 -5.235056516126601611e-03
5.525000000000001421e+01 -5.242077542942924495e-03
5.550000000000001421e+01 -5.249438399298533842e-03
5.575000000000001421e+01 -5.257144172446215347e-03
5.600000000000001421e+01 -5.265194453859700641e-03
5.625000000000001421e+01 -5.273594481387866573e-03
5.650000000000001421e+01 -5.282344216608170218e-03
5.675000000000001421e+01 -5.291449056239738713e-03
5.700000000000001421e+01 -5.300909342168425020e-03
5.725000000000001421e+01 -5.310730638803939918e-03
5.750000000000001421e+01 -5.320913679263350460e-03
5.775000000000001421e+01 -5.331464205191926986e-03
5.800000000000001421e+01 -5.342383352830326615e-03
5.825000000000001421e+01 -5.353677051439853507e-03
5.850000000000001421e+01 -5.365346853163033281e-03
5.875000000000001421e+01 -5.377398885883177826e-03
5.900000000000001421e+01 -5.389835131363207577e-03
5.925000000000001421e+01 -5.402661927969676370e-03
5.950000000000001421e+01 -5.415881701968383588e-03
5.975000000000001421e+01 -5.429501014997673014e-03
6.000000000000001421e+01 -5.443522754051077772e-03
6.025000000000001421e+01 -5.457953717729335796e-03
6.050000000000001421e+01 -5.472797271271201414e-03
6.075000000000001421e+01 -5.488060464844346509e-03
6.100000000000001421e+01 -5.503747160982730424e-03
6.125000000000001421e+01 -5.519864677095587258e-03
6.150000000000001421e+01 -5.536417393757320227e-03
6.175000000000001421e+01 -5.553412912488009390e-03
6.200000000000001421e+01 -5.570856154417713757e-03
6.225000000000001421e+01 -5.588755023293923152e-03
6.250000000000001421e+01 -5.607115005232254923e-03
6.275000000000001421e+01 -5.625944325870324558e-03
6.300000000000001421e+01 -5.645249062895152381e-03
6.325000000000001421e+01 -5.665037785286430871e-03
6.350000000000001421e+01 -5.685317191285232941e-03
6.375000000000001421e+01 -5.706096216463618642e-03
6.400000000000001421e+01 -5.727382210977516319e-03
6.425000000000001421e+01 -5.749184502454429690e-03
6.450000000000001421e+01 -5.771511127266870655e-03
6.475000000000001421e+01 -5.794371833023392870e-03
6.500000000000001421e+01 -5.817775379731660035e-03
6.525000000000001421e+01 -5.841731965584684438e-03
6.550000000000001421e+01 -5.866251115080711731e-03
6.575000000000001421e+01 -5.891343510732061084e-03
6.600000000000001421e+01 -5.917019486404773154e-03
6.625000000000001421e+01 -5.943290246100962904e-03
6.650000000000001421e+01 -5.970166982181279725e-03
6.675000000000001421e+01 -5.997661461170644692e-03
6.700000000000001421e+01 -6.025785788093984685e-03
6.725000000000001421e+01 -6.054552337476537538e-03
6.750000000000001421e+01 -6.083974186639418136e-03
6.775000000000001421e+01 -6.114064368571314745e-03
6.800000000000001421e+01 -6.144836998779101833e-03
6.825000000000001421e+01 -6.176305824802441613e-03
6.850000000000001421e+01 -6.208486073135288663e-03
6.875000000000001421e+01 -6.241392268294898571e-03
6.900000000000001421e+01 -6.275040828493116951e-03
6.925000000000001421e+01 -6.309447124978717625e-03
6.950000000000001421e+01 -6.344628857281264800e-03
6.975000000000001421e+01 -6.380602321294004398e-03
7.000000000000001421e+01 -6.417386597529106673e-03
7.025000000000001421e+01 -6.454998993950966657e-03
7.050000000000001421e+01 -6.493460083065172306e-03
7.075000000000001421e+01 -6.532788282893164933e-03
7.100000000000001421e+01 -6.573005781647323076e-03
7.125000000000001421e+01 -6.614132217440227279e-03
7.150000000000001421e+01 -6.656191532472988115e-03
7.175000000000001421e+01 -6.699204708834449740e-03
7.200000000000001421e+01 -6.743197597426087153e-03
7.225000000000001421e+01 -6.788192663880254774e-03
7.250000000000001421e+01 -6.834217841129586191e-03
7.275000000000001421e+01 -6.881297235763361719e-03
7.300000000000001421e+01 -6.929461057140984259e-03
7.325000000000001421e+01 -6.978735230520505262e-03
7.350000000000001421e+01 -7.029152460044707507e-03
7.375000000000001421e+01 -7.080740690639741874e-03
7.400000000000001421e+01 -7.133535366818433143e-03
7.425000000000001421e+01 -7.187566680484924753e-03
7.450000000000001421e+01 -7.242873092883017616e-03
7.475000000000001421e+01 -7.299487300383433741e-03
7.500000000000001421e+01 -7.357451092592226516e-03
7.525000000000001421e+01 -7.416799962190190332e-03
7.550000000000001421e+01 -7.477579378648069319e-03
7.575000000000001421e+01 -7.539827961984157945e-03
7.600000000000001421e+01 -7.603595258559803227e-03
7.625000000000001421e+01 -7.668923391612236795e-03
7.650000000000001421e+01 -7.735866433343341342e-03
7.675000000000001421e+01 -7.804470437427601937e-03
7.700000000000001421e+01 -7.874794510221716504e-03
7.725000000000001421e+01 -7.946889121820788215e-03
7.750000000000001421e+01 -8.020818988868805288e-03
7.775000000000001421e+01 -8.096639551346929142e-03
7.800000000000001421e+01 -8.174421790173691527e-03
7.825000000000001421e+01 -8.254226746408244164e-03
7.850000000000001421e+01 -8.336132408722440879e-03
7.875000000000001421e+01 -8.420206140050179311e-03
7.900000000000001421e+01 -8.506533783508463120e-03
7.925000000000001421e+01 -8.595189848575379710e-03
7.950000000000001421e+01 -8.686268999065993590e-03
7.975000000000001421e+01 -8.779853836390238975e-03
8.000000000000001421e+01 -8.876048950388182313e-03
8.025000000000001421e+01 -8.974946121099725005e-03
8.050000000000001421e+01 -9.076661132436047996e-03
8.075000000000001421e+01 -9.181296195902299839e-03
8.100000000000001421e+01 -9.288979749279613340e-03
8.125000000000001421e+01 -9.399825885398005454e-03
8.150000000000001421e+01 -9.513977383063310089e-03
8.175000000000001421e+01 -9.631561901489504862e-03
8.200000000000001421e+01 -9.752738519669956752e-03
8.225000000000001421e+01 -9.877650431595608183e-03
8.250000000000001421e+01 -1.000647530384601858e-02
8.275000000000001421e+01 -1.013937417848842504e-02
8.300000000000001421e+01 -1.027654599741401054e-02
8.325000000000001421e+01 -1.041817238794434664e-02
8.350000000000001421e+01 -1.056447674796734404e-02
8.375000000000001421e+01 -1.071566455376560256e-02
8.400000000000001421e+01 -1.087198745362294439e-02
8.425000000000001421e+01 -1.103367869778115740e-02
8.450000000000001421e+01 -1.120102275149287285e-02
8.475000000000001421e+01 -1.137428540274931787e-02
8.500000000000001421e+01 -1.155378948169943909e-02
8.525000000000001421e+01 -1.173983915293580482e-02
8.550000000000001421e+01 -1.193280241935107400e-02
8.575000000000001421e+01 -1.213302905161639522e-02
8.600000000000001421e+01 -1.234094066501478792e-02
8.625000000000001421e+01 -1.255694167963417041e-02
8.650000000000001421e+01 -1.278151789381287706e-02
8.675000000000001421e+01 -1.301513980418794736e-02
8.700000000000001421e+01 -1.325837076587160768e-02
8.725000000000001421e+01 -1.351176193247477508e-02
8.750000000000001421e+01 -1.377597129964774902e-02
8.775000000000001421e+01 -1.405164945258385867e-02
8.800000000000001421e+01 -1.433957104822253248e-02
8.825000000000001421e+01 -1.464051048317804860e-02
8.850000000000001421e+01 -1.495538769647830613e-02
8.875000000000001421e+01 -1.528513279768117794e-02
8.900000000000001421e+01 -1.563084848842838381e-02
8.925000000000001421e+01 -1.599366262452761589e-02
8.950000000000001421e+01 -1.637491009109176554e-02
8.975000000000001421e+01 -1.677597222331345117e-02
9.000000000000001421e+01 -1.719848167011461815e-02
9.025000000000001421e+01 -1.764414758447513387e-02
9.050000000000001421e+01 -1.811498793935945040e-02
9.075000000000001421e+01 -1.861313945297404793e-02
9.100000000000001421e+01 -1.914112307863929940e-02
9.125000000000001421e+01 -1.970163781657141566e-02
9.150000000000001421e+01 -2.029786684765200189e-02
9.175000000000001421e+01 -2.093325481929542153e-02
9.200000000000001421e+01 -2.161186460066161219e-02
9.225000000000001421e+01 -2.233813854568272861e-02
9.250000000000001421e+01 -2.311731957714613372e-02
9.275000000000001421e+01 -2.395519875954804645e-02
9.300000000000001421e+01 -2.485862018206325130e-02
9.325000000000001421e+01 -2.583522074189276152e-02
9.350000000000001421e+01 -2.689404752688906441e-02
9.375000000000001421e+01 -2.804530255314924281e-02
9.400000000000001421e+01 -2.930111658740935932e-02
9.425000000000001421e+01 -3.067532450519799836e-02
9.450000000000001421e+01 -3.218446518242296106e-02
9.475000000000001421e+01 -3.384763710802879411e-02
9.500000000000001421e+01 -3.568783771142497452e-02
9.525000000000001421e+01 -3.773199238326307992e-02
9.550000000000001421e+01 -4.001282117234039593e-02
9.575000000000001421e+01 -4.256921209989350530e-02
9.600000000000002842e+01 -4.544893157155321939e-02
9.625000000000002842e+01 -4.870965556131873209e-02
9.650000000000002842e+01 -5.242307965267101189e-02
9.675000000000002842e+01 -5.667723262588347799e-02
9.700000000000002842e+01 -6.158311875622435316e-02
9.725000000000002842e+01 -6.727989848870624678e-02
9.750000000000002842e+01 -7.394717070304868134e-02
9.775000000000002842e+01 -8.181846029635242434e-02
9.800000000000002842e+01 -9.121022864573241629e-02
9.825000000000002842e+01 -1.025648376549191387e-01
9.850000000000002842e+01 -1.165377955029807677e-01
9.875000000000002842e+01 -1.341481187704740563e-01
9.900000000000002842e+01 -1.570719387933123268e-01
9.925000000000002842e+01 -1.882103083615327965e-01
9.950000000000002842e+01 -2.329539312524038230e-01
9.975000000000002842e+01 -3.022633671842903658e-01
1.000000000000000142e+02 -4.197261509359047627e-01
