-1.800000000000201084e+01 8.025430005701746430e-03
-1.768637079511795918e+01 9.933396256250816292e-03
-1.738314684757837725e+01 1.232261961311830606e-02
-1.708981328123576660e+01 1.510804331272784864e-02
-1.680588863433072433e+01 1.800010136123776291e-02
-1.653092219204418001e+01 2.080482828807620962e-02
-1.626449157056260830e+01 2.391051864050842621e-02
-1.600620052541652782e+01 2.640026163781728635e-02
-1.575567696017295916e+01 2.861329257097441209e-02
-1.551257111443442049e+01 3.018253258996172680e-02
-1.527655391258613626e+01 3.130301928266621819e-02
-1.504731545689701200e+01 3.153159087752446799e-02
-1.482456365046278535e+01 3.112167311850164847e-02
-1.460802293712368716e+01 2.981277975953219861e-02
-1.439743314692604947e+01 2.804569490782379826e-02
-1.419254843695589230e+01 2.550569244669076419e-02
-1.399313631847824624e+01 2.259932157965242189e-02
-1.379897676228727654e+01 1.964152729794694033e-02
-1.360986137502872673e+01 1.657257578163823589e-02
-1.342559264001182306e+01 1.361477362653745922e-02
-1.324598321669588152e+01 1.063909415150308090e-02
-1.307085529362816168e+01 8.456042200688140137e-03
-1.290003999013476133e+01 6.289398131184217866e-03
-1.273337680253193582e+01 4.545705897586824890e-03
-1.257071309104041035e+01 3.233768126842033117e-03
-1.241190360395464154e+01 2.235930942477642059e-03
-1.225681003594876195e+01 1.497120608173029737e-03
-1.210530061769597765e+01 9.399794038886932898e-04
-1.195724973424155202e+01 5.807413395068168269e-04
-1.181253756980619762e+01 3.537486357233060033e-04
-1.167104977690866718e+01 2.060933350369383173e-04
-1.153267716788677255e+01 1.249999669056777981e-04
-1.139731542706779699e+01 6.433180387350156927e-05
-1.126486484199332239e+01 4.597083303688726907e-05
-1.113523005224293527e+01 1.543062121574619505e-05
-1.100831981452695096e+01 8.767341788878006689e-06
-1.088404678283180083e+01 4.712386205306413127e-06
-1.076232730250476877e+01 1.649803056513243876e-06
-1.064308121725769141e+01 3.982314370367845345e-07
-1.052623168815380517e+01 2.820159043770626438e-07
-1.041170502371859463e+01 4.238326256623946379e-07
-1.029943052038521678e+01 2.403279665846906064e-07
-1.018934031254830330e+01 1.635931533354718725e-07
-1.008136923155793951e+01 1.608201065117316670e-07
-9.975454673037956965e+00 6.894908299778287887e-08
-9.871536471960840942e+00 1.341267460402047884e-07
-9.769556784955334194e+00 2.095874013503066299e-07
-9.669459979362780899e+00 9.060865020719328694e-08
-9.571192528595137361e+00 3.360957654017333690e-08
-9.474702913380864899e+00 3.559362110133732369e-08
-9.379941528515811200e+00 7.375265566297303649e-09
-9.286860594764403842e+00 2.933555634001432078e-08
-9.195414075582201363e+00 3.481646470159114455e-09
-9.105557598354884874e+00 5.386451762006677102e-08
-9.017248379870389741e+00 4.472609469612288041e-08
-8.930445155761116638e+00 7.844122333853819333e-08
-8.845108113671695804e+00 1.586790022714833058e-08
-8.761198829924738973e+00 7.796041100038178350e-09
-8.678680209472876328e+00 1.416046696340812610e-08
-8.597516428939853128e+00 2.359130888186046202e-08
-8.517672882566811765e+00 2.082620436928304796e-09
-8.439116130892410084e+00 7.443457335161425617e-10
-8.361813852006719117e+00 1.042297683064827847e-09
-8.285734795229661387e+00 2.863499770820319869e-08
-8.210848737074378789e+00 1.335462836012948102e-08
-8.137126439365120589e+00 7.707044329056078919e-09
-8.064539609387715302e+00 2.148895392944263190e-08
-7.993060861958362295e+00 1.242216020847963371e-08
-7.922663683303976967e+00 5.478022281276240727e-10
-7.853322396653874549e+00 5.609190073780965492e-09
-7.785012129448951157e+00 1.866525518762403867e-08
-7.717708782080378249e+00 4.433835596416837952e-09
-7.651388998075133507e+00 2.727711856607594144e-08
-7.586030135650944750e+00 5.231901490565204568e-09
-7.521610240567749628e+00 9.980707929033092909e-09
-7.458108020207273370e+00 5.865208425870715717e-09
-7.395502818816379609e+00 5.431540983436919754e-08
-7.333774593853726209e+00 2.100699994433362744e-09
-7.272903893382695273e+00 3.623578442662168813e-08
-7.212871834457117437e+00 2.348054532772391703e-08
-7.153660082449187385e+00 4.766198121114281192e-09
-7.095250831272068126e+00 1.747165010336565085e-09
-7.037626784452278628e+00 1.305560653783101917e-08
-6.980771137009643468e+00 1.263637658913716548e-08
-6.924667558104775189e+00 2.176509475866699954e-08
-6.869300174416541616e+00 4.152960248528526687e-08
-6.814653554213885300e+00 1.146317378003843175e-08
-6.760712692088343800e+00 8.000488150407490446e-09
-6.707462994315648963e+00 1.376170002226004379e-08
-6.654890264816202716e+00 1.499371554512713157e-08
-6.602980691686176407e+00 5.497079911556563679e-09
-6.551720834272277472e+00 1.090175766970822689e-08
-6.501097610764786872e+00 9.422343834725456041e-09
-6.451098286284775440e+00 1.584860169160304535e-09
-6.401710461442654321e+00 2.284607396119590727e-10
-6.352922061346510496e+00 2.252941513349195843e-08
-6.304721325039668756e+00 1.814411200796199342e-08
-6.257096795348075169e+00 4.683080797435001191e-09
-6.210037309119101678e+00 1.954863644183151300e-09
-6.163531987834188541e+00 6.541176880155851690e-09
-6.117570228578837366e+00 1.437888226973066199e-08
-6.072141695354100754e+00 1.611056922244964489e-08
-6.027236310714632950e+00 3.194510997406037154e-10
-5.982844247719062203e+00 3.061630805246561108e-09
-5.938955922179146363e+00 8.182020970874702779e-09
-5.895561985194874843e+00 1.883294778141332495e-08
-5.852653315963272540e+00 7.496510807908694147e-09
-5.810221014849253685e+00 3.166657006676066546e-09
-5.768256396707496236e+00 1.993018499928500149e-08
-5.726750984444712422e+00 1.385085711084428674e-08
-5.685696502812374042e+00 3.405979324810096506e-08
-5.645084872420248701e+00 1.015875608274543447e-08
-5.604908203961667112e+00 1.426598202478858237e-08
-5.565158792641851981e+00 2.903184315540646270e-09
-5.525829112800970222e+00 1.543618669313586503e-08
-5.486911812724083681e+00 7.521324462823039891e-09
-5.448399709630409760e+00 5.684384945041017585e-09
-5.410285784834729661e+00 1.016153223049496789e-10
-5.372563179074079542e+00 1.694311576298757396e-08
-5.335225187993163587e+00 1.870941403891319513e-08
-5.298265257782246884e+00 6.910542950761403740e-09
-5.261676980961550676e+00 9.923828289605932892e-09
-5.225454092306433651e+00 9.853545510889075862e-09
-5.189590464907923639e+00 4.366602473456941468e-10
-5.154080106363324809e+00 2.049929559045063862e-08
-5.118917155092023386e+00 1.560147258688638511e-08
-5.084095876771596245e+00 2.259171805131144691e-08
-5.049610660889740643e+00 6.930337363498260654e-09
-5.015456017407655231e+00 9.818936117250611386e-09
-4.981626573530626878e+00 2.999761409378282226e-10
-4.948117070581910859e+00 3.202887479399587471e-09
-4.914922360976011539e+00 7.681120114686354865e-09
-4.882037405287712239e+00 9.920835901072971308e-10
-4.849457269413337102e+00 6.350335025139724329e-09
-4.817177121820895636e+00 2.057038353127351493e-08
-4.785192230885824571e+00 7.698844003026645479e-10
-4.753497962309302771e+00 3.914472445136767347e-09
-4.722089776616123835e+00 9.220361535616875430e-09
-4.690963226729293112e+00 8.568399469764931628e-09
-4.660113955618596648e+00 1.125651606752007736e-08
-4.629537694020590344e+00 6.960392418929072233e-09
-4.599230258227382961e+00 8.361825479469530716e-09
-4.569187547941903738e+00 2.814780922969264109e-10
-4.539405544197283149e+00 1.412397140032647042e-08
-4.509880307338105077e+00 9.725104682501703552e-09
-4.480607975061465353e+00 5.317108456687390856e-09
-4.451584760515686412e+00 1.493751904066998920e-08
-4.422806950454783781e+00 1.542053652613131291e-08
-4.394270903446768628e+00 3.973153727735897585e-08
-4.365973048133954926e+00 1.712943299512409763e-08
-4.337909881543509094e+00 1.575609549259571569e-09
-4.310077967446587444e+00 8.282249574284868325e-09
-4.282473934764412071e+00 2.520901645184136068e-08
-4.255094476019731786e+00 2.852810950265016352e-08
-4.227936345832168819e+00 1.780428694229422675e-08
-4.200996359456015128e+00 8.398909925636648946e-09
-4.174271391359062555e+00 4.918290870481768527e-10
-4.147758373841154089e+00 1.293559251212876565e-08
-4.121454295691163061e+00 1.387320544249098024e-09
-4.095356200881122177e+00 2.016714409731702228e-08
-4.069461187296388616e+00 6.856647321033702330e-09
-4.043766405500584860e+00 2.465354773175259838e-08
-4.018269057534298305e+00 6.101757633026791813e-09
-3.992966395746416985e+00 1.982206208517315349e-09
-3.967855721657088441e+00 4.571224786469390379e-09
-3.942934384851309204e+00 5.250740126439494903e-09
-3.918199781902168777e+00 9.701897529473816895e-09
-3.893649355322847061e+00 2.698815231611491806e-09
-3.869280592546462394e+00 8.274402227022980794e-09
-3.845091024932894896e+00 6.539316931348902750e-09
-3.821078226801797317e+00 2.196663357457529091e-09
-3.797239814490932730e+00 3.838433957861474463e-09
-3.773573445439120100e+00 1.228283937224933118e-09
-3.750076817293014120e+00 2.066222349429464425e-10
-3.726747667036997225e+00 6.711474017827792181e-09
-3.703583770145510101e+00 1.938906369810361026e-09
-3.680582939757102157e+00 1.675214786936679130e-08
-3.657743025869630404e+00 1.072153120861350064e-08
-3.635061914555887341e+00 9.892025470411028213e-09
-3.612537527199123133e+00 1.669676447009139229e-08
-3.590167819747855482e+00 1.762067045057739301e-08
-3.567950781989368547e+00 7.071193828376394344e-09
-3.545884436841426179e+00 1.543522270707094709e-09
-3.523966839661581307e+00 3.729322127585513846e-09
-3.502196077573649369e+00 1.586791685837980714e-10
-3.480570268810808887e+00 1.156086749278486338e-08
-3.459087562074850908e+00 5.613113857524012780e-09
-3.437746135911134981e+00 1.927901444726363914e-08
-3.416544198098792506e+00 4.821948238088372182e-08
-3.395479985055740890e+00 2.895132888892192534e-09
-3.374551761258098193e+00 1.605467063916377075e-08
-3.353757818673582580e+00 9.514532726064584615e-09
-3.333096476208523118e+00 5.425352384085573196e-09
-3.312566079168071553e+00 9.813206730815994630e-09
-3.292164998729279812e+00 8.165393891840348470e-09
-3.271891631426664837e+00 2.084876345436429274e-08
-3.251744398649922374e+00 1.927346565770077718e-08
-3.231721746153456643e+00 7.932769351487824019e-09
-3.211822143577407918e+00 5.714903257724793226e-10
-3.192044083979844071e+00 6.140986640008103301e-09
-3.172386083379843402e+00 1.447173521042287321e-09
-3.152846680311138350e+00 1.089013922723904263e-08
-3.133424435386072737e+00 1.105515034389732896e-08
-3.114117930869558570e+00 9.993690278448324208e-09
-3.094925770262795250e+00 3.928383435280107729e-08
-3.075846577896469647e+00 5.803760020722593045e-09
-3.056878998533198555e+00 1.709945275632662079e-09
-3.038021696978961295e+00 6.724578598826481681e-09
-3.019273357703287086e+00 1.012768507344448508e-09
-3.000632684467968048e+00 1.108704744752430602e-08
-2.982098399964077995e+00 8.073451819517350362e-09
-2.963669245457069223e+00 4.897170174539346435e-09
-2.945343980439752762e+00 9.214835325287667935e-09
-2.927121382292947160e+00 4.518610090162611052e-09
-2.909000245953597297e+00 7.130178138873849707e-09
-2.890979383590179363e+00 7.716652507296622009e-09
-2.873057624285205058e+00 1.450735086865790804e-08
-2.855233813724623815e+00 9.486491405360296649e-09
-2.837506813893987179e+00 1.679504213086907123e-08
-2.819875502781155951e+00 2.143767665794476219e-08
-2.802338774085429751e+00 6.744739701258723141e-09
-2.784895536932901372e+00 5.604442641234474325e-09
-2.767544715597910265e+00 5.777337718485143617e-09
-2.750285249230413953e+00 9.496347614155236851e-09
-2.733116091589155250e+00 9.425094687198171115e-09
-2.716036210780464089e+00 3.721108352795739442e-09
-2.699044589002566052e+00 6.413493711265130696e-09
-2.682140222295249732e+00 4.541609750201624362e-09
-2.665322120294779662e+00 3.858474633369798946e-09
-2.648589305993904297e+00 1.078928450681464928e-09
-2.631940815506855547e+00 1.482300634500855825e-09
-2.615375697839200431e+00 6.288190738940767478e-09
-2.598893014662444045e+00 2.269019631533900705e-08
-2.582491840093254609e+00 2.410615905407459195e-09
-2.566171260477212002e+00 1.130864345942692602e-08
-2.549930374176959447e+00 7.708829644791193261e-09
-2.533768291364664638e+00 1.939033055814258950e-09
-2.517684133818677505e+00 4.114581911167063854e-09
-2.501677034724291371e+00 1.352732246099356818e-08
-2.485746138478510670e+00 3.583983174071628773e-09
-2.469890600498723998e+00 4.866756239775694317e-09
-2.454109587035200768e+00 1.938048316419063065e-09
-2.438402274987315543e+00 5.344481821794241578e-09
-2.422767851723407695e+00 8.589901072454868460e-09
-2.407205514904207533e+00 1.598792189250016569e-08
-2.391714472309731221e+00 1.738128601394771313e-09
-2.376293941669569421e+00 3.917962756329370599e-09
-2.360943150496495058e+00 1.332751876000872651e-08
-2.345661335923311608e+00 4.791000569655562360e-09
-2.330447744542858413e+00 2.172781372581105556e-08
-2.315301632251118846e+00 4.443447397255668665e-10
-2.300222264093345625e+00 7.948252476634558617e-10
-2.285208914113144640e+00 7.121670022880656858e-09
-2.270260865204440481e+00 4.762641575300032151e-09
-2.255377408966269037e+00 6.595159741062741263e-09
-2.240557845560325223e+00 1.107643080245487128e-08
-2.225801483571210770e+00 7.561199627666006621e-09
-2.211107639869315467e+00 3.370881903066123231e-09
-2.196475639476279440e+00 1.792410859872034541e-08
-2.181904815432973432e+00 5.633210841711334374e-09
-2.167394508669943320e+00 2.189529002324591428e-09
-2.152944067880271817e+00 4.861414761612386953e-09
-2.138552849394784516e+00 1.441140920023311824e-08
-2.124220217059574090e+00 6.712312660555210467e-09
-2.109945542115772454e+00 1.087850867132030637e-08
-2.095728203081529628e+00 2.112943958499004477e-09
-2.081567585636154849e+00 1.231150211819088597e-09
-2.067463082506362237e+00 2.532348490939240282e-08
-2.053414093354584136e+00 9.017085009885352181e-09
-2.039420024669305942e+00 2.272712059705616116e-09
-2.025480289657382471e+00 1.159460224536862273e-08
-2.011594308138276332e+00 2.241463644485366600e-08
-1.997761506440205226e+00 3.104033223577125555e-09
-1.983981317298131319e+00 1.079984810435020602e-08
-1.970253179753569617e+00 5.436442190764153928e-09
-1.956576539056167352e+00 6.268781126122470737e-09
-1.942950846567025547e+00 1.522942890201409511e-08
-1.929375559663717654e+00 4.620217719900151620e-09
-1.915850141646975535e+00 8.783263081283403594e-09
-1.902374061649005244e+00 1.012951037145981196e-09
-1.888946794543396868e+00 3.389911956643868495e-09
-1.875567820856598900e+00 6.656346305132106178e-10
-1.862236626680921825e+00 1.874092535721679753e-08
-1.848952703589041180e+00 2.538273580837421923e-09
-1.835715548549967879e+00 6.397644272803591418e-09
-1.822524663846452730e+00 7.703423034475305104e-09
-1.809379556993800708e+00 1.872377481638827811e-08
-1.796279740660062796e+00 1.811739227986630513e-08
-1.783224732587581407e+00 2.697651879556303902e-08
-1.770214055515849871e+00 8.498986404218129285e-09
-1.757247237105675541e+00 1.235550035314885852e-08
-1.744323809864610553e+00 1.325910555846304983e-08
-1.731443311073621372e+00 5.157017869948874309e-09
-1.718605282714980698e+00 5.920964086013117675e-09
-1.705809271401351745e+00 6.308648734560027156e-09
-1.693054828306041149e+00 2.114363713538370857e-09
-1.680341509094399610e+00 4.761640836292176685e-09
-1.667668873856344547e+00 1.339895818390296732e-08
-1.655036487039980519e+00 4.568450931608508209e-09
-1.642443917386301022e+00 1.919534731072635609e-08
-1.629890737864948980e+00 5.386200424535543879e-09
-1.617376525611005755e+00 1.421990245495118265e-08
-1.604900861862805783e+00 6.027079586370204778e-11
-1.592463331900736856e+00 1.885548163240717658e-08
-1.580063524987020074e+00 5.729092456918053986e-09
-1.567701034306447028e+00 8.184416652242104813e-09
-1.555375456908052678e+00 1.608323147785044097e-08
-1.543086393647707277e+00 7.526752569677923538e-11
-1.530833449131608237e+00 1.173693906822969990e-08
-1.518616231660659732e+00 5.758258224421859667e-09
-1.506434353175712282e+00 1.504594818052277638e-08
-1.494287429203655870e+00 6.710715923096927596e-09
-1.482175078804342627e+00 1.515601154394777066e-08
-1.470096924518329295e+00 4.664056173612345526e-09
-1.458052592315416618e+00 9.373757508179653791e-09
-1.446041711543979202e+00 3.367861520712451632e-09
-1.434063914881057000e+00 1.635740979616525066e-09
-1.422118838283209508e+00 5.899437658561716516e-09
-1.410206120938107599e+00 5.755215038411870440e-09
-1.398325405216850115e+00 1.001849478758386317e-08
-1.386476336626996986e+00 1.004652001517107452e-08
-1.374658563766294916e+00 1.077108840182020699e-08
-1.362871738277095179e+00 1.384961111756553935e-10
-1.351115514801437101e+00 2.377413486876714568e-08
-1.339389550936797013e+00 9.140814881467830156e-09
-1.327693507192477362e+00 5.579241598898364285e-08
-1.316027046946637080e+00 1.736948823248727454e-09
-1.304389836403941239e+00 4.287983239360874631e-09
-1.292781544553817996e+00 2.413850177677167186e-08
-1.281201843129320173e+00 3.732833235528895747e-08
-1.269650406566570577e+00 1.279560262570748133e-08
-1.258126911964788874e+00 1.603945943858289644e-08
-1.246631039046874889e+00 8.871527405756058579e-09
-1.235162470120555911e+00 1.073846658483747723e-09
-1.223720890040073339e+00 3.988333955493927285e-09
-1.212305986168408234e+00 2.149897700469360354e-09
-1.200917448340022453e+00 6.494197788072036017e-09
-1.189554968824123149e+00 6.075951302437800830e-09
-1.178218242288426865e+00 7.480799944740725323e-09
-1.166906965763418569e+00 1.001938054466667190e-08
-1.155620838607101852e+00 1.631400129302138666e-09
-1.144359562470215863e+00 1.849711152765227492e-08
-1.133122841261928526e+00 7.358691284203167183e-09
-1.121910381115985400e+00 1.380118498802347529e-08
-1.110721890357309283e+00 3.141332459349356838e-10
-1.099557079469039467e+00 6.828717859000470878e-10
-1.088415661060010642e+00 2.814009899823618059e-08
-1.077297349832647466e+00 2.678103731235222228e-08
-1.066201862551285018e+00 1.153268255837053707e-08
-1.055128918010896033e+00 3.405999508625197236e-08
-1.044078237006218046e+00 8.743936712833263920e-11
-1.033049542301277102e+00 1.500015917073540850e-08
-1.022042558599299822e+00 4.829428116449018103e-09
-1.011057012512998066e+00 3.201055511780773616e-09
-1.000092632535235726e+00 6.684828304769126199e-08
-9.891491490100537964e-01 3.692572109991421609e-09
-9.782262941040561488e-01 8.174876519417814164e-09
-9.673238017781481402e-01 4.804482943013377907e-08
-9.564414077596213870e-01 8.123277175356041307e-09
-9.455788495145712735e-01 3.224893752889049857e-08
-9.347358662206534108e-01 3.016136795715446566e-08
-9.239121987401626157e-01 2.700470650589705995e-08
-9.131075895934324116e-01 7.459243317719671794e-10
-9.023217829325496098e-01 1.069968712870571600e-08
-8.915545245153719822e-01 6.576474316921361259e-08
-8.808055616798529108e-01 2.172851785693991453e-08
-8.700746433186589135e-01 1.523302067104863204e-08
-8.593615198540814903e-01 3.455197054096812772e-08
-8.486659432132259706e-01 3.022839789559946916e-09
-8.379876668034880183e-01 2.107236419828230187e-09
-8.273264454882990337e-01 1.881267533693469151e-08
-8.166820355631438932e-01 4.422327255872222089e-09
-8.060541947318363709e-01 1.268730394591617937e-08
-7.954426820830584610e-01 1.370176291205998701e-08
-7.848472580671504994e-01 9.180367347845714588e-10
-7.742676844731486430e-01 6.672875037008810483e-08
-7.637037244060699281e-01 8.049281327293116949e-08
-7.531551422644284788e-01 3.098975229303982474e-08
-7.426217037179922986e-01 1.517041934331948094e-08
-7.321031756857663275e-01 1.245819349054669401e-08
-7.215993263142009839e-01 1.972657237305638941e-08
-7.111099249556180890e-01 4.300792014319836901e-08
-7.006347421468592795e-01 2.952328645603375505e-08
-6.901735495881351490e-01 3.533981587118588137e-08
-6.797261201220911042e-01 1.020262859208272167e-07
-6.692922277130706199e-01 2.663378792402646908e-08
-6.588716474265783329e-01 8.067801142549849406e-08
-6.484641554089376481e-01 4.284587754275139561e-07
-6.380695288671385246e-01 3.470791505654652150e-08
-6.276875460488731129e-01 1.264842694969814999e-07
-6.173179862227488046e-01 8.647154565707900499e-08
-6.069606296586862459e-01 1.095238137409959365e-06
-5.966152576084875481e-01 2.139648240970472217e-05
-5.862816522865772484e-01 3.650341837037020731e-05
-5.759595968509094721e-01 1.135462211168958166e-04
-5.656488753840412942e-01 2.939423076542396762e-01
-5.553492728743597562e-01 1.101587331475124554e+00
-5.450605751974718638e-01 2.278038085151831371e+00
-5.347825690977430213e-01 3.350014544249951598e+00
-5.245150421699888987e-01 4.410357974455780372e+00
-5.142577828413065211e-01 5.919322150161745455e+00
-5.040105803530536832e-01 5.912476265911522866e+00
-4.937732247429644228e-01 5.695102810438802621e+00
-4.835455068274036594e-01 5.934318179311868668e+00
-4.733272181837471781e-01 4.617994808605118351e+00
-4.631181511328986700e-01 2.999285036812226579e+00
-4.529180987219272314e-01 2.252206522287053758e+00
-4.427268547068332061e-01 7.343945534244163964e-01
-4.325442135354257145e-01 5.310135169767405978e-04
-4.223699703303245845e-01 5.003022776667094849e-05
-4.122039208720716941e-01 1.122690127027752757e-05
-4.020458615823537807e-01 2.823046144582446541e-07
-3.918955895073323314e-01 2.377399904408038339e-07
-3.817529023010813316e-01 1.813335607262550418e-07
-3.716175982091194929e-01 4.777821398765188898e-08
-3.614894760520483419e-01 2.652174527452136548e-08
-3.513683352092828449e-01 2.306438817298012603e-07
-3.412539756028758475e-01 1.672942334893460352e-08
-3.311461976814312758e-01 4.987360020103674390e-09
-3.210448024041094306e-01 8.866313458250058829e-08
-3.109495912247085547e-01 3.341657138560206754e-08
-3.008603660758366605e-01 1.064771330141671394e-09
-2.907769293531580201e-01 6.540921467159866851e-08
-2.806990838997174276e-01 1.487666572318926313e-08
-2.706266329903371237e-01 8.755219620475390468e-09
-2.605593803160889399e-01 1.211155261022662501e-08
-2.504971299688272257e-01 1.442921914602772906e-08
-2.404396864257955790e-01 5.103417956096863238e-08
-2.303868545342923901e-01 3.459674372747633406e-08
-2.203384394963986970e-01 8.355448148362216260e-09
-2.102942468537628840e-01 1.253598545091541105e-08
-2.002540824724450275e-01 1.415726229212692955e-08
-1.902177525278067050e-01 9.661667580033425714e-09
-1.801850634894590075e-01 5.853027432079796271e-09
-1.701558221062540455e-01 7.593981118668487675e-10
-1.601298353913264694e-01 1.051283222460515802e-08
-1.501069106071708514e-01 3.639444866311803210e-08
-1.400868552507662790e-01 1.673712873770026114e-08
-1.300694770387391397e-01 3.263392783999597569e-10
-1.200545838925550501e-01 3.664984450226851869e-09
-1.100419839237516545e-01 5.961861969781311865e-10
-1.000314854191983877e-01 2.968237673310048256e-09
-9.002289682638489610e-02 3.777781050138390295e-09
-8.001602673873924043e-02 3.230533374947712932e-09
-7.001068388096250150e-02 1.626188167886270372e-08
-6.000667709439190534e-02 8.452533881307311277e-09
-5.000381532237931775e-02 3.709251376764514190e-09
-4.000190759568706539e-02 4.892926977545225486e-09
-3.000076301789707939e-02 9.478673357785029502e-09
-2.000019075083557876e-02 6.529057050253489480e-02
-9.999999999999974187e-03 3.077233676168834031e-01
0.000000000000000000e+00 3.052291262599275118e-10
9.999999999999974187e-03 1.091380903818534341e-08
2.000019075083557876e-02 7.249184938662891973e-09
3.000076301789707939e-02 3.065773776456972993e-09
4.000190759568635068e-02 3.104941136175876968e-09
5.000381532237860305e-02 5.447717236427490057e-09
6.000667709439118369e-02 1.273438968396462097e-08
7.001068388096322315e-02 6.459429989692904289e-09
8.001602673873996208e-02 5.559551600003443543e-09
9.002289682638561774e-02 7.784672836979315899e-10
1.000314854191983877e-01 3.189166092807900793e-09
1.100419839237516545e-01 1.109491392303866596e-09
1.200545838925550501e-01 1.569533257150426919e-08
1.300694770387391397e-01 3.838867598870941126e-08
1.400868552507662790e-01 4.456876784314116382e-09
1.501069106071708514e-01 1.276603025082889504e-08
1.601298353913264694e-01 6.320355314558969833e-09
1.701558221062540455e-01 3.423791222180026934e-09
1.801850634894582859e-01 5.275729022436708356e-09
1.902177525278067050e-01 1.593920636591310219e-08
2.002540824724450275e-01 5.062562010772766604e-09
2.102942468537628840e-01 7.360766223687969667e-08
2.203384394963986970e-01 9.091868856820562410e-10
2.303868545342923901e-01 8.434035750904244330e-09
2.404396864257955790e-01 1.120889358307898542e-09
2.504971299688272257e-01 1.533671434828411744e-08
2.605593803160889399e-01 1.573617430986961175e-08
2.706266329903371237e-01 2.430659244753195162e-09
2.806990838997167059e-01 3.219934551550134346e-08
2.907769293531572985e-01 8.036260898030736488e-09
3.008603660758359388e-01 1.386221835405221747e-07
3.109495912247092764e-01 1.395531951346805133e-07
3.210448024041101522e-01 1.709041467953352771e-09
3.311461976814320529e-01 5.564937399646197414e-08
3.412539756028758475e-01 1.551430623752564686e-07
3.513683352092828449e-01 2.657874410293532200e-08
3.614894760520483419e-01 1.413569567388135420e-08
3.716175982091194929e-01 5.090232289126395645e-06
3.817529023010813316e-01 3.012550025300293221e-05
3.918955895073323314e-01 1.957935006799660094e-01
4.020458615823530590e-01 1.594630258916208687e+00
4.122039208720709169e-01 2.699372434061334314e+00
4.223699703303238628e-01 4.592222232242948898e+00
4.325442135354264361e-01 5.610721575159208996e+00
4.427268547068339277e-01 6.214990796532877226e+00
4.529180987219279531e-01 6.552563394721307333e+00
4.631181511328986700e-01 5.420858187071018186e+00
4.733272181837471781e-01 4.336677274010214411e+00
4.835455068274036594e-01 2.992008397243762108e+00
4.937732247429644228e-01 1.651206741289830138e+00
5.040105803530536832e-01 5.066800902399180018e-01
5.142577828413065211e-01 1.258256119708557543e-04
5.245150421699888987e-01 1.392230381369417130e-05
5.347825690977430213e-01 1.528380927301393810e-07
5.450605751974710866e-01 7.904738777011947239e-07
5.553492728743597562e-01 4.735905613563717131e-08
5.656488753840412942e-01 6.090732205892162033e-07
5.759595968509094721e-01 5.534076022469004297e-08
5.862816522865772484e-01 1.768600676997013483e-07
5.966152576084875481e-01 2.358306017319147618e-08
6.069606296586862459e-01 1.047072873852687353e-07
6.173179862227488046e-01 1.574698040190887050e-07
6.276875460488731129e-01 2.004858383773103043e-07
6.380695288671385246e-01 3.657870334116142634e-08
6.484641554089369819e-01 4.324936306576507295e-08
6.588716474265774448e-01 2.144056590041551480e-08
6.692922277130698427e-01 3.078486252367325092e-07
6.797261201220904381e-01 2.333476955043170755e-08
6.901735495881360372e-01 2.413327757750808987e-09
7.006347421468600567e-01 7.096346915247091230e-08
7.111099249556188662e-01 1.891361733642288186e-08
7.215993263142009839e-01 6.022258072570231450e-09
7.321031756857663275e-01 1.252121667270104596e-08
7.426217037179922986e-01 6.491714667504047055e-10
7.531551422644284788e-01 6.198636483984279579e-08
7.637037244060699281e-01 1.808808367123515629e-08
7.742676844731486430e-01 3.462032949048333251e-09
7.848472580671498333e-01 1.505446008368305154e-08
7.954426820830577949e-01 3.588183165849548244e-10
8.060541947318363709e-01 1.018590231131773791e-08
8.166820355631446704e-01 1.984346448757408481e-08
8.273264454882999219e-01 1.649047264524900548e-08
8.379876668034880183e-01 3.831093391839886108e-09
8.486659432132259706e-01 5.414755706006293815e-08
8.593615198540814903e-01 2.502043086775630294e-08
8.700746433186589135e-01 2.386175213715168654e-08
8.808055616798529108e-01 6.867519681689747289e-09
8.915545245153719822e-01 1.874276367796338596e-08
9.023217829325496098e-01 1.851894551576603213e-08
9.131075895934324116e-01 1.305447504071666351e-08
9.239121987401619496e-01 5.629932816346342785e-09
9.347358662206525226e-01 8.854078988849509168e-10
9.455788495145712735e-01 9.137185358530399047e-09
9.564414077596213870e-01 5.470765469547940836e-09
9.673238017781488063e-01 4.808409652414515223e-09
9.782262941040561488e-01 4.720435921573711021e-09
9.891491490100537964e-01 9.331785636454039779e-09
1.000092632535235726e+00 4.905970860518361697e-08
1.011057012512998066e+00 1.940865973601380043e-08
1.022042558599299822e+00 1.008535795767569818e-08
1.033049542301277102e+00 1.301056256513463931e-08
1.044078237006217380e+00 2.174988330013844065e-10
1.055128918010895367e+00 4.106777656759694565e-08
1.066201862551284352e+00 1.007094753086346469e-09
1.077297349832648132e+00 2.015838180646205756e-08
1.088415661060011308e+00 2.908411411341670001e-08
1.099557079469040355e+00 3.718421852841858650e-08
1.110721890357309283e+00 2.450232270373431872e-08
1.121910381115985400e+00 1.932317544998248782e-08
1.133122841261928526e+00 1.667867177225510950e-08
1.144359562470215863e+00 1.712417737740823036e-08
1.155620838607101852e+00 7.831352045691933853e-09
1.166906965763418569e+00 7.547042104360323650e-09
1.178218242288425976e+00 4.298341170484121420e-09
1.189554968824123149e+00 9.136435935700501340e-09
1.200917448340022453e+00 2.885745793566092614e-09
1.212305986168408900e+00 1.664034447105373536e-09
1.223720890040074227e+00 1.678711634658266864e-08
1.235162470120555911e+00 1.908387750479586715e-08
1.246631039046874889e+00 1.433904796304860686e-08
1.258126911964788874e+00 1.865566132467182445e-08
1.269650406566570577e+00 7.709189079884733174e-10
1.281201843129320173e+00 4.395625531977214151e-09
1.292781544553817996e+00 1.928221951617393435e-08
1.304389836403941239e+00 2.993426876893475057e-09
1.316027046946637080e+00 1.259039398032660972e-08
1.327693507192476696e+00 2.218586954851640017e-08
1.339389550936796125e+00 4.384749232132117445e-09
1.351115514801436435e+00 1.091234503499857370e-08
1.362871738277095179e+00 2.985172722562129143e-09
1.374658563766295805e+00 1.460379161333404164e-08
1.386476336626997652e+00 4.279613545209864244e-09
1.398325405216850559e+00 2.611112776385495915e-08
1.410206120938107599e+00 2.570181488633333153e-09
1.422118838283209508e+00 1.091001622289732050e-08
1.434063914881057000e+00 9.958010952913196030e-09
1.446041711543979202e+00 5.281070131471777445e-09
1.458052592315416618e+00 5.514792217388603734e-09
1.470096924518328407e+00 1.460273905528630665e-08
1.482175078804341739e+00 5.301669306840152257e-09
1.494287429203654982e+00 2.221790759751972903e-09
1.506434353175713392e+00 4.521032942432793930e-09
1.518616231660660620e+00 8.095751439193698761e-09
1.530833449131608681e+00 3.216981170969688354e-10
1.543086393647707277e+00 1.442445990085688303e-09
1.555375456908052678e+00 2.675254508819039482e-09
1.567701034306447028e+00 7.138623346980028246e-09
1.580063524987019630e+00 2.015512522851578540e-08
1.592463331900736190e+00 8.985205047247712754e-09
1.604900861862805117e+00 1.053704740326382528e-08
1.617376525611005755e+00 2.285927737916187330e-09
1.629890737864948091e+00 3.943330571394797868e-10
1.642443917386300800e+00 1.113820714948813822e-08
1.655036487039980742e+00 3.015215613576118450e-09
1.667668873856345213e+00 1.424934238302131791e-09
1.680341509094400276e+00 5.781987235202400750e-09
1.693054828306040926e+00 2.244974775578857421e-08
1.705809271401351079e+00 1.123640349380563821e-08
1.718605282714980920e+00 7.343198709108356662e-09
1.731443311073621594e+00 1.674861980242131766e-09
1.744323809864610997e+00 2.508349642351623172e-09
1.757247237105675541e+00 3.027174580006676312e-09
1.770214055515848983e+00 7.009569791003017617e-09
1.783224732587580741e+00 2.265893752072517853e-09
1.796279740660062352e+00 3.934174101977436399e-09
1.809379556993800708e+00 2.202662487500898823e-09
1.822524663846453397e+00 2.553762167877512811e-08
1.835715548549968767e+00 1.149253504884384529e-08
1.848952703589041624e+00 2.046943457732760054e-08
1.862236626680921825e+00 1.740788470332190514e-08
1.875567820856598900e+00 1.262049669532162464e-08
1.888946794543396868e+00 4.441988968425570524e-09
1.902374061649005244e+00 9.606943916674371225e-09
1.915850141646975535e+00 1.294846293259999348e-08
1.929375559663716988e+00 3.450901593784776634e-08
1.942950846567024437e+00 8.871225106630627958e-09
1.956576539056166242e+00 1.515163652538068769e-09
1.970253179753570727e+00 6.705483243837556230e-09
1.983981317298132430e+00 6.853574005240890190e-09
1.997761506440205892e+00 1.992547824985898473e-09
2.011594308138276332e+00 4.665676816743252059e-09
2.025480289657382471e+00 9.068412005619651186e-10
2.039420024669305942e+00 6.711297805668415928e-09
2.053414093354583247e+00 2.817476099677723063e-09
2.067463082506361793e+00 5.198556723517179983e-09
2.081567585636154405e+00 1.006421156846385622e-08
2.095728203081529628e+00 1.735685976881234894e-08
2.109945542115771566e+00 1.193624976070785916e-08
2.124220217059573645e+00 1.790710538626794817e-09
2.138552849394784072e+00 2.174531824905945283e-08
2.152944067880272261e+00 8.938836205030577216e-09
2.167394508669943765e+00 8.276868975455906656e-09
2.181904815432972988e+00 1.895977323358402872e-09
2.196475639476278996e+00 1.079372370802548184e-09
2.211107639869315911e+00 3.968659237074257778e-09
2.225801483571211214e+00 2.249948335934780884e-09
2.240557845560325667e+00 2.957742865976218300e-09
2.255377408966268149e+00 1.875483698227517550e-09
2.270260865204440481e+00 9.053876683127158232e-10
2.285208914113143308e+00 1.021636474669836145e-08
2.300222264093344737e+00 6.062368733563881564e-09
2.315301632251118846e+00 1.372855293648030760e-09
2.330447744542859301e+00 7.362610373939635300e-09
2.345661335923311608e+00 2.997931611973875601e-08
2.360943150496495946e+00 2.242408379050710297e-09
2.376293941669568088e+00 5.890863291304717810e-09
2.391714472309731221e+00 8.457419906458150500e-12
2.407205514904206645e+00 9.819747180169188607e-10
2.422767851723407695e+00 8.303251782433389496e-09
2.438402274987316432e+00 5.668170272672183853e-09
2.454109587035200768e+00 1.196926635300977032e-09
2.469890600498723998e+00 4.822774377996291404e-11
2.485746138478509337e+00 9.252755480651994029e-09
2.501677034724291371e+00 1.293291606153638818e-09
2.517684133818678394e+00 2.500292367644965787e-09
2.533768291364664638e+00 1.243001135475570845e-08
2.549930374176959891e+00 1.720149424543179501e-09
2.566171260477213334e+00 2.593513185619916544e-09
2.582491840093254609e+00 1.334075200902111150e-08
2.598893014662444489e+00 2.013137721502826158e-08
2.615375697839199987e+00 6.687500837200404667e-09
2.631940815506855991e+00 1.117087862836928300e-09
2.648589305993903409e+00 7.597261311386221250e-10
2.665322120294779218e+00 1.193799199249733108e-08
2.682140222295247955e+00 3.181234596436240399e-08
2.699044589002565164e+00 1.697988899000493664e-08
2.716036210780464977e+00 6.058224354712009476e-09
2.733116091589157026e+00 1.006856487545647685e-08
2.750285249230413953e+00 1.065064823604880000e-10
2.767544715597911598e+00 2.089735306069140801e-09
2.784895536932901372e+00 1.933821955699694265e-09
2.802338774085429751e+00 3.618464784225345406e-09
2.819875502781155063e+00 2.924587562518370832e-09
2.837506813893987179e+00 4.530409762054674909e-09
2.855233813724622927e+00 1.032444630562349177e-08
2.873057624285204170e+00 1.321740422354539667e-09
2.890979383590180252e+00 6.968782134047428421e-09
2.909000245953595520e+00 8.208583503504824307e-09
2.927121382292947160e+00 1.434116116189920165e-08
2.945343980439754095e+00 5.476304375103650228e-10
2.963669245457068335e+00 3.052404437185655955e-10
2.982098399964077995e+00 2.263390467505867029e-09
3.000632684467967159e+00 1.305928080622404592e-09
3.019273357703287086e+00 3.419888776210998091e-09
3.038021696978962627e+00 8.772220879584620006e-09
3.056878998533198555e+00 1.017288191636910518e-08
3.075846577896470535e+00 8.789328316303965372e-09
3.094925770262794362e+00 1.132899890220266588e-08
3.114117930869559014e+00 8.968044848821442861e-09
3.133424435386071849e+00 1.647772334870686594e-08
3.152846680311138350e+00 5.846464374936156795e-09
3.172386083379844290e+00 5.857074343350795149e-09
3.192044083979846292e+00 1.493152264549076568e-09
3.211822143577407918e+00 4.379633410756082571e-09
3.231721746153457975e+00 5.457074765744370822e-09
3.251744398649921930e+00 1.017624944050993769e-08
3.271891631426665281e+00 4.984326938324879343e-10
3.292164998729279368e+00 1.389706485833407326e-09
3.312566079168071553e+00 9.630594175557228173e-09
3.333096476208521786e+00 1.262600079334392605e-08
3.353757818673582580e+00 2.369755198187960380e-09
3.374551761258096416e+00 4.066105692328356844e-09
3.395479985055740446e+00 5.236418287170813207e-09
3.416544198098793395e+00 3.989610932047131029e-10
3.437746135911136314e+00 2.595235272783264699e-09
3.459087562074850908e+00 1.299727227829533622e-08
3.480570268810810663e+00 6.073847395394932986e-11
3.502196077573649369e+00 1.208371071592582378e-08
3.523966839661581307e+00 1.164507106997839673e-09
3.545884436841424847e+00 8.510978669921205649e-10
3.567950781989368547e+00 1.205627282883067864e-08
3.590167819747851929e+00 7.463048936691577427e-09
3.612537527199123133e+00 6.150632870171579647e-09
3.635061914555887341e+00 8.867644050531525008e-09
3.657743025869628628e+00 6.544718175021510786e-09
3.680582939757102157e+00 3.494531796430739317e-09
3.703583770145510101e+00 1.224039624831986102e-09
3.726747667036997225e+00 1.123565341893289452e-09
3.750076817293014120e+00 9.184966689449104655e-09
3.773573445439117879e+00 6.325790372625786962e-10
3.797239814490932730e+00 6.415985365322905896e-10
3.821078226801799538e+00 9.848054595471693149e-09
3.845091024932894896e+00 3.183634903129074545e-09
3.869280592546462394e+00 1.794836911930740781e-08
3.893649355322847061e+00 3.544924964337029926e-09
3.918199781902168777e+00 5.573456518806249451e-09
3.942934384851307872e+00 9.594663614395739712e-09
3.967855721657088441e+00 2.791931937092607646e-09
3.992966395746416985e+00 1.516505879002224572e-09
4.018269057534300082e+00 4.188218087907963667e-10
4.043766405500584860e+00 2.282354413756599891e-09
4.069461187296391280e+00 1.189589788894159775e-08
4.095356200881122177e+00 2.031578996520232544e-09
4.121454295691163061e+00 1.562167157998310307e-08
4.147758373841154089e+00 1.038575693325766813e-08
4.174271391359062555e+00 5.710795145723210576e-09
4.200996359456013352e+00 3.300926114174011620e-10
4.227936345832168819e+00 1.479041360251365662e-09
4.255094476019727345e+00 5.336354414792543106e-10
4.282473934764413848e+00 2.788234969838801533e-09
4.310077967446587444e+00 5.260112004443795984e-09
4.337909881543510870e+00 5.723822307875427896e-11
4.365973048133954926e+00 3.083692566988873767e-09
4.394270903446770404e+00 7.930311118227146923e-10
4.422806950454781116e+00 1.659718120213649413e-09
4.451584760515686412e+00 5.306481978829261286e-09
4.480607975061463577e+00 5.720384811911534337e-09
4.509880307338105077e+00 6.716768803966945414e-09
4.539405544197283149e+00 2.063027168450410367e-09
4.569187547941903738e+00 7.077666185081005267e-09
4.599230258227382961e+00 6.142117821484080813e-09
4.629537694020593008e+00 2.490396098088076239e-09
4.660113955618596648e+00 9.377945940897888811e-10
4.690963226729293112e+00 5.286697431997841855e-10
4.722089776616123835e+00 1.668338266461334157e-09
4.753497962309302771e+00 2.009459451077558958e-08
4.785192230885826348e+00 2.169458796778940189e-09
4.817177121820895636e+00 1.973981619879624149e-09
4.849457269413340654e+00 1.854041976877877988e-08
4.882037405287709575e+00 9.607023068468734011e-09
4.914922360976011539e+00 7.897548826910128290e-10
4.948117070581908195e+00 1.148147179384585587e-08
4.981626573530626878e+00 7.193262208361993124e-10
5.015456017407652567e+00 3.549241918820936662e-09
5.049610660889745972e+00 2.651881286315093907e-09
5.084095876771596245e+00 5.413524791328161489e-09
5.118917155092026050e+00 8.491004862606502648e-09
5.154080106363324809e+00 4.501831640270109025e-09
5.189590464907923639e+00 1.724529091103034923e-09
5.225454092306433651e+00 7.601809618245380553e-09
5.261676980961550676e+00 8.445826743526380487e-09
5.298265257782244220e+00 1.408645674188024991e-10
5.335225187993163587e+00 1.528265256600386650e-08
5.372563179074077766e+00 2.307495781037234819e-09
5.410285784834729661e+00 2.637406065751999699e-08
5.448399709630405319e+00 1.081017923931141424e-10
5.486911812724086346e+00 2.114881498582744828e-10
5.525829112800970222e+00 4.719505716582130583e-10
5.565158792641854646e+00 5.635739251726483505e-09
5.604908203961667112e+00 2.386072111066186492e-09
5.645084872420248701e+00 4.311717642439396477e-09
5.685696502812371378e+00 3.022610984973051192e-09
5.726750984444712422e+00 1.127280033282234667e-08
5.768256396707492684e+00 2.647378308901515863e-09
5.810221014849253685e+00 6.573653457600975268e-10
5.852653315963272540e+00 1.625073002782069560e-09
5.895561985194872179e+00 1.888679268358005530e-10
5.938955922179146363e+00 1.021129432977644147e-09
5.982844247719065756e+00 1.786515688663424382e-09
6.027236310714632950e+00 1.478757548332805578e-08
6.072141695354100754e+00 1.889094255601153603e-08
6.117570228578833813e+00 9.979659901582717269e-09
6.163531987834188541e+00 3.623661658094128128e-09
6.210037309119105231e+00 4.573969836473462475e-09
6.257096795348075169e+00 4.140505083520547076e-09
6.304721325039668756e+00 1.671421864664514505e-10
6.352922061346506943e+00 4.794279272359150506e-09
6.401710461442654321e+00 4.240427301780564972e-09
6.451098286284771888e+00 8.473637981373226740e-10
6.501097610764786872e+00 3.857427509933464754e-09
6.551720834272277472e+00 9.851376819533983661e-10
6.602980691686179959e+00 7.542287409394982997e-09
6.654890264816202716e+00 4.260327407439616013e-09
6.707462994315653404e+00 5.953202038135450182e-10
6.760712692088343800e+00 1.421116504326774690e-08
6.814653554213885300e+00 9.260387501109872212e-10
6.869300174416541616e+00 3.060602358153304937e-09
6.924667558104775189e+00 5.405796553462804094e-09
6.980771137009639027e+00 1.133052096327936003e-08
7.037626784452278628e+00 2.107905344078022274e-09
7.095250831272059244e+00 4.624812818748091535e-09
7.153660082449184721e+00 7.749736254259115961e-09
7.212871834457117437e+00 3.854785727326589780e-09
7.272903893382699714e+00 4.359832464043291122e-09
7.333774593853726209e+00 5.496866786644206251e-10
7.395502818816384050e+00 6.757168790068579818e-10
7.458108020207268929e+00 1.569668082262533101e-09
7.521610240567749628e+00 7.298931571005430493e-09
7.586030135650939421e+00 1.221431239207874280e-08
7.651388998075133507e+00 3.278984707551903427e-09
7.717708782080382690e+00 1.140676328452456560e-09
7.785012129448951157e+00 1.661427481407576918e-09
7.853322396653874549e+00 8.894216559762625945e-09
7.922663683303971638e+00 1.607072402136979106e-08
7.993060861958362295e+00 3.462463949186883600e-09
8.064539609387720631e+00 8.783065149780271105e-10
8.137126439365120589e+00 3.453337041332168210e-09
8.210848737074378789e+00 7.495577643758946221e-10
8.285734795229668492e+00 1.646943045734279876e-09
8.361813852006719117e+00 7.705898605657995215e-09
8.439116130892415413e+00 4.453019267783384518e-09
8.517672882566811765e+00 2.696665924244943642e-09
8.597516428939853128e+00 9.672954978144649639e-09
8.678680209472870999e+00 2.800539161191443564e-09
8.761198829924738973e+00 1.899073184834822537e-09
8.845108113671690475e+00 1.187930491329736140e-08
8.930445155761116638e+00 1.392621084547741181e-08
9.017248379870389741e+00 1.064568179009354865e-08
9.105557598354891979e+00 2.390323746165096412e-10
9.195414075582201363e+00 6.496022680378120819e-09
9.286860594764410948e+00 1.326240051175345914e-08
9.379941528515811200e+00 4.970416768196005287e-09
9.474702913380864899e+00 4.630023236221593708e-09
9.571192528595130256e+00 2.763402857147584820e-09
9.669459979362780899e+00 8.776349630162294904e-09
9.769556784955327089e+00 6.921368310225271239e-09
9.871536471960840942e+00 3.879322227204798726e-10
9.975454673037942754e+00 6.332886352454503487e-10
1.008136923155793063e+01 1.929439451953131147e-10
1.018934031254830330e+01 7.640865697122067192e-10
1.029943052038522566e+01 6.159086665180116106e-09
1.041170502371859463e+01 1.518006427675048242e-09
1.052623168815380517e+01 5.494964420597820447e-09
1.064308121725768252e+01 3.810908234754275371e-09
1.076232730250476877e+01 2.356377880210039098e-09
1.088404678283179194e+01 1.977026889494285501e-10
1.100831981452695096e+01 1.162246966518421513e-08
1.113523005224294415e+01 2.116088407552105005e-09
1.126486484199331350e+01 9.581888341477577357e-10
1.139731542706779699e+01 3.914802969679256955e-10
1.153267716788676189e+01 4.375355756885221013e-09
1.167104977690866718e+01 6.071455960334968273e-09
1.181253756980620828e+01 1.061747327506915969e-09
1.195724973424156268e+01 2.204971727598303570e-09
1.210530061769597765e+01 8.165880917567309687e-10
1.225681003594877438e+01 2.379070449948606725e-09
1.241190360395464154e+01 4.091089420594182120e-10
1.257071309104042101e+01 3.343708070119502898e-10
1.273337680253192516e+01 5.605629146878619840e-10
1.290003999013476133e+01 3.744864426412791394e-09
1.307085529362815102e+01 2.970162601142113097e-09
1.324598321669588152e+01 4.695848328569806662e-09
1.342559264001181063e+01 6.785015422907730594e-09
1.360986137502873916e+01 6.502477436871586626e-09
1.379897676228727654e+01 1.546460985012364899e-09
1.399313631847826045e+01 9.915959711805081289e-10
1.419254843695589230e+01 4.221073932387496484e-09
1.439743314692606369e+01 6.723898957984142063e-10
1.460802293712368716e+01 2.483733405835940697e-09
1.482456365046278535e+01 1.614792044067371100e-09
1.504731545689699779e+01 7.016042579098673001e-10
1.527655391258613626e+01 2.150675560045706208e-09
1.551257111443440273e+01 1.051061311134928332e-09
1.575567696017295916e+01 3.327866746321678161e-09
1.600620052541652782e+01 1.556448253233087327e-09
1.626449157056262607e+01 1.339845443997981071e-09
1.653092219204418001e+01 2.551105958481381272e-09
1.680588863433074565e+01 3.121322457326687018e-09
1.708981328123576660e+01 4.161245120638183132e-09
1.738314684757837725e+01 7.739107287453380855e-09
1.768637079511793431e+01 2.876428388551174779e-09
1.800000000000201084e+01 7.907549792543337349e-10
