-1.800000000000201084e+01 8.264709797543940903e-03
-1.768637079511795918e+01 9.997185200506334204e-03
-1.738314684757837725e+01 1.237829515552090962e-02
-1.708981328123576660e+01 1.516130525557106770e-02
-1.680588863433072433e+01 1.799150074657746706e-02
-1.653092219204418001e+01 2.101321746807574553e-02
-1.626449157056260830e+01 2.394728382059545940e-02
-1.600620052541652782e+01 2.646555333929964671e-02
-1.575567696017295916e+01 2.874391464873116142e-02
-1.551257111443442049e+01 3.040187455013158846e-02
-1.527655391258613626e+01 3.142506533227337057e-02
-1.504731545689701200e+01 3.155914293730131132e-02
-1.482456365046278535e+01 3.107192208388628515e-02
-1.460802293712368716e+01 2.994521061106379667e-02
-1.439743314692604947e+01 2.776445669230109131e-02
-1.419254843695589230e+01 2.550174369237545938e-02
-1.399313631847824624e+01 2.265877048267687238e-02
-1.379897676228727654e+01 1.951539635773574810e-02
-1.360986137502872673e+01 1.629868954897028405e-02
-1.342559264001182306e+01 1.347411448897187745e-02
-1.324598321669588152e+01 1.063025172006984952e-02
-1.307085529362816168e+01 8.231866077086966160e-03
-1.290003999013476133e+01 6.207280820591218155e-03
-1.273337680253193582e+01 4.478483958100970205e-03
-1.257071309104041035e+01 3.201074486279551715e-03
-1.241190360395464154e+01 2.155023921964606490e-03
-1.225681003594876195e+01 1.427533530692829235e-03
-1.210530061769597765e+01 9.595436153473623506e-04
-1.195724973424155202e+01 5.769193049189288210e-04
-1.181253756980619762e+01 3.920607040852444906e-04
-1.167104977690866718e+01 1.938918116411615514e-04
-1.153267716788677255e+01 1.192676653363859425e-04
-1.139731542706779699e+01 5.734957947556147776e-05
-1.126486484199332239e+01 3.254798521987121296e-05
-1.113523005224293527e+01 2.213146890879006412e-05
-1.100831981452695096e+01 7.910377501520244372e-06
-1.088404678283180083e+01 3.867369091458860007e-06
-1.076232730250476877e+01 1.563180288178157695e-06
-1.064308121725769141e+01 3.983971714315381689e-07
-1.052623168815380517e+01 1.117711487102746964e-07
-1.041170502371859463e+01 3.735397188050069621e-07
-1.029943052038521678e+01 4.943896943013899633e-07
-1.018934031254830330e+01 5.432855947655195734e-08
-1.008136923155793951e+01 4.684731032053797531e-08
-9.975454673037956965e+00 1.818529938499142969e-08
-9.871536471960840942e+00 6.333876997724805486e-08
-9.769556784955334194e+00 5.532305325754386708e-09
-9.669459979362780899e+00 5.614419127697268748e-09
-9.571192528595137361e+00 1.928708614480306187e-10
-9.474702913380864899e+00 3.325638337050499915e-08
-9.379941528515811200e+00 7.420150159306449912e-08
-9.286860594764403842e+00 1.404493030682291688e-08
-9.195414075582201363e+00 5.611958741828901604e-09
-9.105557598354884874e+00 9.827315903058191643e-09
-9.017248379870389741e+00 1.088402067210594611e-08
-8.930445155761116638e+00 4.385450164795547629e-08
-8.845108113671695804e+00 5.808026069083163928e-08
-8.761198829924738973e+00 4.232781321543162368e-08
-8.678680209472876328e+00 3.625482481557684305e-08
-8.597516428939853128e+00 6.483176580144775392e-08
-8.517672882566811765e+00 5.329894627410020816e-08
-8.439116130892410084e+00 2.345265058318098567e-08
-8.361813852006719117e+00 1.639836860861655585e-08
-8.285734795229661387e+00 8.010852033150312448e-09
-8.210848737074378789e+00 4.295798988370118194e-09
-8.137126439365120589e+00 1.391793850894077144e-08
-8.064539609387715302e+00 4.115117992431362263e-09
-7.993060861958362295e+00 7.661213446192012136e-09
-7.922663683303976967e+00 3.406499044995321010e-09
-7.853322396653874549e+00 2.723407901436344168e-08
-7.785012129448951157e+00 5.490539926368396948e-09
-7.717708782080378249e+00 2.433461598856578565e-08
-7.651388998075133507e+00 1.302064138361644333e-08
-7.586030135650944750e+00 7.039079782748238420e-09
-7.521610240567749628e+00 2.290396121311933468e-08
-7.458108020207273370e+00 3.133522692610453325e-09
-7.395502818816379609e+00 6.093135116995327727e-09
-7.333774593853726209e+00 1.047883586819643047e-08
-7.272903893382695273e+00 3.142249736433770084e-09
-7.212871834457117437e+00 8.179418105818129607e-09
-7.153660082449187385e+00 4.359377341392669439e-09
-7.095250831272068126e+00 1.783309750997777143e-09
-7.037626784452278628e+00 6.143685880817863000e-10
-6.980771137009643468e+00 6.559607194121981478e-08
-6.924667558104775189e+00 5.315201061781833247e-09
-6.869300174416541616e+00 1.092510123301093303e-08
-6.814653554213885300e+00 6.687979079206653074e-09
-6.760712692088343800e+00 9.320836827381857541e-09
-6.707462994315648963e+00 4.649797796109018843e-08
-6.654890264816202716e+00 1.063855676327097175e-08
-6.602980691686176407e+00 2.147277201584354603e-08
-6.551720834272277472e+00 3.701906691627066776e-09
-6.501097610764786872e+00 4.797498677680111113e-09
-6.451098286284775440e+00 1.669194074051365284e-08
-6.401710461442654321e+00 5.036552148960736283e-09
-6.352922061346510496e+00 1.490814515390431830e-08
-6.304721325039668756e+00 3.214236008610872736e-08
-6.257096795348075169e+00 6.454734761457905219e-09
-6.210037309119101678e+00 3.096668180334125027e-08
-6.163531987834188541e+00 1.040357511413184502e-08
-6.117570228578837366e+00 9.748945709342559375e-09
-6.072141695354100754e+00 5.918925365343674398e-09
-6.027236310714632950e+00 8.289604312001425906e-09
-5.982844247719062203e+00 3.187910675785539735e-09
-5.938955922179146363e+00 5.907075493434075680e-10
-5.895561985194874843e+00 9.811659688472471695e-11
-5.852653315963272540e+00 1.229076283336688881e-08
-5.810221014849253685e+00 1.039030143000841279e-08
-5.768256396707496236e+00 8.118223627299122902e-09
-5.726750984444712422e+00 1.454499966717230221e-08
-5.685696502812374042e+00 1.087592343100376133e-08
-5.645084872420248701e+00 1.095792271573866436e-08
-5.604908203961667112e+00 1.584032603577946537e-08
-5.565158792641851981e+00 6.177068020687937496e-09
-5.525829112800970222e+00 4.928302589857730093e-09
-5.486911812724083681e+00 7.706689536485175994e-09
-5.448399709630409760e+00 1.042273332597363943e-08
-5.410285784834729661e+00 4.983675578163268256e-09
-5.372563179074079542e+00 3.129901698470647935e-09
-5.335225187993163587e+00 2.004471725145316297e-08
-5.298265257782246884e+00 3.050764182706261589e-08
-5.261676980961550676e+00 2.567133120199962483e-11
-5.225454092306433651e+00 1.893648420234501944e-09
-5.189590464907923639e+00 2.094945622717764870e-08
-5.154080106363324809e+00 1.053550447202748640e-08
-5.118917155092023386e+00 5.918313778590639635e-09
-5.084095876771596245e+00 2.464997601978094702e-08
-5.049610660889740643e+00 4.263305240743970097e-09
-5.015456017407655231e+00 7.756292168816851570e-09
-4.981626573530626878e+00 1.465540536139002777e-09
-4.948117070581910859e+00 4.621650986194108630e-09
-4.914922360976011539e+00 2.368821614445652869e-09
-4.882037405287712239e+00 1.368242322569586009e-08
-4.849457269413337102e+00 4.533295277904855852e-09
-4.817177121820895636e+00 1.645942622030018572e-09
-4.785192230885824571e+00 3.255050031236761671e-08
-4.753497962309302771e+00 2.309104261249740629e-09
-4.722089776616123835e+00 6.551988361934587651e-09
-4.690963226729293112e+00 6.366695574885917093e-10
-4.660113955618596648e+00 3.716493287940170296e-08
-4.629537694020590344e+00 2.635523386650246102e-09
-4.599230258227382961e+00 5.145819263024644983e-09
-4.569187547941903738e+00 2.228987696860756956e-08
-4.539405544197283149e+00 1.682340268144469325e-08
-4.509880307338105077e+00 1.067253922123741451e-09
-4.480607975061465353e+00 2.537095738278995711e-08
-4.451584760515686412e+00 1.804802285210779059e-08
-4.422806950454783781e+00 1.239340835379992960e-08
-4.394270903446768628e+00 7.619914460292007597e-10
-4.365973048133954926e+00 1.081931637909732864e-08
-4.337909881543509094e+00 3.700900601682650900e-09
-4.310077967446587444e+00 8.576419351860650808e-09
-4.282473934764412071e+00 3.547296221094520483e-09
-4.255094476019731786e+00 6.584696959502562450e-09
-4.227936345832168819e+00 1.291159415560033427e-08
-4.200996359456015128e+00 1.529927030076952482e-08
-4.174271391359062555e+00 9.474180617982625935e-09
-4.147758373841154089e+00 8.146691353551000483e-09
-4.121454295691163061e+00 6.529093656082708375e-09
-4.095356200881122177e+00 4.750475854693899085e-09
-4.069461187296388616e+00 4.912258165660421566e-09
-4.043766405500584860e+00 8.254328821722968503e-09
-4.018269057534298305e+00 1.486314962994694268e-09
-3.992966395746416985e+00 2.485024933684986652e-09
-3.967855721657088441e+00 5.313505250112012583e-11
-3.942934384851309204e+00 2.683754108617775519e-08
-3.918199781902168777e+00 8.441490229477886457e-09
-3.893649355322847061e+00 5.003459973182622983e-09
-3.869280592546462394e+00 1.062228248417660379e-08
-3.845091024932894896e+00 3.343936202797732829e-09
-3.821078226801797317e+00 2.983348606743620973e-09
-3.797239814490932730e+00 3.730722354611302415e-09
-3.773573445439120100e+00 9.586496412339949886e-09
-3.750076817293014120e+00 2.821408052354954541e-09
-3.726747667036997225e+00 4.705674635674714366e-08
-3.703583770145510101e+00 1.717037359765878856e-09
-3.680582939757102157e+00 2.559262995470934100e-10
-3.657743025869630404e+00 8.658048433616427574e-09
-3.635061914555887341e+00 2.746756829060908258e-08
-3.612537527199123133e+00 3.670157762826708198e-09
-3.590167819747855482e+00 1.329160493752977893e-08
-3.567950781989368547e+00 2.564104490187938796e-08
-3.545884436841426179e+00 2.639553506915233983e-09
-3.523966839661581307e+00 1.190147944666220377e-08
-3.502196077573649369e+00 2.270519941644523188e-08
-3.480570268810808887e+00 2.994695563254699863e-08
-3.459087562074850908e+00 5.368253045227579064e-10
-3.437746135911134981e+00 1.157963078584549371e-08
-3.416544198098792506e+00 1.424952307569516421e-08
-3.395479985055740890e+00 4.154056430329867679e-09
-3.374551761258098193e+00 8.911105039229875910e-09
-3.353757818673582580e+00 5.414135102319222293e-09
-3.333096476208523118e+00 2.838070515911444738e-08
-3.312566079168071553e+00 1.562934449138495312e-08
-3.292164998729279812e+00 3.346185353621880796e-10
-3.271891631426664837e+00 1.988349757151379219e-09
-3.251744398649922374e+00 3.547289171472160100e-09
-3.231721746153456643e+00 1.745939457934457327e-08
-3.211822143577407918e+00 2.348355086107153818e-09
-3.192044083979844071e+00 1.573688917117258854e-08
-3.172386083379843402e+00 6.813903359322807384e-09
-3.152846680311138350e+00 1.253066363546554096e-08
-3.133424435386072737e+00 7.541659043904281381e-09
-3.114117930869558570e+00 1.350958533276007956e-08
-3.094925770262795250e+00 1.388002709539900595e-08
-3.075846577896469647e+00 5.177713493648779643e-09
-3.056878998533198555e+00 3.345048457181020490e-09
-3.038021696978961295e+00 1.540188306020044504e-08
-3.019273357703287086e+00 5.096290858076544195e-09
-3.000632684467968048e+00 2.442986222879354183e-08
-2.982098399964077995e+00 3.197644603526895422e-09
-2.963669245457069223e+00 3.396241667962871415e-08
-2.945343980439752762e+00 9.669647120017805469e-09
-2.927121382292947160e+00 2.057106322909121390e-08
-2.909000245953597297e+00 1.295679926497026958e-08
-2.890979383590179363e+00 1.406062561436449004e-08
-2.873057624285205058e+00 9.815204431758690895e-09
-2.855233813724623815e+00 2.491619061328115313e-08
-2.837506813893987179e+00 1.760830033506684242e-08
-2.819875502781155951e+00 2.223892122149712662e-08
-2.802338774085429751e+00 3.804541829890883979e-09
-2.784895536932901372e+00 4.434532005696075925e-09
-2.767544715597910265e+00 2.703610399615532879e-08
-2.750285249230413953e+00 9.234991067712607982e-09
-2.733116091589155250e+00 1.336900455277581243e-08
-2.716036210780464089e+00 1.011823057442106156e-08
-2.699044589002566052e+00 2.703513821440412078e-08
-2.682140222295249732e+00 1.569596596887267687e-08
-2.665322120294779662e+00 6.255909693073956416e-09
-2.648589305993904297e+00 3.063725421763610272e-09
-2.631940815506855547e+00 1.470199063874122257e-08
-2.615375697839200431e+00 4.374143746679421063e-09
-2.598893014662444045e+00 1.730569546422119609e-09
-2.582491840093254609e+00 1.062157068938295276e-08
-2.566171260477212002e+00 1.622471544519014573e-09
-2.549930374176959447e+00 3.992128531087131439e-09
-2.533768291364664638e+00 2.549505958917396284e-08
-2.517684133818677505e+00 4.797038086514736302e-09
-2.501677034724291371e+00 2.493857486672672702e-08
-2.485746138478510670e+00 1.122964003658147334e-08
-2.469890600498723998e+00 5.860449431990583371e-09
-2.454109587035200768e+00 1.355272803343484382e-09
-2.438402274987315543e+00 1.350690042322010904e-08
-2.422767851723407695e+00 5.147505878042275405e-08
-2.407205514904207533e+00 1.410807189237797180e-08
-2.391714472309731221e+00 8.949907510677493218e-09
-2.376293941669569421e+00 1.336630543823460083e-09
-2.360943150496495058e+00 3.776079359932637405e-09
-2.345661335923311608e+00 7.785733261121211269e-10
-2.330447744542858413e+00 6.054918669943322912e-09
-2.315301632251118846e+00 1.343521736735858186e-08
-2.300222264093345625e+00 3.083610492099778893e-08
-2.285208914113144640e+00 8.357188107689307586e-09
-2.270260865204440481e+00 3.536877356546280520e-08
-2.255377408966269037e+00 3.580583474330941834e-08
-2.240557845560325223e+00 3.003554513605351139e-09
-2.225801483571210770e+00 2.898075308169146783e-08
-2.211107639869315467e+00 1.344246030141847745e-08
-2.196475639476279440e+00 1.062347515673545908e-08
-2.181904815432973432e+00 2.213685137999499149e-09
-2.167394508669943320e+00 2.671772617558644929e-09
-2.152944067880271817e+00 3.397156356994683883e-09
-2.138552849394784516e+00 8.335776446374707299e-09
-2.124220217059574090e+00 2.727697353364868144e-08
-2.109945542115772454e+00 9.304863742281023512e-09
-2.095728203081529628e+00 1.125583738959746210e-09
-2.081567585636154849e+00 2.271621858972921921e-08
-2.067463082506362237e+00 1.608066698786726543e-08
-2.053414093354584136e+00 1.313377248900033647e-10
-2.039420024669305942e+00 2.368748273433182589e-09
-2.025480289657382471e+00 5.165015692037819459e-09
-2.011594308138276332e+00 1.822974064684992682e-08
-1.997761506440205226e+00 5.341214365600304730e-09
-1.983981317298131319e+00 1.303028313934211693e-08
-1.970253179753569617e+00 1.761264300039730045e-08
-1.956576539056167352e+00 4.271011595773040288e-09
-1.942950846567025547e+00 2.979105948857815377e-09
-1.929375559663717654e+00 2.104706821869406185e-08
-1.915850141646975535e+00 3.199292220049105315e-08
-1.902374061649005244e+00 7.124682530258723225e-09
-1.888946794543396868e+00 1.082846391632817808e-08
-1.875567820856598900e+00 3.709827060811989371e-09
-1.862236626680921825e+00 2.727652373643072365e-10
-1.848952703589041180e+00 5.927144756298933764e-09
-1.835715548549967879e+00 1.023101126681494920e-08
-1.822524663846452730e+00 2.439352357897344629e-08
-1.809379556993800708e+00 2.480909193648217410e-10
-1.796279740660062796e+00 7.303616174568023200e-09
-1.783224732587581407e+00 5.149169339620738382e-10
-1.770214055515849871e+00 6.054330502413422142e-09
-1.757247237105675541e+00 4.079437656180717735e-09
-1.744323809864610553e+00 1.906356411295414423e-09
-1.731443311073621372e+00 1.011040254334582263e-08
-1.718605282714980698e+00 3.493068296897685676e-09
-1.705809271401351745e+00 2.394744371623325751e-08
-1.693054828306041149e+00 1.878500383550941151e-08
-1.680341509094399610e+00 2.597490950693410479e-08
-1.667668873856344547e+00 2.867014794183305521e-10
-1.655036487039980519e+00 2.766559170497821935e-09
-1.642443917386301022e+00 1.218560160341446471e-07
-1.629890737864948980e+00 1.831297941320827112e-09
-1.617376525611005755e+00 3.320541872703871079e-09
-1.604900861862805783e+00 2.714189476149570731e-08
-1.592463331900736856e+00 7.862458035357410053e-09
-1.580063524987020074e+00 4.483464527294760588e-08
-1.567701034306447028e+00 2.167724468635380926e-08
-1.555375456908052678e+00 1.133748799218722709e-08
-1.543086393647707277e+00 4.220053302903329027e-09
-1.530833449131608237e+00 7.233333499516843556e-09
-1.518616231660659732e+00 1.177974322896413394e-08
-1.506434353175712282e+00 1.890616849382051064e-08
-1.494287429203655870e+00 4.821093754894861026e-09
-1.482175078804342627e+00 2.724569995752862477e-08
-1.470096924518329295e+00 1.579762453064222882e-08
-1.458052592315416618e+00 1.580465939926982008e-08
-1.446041711543979202e+00 2.620595894814614186e-08
-1.434063914881057000e+00 1.838649040042151882e-08
-1.422118838283209508e+00 8.562656903235798337e-09
-1.410206120938107599e+00 1.807624784743303650e-08
-1.398325405216850115e+00 1.053686324085245171e-08
-1.386476336626996986e+00 9.118144905459515314e-09
-1.374658563766294916e+00 1.819867399757000642e-09
-1.362871738277095179e+00 3.795889920645970843e-10
-1.351115514801437101e+00 2.305892951853962942e-08
-1.339389550936797013e+00 5.525419998141589585e-08
-1.327693507192477362e+00 4.610276477659157326e-08
-1.316027046946637080e+00 1.727806496700817438e-08
-1.304389836403941239e+00 2.472481789688688714e-08
-1.292781544553817996e+00 9.181697639848968067e-10
-1.281201843129320173e+00 1.053423517731618877e-08
-1.269650406566570577e+00 2.254894087035272681e-09
-1.258126911964788874e+00 1.114171457214166849e-08
-1.246631039046874889e+00 8.851664047111814585e-09
-1.235162470120555911e+00 1.130132292745075471e-08
-1.223720890040073339e+00 1.358808604902762515e-08
-1.212305986168408234e+00 6.605653884300979103e-10
-1.200917448340022453e+00 2.365933604770272659e-08
-1.189554968824123149e+00 2.302176638680762159e-08
-1.178218242288426865e+00 1.552039349802728744e-09
-1.166906965763418569e+00 1.671719433673853949e-08
-1.155620838607101852e+00 5.251264419060090968e-10
-1.144359562470215863e+00 7.022012010308720649e-09
-1.133122841261928526e+00 3.819690661857770349e-08
-1.121910381115985400e+00 1.237983139689691948e-08
-1.110721890357309283e+00 5.064082090124905674e-09
-1.099557079469039467e+00 1.157383850331768718e-08
-1.088415661060010642e+00 4.364347664670366013e-09
-1.077297349832647466e+00 8.564537612241038022e-09
-1.066201862551285018e+00 2.515601070494819989e-08
-1.055128918010896033e+00 1.919007231755744782e-08
-1.044078237006218046e+00 4.423765192397004179e-09
-1.033049542301277102e+00 6.136224916676124975e-09
-1.022042558599299822e+00 2.089699154955966685e-09
-1.011057012512998066e+00 1.013790642305813384e-08
-1.000092632535235726e+00 2.657495677021325678e-10
-9.891491490100537964e-01 1.111331836813244726e-08
-9.782262941040561488e-01 1.038360232798412180e-08
-9.673238017781481402e-01 4.924215077633068362e-09
-9.564414077596213870e-01 4.374684830546396886e-09
-9.455788495145712735e-01 3.629368956904911924e-08
-9.347358662206534108e-01 1.297305350882623082e-08
-9.239121987401626157e-01 1.831985219533218718e-08
-9.131075895934324116e-01 3.469388396076078406e-08
-9.023217829325496098e-01 8.050338099566600569e-08
-8.915545245153719822e-01 1.750310998522281867e-08
-8.808055616798529108e-01 8.895950027785519217e-09
-8.700746433186589135e-01 3.847020925730099163e-08
-8.593615198540814903e-01 1.534398191948087847e-08
-8.486659432132259706e-01 1.096507584988728947e-08
-8.379876668034880183e-01 2.973881861106183758e-09
-8.273264454882990337e-01 2.096538299432427951e-08
-8.166820355631438932e-01 1.191208541087381704e-08
-8.060541947318363709e-01 2.714604534188375090e-08
-7.954426820830584610e-01 5.816340922986713694e-08
-7.848472580671504994e-01 2.240014387307664744e-09
-7.742676844731486430e-01 3.700415374227260467e-08
-7.637037244060699281e-01 1.485907806938812108e-08
-7.531551422644284788e-01 1.606786234078635310e-08
-7.426217037179922986e-01 2.124061479800948685e-09
-7.321031756857663275e-01 1.281748339981148236e-07
-7.215993263142009839e-01 9.510398042190034408e-09
-7.111099249556180890e-01 8.874415356400078187e-09
-7.006347421468592795e-01 3.603593109894450638e-08
-6.901735495881351490e-01 3.986994049207974057e-08
-6.797261201220911042e-01 9.445036693089693117e-08
-6.692922277130706199e-01 2.501238214238897598e-07
-6.588716474265783329e-01 2.295163780808135573e-08
-6.484641554089376481e-01 1.487718103027600977e-07
-6.380695288671385246e-01 2.486294752311697157e-07
-6.276875460488731129e-01 4.554031952186500783e-08
-6.173179862227488046e-01 1.087014022824056936e-06
-6.069606296586862459e-01 2.170780672531466603e-07
-5.966152576084875481e-01 1.150452573364878805e-05
-5.862816522865772484e-01 1.701721674614599446e-05
-5.759595968509094721e-01 2.098171564256760423e-04
-5.656488753840412942e-01 2.097630858973152379e-01
-5.553492728743597562e-01 9.908225367825451713e-01
-5.450605751974718638e-01 2.193698362981844063e+00
-5.347825690977430213e-01 3.261772605575915751e+00
-5.245150421699888987e-01 4.447087836523867743e+00
-5.142577828413065211e-01 6.031265516339046506e+00
-5.040105803530536832e-01 6.086304256053542971e+00
-4.937732247429644228e-01 5.818457094666972473e+00
-4.835455068274036594e-01 6.063880561424582538e+00
-4.733272181837471781e-01 4.643071724065967132e+00
-4.631181511328986700e-01 2.978389858211730967e+00
-4.529180987219272314e-01 2.143402968371877382e+00
-4.427268547068332061e-01 6.256951560444863336e-01
-4.325442135354257145e-01 4.736429090723465640e-04
-4.223699703303245845e-01 3.275416997355299221e-05
-4.122039208720716941e-01 1.567310426410415978e-07
-4.020458615823537807e-01 8.429939980865307457e-08
-3.918955895073323314e-01 1.279216470579621359e-07
-3.817529023010813316e-01 9.574146020025511700e-08
-3.716175982091194929e-01 2.738209943504074242e-08
-3.614894760520483419e-01 4.828937293826285181e-08
-3.513683352092828449e-01 6.337903403879448174e-09
-3.412539756028758475e-01 2.150741383152443366e-08
-3.311461976814312758e-01 2.271430707915110562e-08
-3.210448024041094306e-01 2.698901224166404017e-09
-3.109495912247085547e-01 1.368989446024251010e-08
-3.008603660758366605e-01 9.647186673081142638e-09
-2.907769293531580201e-01 1.659463969648381734e-08
-2.806990838997174276e-01 1.605622169890877788e-08
-2.706266329903371237e-01 1.910486901152420017e-08
-2.605593803160889399e-01 1.386412574566462447e-08
-2.504971299688272257e-01 9.541072342538811954e-08
-2.404396864257955790e-01 5.367177075994656528e-09
-2.303868545342923901e-01 1.727131582909184389e-08
-2.203384394963986970e-01 3.154906679071498523e-08
-2.102942468537628840e-01 2.397759362316079331e-08
-2.002540824724450275e-01 2.548581610158722062e-08
-1.902177525278067050e-01 1.228532574416839746e-08
-1.801850634894590075e-01 1.330326046261127954e-08
-1.701558221062540455e-01 6.061099158178008627e-09
-1.601298353913264694e-01 3.743044960838922545e-09
-1.501069106071708514e-01 9.195219670174159563e-09
-1.400868552507662790e-01 2.671942945020381199e-08
-1.300694770387391397e-01 1.969512109719610180e-08
-1.200545838925550501e-01 5.816299761324929134e-09
-1.100419839237516545e-01 6.551021013914859040e-09
-1.000314854191983877e-01 1.980642378165441605e-08
-9.002289682638489610e-02 6.480061281039839619e-09
-8.001602673873924043e-02 3.496181673965721418e-09
-7.001068388096250150e-02 1.809255557715753236e-10
-6.000667709439190534e-02 1.976452638160864481e-08
-5.000381532237931775e-02 6.601973680265220116e-09
-4.000190759568706539e-02 7.952311157468302492e-09
-3.000076301789707939e-02 4.436894037317347988e-09
-2.000019075083557876e-02 6.447125403551726142e-02
-9.999999999999974187e-03 3.083483987443968455e-01
0.000000000000000000e+00 1.350904217830068576e-08
9.999999999999974187e-03 9.794691654244337677e-09
2.000019075083557876e-02 1.430217163639180085e-08
3.000076301789707939e-02 6.543171932861961347e-09
4.000190759568635068e-02 1.574817178700229428e-08
5.000381532237860305e-02 5.080620995494806378e-09
6.000667709439118369e-02 3.186679119147093047e-09
7.001068388096322315e-02 5.901288600700923451e-09
8.001602673873996208e-02 8.060943867329689915e-09
9.002289682638561774e-02 4.051918040095928300e-09
1.000314854191983877e-01 1.586771663850034658e-08
1.100419839237516545e-01 3.327164845731891980e-10
1.200545838925550501e-01 8.955285388542785628e-10
1.300694770387391397e-01 2.134113068155802078e-09
1.400868552507662790e-01 4.210868223239591129e-09
1.501069106071708514e-01 1.750503916512389105e-08
1.601298353913264694e-01 7.715509545815583855e-09
1.701558221062540455e-01 2.290431206555338660e-08
1.801850634894582859e-01 3.699701365890420116e-08
1.902177525278067050e-01 2.290098727088132204e-08
2.002540824724450275e-01 4.347727281107869506e-08
2.102942468537628840e-01 3.460834689221103509e-09
2.203384394963986970e-01 7.592051578720390952e-09
2.303868545342923901e-01 1.176653484226045171e-08
2.404396864257955790e-01 6.273852127803985998e-09
2.504971299688272257e-01 7.333928861319926328e-08
2.605593803160889399e-01 1.140480940301737357e-08
2.706266329903371237e-01 5.600531532764629561e-08
2.806990838997167059e-01 8.706514113369857986e-09
2.907769293531572985e-01 8.122406752312601441e-09
3.008603660758359388e-01 3.942810649659505654e-08
3.109495912247092764e-01 8.131942942063527407e-08
3.210448024041101522e-01 6.297781241337946405e-08
3.311461976814320529e-01 1.021257830238563167e-08
3.412539756028758475e-01 5.694204301944444045e-08
3.513683352092828449e-01 4.587516219261652060e-08
3.614894760520483419e-01 4.983328025775118703e-07
3.716175982091194929e-01 1.906589334287137970e-07
3.817529023010813316e-01 2.521907036316752262e-05
3.918955895073323314e-01 1.175075923080129148e-01
4.020458615823530590e-01 1.456593953305528988e+00
4.122039208720709169e-01 2.690176703873042641e+00
4.223699703303238628e-01 4.627623842659267517e+00
4.325442135354264361e-01 5.664144233923771310e+00
4.427268547068339277e-01 6.417675101826770145e+00
4.529180987219279531e-01 6.648249717245186652e+00
4.631181511328986700e-01 5.519991230592752096e+00
4.733272181837471781e-01 4.303070011705811382e+00
4.835455068274036594e-01 2.903138058868331317e+00
4.937732247429644228e-01 1.606561752022019451e+00
5.040105803530536832e-01 4.126611882904568374e-01
5.142577828413065211e-01 2.000016021052335895e-04
5.245150421699888987e-01 7.463998001298955913e-06
5.347825690977430213e-01 1.376391733872895449e-06
5.450605751974710866e-01 2.333814718525538336e-07
5.553492728743597562e-01 1.680802908278839676e-07
5.656488753840412942e-01 1.915040303403606238e-07
5.759595968509094721e-01 4.391612372118995427e-08
5.862816522865772484e-01 2.582571373217119824e-07
5.966152576084875481e-01 1.046270200475329421e-12
6.069606296586862459e-01 1.134947146616961625e-07
6.173179862227488046e-01 2.160418838827820214e-09
6.276875460488731129e-01 7.623108660037357524e-09
6.380695288671385246e-01 4.354743229374278558e-08
6.484641554089369819e-01 7.958411316868066841e-09
6.588716474265774448e-01 2.840877321344423960e-10
6.692922277130698427e-01 9.575941791956214974e-08
6.797261201220904381e-01 2.796667642666339046e-08
6.901735495881360372e-01 4.407314355143421430e-08
7.006347421468600567e-01 1.464347945335061316e-08
7.111099249556188662e-01 2.060946507331902843e-09
7.215993263142009839e-01 5.429858696116744307e-08
7.321031756857663275e-01 1.422798701821087013e-08
7.426217037179922986e-01 2.091386754427310883e-09
7.531551422644284788e-01 5.990705093050331050e-08
7.637037244060699281e-01 4.818945246248492655e-09
7.742676844731486430e-01 2.147126038709073923e-08
7.848472580671498333e-01 2.289742990826397062e-08
7.954426820830577949e-01 1.834947613749390245e-08
8.060541947318363709e-01 4.769282519997995527e-08
8.166820355631446704e-01 2.351384055711139344e-08
8.273264454882999219e-01 3.198060288027750067e-08
8.379876668034880183e-01 1.048000845074925069e-08
8.486659432132259706e-01 1.173787944446324779e-09
8.593615198540814903e-01 1.030619689658787799e-08
8.700746433186589135e-01 2.699587941799822948e-08
8.808055616798529108e-01 1.888246121756772609e-08
8.915545245153719822e-01 3.511188614513664746e-08
9.023217829325496098e-01 1.497935304028120240e-09
9.131075895934324116e-01 3.633815112684889077e-08
9.239121987401619496e-01 7.032607224051865854e-09
9.347358662206525226e-01 8.068251598314166850e-09
9.455788495145712735e-01 3.282008652279484264e-10
9.564414077596213870e-01 9.128743273057438155e-09
9.673238017781488063e-01 7.869717171105270463e-10
9.782262941040561488e-01 5.366597034209594372e-09
9.891491490100537964e-01 7.693670458994299695e-09
1.000092632535235726e+00 3.105393205322406252e-08
1.011057012512998066e+00 1.956645132690286944e-09
1.022042558599299822e+00 1.319348426783541932e-08
1.033049542301277102e+00 4.872419490769821030e-09
1.044078237006217380e+00 6.809981268616359027e-09
1.055128918010895367e+00 9.921295375016807720e-09
1.066201862551284352e+00 1.419859458326597749e-08
1.077297349832648132e+00 1.289758962382937835e-08
1.088415661060011308e+00 1.453471929373509515e-08
1.099557079469040355e+00 1.462124003583865827e-09
1.110721890357309283e+00 2.562303301743556886e-08
1.121910381115985400e+00 1.591024210541640275e-08
1.133122841261928526e+00 1.419752289477611878e-08
1.144359562470215863e+00 4.868361292142012823e-09
1.155620838607101852e+00 8.858906670204451564e-09
1.166906965763418569e+00 2.823558977778323283e-09
1.178218242288425976e+00 1.808226260795975097e-08
1.189554968824123149e+00 4.719833101004878841e-10
1.200917448340022453e+00 7.398375448676262082e-09
1.212305986168408900e+00 3.170802619589148011e-09
1.223720890040074227e+00 1.289217481837054986e-08
1.235162470120555911e+00 5.467549312819959450e-09
1.246631039046874889e+00 3.290803622341774211e-09
1.258126911964788874e+00 6.221886047380718001e-09
1.269650406566570577e+00 3.424360931155865956e-09
1.281201843129320173e+00 3.923380339372638529e-09
1.292781544553817996e+00 6.017159116878102227e-09
1.304389836403941239e+00 7.161624560220081301e-09
1.316027046946637080e+00 1.073066621306099798e-08
1.327693507192476696e+00 2.783883186928882834e-08
1.339389550936796125e+00 1.379295501374317777e-08
1.351115514801436435e+00 8.224430413242118971e-09
1.362871738277095179e+00 8.676436909023866867e-09
1.374658563766295805e+00 3.551768726685013681e-09
1.386476336626997652e+00 1.469276110008752354e-08
1.398325405216850559e+00 3.011504286424573753e-08
1.410206120938107599e+00 1.937919137712186756e-08
1.422118838283209508e+00 8.912679170344751614e-09
1.434063914881057000e+00 1.602804290200594783e-09
1.446041711543979202e+00 4.509671354195025607e-09
1.458052592315416618e+00 2.139521976746559810e-08
1.470096924518328407e+00 3.229655651689946587e-09
1.482175078804341739e+00 2.435138063132599124e-09
1.494287429203654982e+00 1.029334360336851629e-08
1.506434353175713392e+00 2.426337175851671991e-08
1.518616231660660620e+00 1.264175378973462829e-09
1.530833449131608681e+00 6.534873472682699906e-09
1.543086393647707277e+00 1.896698311547518932e-08
1.555375456908052678e+00 1.961330204386286860e-08
1.567701034306447028e+00 1.493627207408202390e-08
1.580063524987019630e+00 1.698056410054907587e-09
1.592463331900736190e+00 1.350484718123753706e-08
1.604900861862805117e+00 3.508508889030760354e-09
1.617376525611005755e+00 1.767312802274431357e-09
1.629890737864948091e+00 1.867469235033677881e-08
1.642443917386300800e+00 1.242007826222399800e-08
1.655036487039980742e+00 1.570907122555461488e-08
1.667668873856345213e+00 5.482736935745982212e-09
1.680341509094400276e+00 8.649669553388242046e-09
1.693054828306040926e+00 8.358217714729108241e-09
1.705809271401351079e+00 1.323770318746495182e-08
1.718605282714980920e+00 4.872591359916101845e-09
1.731443311073621594e+00 5.063049869957364056e-08
1.744323809864610997e+00 2.831301974335788757e-08
1.757247237105675541e+00 8.159058320807361893e-11
1.770214055515848983e+00 1.042657219454806312e-09
1.783224732587580741e+00 3.676193826045702166e-09
1.796279740660062352e+00 2.613695059947620130e-09
1.809379556993800708e+00 2.259282624548088161e-08
1.822524663846453397e+00 8.192660053079693646e-10
1.835715548549968767e+00 2.007070935444916697e-08
1.848952703589041624e+00 6.699023162443491433e-09
1.862236626680921825e+00 1.652434337548505651e-08
1.875567820856598900e+00 4.928071328569343415e-09
1.888946794543396868e+00 7.054347750554405244e-10
1.902374061649005244e+00 4.334038042593949906e-09
1.915850141646975535e+00 7.814357791960029038e-09
1.929375559663716988e+00 1.093682446106531257e-08
1.942950846567024437e+00 7.769023554435883435e-10
1.956576539056166242e+00 5.062809507532420044e-09
1.970253179753570727e+00 2.970193253613011446e-09
1.983981317298132430e+00 3.777159165152587232e-09
1.997761506440205892e+00 1.627342434781479890e-08
2.011594308138276332e+00 1.970292294965735092e-10
2.025480289657382471e+00 1.433597071771418768e-08
2.039420024669305942e+00 7.257045855298507687e-09
2.053414093354583247e+00 5.461946298337724934e-09
2.067463082506361793e+00 1.147719895744516205e-09
2.081567585636154405e+00 8.750614606367248879e-09
2.095728203081529628e+00 9.871193464521459201e-09
2.109945542115771566e+00 1.542105910076057956e-08
2.124220217059573645e+00 9.090684352003043935e-09
2.138552849394784072e+00 5.616206232943253732e-09
2.152944067880272261e+00 3.141003430461905334e-08
2.167394508669943765e+00 6.915363037863549941e-09
2.181904815432972988e+00 1.811267440442415961e-09
2.196475639476278996e+00 4.781778412671194245e-09
2.211107639869315911e+00 6.667145034580518087e-09
2.225801483571211214e+00 7.104769043039787759e-10
2.240557845560325667e+00 7.791898368184005123e-09
2.255377408966268149e+00 1.952660817104889455e-09
2.270260865204440481e+00 2.141967146955166899e-09
2.285208914113143308e+00 2.865281272487961096e-08
2.300222264093344737e+00 1.030983084535486885e-08
2.315301632251118846e+00 1.494950494940817714e-08
2.330447744542859301e+00 6.849906961700002651e-10
2.345661335923311608e+00 1.353368654577674911e-08
2.360943150496495946e+00 9.048439564498589849e-09
2.376293941669568088e+00 1.475066964189424272e-08
2.391714472309731221e+00 1.142351031635799424e-08
2.407205514904206645e+00 1.628414043055536413e-08
2.422767851723407695e+00 2.272951578601450688e-09
2.438402274987316432e+00 7.085967432857555410e-10
2.454109587035200768e+00 1.607271803364368263e-09
2.469890600498723998e+00 1.431396965721825869e-08
2.485746138478509337e+00 6.265982763149655410e-09
2.501677034724291371e+00 9.878231995581130376e-09
2.517684133818678394e+00 3.940580049601452458e-09
2.533768291364664638e+00 2.384002654873819364e-09
2.549930374176959891e+00 1.192291528980422612e-08
2.566171260477213334e+00 1.022062910942976822e-09
2.582491840093254609e+00 1.012371169024682518e-08
2.598893014662444489e+00 4.840869813263682295e-09
2.615375697839199987e+00 9.407148986217169858e-10
2.631940815506855991e+00 1.102866026774415647e-09
2.648589305993903409e+00 5.555262013263238853e-09
2.665322120294779218e+00 1.103516707269643016e-08
2.682140222295247955e+00 5.981335980600293063e-09
2.699044589002565164e+00 2.176294094136996140e-09
2.716036210780464977e+00 1.154945445385091270e-08
2.733116091589157026e+00 9.727115352319753143e-09
2.750285249230413953e+00 3.054056182449993625e-08
2.767544715597911598e+00 6.277118750382099071e-09
2.784895536932901372e+00 1.028788830392817320e-08
2.802338774085429751e+00 7.249155365270609396e-09
2.819875502781155063e+00 7.676531666521584710e-09
2.837506813893987179e+00 2.622498544964502808e-09
2.855233813724622927e+00 3.640085554996410594e-09
2.873057624285204170e+00 4.043721923086391235e-09
2.890979383590180252e+00 8.781967456317066705e-10
2.909000245953595520e+00 5.953228762030723011e-09
2.927121382292947160e+00 8.603670205481199407e-09
2.945343980439754095e+00 7.459600838591926618e-09
2.963669245457068335e+00 1.644608386321159135e-10
2.982098399964077995e+00 2.021733502262913955e-09
3.000632684467967159e+00 5.161943090175511570e-09
3.019273357703287086e+00 2.703444922914207260e-09
3.038021696978962627e+00 1.754125805880927342e-09
3.056878998533198555e+00 1.013339296031810290e-08
3.075846577896470535e+00 1.258314481139956867e-08
3.094925770262794362e+00 1.029917001546338190e-08
3.114117930869559014e+00 1.454579134750716435e-09
3.133424435386071849e+00 4.081715383993977419e-10
3.152846680311138350e+00 6.660295335143348589e-09
3.172386083379844290e+00 5.060183608235021511e-10
3.192044083979846292e+00 7.895329137148469131e-09
3.211822143577407918e+00 1.283974128144138876e-09
3.231721746153457975e+00 6.824437650390948859e-09
3.251744398649921930e+00 3.305666859486723152e-09
3.271891631426665281e+00 6.664479765036931767e-09
3.292164998729279368e+00 1.784859376930812786e-08
3.312566079168071553e+00 4.372018893017016155e-09
3.333096476208521786e+00 1.408079374757399020e-08
3.353757818673582580e+00 4.056944934081174490e-08
3.374551761258096416e+00 6.358173735078677251e-09
3.395479985055740446e+00 1.325585948077859443e-09
3.416544198098793395e+00 1.624278297146583789e-08
3.437746135911136314e+00 7.946523463571339973e-09
3.459087562074850908e+00 5.759213111234286244e-09
3.480570268810810663e+00 2.875067764209439449e-09
3.502196077573649369e+00 1.388155752385904644e-09
3.523966839661581307e+00 6.833143444499843777e-09
3.545884436841424847e+00 1.310398536376689651e-10
3.567950781989368547e+00 4.490227140105565401e-09
3.590167819747851929e+00 3.955100000873502852e-09
3.612537527199123133e+00 2.597710574935249102e-08
3.635061914555887341e+00 1.426961745652369494e-08
3.657743025869628628e+00 5.784661684520993891e-09
3.680582939757102157e+00 1.225456068557588601e-09
3.703583770145510101e+00 1.565263743656688117e-09
3.726747667036997225e+00 9.520793463972864799e-11
3.750076817293014120e+00 3.820361460722392255e-10
3.773573445439117879e+00 4.024508256981208382e-09
3.797239814490932730e+00 8.096855475783116186e-09
3.821078226801799538e+00 1.349523050213876325e-08
3.845091024932894896e+00 2.476070464569275490e-09
3.869280592546462394e+00 9.292975911770048717e-09
3.893649355322847061e+00 5.220609733790485740e-09
3.918199781902168777e+00 8.593788961216008724e-09
3.942934384851307872e+00 4.127839221921520220e-09
3.967855721657088441e+00 3.597294046694223286e-09
3.992966395746416985e+00 5.555643330285892029e-10
4.018269057534300082e+00 6.034735082699266725e-09
4.043766405500584860e+00 2.276855726201458556e-09
4.069461187296391280e+00 3.890700464824208527e-09
4.095356200881122177e+00 4.882643701380381166e-09
4.121454295691163061e+00 1.899447773682239458e-09
4.147758373841154089e+00 2.814968109871243038e-09
4.174271391359062555e+00 6.554441124707739624e-09
4.200996359456013352e+00 1.656672894942838925e-09
4.227936345832168819e+00 2.590360036772970227e-09
4.255094476019727345e+00 4.429047456313315960e-09
4.282473934764413848e+00 2.139935934889163735e-09
4.310077967446587444e+00 9.788789852738747051e-10
4.337909881543510870e+00 4.603903545436637385e-09
4.365973048133954926e+00 1.316543914618719629e-09
4.394270903446770404e+00 7.863107405765071831e-10
4.422806950454781116e+00 2.464576767793712920e-09
4.451584760515686412e+00 3.084900300692492923e-09
4.480607975061463577e+00 1.041189592585014763e-08
4.509880307338105077e+00 4.190369423863176421e-09
4.539405544197283149e+00 1.172024923847221835e-08
4.569187547941903738e+00 6.168495431248809108e-09
4.599230258227382961e+00 3.286578681356443805e-09
4.629537694020593008e+00 6.364514625973340741e-09
4.660113955618596648e+00 2.692123895297069598e-09
4.690963226729293112e+00 1.069624975729664587e-08
4.722089776616123835e+00 2.812330550049224811e-10
4.753497962309302771e+00 2.824113124830376529e-09
4.785192230885826348e+00 1.389775667759496274e-08
4.817177121820895636e+00 6.740615674396820001e-09
4.849457269413340654e+00 3.245814767357539204e-09
4.882037405287709575e+00 2.030526696825935729e-09
4.914922360976011539e+00 1.223459251988908221e-09
4.948117070581908195e+00 2.139260736634374039e-09
4.981626573530626878e+00 1.118742915102160595e-09
5.015456017407652567e+00 1.561453462629831671e-09
5.049610660889745972e+00 1.144766262680416834e-08
5.084095876771596245e+00 4.841263501840288026e-09
5.118917155092026050e+00 3.117089674375607612e-09
5.154080106363324809e+00 3.707861959634895401e-09
5.189590464907923639e+00 2.825539478812697111e-09
5.225454092306433651e+00 9.602332227088504649e-09
5.261676980961550676e+00 3.318429765582296867e-10
5.298265257782244220e+00 4.926480752209183483e-09
5.335225187993163587e+00 7.244999925694600187e-09
5.372563179074077766e+00 6.367387349124952363e-09
5.410285784834729661e+00 3.423594667598845314e-09
5.448399709630405319e+00 3.282509721357298399e-09
5.486911812724086346e+00 1.235649858815216475e-08
5.525829112800970222e+00 2.945549855647812187e-09
5.565158792641854646e+00 8.375350547016902784e-09
5.604908203961667112e+00 5.464868637658203823e-09
5.645084872420248701e+00 2.448760027012500298e-08
5.685696502812371378e+00 1.296509450828054708e-08
5.726750984444712422e+00 2.221272892464470457e-09
5.768256396707492684e+00 5.390614240850696248e-10
5.810221014849253685e+00 3.141736954361424560e-09
5.852653315963272540e+00 2.983083727551079551e-09
5.895561985194872179e+00 8.883599516830013671e-09
5.938955922179146363e+00 9.476304317326443748e-10
5.982844247719065756e+00 2.831105263475690652e-10
6.027236310714632950e+00 1.127689249241789986e-08
6.072141695354100754e+00 3.193185029288245618e-09
6.117570228578833813e+00 7.255094739551266965e-11
6.163531987834188541e+00 8.783427039961719510e-09
6.210037309119105231e+00 1.320869844986064738e-09
6.257096795348075169e+00 5.714497596979582796e-09
6.304721325039668756e+00 4.636610749461122860e-09
6.352922061346506943e+00 4.759265638005860547e-09
6.401710461442654321e+00 5.342137474255091125e-09
6.451098286284771888e+00 4.187562387507220562e-10
6.501097610764786872e+00 6.957785934299192739e-10
6.551720834272277472e+00 6.851555513222448672e-10
6.602980691686179959e+00 6.221436074974282504e-09
6.654890264816202716e+00 6.163120850832728487e-09
6.707462994315653404e+00 9.181347172743868881e-10
6.760712692088343800e+00 7.562740636713392060e-11
6.814653554213885300e+00 6.651638912898888682e-10
6.869300174416541616e+00 4.226424126885446581e-09
6.924667558104775189e+00 4.965143836590944495e-09
6.980771137009639027e+00 2.362682988689801574e-10
7.037626784452278628e+00 3.367313628801942895e-09
7.095250831272059244e+00 2.953450219467065025e-09
7.153660082449184721e+00 5.197864081382847105e-09
7.212871834457117437e+00 3.090068391177326501e-09
7.272903893382699714e+00 1.734591967751388698e-10
7.333774593853726209e+00 8.305018219370673815e-10
7.395502818816384050e+00 8.879912274557951886e-09
7.458108020207268929e+00 2.806572692203542509e-09
7.521610240567749628e+00 4.167993614352774051e-09
7.586030135650939421e+00 7.691201940141376780e-10
7.651388998075133507e+00 2.413488617607714839e-10
7.717708782080382690e+00 5.819568804372440348e-10
7.785012129448951157e+00 3.732339319662540324e-09
7.853322396653874549e+00 1.196784445712778977e-09
7.922663683303971638e+00 6.483839002355961251e-09
7.993060861958362295e+00 9.144774961880497742e-10
8.064539609387720631e+00 1.011302421334943155e-08
8.137126439365120589e+00 5.954291159709092902e-09
8.210848737074378789e+00 7.792371980783992868e-10
8.285734795229668492e+00 8.898373061687140879e-09
8.361813852006719117e+00 6.048863579632227186e-09
8.439116130892415413e+00 3.272295061600559618e-09
8.517672882566811765e+00 4.560213678847800032e-09
8.597516428939853128e+00 5.954530644600224014e-09
8.678680209472870999e+00 1.214510899879958778e-10
8.761198829924738973e+00 1.734156014345718858e-08
8.845108113671690475e+00 5.740239971575838305e-09
8.930445155761116638e+00 5.703552713824604074e-09
9.017248379870389741e+00 9.376329656642625019e-10
9.105557598354891979e+00 3.267841336754930681e-09
9.195414075582201363e+00 3.489896563269015396e-09
9.286860594764410948e+00 7.121135763394298226e-11
9.379941528515811200e+00 3.076833668903941460e-09
9.474702913380864899e+00 9.047142508145375516e-10
9.571192528595130256e+00 1.265700390841122083e-09
9.669459979362780899e+00 2.334913302478565200e-10
9.769556784955327089e+00 6.811692446748300520e-09
9.871536471960840942e+00 2.143999156987280431e-09
9.975454673037942754e+00 2.141184921657004729e-10
1.008136923155793063e+01 2.282864284136667123e-09
1.018934031254830330e+01 1.827679422649653001e-09
1.029943052038522566e+01 1.127350740110995466e-09
1.041170502371859463e+01 2.971756736435018276e-10
1.052623168815380517e+01 2.094204694345367188e-09
1.064308121725768252e+01 4.507082722328658832e-09
1.076232730250476877e+01 6.001517216049065477e-09
1.088404678283179194e+01 3.369741517478668848e-09
1.100831981452695096e+01 8.543069931785400952e-10
1.113523005224294415e+01 1.772432678588987242e-09
1.126486484199331350e+01 2.696974132172998958e-09
1.139731542706779699e+01 2.260816467919931355e-09
1.153267716788676189e+01 4.029316952784237994e-09
1.167104977690866718e+01 1.618831947375760494e-09
1.181253756980620828e+01 2.176876940244968763e-10
1.195724973424156268e+01 9.744735554370355646e-11
1.210530061769597765e+01 1.122548654595162010e-09
1.225681003594877438e+01 5.552102214071558346e-09
1.241190360395464154e+01 4.182825850170082437e-10
1.257071309104042101e+01 2.566663062662897764e-09
1.273337680253192516e+01 6.853101811624340608e-09
1.290003999013476133e+01 2.472088703259920335e-09
1.307085529362815102e+01 4.377306004692613834e-09
1.324598321669588152e+01 2.223040952093456509e-09
1.342559264001181063e+01 1.142978882916993795e-09
1.360986137502873916e+01 1.991073186494851700e-10
1.379897676228727654e+01 2.640651513511244266e-09
1.399313631847826045e+01 7.042859463851114177e-09
1.419254843695589230e+01 3.394363254561729494e-09
1.439743314692606369e+01 2.630156485379668353e-09
1.460802293712368716e+01 6.774725705945582035e-10
1.482456365046278535e+01 1.031585066985814968e-09
1.504731545689699779e+01 3.700865798652757460e-09
1.527655391258613626e+01 2.912347266989645130e-09
1.551257111443440273e+01 6.164402202236961705e-09
1.575567696017295916e+01 1.608028449783912301e-09
1.600620052541652782e+01 4.376765596441083350e-09
1.626449157056262607e+01 4.886450054467749965e-09
1.653092219204418001e+01 8.335728509502416430e-10
1.680588863433074565e+01 6.200927442205117702e-09
1.708981328123576660e+01 7.583391079595113353e-10
1.738314684757837725e+01 1.155604018057372680e-09
1.768637079511793431e+01 2.426946161489387533e-09
1.800000000000201084e+01 1.940120533221898471e-09
