# Status file for ctqmc. Used to save all times t_s, t_e.
2
54
0.3121531474394885 0.6607464760235287 0 0
1.252151170389559 1.953758836607198 0 0
2.475847677931441 4.977050501918624 0 0
5.009504308549954 5.647785849066883 0 0
6.518931746434976 6.685272272515092 0 0
7.002665703600318 7.686087849940767 0 0
8.438825542153063 8.954087713049995 0 0
10.0893437578226 10.53705522916261 0 0
10.65241854545884 11.01846747854057 0 0
15.27502294800043 15.31578628549978 0 0
17.50120057183855 17.80931622598054 0 0
19.10715821220622 19.53705734960109 0 0
20.11866493486392 21.23239041304677 0 0
22.34003846013291 22.75953762138653 0 0
22.81679559655807 23.17292646120945 0 0
27.4142607227322 27.47927913785283 0 0
27.92742031397524 28.11469796201285 0 0
28.78183079245533 28.85822307812661 0 0
29.02044927132297 29.71040741275375 0 0
30.65832945259414 31.39902874359253 0 0
31.43844100051498 31.43966232678422 0 0
31.45211668020001 31.7160513507306 0 0
32.20037606121441 32.65647304364991 0 0
33.14147086944914 33.32438144784547 0 0
34.59606738323821 34.72878466974029 0 0
35.41758811328957 36.98297482775538 0 0
40.15985315699811 40.23722515962742 0 0
45.67111597605888 45.76950917856699 0 0
47.61182907019756 47.72801224502835 0 0
47.73579115295582 48.68755725034116 0 0
49.63031577552604 49.77400849742503 0 0
51.84792020996009 52.11523083120012 0 0
52.88423307755617 53.31874007832004 0 0
54.51973953259575 55.57485305979386 0 0
56.01748090681309 56.75779064798689 0 0
57.91366683151417 58.76508805115891 0 0
59.17412068944517 59.6739584381646 0 0
59.69331912987538 59.91633245056091 0 0
60.80471374085794 61.1340252762879 0 0
61.95388724152762 62.62679974813287 0 0
63.55207941080733 64.11388936135323 0 0
65.3215039199429 65.51791807033084 0 0
73.22681241716671 73.73158701524954 0 0
75.5994185772787 77.61311077654666 0 0
79.57258874251481 81.7392674736225 0 0
82.24141165302603 82.28367073208508 0 0
82.68456168464887 83.38222560301962 0 0
83.40752496827545 84.77415929347438 0 0
84.83515974497421 85.61971252858328 0 0
87.63140817972216 88.63703734688784 0 0
89.38420515370511 89.66239482168329 0 0
90.00223295262742 90.9620590077504 0 0
96.71701066883681 97.24391564989203 0 0
98.72513481705269 99.1836625593152 0 0
51
2.870296945512696 3.289888255252516 0 0
5.926566833767959 6.371802240886678 0 0
7.397203885875623 7.642074990704359 0 0
8.113215347169778 8.530826048902318 0 0
10.15742249126036 10.82985018856286 0 0
11.56305600317371 12.41023629618375 0 0
12.81195528091664 13.74527880567815 0 0
14.42305979362152 14.53685191106138 0 0
15.98663518828499 16.78467364489876 0 0
16.89934815542713 17.04536020583761 0 0
17.54107216854468 17.96357494819893 0 0
20.80850341853412 21.12524441314704 0 0
22.10973399169372 22.28403695276626 0 0
23.0702827964098 23.44207736006057 0 0
23.67106956484247 24.37056474348273 0 0
24.94170001841514 25.06156283328161 0 0
27.07829571596432 27.4925032351638 0 0
34.55953582524334 34.57711558367679 0 0
35.35075230810376 35.56928759597862 0 0
37.00742063425696 37.60724368958655 0 0
37.67724002639815 37.7642035161235 0 0
38.11773755519247 39.76746413562906 0 0
40.87954664662063 41.53465598634939 0 0
41.83665645778129 44.48935629278413 0 0
45.50866019102646 46.51908997511664 0 0
49.53008387739477 49.74212031921396 0 0
50.24617643431488 51.27090722977552 0 0
54.10534914253539 54.85441369021753 0 0
56.06404031855308 56.76427890905816 0 0
57.77869461681827 58.42268208175807 0 0
58.8959809122716 58.90467627311577 0 0
60.59244406704389 60.71256040320915 0 0
61.82822989973426 62.31098997843973 0 0
62.5507104711438 63.13908367423602 0 0
64.16285527321051 64.83263121556558 0 0
71.15142008365521 71.43740888908685 0 0
76.1192836928998 76.20872852359807 0 0
78.88635499186921 79.5013321007872 0 0
79.51693736948071 79.58443261434731 0 0
80.17786187543288 80.58328445500993 0 0
80.64002628720891 81.96145833734703 0 0
82.50010634272159 82.56961888328271 0 0
83.18081852396101 83.46968930784344 0 0
84.21837396555826 84.65434257326947 0 0
85.83020112135748 86.60227926969367 0 0
87.01979135701644 88.174256550216 0 0
88.37065249932796 89.93799693094134 0 0
92.11772223993982 92.5787287474456 0 0
92.70999083767812 92.74168433448294 0 0
93.10481216615113 94.02222304953455 0 0
95.5896685915739 98.85919984073226 0 0
