# Status file for ctqmc. Used to save all times t_s, t_e.
2
56
2.298305877056196 0.5227832524932337 0 0
4.723299720954489 2.501090478873163 0 0
4.821398472627838 4.797886495178169 0 0
8.575282284695126 6.03820979522321 0 0
10.37488389206772 10.16945404889144 0 0
12.07257617681488 11.54328657886649 0 0
13.97376616090869 12.20105765966825 0 0
14.68365617581364 14.34044023432113 0 0
17.12988004606139 15.91108353050466 0 0
18.25354609204079 18.12081285077137 0 0
20.78091008357125 18.42198398053965 0 0
22.22007133869842 20.95796209548778 0 0
23.28963571604518 22.56997474466382 0 0
25.027417633287 24.40178516331232 0 0
27.66246296172421 25.61695283036959 0 0
29.68937694877165 28.51232224723329 0 0
30.09772417403207 30.08302010778354 0 0
35.9575552236459 30.15645810145281 0 0
37.47304239628646 37.11097507618066 0 0
37.86322077539504 37.48346208499125 0 0
38.29397045008712 38.09993465246932 0 0
38.47149911969478 38.43424404366459 0 0
41.58903821846025 39.86912051612553 0 0
43.4357121061766 42.13273522127459 0 0
44.60942749250327 43.49136134126946 0 0
45.77191332203622 45.30495748777123 0 0
47.91731208508654 47.69834072401448 0 0
48.73478261085097 48.23193983420847 0 0
52.85104048278209 48.98558317037019 0 0
58.8035596723599 53.08863434409124 0 0
59.68946405119995 59.30442777880486 0 0
60.93322854281027 60.24587178441534 0 0
61.70120316200715 61.05320396808814 0 0
62.55062171927307 62.17645311547911 0 0
66.86992647618746 63.00297901293388 0 0
69.9622692102833 67.07357285173546 0 0
73.48767510175433 70.96649200744807 0 0
76.6435687850027 76.27544742441283 0 0
77.28466496146375 77.22048796474135 0 0
78.67158727679113 78.66680892544883 0 0
82.34056739631039 78.76081435157052 0 0
84.9630926070983 84.73823395412427 0 0
85.07124335230775 85.04468318323471 0 0
86.23489158332444 85.79941506850368 0 0
87.51482692189181 86.83744183370214 0 0
90.87890673404233 88.89081827139837 0 0
91.52702697323298 91.22075543630558 0 0
92.5631396674948 91.92720586756472 0 0
92.77351240057192 92.69283461840237 0 0
93.10557850220866 92.78903473627859 0 0
93.46793693172432 93.34035576458682 0 0
94.50855584797958 94.22087679023009 0 0
95.68782950680384 94.9610393335218 0 0
97.92650914448527 97.52473793130275 0 0
98.5706802693271 98.14173226865124 0 0
99.63846258447053 99.29467973506308 0 0
56
0.7860649350434697 0.8744091249759972 0 0
1.925365518952622 2.677436516216443 0 0
3.308154168009304 4.565881363624087 0 0
5.594517494583688 5.596328161369745 0 0
5.617979190187365 5.880025621195474 0 0
7.277273981936755 7.289130483790629 0 0
8.483338550950403 9.313952166514072 0 0
10.98480999768567 11.97013439013103 0 0
12.33328813442035 12.63930999996036 0 0
15.64471315287967 15.92051002738242 0 0
16.96471078152531 17.97318665993157 0 0
18.602860061198 18.60770495625128 0 0
18.8900263400844 19.87611359269799 0 0
19.94107536976497 19.98230263195727 0 0
20.48782000875278 20.49449446654376 0 0
20.70929415360647 20.89861172743306 0 0
25.10905158254701 25.24934393120489 0 0
25.5593313832059 27.77266764235933 0 0
27.88584601970891 28.11160311858366 0 0
28.49117609058943 28.78903364666246 0 0
29.95904160911152 31.74232585266326 0 0
35.33295291855818 35.5597934418225 0 0
42.1341231226697 42.38796795338295 0 0
42.42722531649063 42.45967067934168 0 0
42.4826003591494 42.63680595454181 0 0
43.40720461949955 44.04755863700242 0 0
45.471423189989 45.84837168178934 0 0
46.52432719594538 46.55072573293158 0 0
46.55919092791909 47.01925564958883 0 0
51.35465746067621 51.73911123571367 0 0
52.4609361901212 52.79128948202165 0 0
53.93777335374973 57.03588784763057 0 0
58.4710830142769 58.81855698872731 0 0
59.47404835623109 59.47904665028994 0 0
60.34002016121159 61.12421608996789 0 0
61.32419721129659 62.5149086130566 0 0
64.85705657886042 65.26241781174812 0 0
65.30795465492531 67.33230817272107 0 0
67.58775433893339 67.67354379147812 0 0
68.03254932960284 69.45774672095476 0 0
74.9045493425934 75.47214566588278 0 0
75.6433852488171 75.72903155996241 0 0
76.67937558651253 77.73745508079611 0 0
79.3689534694533 79.601878288162 0 0
79.78161114415958 80.0450224237424 0 0
85.86239780445887 86.19820994680312 0 0
87.4130417887269 87.56802800214452 0 0
87.68953589850167 89.46265135758317 0 0
90.52320519440117 91.05255886946384 0 0
92.45054872002481 94.27886247036702 0 0
94.44273311812941 94.80005271992692 0 0
95.56440212680802 96.99260522163176 0 0
97.01906020012115 97.90852290887781 0 0
98.21556789021332 98.86410380017007 0 0
99.00277759579585 99.26239573198758 0 0
99.32847167651789 99.82926271624103 0 0
