# Status file for ctqmc. Used to save all times t_s, t_e.
2
58
0.130643164601878 0.2435335769866938 0 0
0.7371343033271359 0.8249099375142633 0 0
2.427277309797566 3.760330095344246 0 0
4.307275822797441 7.046779726244647 0 0
8.766402379446369 9.467085753934061 0 0
9.886675084993206 10.86622170992555 0 0
10.94683056515858 11.34372380949463 0 0
11.78313694156989 12.61840794411335 0 0
12.70814117322853 12.93865685213791 0 0
14.8592461574552 14.91723882799496 0 0
15.03600862036587 15.86656332058623 0 0
16.03907887096191 16.8983477876244 0 0
19.77820711723385 20.7569372129378 0 0
23.0466868100658 23.38775317616047 0 0
23.47802036185075 23.65120215641012 0 0
25.04493669357166 25.17438180921321 0 0
25.50805359585678 25.86940656392285 0 0
26.6520682487404 27.00621544210138 0 0
28.72069295631941 29.13593658530906 0 0
31.34724574926916 31.42502881902881 0 0
33.57663147658155 33.88414625083166 0 0
37.21181009209737 37.50876949939669 0 0
38.63275153239933 39.32934030616809 0 0
39.48601329776638 39.73136250849674 0 0
39.83371841380881 43.12850369792852 0 0
44.51777861738442 44.83997584503938 0 0
45.93918557438816 46.13366140200576 0 0
46.38084692075544 46.52805508928968 0 0
47.29183715207726 47.45867503368134 0 0
48.04580417871358 48.4057692733474 0 0
48.53677677067186 49.86499955037401 0 0
50.22474701801632 51.42968810287429 0 0
51.53400891428529 52.35830351335986 0 0
56.39602509776045 56.66885267726032 0 0
57.23745528774821 59.80244724682257 0 0
60.17124130037175 62.51335580276459 0 0
64.5543893510264 65.13938028203718 0 0
65.61751203680784 66.21793073202129 0 0
66.30965836957664 66.82194391664717 0 0
67.7794765002886 68.77325348998886 0 0
69.905707033564 70.74800498789335 0 0
72.21717615344305 72.75527780899748 0 0
73.41889262333711 73.61006845876632 0 0
77.64053688671029 78.76512998420007 0 0
79.78818084980281 80.08550334134176 0 0
80.66093021579236 80.82624667515429 0 0
81.43637605688009 82.37186108657194 0 0
83.44601480910802 85.00717550115243 0 0
85.17454873510349 85.53486044179682 0 0
85.69143473818846 86.1166936228891 0 0
86.96092140446798 87.1469824161984 0 0
87.7171458994886 87.78670039250311 0 0
88.90898832013279 90.62211766434359 0 0
91.51716382784828 92.91571384883126 0 0
92.96832313665765 93.5400675556904 0 0
93.65774332654013 93.85179209285555 0 0
95.45126067253798 96.39713133748626 0 0
98.84390361773251 99.3986891871986 0 0
53
6.907464029646508 6.953034936877241 0 0
10.39439718974145 10.45943744750367 0 0
10.54899346455604 10.56089425392988 0 0
11.43816001260086 11.93628150457514 0 0
12.19912680654172 12.24180907000431 0 0
12.68732221186014 13.22933807915493 0 0
14.19728152428139 15.48964177915431 0 0
16.16918971976379 16.49024357512328 0 0
17.12630678760172 17.51869133879928 0 0
18.30971588927029 19.23708488180936 0 0
19.61178958833045 20.15061276709115 0 0
23.04426346899082 23.40755984945292 0 0
30.06115828973357 32.56747909977741 0 0
33.19236946647348 33.47097782694701 0 0
33.71885649297761 33.96992110070389 0 0
33.99096650172069 34.60489424478306 0 0
34.80309740481576 34.82680988471821 0 0
35.43816410990636 35.65657595726822 0 0
35.92992863510531 35.93794855918289 0 0
36.93697485486732 37.68114772231262 0 0
37.87670108271568 38.38832070859424 0 0
44.5396044233248 45.69089128593443 0 0
45.89116497668732 46.35136852650881 0 0
46.63548053793834 47.78226807714265 0 0
50.5466051581287 50.62729736104771 0 0
52.61582985216052 53.91553210691603 0 0
54.01805211366551 54.56240201944246 0 0
54.63481619253155 54.72059589566405 0 0
59.04789856046869 60.35563352933865 0 0
63.16856103630121 63.59287395670754 0 0
63.6636348503573 63.80783436046839 0 0
63.97088828700816 64.104560682412 0 0
64.82135778695871 65.18745031217213 0 0
68.43359669460794 68.46152530644198 0 0
68.78140647732977 70.54298112438175 0 0
74.17392069957958 74.23911136255229 0 0
74.95658212114387 75.01337915821279 0 0
77.80396205492254 78.05830089303495 0 0
79.31176721262467 79.66132080044213 0 0
79.96630142782422 80.07616330225825 0 0
81.1684588322836 81.20970480077762 0 0
81.75575765772506 83.35644435597462 0 0
83.53684167862292 84.59272581559044 0 0
85.91878712359471 86.00990917248211 0 0
86.3762427629335 86.59207915816683 0 0
86.81849007387875 87.22281710348798 0 0
88.01566499576597 88.55604403181317 0 0
91.12703266118467 91.36683709094177 0 0
92.49700557525935 92.62069614540049 0 0
93.88363180955083 95.32995666179595 0 0
96.2965280965289 96.53680474204545 0 0
96.76626042716487 97.62944615379217 0 0
99.05619857535156 99.21244741000099 0 0
