# Status file for ctqmc. Used to save all times t_s, t_e.
2
44
5.628099247792662 5.991096600042397 0 0
11.63742914975843 12.10973971813575 0 0
12.77876857423099 12.78466899689791 0 0
15.40846833529874 15.61754484591792 0 0
15.7331500238563 15.97968367186791 0 0
16.23988304260656 17.95774510199953 0 0
20.31854529619421 20.9257987596099 0 0
20.95837599454562 21.34986656323414 0 0
21.45523288155429 21.59195600273243 0 0
24.23242029351679 24.52349090399101 0 0
24.82203938924749 24.93466926155153 0 0
25.21389867660315 25.77370504542169 0 0
25.98782343941055 26.08154366501568 0 0
27.60159402951264 28.70287171921625 0 0
28.96076735961498 29.23910240633164 0 0
30.84075235058701 30.84254400199041 0 0
31.7183147548855 31.81512343980906 0 0
33.96318275533704 34.97247275201401 0 0
35.10487535931106 35.52230651485303 0 0
38.15430667700529 38.28586726172064 0 0
39.32356211894155 39.48948299747591 0 0
39.63726281575017 39.70139033653837 0 0
40.19152017696545 40.44762868940787 0 0
46.60662773150308 46.90973607759307 0 0
49.58343052839115 49.67996956039447 0 0
59.6019288076756 59.65573340801506 0 0
63.50165876665164 63.66750410267009 0 0
63.81866532900847 64.43307642940451 0 0
64.82879990998103 65.40528773724434 0 0
66.16027898451277 66.50114126469164 0 0
66.67890181597633 66.76453853646007 0 0
67.29114143618177 67.39046080563496 0 0
67.51259781097781 68.49766344653892 0 0
68.75245927467763 69.84514126357232 0 0
70.12784367398635 70.22101904067351 0 0
73.57889356071657 73.75682422929169 0 0
73.98090500361985 74.1041762036357 0 0
77.51694274560693 78.58139742987139 0 0
84.75549709526736 85.24441772514449 0 0
85.25312979405443 85.70888528404089 0 0
91.69362887324965 93.12092976391781 0 0
95.64250006568868 95.92911648787447 0 0
96.32851654981835 97.07725280817768 0 0
97.64323405330499 98.69024699309765 0 0
39
1.965952951778192 0.3866656365919567 0 0
5.728828197856765 2.375826374671277 0 0
7.793881721795309 6.68617910428709 0 0
9.202726037571827 8.296323261164412 0 0
10.48954461357441 10.46983923475933 0 0
11.08501974590309 10.72119675105462 0 0
13.77616396459851 11.59355228425331 0 0
14.12731561787199 13.85333278003713 0 0
14.54632424194718 14.29850018207739 0 0
19.42752170700931 14.63455112462435 0 0
19.8527736247433 19.84450406403607 0 0
20.73396128828651 20.69309089186634 0 0
21.11124837966246 20.97565168712831 0 0
22.7287991580395 22.52797800586701 0 0
36.45071641623657 23.4223238477822 0 0
42.0673827395822 38.73157872722636 0 0
46.81698637775472 42.31325947318779 0 0
51.44360449565033 47.0588630497667 0 0
55.96720023180671 51.48206836665755 0 0
57.10566702740881 56.29637510151912 0 0
60.32725563945233 57.8295487435533 0 0
62.20759580969643 61.87337655264345 0 0
62.29423094647234 62.26992006369493 0 0
63.0310953417942 62.45060774683055 0 0
63.96703964957104 63.21889728542816 0 0
65.12723095835847 64.44200046208223 0 0
65.47198514990772 65.19036472714755 0 0
66.32496958937658 66.13226683647964 0 0
69.22301057296551 67.07482317347227 0 0
69.70892497106844 69.31502612460277 0 0
75.09817597785151 69.92084284312267 0 0
75.63272776755421 75.12338777876613 0 0
77.55517376376685 77.35505267027266 0 0
80.86228269688731 79.64066813970996 0 0
81.83359131355827 81.38958693526763 0 0
84.65040298109055 82.45963289183497 0 0
89.9982596996784 84.76212043599662 0 0
93.79974426117728 90.25597578106127 0 0
98.14379335379901 93.95985523247089 0 0
