# Status file for ctqmc. Used to save all times t_s, t_e.
2
50
0.5523305261261697 0.03668413952382821 0 0
3.808987823418593 2.326157369272896 0 0
4.178038128584195 4.007091481721098 0 0
5.802708429283317 4.303287793049607 0 0
6.201686531472756 5.906641301644035 0 0
7.216829446041582 6.422684462539786 0 0
11.3570846593888 8.124877793088066 0 0
14.91296460606035 11.63772159924277 0 0
16.47447872526604 15.79065160212652 0 0
18.0110765513274 17.16833412357666 0 0
18.57642275230824 18.51273417382652 0 0
26.59456854055482 18.77695019452757 0 0
28.15003409366122 27.32869182620166 0 0
29.09350103035946 28.16992763438822 0 0
32.94214733357462 29.32055687944801 0 0
33.42447521341779 33.18640671456238 0 0
36.36961183756939 33.88684488313627 0 0
38.49597864222454 37.45970483585842 0 0
39.03295404025042 38.74021256127702 0 0
42.90989277124594 39.19008217024198 0 0
44.91127184312061 42.92969993920252 0 0
46.38117053151073 46.17434626659369 0 0
48.64139622176965 47.70241927629641 0 0
50.31337360904857 48.80687481180746 0 0
53.4266864914991 51.00484232378371 0 0
57.79872540318375 57.13531083874336 0 0
59.20549338188398 57.92366850183002 0 0
60.23125758162719 59.4535052645283 0 0
60.52189273184214 60.46253025591754 0 0
61.17066497089748 60.71664133480751 0 0
65.50231986866132 65.00265507732648 0 0
65.84034005042912 65.65500456517827 0 0
66.76865783224264 66.36484984738463 0 0
67.14006124758028 67.07742108478486 0 0
68.28078707717685 67.58729922521727 0 0
68.81056297866492 68.71949835069675 0 0
74.01752143174468 69.15583188981029 0 0
79.99666540790973 74.3312596223838 0 0
80.55452622536835 80.06350420224913 0 0
81.29873201179153 81.22113836614443 0 0
81.81270131858933 81.58311006870017 0 0
81.95280741699042 81.83139406428822 0 0
86.81014586080612 82.67386551667195 0 0
90.65812228303859 86.99805893674129 0 0
92.16196323908648 91.02141279813644 0 0
95.25588274714214 92.81400624604072 0 0
97.09462405878573 96.00420840487774 0 0
97.31057588434356 97.12815102639888 0 0
99.15110737755859 98.26333171661391 0 0
99.46508792860008 99.19927692648868 0 0
43
0.4930611387518411 0.5757342056350012 0 0
0.7691398046507207 0.8343567006921704 0 0
4.930571835982115 4.970697619175948 0 0
5.43916478561288 6.086046675725466 0 0
6.491254219220826 6.83993647177641 0 0
8.476699970128641 8.940929576111589 0 0
9.86610976941445 10.19358792804276 0 0
10.25438355394021 10.64547765041709 0 0
11.62368163009083 13.75026459337267 0 0
13.8336080720246 15.01917018925128 0 0
17.68909293196914 18.58917027946893 0 0
20.5819568393593 20.63381620667219 0 0
22.35283797487188 23.66930624093617 0 0
28.55030612115078 30.20335060289271 0 0
34.69356068848959 35.90446154718116 0 0
42.57871406226614 43.095009899584 0 0
43.75468578396973 44.20608342779578 0 0
47.12652838323331 47.69584984233874 0 0
54.95657657864297 55.38846397622696 0 0
55.52781101899927 56.26401991495194 0 0
57.0345419886335 58.32800212679483 0 0
65.96676948376879 66.7655326355228 0 0
68.64838098812801 69.6872663307829 0 0
70.55252504908438 70.7664641762946 0 0
71.70829240682858 71.85099720232135 0 0
75.07703342459496 75.33233778495945 0 0
75.71383033577635 76.74059615403822 0 0
77.21891869518652 77.8444660682616 0 0
78.93188669008835 79.32683879906534 0 0
79.36830885036157 79.55792495513546 0 0
79.82338344896822 80.21814307976675 0 0
82.28598374582732 82.52883106401919 0 0
82.80981078500804 83.45586526528731 0 0
83.71210982371841 83.97252603989195 0 0
85.09131521693827 86.17320085989394 0 0
86.5828226861799 87.36091417080202 0 0
87.51861394626174 88.21376851531571 0 0
88.30268228789564 88.91955042478308 0 0
90.89390020679579 92.04136894392227 0 0
93.05635035529971 93.08779705417167 0 0
94.11730614454667 94.85601364248164 0 0
96.31802472963726 96.57496662452083 0 0
97.33899751330526 97.98205909099681 0 0
