# Status file for ctqmc. Used to save all times t_s, t_e.
2
53
1.380436908062701 2.126279294735038 0 0
2.748033816791965 4.083459483951086 0 0
9.137692223207345 9.987765469859514 0 0
10.11259275195955 11.07596234407839 0 0
15.25070717991851 15.46311272364088 0 0
15.50296400438476 15.8573558310665 0 0
16.00377095351873 16.16578498253327 0 0
16.44845272612434 16.73432306417892 0 0
17.66672411529882 17.83903171449242 0 0
19.42163976723073 20.04301130065403 0 0
20.34328065993595 21.76318198972644 0 0
21.8489556113912 22.00885022912495 0 0
22.78163205626327 22.91092843138178 0 0
23.01504221415285 23.35475367005207 0 0
24.86984195724546 27.10374793599393 0 0
28.90340456454407 29.00482506616808 0 0
29.49442546461435 29.8242190023803 0 0
29.91471282357686 29.97893429979746 0 0
30.54758238558244 30.73257827268949 0 0
31.26530032338464 31.38116577683209 0 0
33.9527093365072 38.09144840927492 0 0
38.89522869300421 39.5010124705056 0 0
47.21777180999023 47.41212006445883 0 0
48.28884948885459 48.99102964459982 0 0
50.16953885400934 50.34672586347646 0 0
50.81941116359265 51.67018593051057 0 0
52.12781087102675 52.14092795827617 0 0
53.9575824228272 54.27263346043112 0 0
56.41165677336976 57.90031820423343 0 0
58.16369101314356 58.43912074123096 0 0
61.64756675064579 62.53613220480801 0 0
64.59154742600539 66.18998941336974 0 0
66.22383413721266 66.24978853501027 0 0
66.77803185793574 66.9268981315942 0 0
66.97339399893886 67.99641283183837 0 0
68.31277226908209 68.5836821787516 0 0
68.94519098817527 69.49416514603129 0 0
69.6554518523095 70.94055969531003 0 0
73.12666146163572 73.74408883600432 0 0
73.8630989482813 74.18496669621798 0 0
74.85416742697942 75.42683298261507 0 0
75.44190018939473 76.01465947299366 0 0
76.23076951213314 77.46141402732981 0 0
77.78036227379536 78.34434642171877 0 0
80.58081776701439 81.20230351048924 0 0
82.09414383560443 83.29226466993168 0 0
83.90690775482619 84.82129868981005 0 0
84.82973535167824 85.82849022760709 0 0
90.32956474942331 90.88398787042011 0 0
91.36875276143809 92.48928536377709 0 0
96.88288334413242 96.9712905918737 0 0
97.97255657246194 97.99658691592062 0 0
99.12147835528944 99.80010736299884 0 0
63
0.3619768372689407 0.4451600643293064 0 0
1.068235285573859 3.48611211838973 0 0
3.983001208700865 4.396113266945814 0 0
4.602814059081845 4.949203471104459 0 0
5.087357476382077 6.228951836923707 0 0
6.285148824941742 6.379775606329932 0 0
6.774335972407115 7.9366866036309 0 0
8.214900358683211 8.538665544147774 0 0
15.23633192100025 15.33330643166304 0 0
15.58105593485985 16.20414861680157 0 0
16.34151474266322 16.47154700439918 0 0
17.49722105919864 18.54726147518029 0 0
19.04810775144897 19.10744148714554 0 0
19.99924572024401 21.34661403116278 0 0
21.67720704244626 22.2200515416751 0 0
22.56897780965048 22.76950220117342 0 0
23.54971666888315 24.28939720542886 0 0
25.55059597564611 26.15173939109234 0 0
27.4872573690541 27.49632032488849 0 0
29.63779225195107 29.80906293998657 0 0
32.92587977893636 33.94388004576128 0 0
36.8381466597408 37.41182089609796 0 0
38.27041425671897 38.48189926521636 0 0
38.79950562156614 38.94870648354725 0 0
39.14993647154874 41.10913277393948 0 0
43.58915325155974 43.61043995954877 0 0
44.87177421292235 45.66250571130256 0 0
46.07455453815378 46.4281650370324 0 0
46.65035223794575 46.88506548795458 0 0
47.40720049046513 48.14849541875359 0 0
49.87880418949327 50.55156845372325 0 0
50.56633362824351 51.76973622816399 0 0
51.95695198186354 52.15861337348159 0 0
53.19567498073525 53.27672065038985 0 0
53.3400888081769 53.34818979212625 0 0
53.58534772709434 55.3723367804857 0 0
55.75485772515862 56.11633377309311 0 0
56.4881280334717 56.77744866133922 0 0
57.89638956912573 58.95662489187962 0 0
62.39099217318245 62.59929144435249 0 0
64.43604318398552 64.65854972070703 0 0
65.3380738914051 65.8243974256648 0 0
66.36778264607058 66.73073313187355 0 0
67.2727231560588 68.31769188158988 0 0
68.3299956638174 68.72584304520511 0 0
70.6419153763283 70.74550644091026 0 0
75.15244818672839 75.31930582987937 0 0
76.1352477316954 76.87516603824945 0 0
77.82410729159695 77.90734529825323 0 0
79.59345141761069 79.68385307197656 0 0
80.15272240309444 80.78837293768562 0 0
81.62833244770474 81.69433628122259 0 0
82.35578224899596 82.67242393920949 0 0
83.24820769856814 84.7309937966061 0 0
84.94340782980095 85.3966211568715 0 0
85.69011298665329 86.35002311010416 0 0
86.36698479255276 87.29879509128587 0 0
89.27592973459512 89.46101912164886 0 0
89.61326396313538 89.70690686740791 0 0
90.60744098885235 91.79151506206115 0 0
91.94131732244996 92.0951009059323 0 0
92.40328227093651 93.34625399461767 0 0
94.5039177380884 96.11493613192374 0 0
