# Status file for ctqmc. Used to save all times t_s, t_e.
2
52
0.5200667170051219 0.5504548923709657 0 0
0.5715240379482223 1.225831540904299 0 0
7.003754709925072 9.152145794158358 0 0
9.1716895908484 9.741916462330344 0 0
9.918130843972099 10.2706334862947 0 0
10.76453740023598 11.52523670669367 0 0
12.05197940291331 12.18990778852864 0 0
12.31333200993043 13.13494422608983 0 0
14.68614737984247 15.07549262102352 0 0
17.70379327879353 18.41141371084189 0 0
20.34525516988958 21.71057943025636 0 0
22.10092984450417 22.50556746894549 0 0
23.9976841360349 24.12797904182802 0 0
26.76950885227348 26.88539773131672 0 0
28.32082060128646 28.78238481066846 0 0
30.02812176164054 30.04288242410638 0 0
31.52189471547855 32.15373742992784 0 0
32.24234070818573 33.54616466703511 0 0
35.56533238705003 36.04405289239069 0 0
36.12736019885666 36.75796217890115 0 0
36.88051565138409 37.30327109926083 0 0
38.15286781732518 38.30155880899248 0 0
39.62738957370125 40.29048602544582 0 0
40.76238682181155 41.27201860233166 0 0
42.09411844716487 42.14795829638324 0 0
42.72909394541061 42.90999992373168 0 0
43.86744762641458 44.3552820418882 0 0
44.78483889595874 45.61259035114075 0 0
50.24851366390934 50.35129925578025 0 0
52.13048564235658 52.79033452239236 0 0
53.14480845761727 53.82518841914926 0 0
54.65416140654076 55.00147957160887 0 0
57.11482470816564 57.22678495675792 0 0
61.02803521321187 61.87914174390089 0 0
61.99515887080628 62.78274306932624 0 0
64.77530201628321 66.12103515997958 0 0
68.20959431974785 68.48102634156922 0 0
68.92795921139029 69.61915535156653 0 0
73.42111496403173 73.90042102059024 0 0
74.28757220032205 74.78464710234718 0 0
78.05809195193775 78.2775888617513 0 0
78.92664449362222 80.18409247482096 0 0
80.23695125019273 80.67053327117395 0 0
82.66591282991661 82.77398557514066 0 0
84.78854974191414 85.17642718223004 0 0
85.17659760331522 85.54715715952346 0 0
93.35245476342554 93.5465161547188 0 0
93.62098686420816 93.90693327561243 0 0
94.40696625017951 94.71297954660794 0 0
95.98806463651927 96.18191464118397 0 0
96.33649919177039 97.04662743222815 0 0
97.60292444673851 97.63697697598559 0 0
55
3.620463690177504 3.675073361084771 0 0
4.618132880917314 4.783057393861654 0 0
5.432391310438322 6.080996868824115 0 0
7.203094838773679 7.596418273379371 0 0
10.3948403534283 10.61435070202785 0 0
12.36357622541998 12.56066045367221 0 0
13.06488221565585 13.65428644745675 0 0
15.17798762296935 15.79836776184383 0 0
15.81134506775599 16.54110402493886 0 0
17.26402853994326 17.64062765704064 0 0
21.26621412245751 21.67458595021703 0 0
23.1256981641328 24.81625842390201 0 0
24.84615036924977 25.62531958029655 0 0
25.81846840199377 25.92403383883346 0 0
26.20417929846964 27.05901186983518 0 0
27.47075166339918 27.6233705785197 0 0
33.62014080488316 33.95776547961019 0 0
34.57562829515869 36.45046840085479 0 0
38.94812654637326 41.01789199088661 0 0
45.19626629614936 45.46876076883984 0 0
45.88539914050418 46.07692873669101 0 0
48.25819282399293 48.50751385335745 0 0
48.60950404561357 48.76189822431876 0 0
50.87358776197026 51.82437981377801 0 0
52.28490672620361 52.93409799071927 0 0
56.71175832513826 57.87653607249381 0 0
58.64146651425225 58.67857628016488 0 0
58.93335787984046 59.38866327778837 0 0
59.43462134436597 61.35639151473843 0 0
62.30432028008637 62.31166849266002 0 0
63.0781297307697 63.1231942105848 0 0
64.45754318047901 64.51887389853978 0 0
66.98141218034974 67.15445979574461 0 0
67.20225017827298 67.33244317824311 0 0
68.03289245804493 70.15661668456546 0 0
70.62641251993121 70.96934719347368 0 0
71.96798793918056 72.29810509483903 0 0
73.00302495087593 73.39700032365283 0 0
73.6609527772447 74.78244417700033 0 0
75.66943799264388 76.68218021057403 0 0
76.79288525036706 77.25292790473139 0 0
78.65158744966899 78.67789764594929 0 0
79.96904276218704 80.21673341462369 0 0
80.67202958217574 81.14132159111395 0 0
82.67034730899128 84.43907331848328 0 0
86.52860606038693 88.03200251622104 0 0
88.63027149718395 89.07809012836336 0 0
90.91733733713471 91.05369389341683 0 0
91.19388285639148 91.38013687625555 0 0
91.81360316339264 91.81662283995176 0 0
91.90356862904413 92.33675193616438 0 0
96.019460492384 96.77499889845538 0 0
97.24377314725076 98.03640812004373 0 0
98.49867037110229 98.52857466395633 0 0
98.75643695757491 99.34593278852414 0 0
