0.0314159265359 -1.59908865414 -1.07565952553
0.0942477796077 -1.48193329986 -1.01444455331
0.157079632679 -1.37531614514 -0.970415544574
0.219911485751 -1.28062917882 -0.938053894285
0.282743338823 -1.19679417465 -0.913483559372
0.345575191895 -1.12285061002 -0.893017826834
0.408407044967 -1.05693244539 -0.875356273607
0.471238898038 -0.997613752737 -0.859598076963
0.53407075111 -0.943855149546 -0.845072744257
0.596902604182 -0.894849931487 -0.831345363086
0.659734457254 -0.849945787025 -0.818163288991
0.722566310326 -0.808607665588 -0.805389065438
0.785398163397 -0.77039492985 -0.792949374391
0.848230016469 -0.734943425378 -0.780803635039
0.911061869541 -0.701950364933 -0.768926989119
0.973893722613 -0.671161775348 -0.757301942003
1.03672557568 -0.642362406598 -0.745914635323
1.09955742876 -0.615367838549 -0.734753366147
1.16238928183 -0.590018409178 -0.723808075293
1.2252211349 -0.566174575379 -0.713070181516
1.28805298797 -0.543713363479 -0.702532491849
1.35088484104 -0.522525631089 -0.692189090944
1.41371669412 -0.502513928016 -0.682035191195
1.47654854719 -0.483590799896 -0.672066955274
1.53938040026 -0.465677420641 -0.662281308278
1.60221225333 -0.448702473467 -0.652675756583
1.6650441064 -0.432601221426 -0.643248222724
1.72787595947 -0.417314726274 -0.633996903237
1.79070781255 -0.402789184826 -0.624920151061
1.85353966562 -0.388975360307 -0.616016382219
1.91637151869 -0.375828091674 -0.607284004898
1.97920337176 -0.363305867492 -0.598721367652
2.04203522483 -0.351370454347 -0.590326724294
2.10486707791 -0.339986571256 -0.582098211962
2.16769893098 -0.329121603445 -0.574033839882
2.23053078405 -0.318745349929 -0.566131486332
2.29336263712 -0.308829800191 -0.558388901673
2.35619449019 -0.2993489361 -0.5508037158
2.41902634326 -0.290278555763 -0.543373448634
2.48185819634 -0.281596116438 -0.536095522479
2.54469004941 -0.27328059414 -0.528967275457
2.60752190248 -0.26531235781 -0.521985975269
2.67035375555 -0.25767305632 -0.515148832915
2.73318560862 -0.250345516699 -0.508453015886
2.79601746169 -0.243313652304 -0.501895660682
2.85884931477 -0.236562379741 -0.495473884466
2.92168116784 -0.230077543548 -0.489184795747
2.98451302091 -0.223845847754 -0.483025504056
3.04734487398 -0.217854793573 -0.476993128645
3.11017672705 -0.212092622552 -0.471084806176
3.17300858013 -0.2065482646 -0.46529769749
3.2358404332 -0.201211290388 -0.459628993475
3.29867228627 -0.196071867688 -0.454075920135
3.36150413934 -0.191120721229 -0.448635742862
3.42433599241 -0.186349095766 -0.443305770072
3.48716784548 -0.18174872202 -0.438083356158
3.54999969856 -0.177311785239 -0.432965903937
3.61283155163 -0.17303089614 -0.427950866556
3.6756634047 -0.168899064004 -0.423035748978
3.73849525777 -0.164909671757 -0.418218109076
3.80132711084 -0.161056452838 -0.413495558369
3.86415896392 -0.157333469732 -0.40886576248
3.92699081699 -0.153735094002 -0.404326441316
3.98982267006 -0.150255987713 -0.399875369035
4.05265452313 -0.146891086142 -0.395510373822
4.1154863762 -0.143635581646 -0.391229337485
4.17831822927 -0.140484908628 -0.387030194939
4.24115008235 -0.137434729497 -0.382910933546
4.30398193542 -0.134480921553 -0.378869592374
4.36681378849 -0.131619564727 -0.374904261372
4.42964564156 -0.128846930113 -0.371013080477
4.49247749463 -0.126159469236 -0.367194238673
4.55530934771 -0.123553803995 -0.363445973007
4.61814120078 -0.121026717248 -0.35976656757
4.68097305385 -0.118575143973 -0.356154352463
4.74380490692 -0.116196162986 -0.352607702745
4.80663675999 -0.113886989161 -0.349125037366
4.86946861306 -0.111644966127 -0.345704818106
4.93230046614 -0.109467559404 -0.342345548509
4.99513231921 -0.107352349955 -0.339045772822
5.05796417228 -0.105297028113 -0.335804074946
5.12079602535 -0.103299387881 -0.332619077394
5.18362787842 -0.101357321553 -0.329489440264
5.24645973149 -0.099468814657 -0.326413860225
5.30929158457 -0.0976319411889 -0.323391069527
5.37212343764 -0.0958448591183 -0.320419835015
5.43495529071 -0.0941058061534 -0.317498957177
5.49778714378 -0.0924130957456 -0.314627269204
5.56061899685 -0.0907651133192 -0.311803636066
5.62345084993 -0.0891603127124 -0.309026953623
5.686282703 -0.087597212816 -0.306296147738
5.74911455607 -0.0860743943987 -0.303610173429
5.81194640914 -0.0845904971065 -0.30096801403
5.87477826221 -0.0831442166254 -0.298368680378
5.93761011528 -0.081734301999 -0.29581121002
6.00044196836 -0.0803595530905 -0.293294666443
6.06327382143 -0.0790188181801 -0.290818138321
6.1261056745 -0.0777109916919 -0.288380738785
6.18893752757 -0.0764350120391 -0.28598160471
6.25176938064 -0.0751898595847 -0.28361989603
6.31460123372 -0.0739745547077 -0.281294795058
6.37743308679 -0.0727881559705 -0.27900550584
6.44026493986 -0.0716297583803 -0.276751253519
6.50309679293 -0.0704984917409 -0.274531283718
6.565928646 -0.0693935190885 -0.272344861944
6.62876049907 -0.0683140352059 -0.270191273006
6.69159235215 -0.0672592652139 -0.268069820452
6.75442420522 -0.0662284632313 -0.265979826023
6.81725605829 -0.0652209111032 -0.263920629122
6.88008791136 -0.0642359171924 -0.261891586297
6.94291976443 -0.0632728152295 -0.259892070744
7.00575161751 -0.0623309632209 -0.257921471821
7.06858347058 -0.061409742409 -0.255979194578
7.13141532365 -0.0605085562837 -0.254064659301
7.19424717672 -0.0596268296409 -0.252177301072
7.25707902979 -0.058764007687 -0.250316569335
7.31991088286 -0.0579195551856 -0.248481927486
7.38274273594 -0.057092955645 -0.246672852465
7.44557458901 -0.0562837105441 -0.244888834368
7.50840644208 -0.0554913385948 -0.243129376068
7.57123829515 -0.0547153750385 -0.241393992844
7.63407014822 -0.0539553709755 -0.239682212029
7.69690200129 -0.0532108927255 -0.237993572664
7.75973385437 -0.0524815212176 -0.236327625158
7.82256570744 -0.0517668514079 -0.234683930972
7.88539756051 -0.0510664917237 -0.233062062296
7.94822941358 -0.0503800635329 -0.23146160175
8.01106126665 -0.0497072006373 -0.229882142086
8.07389311973 -0.0490475487887 -0.228323285899
8.1367249728 -0.0484007652263 -0.226784645355
8.19955682587 -0.0477665182344 -0.225265841917
8.26238867894 -0.0471444867204 -0.223766506084
8.32522053201 -0.0465343598106 -0.222286277141
8.38805238508 -0.0459358364635 -0.22082480291
8.45088423816 -0.0453486251007 -0.219381739517
8.51371609123 -0.0447724432525 -0.217956751155
8.5765479443 -0.0442070172203 -0.216549509867
8.63937979737 -0.0436520817517 -0.215159695324
8.70221165044 -0.0431073797305 -0.21378699462
8.76504350352 -0.0425726618798 -0.212431102062
8.82787535659 -0.0420476864766 -0.21109171898
8.89070720966 -0.0415322190796 -0.209768553528
8.95353906273 -0.0410260322676 -0.208461320506
9.0163709158 -0.0405289053885 -0.207169741174
9.07920276887 -0.0400406243195 -0.205893543077
9.14203462195 -0.0395609812359 -0.204632459883
9.20486647502 -0.0390897743908 -0.20338623121
9.26769832809 -0.0386268079024 -0.202154602474
9.33053018116 -0.0381718915502 -0.200937324728
9.39336203423 -0.0377248405803 -0.199734154517
9.45619388731 -0.037285475517 -0.198544853732
9.51902574038 -0.036853621983 -0.197369189466
9.58185759345 -0.0364291105261 -0.196206933882
9.64468944652 -0.0360117764533 -0.195057864076
9.70752129959 -0.0356014596702 -0.193921761949
9.77035315266 -0.0351980045284 -0.192798414085
9.83318500574 -0.034801259677 -0.191687611626
9.89601685881 -0.0344110779211 -0.190589150158
9.95884871188 -0.0340273160853 -0.189502829593
10.021680565 -0.033649834882 -0.18842845406
10.084512418 -0.0332784987854 -0.187365831799
10.1473442711 -0.0329131759096 -0.186314775053
10.2101761242 -0.0325537378919 -0.18527509997
10.2730079772 -0.0322000597797 -0.184246626501
10.3358398303 -0.0318520199225 -0.183229178309
10.3986716834 -0.031509499867 -0.182222582672
10.4615035365 -0.0311723842569 -0.181226670394
10.5243353895 -0.0308405607352 -0.180241275718
10.5871672426 -0.0305139198518 -0.179266236242
10.6499990957 -0.0301923549724 -0.178301392833
10.7128309487 -0.0298757621925 -0.177346589551
10.7756628018 -0.0295640402532 -0.176401673566
10.8384946549 -0.0292570904609 -0.175466495088
10.901326508 -0.0289548166087 -0.174540907287
10.964158361 -0.0286571249029 -0.173624766227
11.0269902141 -0.0283639238876 -0.172717930794
11.0898220672 -0.02807512438 -0.171820262627
11.1526539202 -0.0277906393936 -0.170931626055
11.2154857733 -0.0275103840887 -0.170051888031
11.2783176264 -0.027234275685 -0.169180918073
11.3411494795 -0.026962233437 -0.168318588194
11.4039813325 -0.0266941785249 -0.167464772863
11.4668131856 -0.0264300340636 -0.166619348917
11.5296450387 -0.0261697249689 -0.16578219555
11.5924768917 -0.0259131779912 -0.164953194197
11.6553087448 -0.0256603215793 -0.164132228559
11.7181405979 -0.0254110859037 -0.163319184468
11.780972451 -0.0251654027576 -0.16251394991
11.843804304 -0.024923205535 -0.161716414933
11.9066361571 -0.024684429188 -0.160926471604
11.9694680102 -0.0244490101616 -0.160144013995
12.0322998632 -0.0242168863829 -0.159368938088
12.0951317163 -0.023987997193 -0.158601141774
12.1579635694 -0.0237622833208 -0.157840524798
12.2207954225 -0.023539686852 -0.157086988694
12.2836272755 -0.0233201511702 -0.156340436788
12.3464591286 -0.0231036209444 -0.15560077413
12.4092909817 -0.022890042087 -0.154867907446
12.4721228348 -0.0226793617061 -0.154141745142
12.5349546878 -0.0224715280983 -0.153422197232
12.5977865409 -0.02226824442 -0.152707937285
12.660618394 -0.0220676270647 -0.152000170834
12.723450247 -0.0218696310175 -0.151298810327
12.7862821001 -0.021674212177 -0.150603769792
12.8491139532 -0.0214813273338 -0.149914964799
12.9119458063 -0.0212909341498 -0.149232312423
12.9747776593 -0.0211029911382 -0.148555731215
13.0376095124 -0.0209174576439 -0.147885141163
13.1004413655 -0.0207342938243 -0.147220463662
13.1632732185 -0.0205534606308 -0.146561621484
13.2261050716 -0.0203749197905 -0.145908538747
13.2889369247 -0.0201986337885 -0.145261140883
13.3517687778 -0.020024565851 -0.144619354611
13.4146006308 -0.0198526799277 -0.143983107908
13.4774324839 -0.0196829406763 -0.143352329986
13.540264337 -0.0195153134457 -0.142726951256
13.60309619 -0.019349764261 -0.142106903312
13.6659280431 -0.019186259808 -0.1414921189
13.7287598962 -0.0190247674183 -0.140882531896
13.7915917493 -0.0188652550552 -0.140278077278
13.8544236023 -0.0187076912991 -0.13967869111
13.9172554554 -0.0185520453343 -0.139084310512
13.9800873085 -0.018398286935 -0.138494873642
14.0429191615 -0.0182463864528 -0.137910319673
14.1057510146 -0.0180963148034 -0.137330588773
14.1685828677 -0.0179480434548 -0.136755622083
14.2314147208 -0.0178015444144 -0.136185361698
14.2942465738 -0.0176567902178 -0.135619750649
14.3570784269 -0.0175137539169 -0.13505873288
14.41991028 -0.0173724090687 -0.134502253234
14.482742133 -0.0172327297246 -0.133950257433
14.5455739861 -0.0170946904191 -0.133402692057
14.6084058392 -0.0169582661598 -0.132859504535
14.6712376923 -0.0168234324172 -0.132320643121
14.7340695453 -0.0166901651144 -0.131786056879
14.7969013984 -0.0165584406177 -0.13125569567
14.8597332515 -0.016428235727 -0.130729510133
14.9225651046 -0.0162995276662 -0.130207451673
14.9853969576 -0.0161722940751 -0.129689472443
15.0482288107 -0.0160465129995 -0.129175525332
15.1110606638 -0.0159221628832 -0.128665563948
15.1738925168 -0.0157992225596 -0.128159542608
15.2367243699 -0.0156776712433 -0.127657416322
15.299556223 -0.0155574885219 -0.12715914078
15.3623880761 -0.0154386543489 -0.126664672339
15.4252199291 -0.0153211490353 -0.126173968011
15.4880517822 -0.0152049532425 -0.125686985452
15.5508836353 -0.015090047975 -0.125203682945
15.6137154883 -0.0149764145733 -0.124724019397
15.6765473414 -0.0148640347069 -0.124247954317
15.7393791945 -0.0147528903675 -0.123775447814
15.8022110476 -0.0146429638626 -0.123306460579
15.8650429006 -0.0145342378086 -0.12284095388
15.9278747537 -0.0144266951249 -0.122378889547
15.9907066068 -0.0143203190276 -0.121920229964
16.0535384598 -0.0142150930234 -0.121464938059
16.1163703129 -0.0141110009037 -0.121012977294
16.179202166 -0.0140080267391 -0.120564311655
16.2420340191 -0.0139061548733 -0.120118905641
16.3048658721 -0.013805369918 -0.11967672426
16.3676977252 -0.0137056567476 -0.119237733014
16.4305295783 -0.0136070004935 -0.118801897893
16.4933614313 -0.0135093865394 -0.118369185367
16.5561932844 -0.0134128005161 -0.117939562376
16.6190251375 -0.0133172282966 -0.117512996324
16.6818569906 -0.0132226559914 -0.117089455067
16.7446888436 -0.0131290699438 -0.116668906911
16.8075206967 -0.0130364567252 -0.116251320596
16.8703525498 -0.0129448031307 -0.115836665299
16.9331844028 -0.0128540961749 -0.115424910615
16.9960162559 -0.0127643230873 -0.11501602656
17.058848109 -0.0126754713084 -0.114609983558
17.1216799621 -0.0125875284855 -0.114206752435
17.1845118151 -0.0125004824687 -0.113806304412
17.2473436682 -0.0124143213069 -0.113408611101
17.3101755213 -0.0123290332441 -0.113013644495
17.3730073744 -0.0122446067157 -0.112621376964
17.4358392274 -0.0121610303448 -0.112231781246
17.4986710805 -0.0120782929385 -0.111844830444
17.5615029336 -0.0119963834844 -0.111460498018
17.6243347866 -0.0119152911475 -0.111078757781
17.6871666397 -0.0118350052665 -0.110699583888
17.7499984928 -0.0117555153506 -0.110322950839
17.8128303459 -0.0116768110763 -0.109948833466
17.8756621989 -0.0115988822844 -0.109577206929
17.938494052 -0.0115217189767 -0.109208046714
18.0013259051 -0.0114453113133 -0.108841328624
18.0641577581 -0.0113696496092 -0.108477028777
18.1269896112 -0.0112947243319 -0.108115123597
18.1898214643 -0.0112205260983 -0.107755589813
18.2526533174 -0.011147045672 -0.107398404453
18.3154851704 -0.0110742739606 -0.107043544836
18.3783170235 -0.011002202013 -0.106690988572
18.4411488766 -0.0109308210171 -0.106340713557
18.5039807296 -0.0108601222968 -0.105992697963
18.5668125827 -0.0107900973099 -0.105646920242
18.6296444358 -0.0107207376454 -0.105303359113
18.6924762889 -0.0106520350215 -0.104961993566
18.7553081419 -0.0105839812828 -0.104622802851
18.818139995 -0.0105165683982 -0.104285766478
18.8809718481 -0.010449788459 -0.103950864211
18.9438037011 -0.0103836336761 -0.103618076066
19.0066355542 -0.0103180963784 -0.103287382304
19.0694674073 -0.0102531690103 -0.102958763431
19.1322992604 -0.0101888441299 -0.102632200193
19.1951311134 -0.010125114407 -0.102307673568
19.2579629665 -0.0100619726208 -0.101985164771
19.3207948196 -0.0099994116584 -0.101664655243
19.3836266726 -0.00993742451262 -0.10134612665
19.4464585257 -0.00987600428021 -0.101029560881
19.5092903788 -0.00981514416006 -0.100714940043
19.5721222319 -0.0097548374514 -0.100402246458
19.6349540849 -0.00969507755206 -0.10009146266
19.697785938 -0.00963585795673 -0.0997825713928
19.7606177911 -0.00957717225532 -0.0994755556043
19.8234496442 -0.0095190141313 -0.0991703984463
19.8862814972 -0.00946137736007 -0.0988670832701
19.9491133503 -0.00940425580742 -0.0985655936236
20.0119452034 -0.00934764342792 -0.0982659132485
20.0747770564 -0.00929153426346 -0.0979680260778
20.1376089095 -0.00923592244172 -0.0976719162327
20.2004407626 -0.00918080217476 -0.0973775680198
20.2632726157 -0.00912616775754 -0.0970849659285
20.3261044687 -0.00907201356651 -0.0967940946286
20.3889363218 -0.00901833405831 -0.0965049389672
20.4517681749 -0.0089651237683 -0.0962174839667
20.5146000279 -0.00891237730935 -0.0959317148219
20.577431881 -0.00886008937052 -0.0956476168975
20.6402637341 -0.00880825471568 -0.0953651757263
20.7030955872 -0.00875686818242 -0.0950843770058
20.7659274402 -0.00870592468074 -0.0948052065967
20.8287592933 -0.00865541919181 -0.0945276505204
20.8915911464 -0.0086053467669 -0.0942516949563
20.9544229994 -0.00855570252613 -0.0939773262403
21.0172548525 -0.00850648165739 -0.0937045308619
21.0800867056 -0.00845767941519 -0.0934332954627
21.1429185587 -0.0084092911196 -0.0931636068336
21.2057504117 -0.00836131215518 -0.0928954519134
21.2685822648 -0.00831373796986 -0.0926288177863
21.3314141179 -0.00826656407405 -0.0923636916799
21.3942459709 -0.00821978603946 -0.0921000609637
21.457077824 -0.00817339949826 -0.0918379131463
21.5199096771 -0.00812740014196 -0.0915772358744
21.5827415302 -0.00808178372058 -0.0913180169304
21.6455733832 -0.00803654604168 -0.0910602442305
21.7084052363 -0.00799168296936 -0.0908039058231
21.7712370894 -0.00794719042344 -0.090548989887
21.8340689424 -0.00790306437854 -0.0902954847297
21.8969007955 -0.00785930086324 -0.0900433787852
21.9597326486 -0.00781589595918 -0.0897926606128
22.0225645017 -0.00777284580021 -0.0895433188954
22.0853963547 -0.00773014657166 -0.0892953424375
22.1482282078 -0.00768779450942 -0.0890487201637
22.2110600609 -0.00764578589918 -0.0888034411175
22.273891914 -0.00760411707567 -0.0885594944591
22.336723767 -0.00756278442193 -0.0883168694643
22.3995556201 -0.00752178436845 -0.0880755555227
22.4623874732 -0.0074811133925 -0.0878355421365
22.5252193262 -0.00744076801741 -0.0875968189187
22.5880511793 -0.00740074481185 -0.0873593755918
22.6508830324 -0.00736104038909 -0.0871232019866
22.7137148855 -0.00732165140637 -0.0868882880401
22.7765467385 -0.0072825745642 -0.0866546237949
22.8393785916 -0.00724380660569 -0.0864221993974
22.9022104447 -0.00720534431585 -0.0861910050967
22.9650422977 -0.00716718452111 -0.0859610312428
23.0278741508 -0.0071293240885 -0.0857322682858
23.0907060039 -0.0070917599251 -0.0855047067748
23.153537857 -0.00705448897752 -0.0852783373556
23.21636971 -0.00701750823121 -0.0850531507705
23.2792015631 -0.00698081470985 -0.0848291378568
23.3420334162 -0.00694440547485 -0.0846062895454
23.4048652692 -0.00690827762475 -0.0843845968597
23.4676971223 -0.00687242829465 -0.0841640509145
23.5305289754 -0.00683685465573 -0.0839446429146
23.5933608285 -0.00680155391461 -0.083726364154
23.6561926815 -0.00676652331288 -0.0835092060146
23.7190245346 -0.00673176012659 -0.0832931599654
23.7818563877 -0.00669726166572 -0.0830782175608
23.8446882407 -0.00666302527368 -0.0828643704399
23.9075200938 -0.00662904832681 -0.0826516103257
23.9703519469 -0.00659532823394 -0.0824399290234
24.0331838 -0.00656186243586 -0.0822293184201
24.096015653 -0.00652864840483 -0.0820197704835
24.1588475061 -0.00649568364423 -0.0818112772607
24.2216793592 -0.00646296568803 -0.081603830877
24.2845112122 -0.00643049210028 -0.0813974235363
24.3473430653 -0.00639826047482 -0.0811920475184
24.4101749184 -0.00636626843477 -0.080987695179
24.4730067715 -0.00633451363207 -0.0807843589488
24.5358386245 -0.00630299374716 -0.0805820313322
24.5986704776 -0.00627170648848 -0.0803807049068
24.6615023307 -0.0062406495921 -0.0801803723223
24.7243341838 -0.00620982082136 -0.0799810262997
24.7871660368 -0.00617921796644 -0.0797826596302
24.8499978899 -0.006148838844 -0.0795852651747
24.912829743 -0.00611868129675 -0.0793888358629
24.975661596 -0.00608874319318 -0.0791933646925
25.0384934491 -0.00605902242708 -0.078998844728
25.1013253022 -0.00602951691728 -0.0788052691004
25.1641571553 -0.00600022460725 -0.0786126310063
25.2269890083 -0.00597114346477 -0.0784209237067
25.2898208614 -0.00594227148154 -0.0782301405271
25.3526527145 -0.00591360667291 -0.0780402748558
25.4154845675 -0.00588514707756 -0.0778513201437
25.4783164206 -0.00585689075706 -0.0776632699035
25.5411482737 -0.00582883579571 -0.077476117709
25.6039801268 -0.00580098030011 -0.0772898571941
25.6668119798 -0.00577332239885 -0.0771044820527
25.7296438329 -0.00574586024233 -0.076919986037
25.792475686 -0.00571859200229 -0.0767363629581
25.855307539 -0.00569151587162 -0.0765536066843
25.9181393921 -0.00566463006411 -0.0763717111408
25.9809712452 -0.00563793281402 -0.0761906703091
26.0438030983 -0.00561142237589 -0.0760104782267
26.1066349513 -0.0055850970243 -0.0758311289852
26.1694668044 -0.00555895505354 -0.0756526167314
26.2322986575 -0.00553299477734 -0.0754749356652
26.2951305105 -0.00550721452863 -0.0752980800401
26.3579623636 -0.00548161265925 -0.0751220441616
26.4207942167 -0.00545618753974 -0.0749468223876
26.4836260698 -0.00543093755909 -0.0747724091269
26.5464579228 -0.00540586112441 -0.0745987988393
26.6092897759 -0.00538095666078 -0.0744259860347
26.672121629 -0.00535622261098 -0.0742539652725
26.734953482 -0.00533165743521 -0.0740827311614
26.7977853351 -0.00530725961092 -0.0739122783584
26.8606171882 -0.00528302763256 -0.0737426015684
26.9234490413 -0.00525896001134 -0.0735736955441
26.9862808943 -0.00523505527502 -0.0734055550846
27.0491127474 -0.00521131196769 -0.0732381750357
27.1119446005 -0.00518772864958 -0.0730715502889
27.1747764536 -0.00516430389676 -0.0729056757813
27.2376083066 -0.00514103630106 -0.0727405464946
27.3004401597 -0.00511792446975 -0.072576157455
27.3632720128 -0.00509496702541 -0.0724125037325
27.4261038658 -0.0050721626057 -0.0722495804406
27.4889357189 -0.00504950986318 -0.0720873827357
27.551767572 -0.00502700746506 -0.0719259058167
27.6145994251 -0.00500465409314 -0.0717651449242
27.6774312781 -0.00498244844345 -0.0716050953408
27.7402631312 -0.00496038922621 -0.0714457523898
27.8030949843 -0.00493847516555 -0.0712871114355
27.8659268373 -0.00491670499941 -0.071129167882
27.9287586904 -0.0048950774793 -0.0709719171735
27.9915905435 -0.00487359137015 -0.0708153547934
28.0544223966 -0.00485224545015 -0.0706594762642
28.1172542496 -0.00483103851056 -0.0705042771467
28.1800861027 -0.00480996935556 -0.0703497530399
28.2429179558 -0.00478903680208 -0.0701958995803
28.3057498088 -0.00476823967961 -0.0700427124422
28.3685816619 -0.0047475768301 -0.0698901873363
28.431413515 -0.00472704710777 -0.0697383200099
28.4942453681 -0.00470664937897 -0.0695871062465
28.5570772211 -0.00468638252193 -0.0694365418654
28.6199090742 -0.00466624542681 -0.0692866227212
28.6827409273 -0.00464623699534 -0.0691373447036
28.7455727803 -0.00462635614085 -0.0689887037366
28.8084046334 -0.00460660178795 -0.0688406957789
28.8712364865 -0.00458697287258 -0.0686933168228
28.9340683396 -0.00456746834173 -0.0685465628942
28.9969001926 -0.00454808715335 -0.0684004300523
29.0597320457 -0.00452882827619 -0.0682549143893
29.1225638988 -0.00450969068973 -0.0681100120295
29.1853957518 -0.00449067338397 -0.0679657191296
29.2482276049 -0.00447177535937 -0.0678220318783
29.311059458 -0.00445299562667 -0.0676789464957
29.3738913111 -0.00443433320674 -0.0675364592332
29.4367231641 -0.00441578713057 -0.0673945663728
29.4995550172 -0.00439735643904 -0.0672532642274
29.5623868703 -0.00437904018281 -0.06711254914
29.6252187234 -0.00436083742227 -0.0669724174835
29.6880505764 -0.00434274722735 -0.0668328656605
29.7508824295 -0.00432476867743 -0.0666938901031
29.8137142826 -0.00430690086122 -0.0665554872721
29.8765461356 -0.00428914287668 -0.0664176536574
29.9393779887 -0.00427149383084 -0.0662803857772
30.0022098418 -0.00425395283979 -0.0661436801778
30.0650416949 -0.00423651902846 -0.0660075334336
30.1278735479 -0.00421919153062 -0.0658719421462
30.190705401 -0.00420196948866 -0.0657369029451
30.2535372541 -0.0041848520536 -0.0656024124865
30.3163691071 -0.00416783838492 -0.0654684674535
30.3792009602 -0.00415092765046 -0.0653350645558
30.4420328133 -0.00413411902638 -0.0652022005291
30.5048646664 -0.00411741169696 -0.0650698721354
30.5676965194 -0.00410080485462 -0.0649380761623
30.6305283725 -0.00408429769976 -0.0648068094228
30.6933602256 -0.0040678894406 -0.0646760687554
30.7561920786 -0.00405157929325 -0.0645458510235
30.8190239317 -0.00403536648149 -0.064416153115
30.8818557848 -0.00401925023672 -0.0642869719427
30.9446876379 -0.00400322979787 -0.0641583044432
31.0075194909 -0.00398730441129 -0.0640301475778
31.070351344 -0.00397147333075 -0.0639024983309
31.1331831971 -0.0039557358172 -0.0637753537108
31.1960150501 -0.00394009113886 -0.0636487107491
31.2588469032 -0.00392453857098 -0.0635225665005
31.3216787563 -0.00390907739588 -0.0633969180427
31.3845106094 -0.00389370690279 -0.0632717624758
31.4473424624 -0.00387842638782 -0.0631470969226
31.5101743155 -0.00386323515382 -0.0630229185281
31.5730061686 -0.00384813251042 -0.062899224459
31.6358380216 -0.00383311777377 -0.0627760119043
31.6986698747 -0.00381819026669 -0.062653278074
31.7615017278 -0.00380334931834 -0.0625310202004
31.8243335809 -0.00378859426439 -0.062409235536
31.8871654339 -0.0037739244468 -0.0622879213549
31.949997287 -0.00375933921379 -0.0621670749516
32.0128291401 -0.00374483791974 -0.0620466936417
32.0756609932 -0.00373041992518 -0.0619267747607
32.1384928462 -0.00371608459668 -0.0618073156646
32.2013246993 -0.00370183130676 -0.0616883137293
32.2641565524 -0.00368765943388 -0.0615697663505
32.3269884054 -0.00367356836237 -0.0614516709435
32.3898202585 -0.00365955748228 -0.0613340249433
32.4526521116 -0.00364562618939 -0.061216825804
32.5154839647 -0.00363177388518 -0.0611000709987
32.5783158177 -0.00361799997666 -0.0609837580195
32.6411476708 -0.00360430387636 -0.0608678843775
32.7039795239 -0.00359068500236 -0.0607524476018
32.7668113769 -0.00357714277804 -0.0606374452405
32.82964323 -0.00356367663219 -0.0605228748595
32.8924750831 -0.00355028599885 -0.060408734043
32.9553069362 -0.00353697031733 -0.0602950203929
33.0181387892 -0.00352372903204 -0.0601817315289
33.0809706423 -0.00351056159258 -0.0600688650883
33.1438024954 -0.00349746745353 -0.0599564187261
33.2066343484 -0.00348444607454 -0.0598443901137
33.2694662015 -0.00347149692019 -0.0597327769403
33.3322980546 -0.0034586194599 -0.0596215769121
33.3951299077 -0.00344581316798 -0.0595107877514
33.4579617607 -0.00343307752351 -0.059400407198
33.5207936138 -0.00342041201033 -0.0592904330073
33.5836254669 -0.00340781611695 -0.0591808629515
33.6464573199 -0.00339528933644 -0.0590716948193
33.709289173 -0.00338283116658 -0.0589629264145
33.7721210261 -0.00337044110959 -0.0588545555577
33.8349528792 -0.00335811867223 -0.0587465800847
33.8977847322 -0.00334586336564 -0.0586389978472
33.9606165853 -0.0033336747054 -0.058531806712
34.0234484384 -0.00332155221138 -0.0584250045617
34.0862802914 -0.00330949540782 -0.0583185892937
34.1491121445 -0.00329750382315 -0.0582125588206
34.2119439976 -0.00328557699001 -0.0581069110699
34.2747758507 -0.00327371444521 -0.0580016439839
34.3376077037 -0.00326191572966 -0.0578967555197
34.4004395568 -0.00325018038838 -0.0577922436486
34.4632714099 -0.00323850797039 -0.0576881063565
34.526103263 -0.00322689802869 -0.0575843416437
34.588935116 -0.00321535012026 -0.0574809475241
34.6517669691 -0.00320386380592 -0.0573779220263
34.7145988222 -0.00319243865042 -0.0572752631924
34.7774306752 -0.00318107422229 -0.0571729690785
34.8402625283 -0.00316977009384 -0.0570710377542
34.9030943814 -0.00315852584114 -0.0569694673025
34.9659262345 -0.00314734104397 -0.05686825582
35.0287580875 -0.00313621528574 -0.0567674014167
35.0915899406 -0.00312514815351 -0.0566669022157
35.1544217937 -0.00311413923794 -0.0565667563529
35.2172536467 -0.0031031881332 -0.0564669619776
35.2800854998 -0.00309229443701 -0.0563675172517
35.3429173529 -0.00308145775056 -0.0562684203497
35.405749206 -0.00307067767847 -0.0561696694592
35.468581059 -0.0030599538288 -0.0560712627797
35.5314129121 -0.00304928581291 -0.0559731985239
35.5942447652 -0.00303867324561 -0.0558754749156
35.6570766182 -0.00302811574489 -0.0557780901922
35.7199084713 -0.00301761293208 -0.0556810426022
35.7827403244 -0.00300716443176 -0.0555843304064
35.8455721775 -0.00299676987167 -0.0554879518775
35.9084040305 -0.00298642888272 -0.0553919053001
35.9712358836 -0.00297614109899 -0.0552961889703
36.0340677367 -0.00296590615764 -0.0552008011959
36.0968995897 -0.00295572369893 -0.055105740296
36.1597314428 -0.00294559336614 -0.0550110046015
36.2225632959 -0.00293551480556 -0.0549165924542
36.285395149 -0.0029254876665 -0.054822502207
36.348227002 -0.00291551160115 -0.0547287322247
36.4110588551 -0.00290558626472 -0.0546352808821
36.4738907082 -0.00289571131524 -0.0545421465656
36.5367225612 -0.00288588641361 -0.0544493276723
36.5995544143 -0.00287611122361 -0.0543568226097
36.6623862674 -0.0028663854118 -0.0542646297965
36.7252181205 -0.00285670864751 -0.0541727476614
36.7880499735 -0.00284708060283 -0.0540811746441
36.8508818266 -0.00283750095258 -0.0539899091944
36.9137136797 -0.00282796937428 -0.0538989497723
36.9765455328 -0.00281848554811 -0.0538082948484
37.0393773858 -0.00280904915691 -0.0537179429029
37.1022092389 -0.00279965988611 -0.0536278924267
37.165041092 -0.00279031742377 -0.0535381419201
37.227872945 -0.0027810214605 -0.0534486898934
37.2907047981 -0.00277177168943 -0.0533595348672
37.3535366512 -0.00276256780624 -0.0532706753711
37.4163685043 -0.00275340950911 -0.0531821099446
37.4792003573 -0.00274429649864 -0.0530938371373
37.5420322104 -0.00273522847792 -0.0530058555073
37.6048640635 -0.00272620515243 -0.0529181636231
37.6676959165 -0.00271722623006 -0.0528307600618
37.7305277696 -0.00270829142109 -0.05274364341
37.7933596227 -0.00269940043811 -0.0526568122639
37.8561914758 -0.00269055299607 -0.0525702652281
37.9190233288 -0.00268174881223 -0.0524840009165
37.9818551819 -0.00267298760609 -0.0523980179524
38.044687035 -0.00266426909945 -0.0523123149673
38.107518888 -0.00265559301636 -0.0522268906019
38.1703507411 -0.00264695908303 -0.0521417435058
38.2331825942 -0.00263836702795 -0.0520568723368
38.2960144473 -0.00262981658169 -0.0519722757618
38.3588463003 -0.00262130747705 -0.051887952456
38.4216781534 -0.00261283944891 -0.051803901103
38.4845100065 -0.00260441223433 -0.051720120395
38.5473418595 -0.00259602557239 -0.0516366090323
38.6101737126 -0.00258767920428 -0.0515533657239
38.6730055657 -0.00257937287325 -0.0514703891865
38.7358374188 -0.00257110632457 -0.0513876781453
38.7986692718 -0.00256287930553 -0.0513052313333
38.8615011249 -0.00255469156542 -0.0512230474919
38.924332978 -0.00254654285549 -0.05114112537
38.987164831 -0.002538432929 -0.0510594637247
39.0499966841 -0.00253036154105 -0.0509780613209
39.1128285372 -0.0025223284488 -0.050896916931
39.1756603903 -0.00251433341117 -0.0508160293356
39.2384922433 -0.00250637618908 -0.0507353973224
39.3013240964 -0.00249845654524 -0.0506550196872
39.3641559495 -0.00249057424429 -0.0505748952327
39.4269878026 -0.00248272905261 -0.0504950227698
39.4898196556 -0.00247492073848 -0.0504154011162
39.5526515087 -0.00246714907192 -0.0503360290974
39.6154833618 -0.00245941382478 -0.0502569055459
39.6783152148 -0.00245171477066 -0.0501780293013
39.7411470679 -0.00244405168488 -0.0500993992111
39.803978921 -0.00243642434454 -0.0500210141291
39.8668107741 -0.00242883252843 -0.0499428729166
39.9296426271 -0.00242127601705 -0.0498649744419
39.9924744802 -0.0024137545926 -0.0497873175802
40.0553063333 -0.00240626803894 -0.0497099012135
40.1181381863 -0.00239881614158 -0.0496327242309
40.1809700394 -0.00239139868766 -0.0495557855283
40.2438018925 -0.00238401546598 -0.0494790840081
40.3066337456 -0.00237666626695 -0.0494026185794
40.3694655986 -0.00236935088252 -0.0493263881584
40.4322974517 -0.0023620691063 -0.0492503916673
40.4951293048 -0.00235482073342 -0.0491746280354
40.5579611578 -0.00234760556056 -0.0490990961981
40.6207930109 -0.00234042338595 -0.0490237950976
40.683624864 -0.00233327400937 -0.0489487236821
40.7464567171 -0.00232615723208 -0.0488738809065
40.8092885701 -0.00231907285683 -0.0487992657319
40.8721204232 -0.00231202068788 -0.0487248771257
40.9349522763 -0.00230500053097 -0.0486507140612
40.9977841293 -0.00229801219326 -0.0485767755184
41.0606159824 -0.0022910554834 -0.0485030604829
41.1234478355 -0.00228413021142 -0.0484295679469
41.1862796886 -0.00227723618881 -0.0483562969082
41.2491115416 -0.00227037322845 -0.0482832463707
41.3119433947 -0.00226354114462 -0.0482104153444
41.3747752478 -0.00225673975296 -0.0481378028452
41.4376071008 -0.00224996887054 -0.0480654078943
41.5004389539 -0.00224322831569 -0.0479932295197
41.563270807 -0.00223651790819 -0.0479212667542
41.6261026601 -0.00222983746907 -0.047849518637
41.6889345131 -0.00222318682073 -0.0477779842125
41.7517663662 -0.00221656578687 -0.047706662531
41.8145982193 -0.00220997419246 -0.0476355526487
41.8774300724 -0.00220341186381 -0.0475646536265
41.9402619254 -0.00219687862842 -0.047493964532
42.0030937785 -0.00219037431517 -0.047423484437
42.0659256316 -0.0021838987541 -0.0473532124197
42.1287574846 -0.00217745177654 -0.0472831475631
42.1915893377 -0.00217103321502 -0.0472132889561
42.2544211908 -0.00216464290332 -0.0471436356925
42.3172530439 -0.00215828067641 -0.0470741868715
42.3800848969 -0.00215194637045 -0.0470049415977
42.44291675 -0.00214563982284 -0.0469358989806
42.5057486031 -0.00213936087209 -0.0468670581351
42.5685804561 -0.00213310935795 -0.0467984181811
42.6314123092 -0.00212688512125 -0.0467299782438
42.6942441623 -0.00212068800406 -0.0466617374531
42.7570760154 -0.00211451784948 -0.0465936949443
42.8199078684 -0.00210837450184 -0.0465258498574
42.8827397215 -0.00210225780653 -0.0464582013376
42.9455715746 -0.00209616761006 -0.0463907485348
43.0084034276 -0.00209010376005 -0.0463234906038
43.0712352807 -0.00208406610522 -0.0462564267044
43.1340671338 -0.00207805449535 -0.0461895560009
43.1968989869 -0.00207206878127 -0.046122877663
43.2597308399 -0.00206610881495 -0.0460563908643
43.322562693 -0.00206017444936 -0.0459900947835
43.3853945461 -0.00205426553847 -0.0459239886045
43.4482263991 -0.00204838193738 -0.0458580715148
43.5110582522 -0.00204252350217 -0.0457923427073
43.5738901053 -0.00203669008994 -0.0457268013792
43.6367219584 -0.0020308815588 -0.0456614467323
43.6995538114 -0.00202509776786 -0.0455962779727
43.7623856645 -0.00201933857723 -0.0455312943113
43.8252175176 -0.00201360384801 -0.0454664949631
43.8880493706 -0.00200789344224 -0.0454018791481
43.9508812237 -0.00200220722298 -0.0453374460901
44.0137130768 -0.00199654505423 -0.0452731950172
44.0765449299 -0.00199090680094 -0.0452091251623
44.1393767829 -0.00198529232896 -0.0451452357625
44.202208636 -0.00197970150515 -0.045081526059
44.2650404891 -0.00197413419726 -0.0450179952971
44.3278723422 -0.00196859027397 -0.0449546427265
44.3907041952 -0.00196306960486 -0.0448914676011
44.4535360483 -0.00195757206044 -0.0448284691789
44.5163679014 -0.00195209751209 -0.0447656467219
44.5791997544 -0.00194664583208 -0.0447029994967
44.6420316075 -0.00194121689362 -0.044640526773
44.7048634606 -0.0019358105707 -0.0445782278255
44.7676953137 -0.00193042673825 -0.0445161019324
44.8305271667 -0.00192506527204 -0.044454148376
44.8933590198 -0.0019197260487 -0.0443923664425
44.9561908729 -0.00191440894569 -0.044330755422
45.0190227259 -0.00190911384133 -0.0442693146086
45.081854579 -0.00190384061477 -0.0442080433003
45.1446864321 -0.00189858914598 -0.044146940799
45.2075182852 -0.00189335931574 -0.0440860064098
45.2703501382 -0.00188815100566 -0.0440252394428
45.3331819913 -0.00188296409816 -0.0439646392105
45.3960138444 -0.00187779847645 -0.0439042050299
45.4588456974 -0.00187265402453 -0.0438439362219
45.5216775505 -0.00186753062719 -0.0437838321105
45.5845094036 -0.00186242817001 -0.0437238920239
45.6473412567 -0.00185734653934 -0.0436641152934
45.7101731097 -0.00185228562228 -0.0436045012545
45.7730049628 -0.0018472453067 -0.043545049246
45.8358368159 -0.00184222548126 -0.0434857586099
45.8986686689 -0.00183722603531 -0.0434266286926
45.961500522 -0.00183224685901 -0.0433676588431
46.0243323751 -0.00182728784319 -0.0433088484147
46.0871642282 -0.00182234887947 -0.0432501967635
46.1499960812 -0.00181742986013 -0.0431917032498
46.2128279343 -0.00181253067828 -0.0431333672362
46.2756597874 -0.00180765122761 -0.0430751880898
46.3384916404 -0.00180279140259 -0.0430171651808
46.4013234935 -0.00179795109841 -0.0429592978824
46.4641553466 -0.00179313021091 -0.0429015855715
46.5269871997 -0.00178832863668 -0.0428440276278
46.5898190527 -0.0017835462729 -0.0427866234352
46.6526509058 -0.00177878301756 -0.0427293723798
46.7154827589 -0.00177403876922 -0.0426722738519
46.778314612 -0.00176931342716 -0.0426153272443
46.841146465 -0.00176460689128 -0.0425585319538
46.9039783181 -0.00175991906221 -0.0425018873793
46.9668101712 -0.00175524984117 -0.0424453929239
47.0296420242 -0.00175059913006 -0.0423890479932
47.0924738773 -0.00174596683144 -0.0423328519961
47.1553057304 -0.00174135284845 -0.0422768043448
47.2181375835 -0.00173675708494 -0.0422209044543
47.2809694365 -0.00173217944532 -0.0421651517429
47.3438012896 -0.00172761983468 -0.0421095456316
47.4066331427 -0.00172307815868 -0.0420540855448
47.4694649957 -0.00171855432363 -0.0419987709097
47.5322968488 -0.00171404823644 -0.0419436011567
47.5951287019 -0.00170955980462 -0.0418885757188
47.657960555 -0.00170508893628 -0.041833694032
47.720792408 -0.00170063554014 -0.0417789555356
47.7836242611 -0.00169619952548 -0.0417243596716
47.8464561142 -0.00169178080222 -0.0416699058846
47.9092879672 -0.0016873792808 -0.0416155936225
47.9721198203 -0.00168299487227 -0.0415614223359
48.0349516734 -0.00167862748824 -0.0415073914781
48.0977835265 -0.00167427704091 -0.0414535005054
48.1606153795 -0.00166994344303 -0.0413997488768
48.2234472326 -0.0016656266079 -0.0413461360542
48.2862790857 -0.0016613264494 -0.0412926615018
48.3491109387 -0.00165704288194 -0.0412393246873
48.4119427918 -0.00165277582047 -0.0411861250807
48.4747746449 -0.00164852518053 -0.0411330621543
48.537606498 -0.00164429087813 -0.0410801353841
48.600438351 -0.00164007282987 -0.0410273442479
48.6632702041 -0.00163587095287 -0.0409746882263
48.7261020572 -0.00163168516473 -0.0409221668031
48.7889339102 -0.00162751538364 -0.040869779464
48.8517657633 -0.00162336152828 -0.0408175256976
48.9145976164 -0.00161922351785 -0.0407654049953
48.9774294695 -0.00161510127201 -0.0407134168508
49.0402613225 -0.00161099471102 -0.0406615607603
49.1030931756 -0.00160690375554 -0.0406098362232
49.1659250287 -0.00160282832683 -0.0405582427403
49.2287568818 -0.00159876834659 -0.0405067798158
49.2915887348 -0.00159472373699 -0.0404554469563
49.3544205879 -0.00159069442076 -0.0404042436702
49.417252441 -0.00158668032102 -0.0403531694694
49.480084294 -0.00158268136145 -0.0403022238675
49.5429161471 -0.00157869746621 -0.0402514063805
49.6057480002 -0.00157472855987 -0.0402007165271
49.6685798533 -0.0015707745675 -0.0401501538287
49.7314117063 -0.00156683541465 -0.0400997178085
49.7942435594 -0.00156291102731 -0.0400494079923
49.8570754125 -0.00155900133196 -0.0399992239084
49.9199072655 -0.00155510625553 -0.0399491650871
49.9827391186 -0.00155122572535 -0.0398992310615
50.0455709717 -0.00154735966928 -0.0398494213666
50.1084028248 -0.00154350801556 -0.03979973554
50.1712346778 -0.00153967069291 -0.0397501731213
50.2340665309 -0.00153584763049 -0.0397007336525
50.296898384 -0.00153203875789 -0.0396514166779
50.359730237 -0.00152824400512 -0.039602221744
50.4225620901 -0.00152446330258 -0.0395531483999
50.4853939432 -0.00152069658123 -0.039504196196
50.5482257963 -0.00151694377233 -0.0394553646856
50.6110576493 -0.00151320480759 -0.0394066534244
50.6738895024 -0.00150947961916 -0.0393580619697
50.7367213555 -0.0015057681396 -0.039309589881
50.7995532085 -0.00150207030185 -0.0392612367206
50.8623850616 -0.00149838603931 -0.039213002052
50.9252169147 -0.00149471528574 -0.0391648854415
50.9880487678 -0.00149105797531 -0.0391168864574
51.0508806208 -0.00148741404262 -0.0390690046699
51.1137124739 -0.00148378342264 -0.0390212396515
51.176544327 -0.00148016605072 -0.0389735909767
51.23937618 -0.00147656186265 -0.0389260582217
51.3022080331 -0.00147297079456 -0.0388786409655
51.3650398862 -0.00146939278298 -0.0388313387885
51.4278717393 -0.00146582776485 -0.0387841512732
51.4907035923 -0.00146227567743 -0.0387370780046
51.5535354454 -0.00145873645843 -0.038690118569
51.6163672985 -0.00145521004587 -0.0386432725553
51.6791991516 -0.00145169637818 -0.0385965395538
51.7420310046 -0.00144819539415 -0.0385499191576
51.8048628577 -0.00144470703293 -0.0385034109606
51.8676947108 -0.00144123123403 -0.0384570145595
51.9305265638 -0.00143776793735 -0.0384107295527
51.9933584169 -0.00143431708309 -0.0383645555408
52.05619027 -0.00143087861189 -0.0383184921254
52.1190221231 -0.00142745246465 -0.0382725389113
52.1818539761 -0.0014240385827 -0.0382266955039
52.2446858292 -0.00142063690769 -0.0381809615112
52.3075176823 -0.00141724738159 -0.0381353365432
52.3703495353 -0.00141386994674 -0.0380898202111
52.4331813884 -0.00141050454581 -0.0380444121287
52.4960132415 -0.00140715112182 -0.0379991119109
52.5588450946 -0.00140380961813 -0.0379539191749
52.6216769476 -0.00140047997844 -0.0379088335394
52.6845088007 -0.00139716214674 -0.0378638546252
52.7473406538 -0.00139385606735 -0.0378189820549
52.8101725068 -0.00139056168501 -0.0377742154524
52.8730043599 -0.00138727894466 -0.0377295544437
52.935836213 -0.00138400779165 -0.0376849986569
52.9986680661 -0.00138074817161 -0.037640547721
53.0614999191 -0.00137750003048 -0.0375962012676
53.1243317722 -0.00137426331457 -0.0375519589293
53.1871636253 -0.00137103797043 -0.037507820341
53.2499954783 -0.00136782394497 -0.037463785139
53.3128273314 -0.0013646211854 -0.0374198529613
53.3756591845 -0.00136142963924 -0.0373760234476
53.4384910376 -0.00135824925429 -0.0373322962392
53.5013228906 -0.00135507997867 -0.0372886709795
53.5641547437 -0.00135192176082 -0.037245147313
53.6269865968 -0.00134877454945 -0.0372017248859
53.6898184498 -0.00134563829357 -0.0371584033465
53.7526503029 -0.00134251294249 -0.0371151823444
53.815482156 -0.00133939844582 -0.0370720615307
53.8783140091 -0.00133629475344 -0.0370290405582
53.9411458621 -0.00133320181554 -0.0369861190817
54.0039777152 -0.0013301195826 -0.0369432967566
54.0668095683 -0.00132704800534 -0.0369005732412
54.1296414214 -0.00132398703481 -0.0368579481944
54.1924732744 -0.00132093662233 -0.0368154212769
54.2553051275 -0.00131789671948 -0.0367729921511
54.3181369806 -0.00131486727813 -0.0367306604808
54.3809688336 -0.00131184825046 -0.0366884259312
54.4438006867 -0.00130883958882 -0.0366462881698
54.5066325398 -0.00130584124593 -0.0366042468644
54.5694643929 -0.00130285317476 -0.0365623016854
54.6322962459 -0.00129987532852 -0.0365204523038
54.695128099 -0.00129690766071 -0.0364786983927
54.7579599521 -0.00129395012506 -0.0364370396267
54.8207918051 -0.00129100267562 -0.0363954756816
54.8836236582 -0.00128806526661 -0.0363540062348
54.9464555113 -0.00128513785263 -0.0363126309648
55.0092873644 -0.00128222038845 -0.036271349552
55.0721192174 -0.00127931282906 -0.0362301616786
55.1349510705 -0.0012764151298 -0.0361890670273
55.1977829236 -0.00127352724625 -0.0361480652825
55.2606147766 -0.00127064913417 -0.0361071561307
55.3234466297 -0.0012677807496 -0.0360663392589
55.3862784828 -0.00126492204887 -0.036025614356
55.4491103359 -0.00126207298849 -0.0359849811122
55.5119421889 -0.00125923352524 -0.0359444392193
55.574774042 -0.00125640361614 -0.03590398837
55.6376058951 -0.0012535832185 -0.0358636282585
55.7004377481 -0.00125077228976 -0.0358233585811
55.7632696012 -0.00124797078768 -0.0357831790342
55.8261014543 -0.00124517867025 -0.0357430893165
55.8889333074 -0.00124239589564 -0.0357030891278
55.9517651604 -0.00123962242233 -0.035663178169
56.0145970135 -0.00123685820896 -0.0356233561428
56.0774288666 -0.00123410321443 -0.0355836227525
56.1402607196 -0.00123135739788 -0.0355439777034
56.2030925727 -0.00122862071865 -0.035504420702
56.2659244258 -0.00122589313632 -0.0354649514555
56.3287562789 -0.00122317461068 -0.0354255696733
56.3915881319 -0.00122046510175 -0.0353862750654
56.454419985 -0.00121776456978 -0.0353470673431
56.5172518381 -0.00121507297522 -0.0353079462194
56.5800836912 -0.00121239027875 -0.0352689114083
56.6429155442 -0.00120971644125 -0.0352299626251
56.7057473973 -0.00120705142385 -0.0351910995861
56.7685792504 -0.00120439518784 -0.0351523220092
56.8314111034 -0.00120174769477 -0.0351136296134
56.8942429565 -0.00119910890635 -0.0350750221192
56.9570748096 -0.00119647878456 -0.0350364992476
57.0199066627 -0.00119385729155 -0.0349980607215
57.0827385157 -0.00119124438967 -0.0349597062648
57.1455703688 -0.00118864004149 -0.0349214356026
57.2084022219 -0.00118604420979 -0.0348832484607
57.2712340749 -0.00118345685753 -0.0348451445672
57.334065928 -0.00118087794787 -0.0348071236505
57.3968977811 -0.00117830744422 -0.0347691854403
57.4597296342 -0.00117574531012 -0.0347313296675
57.5225614872 -0.00117319150933 -0.0346935560647
57.5853933403 -0.00117064600583 -0.0346558643648
57.6482251934 -0.00116810876378 -0.0346182543023
57.7110570464 -0.00116557974751 -0.034580725613
57.7738888995 -0.00116305892157 -0.0345432780335
57.8367207526 -0.00116054625072 -0.0345059113015
57.8995526057 -0.00115804169983 -0.0344686251562
57.9623844587 -0.00115554523404 -0.0344314193378
58.0252163118 -0.00115305681862 -0.0343942935875
58.0880481649 -0.0011505764191 -0.0343572476473
58.1508800179 -0.00114810400109 -0.0343202812613
58.213711871 -0.00114563953048 -0.0342833941733
58.2765437241 -0.00114318297328 -0.0342465861293
58.3393755772 -0.00114073429571 -0.0342098568761
58.4022074302 -0.00113829346419 -0.0341732061611
58.4650392833 -0.00113586044522 -0.0341366337337
58.5278711364 -0.00113343520562 -0.0341001393433
58.5907029894 -0.00113101771227 -0.0340637227415
58.6535348425 -0.0011286079323 -0.0340273836797
58.7163666956 -0.00112620583296 -0.0339911219115
58.7791985487 -0.00112381138173 -0.0339549371906
58.8420304017 -0.00112142454619 -0.0339188292726
58.9048622548 -0.00111904529416 -0.0338827979135
58.9676941079 -0.00111667359358 -0.0338468428706
59.030525961 -0.0011143094126 -0.0338109639021
59.093357814 -0.00111195271949 -0.0337751607675
59.1561896671 -0.00110960348276 -0.0337394332266
59.2190215202 -0.00110726167097 -0.0337037810416
59.2818533732 -0.00110492725298 -0.0336682039738
59.3446852263 -0.00110260019771 -0.0336327017871
59.4075170794 -0.00110028047429 -0.0335972742457
59.4703489325 -0.00109796805199 -0.033561921115
59.5331807855 -0.00109566290027 -0.0335266421609
59.5960126386 -0.00109336498872 -0.033491437151
59.6588444917 -0.00109107428711 -0.0334563058532
59.7216763447 -0.00108879076533 -0.033421248037
59.7845081978 -0.00108651439348 -0.0333862634725
59.8473400509 -0.00108424514179 -0.0333513519305
59.910171904 -0.00108198298062 -0.0333165131834
59.973003757 -0.00107972788052 -0.0332817470039
60.0358356101 -0.0010774798122 -0.0332470531659
60.0986674632 -0.00107523874647 -0.0332124314446
60.1614993162 -0.00107300465433 -0.0331778816157
60.2243311693 -0.00107077750694 -0.0331434034556
60.2871630224 -0.00106855727556 -0.0331089967425
60.3499948755 -0.00106634393165 -0.0330746612546
60.4128267285 -0.00106413744679 -0.0330403967715
60.4756585816 -0.00106193779271 -0.0330062030736
60.5384904347 -0.0010597449413 -0.0329720799419
60.6013222877 -0.00105755886456 -0.032938027159
60.6641541408 -0.00105537953468 -0.0329040445077
60.7269859939 -0.00105320692395 -0.032870131772
60.789817847 -0.00105104100482 -0.032836288737
60.8526497 -0.00104888174989 -0.0328025151882
60.9154815531 -0.00104672913189 -0.0327688109122
60.9783134062 -0.00104458312367 -0.0327351756968
61.0411452592 -0.00104244369825 -0.0327016093299
61.1039771123 -0.00104031082879 -0.0326681116009
61.1668089654 -0.00103818448854 -0.0326346823002
61.2296408185 -0.00103606465097 -0.0326013212179
61.2924726715 -0.00103395128955 -0.0325680281469
61.3553045246 -0.00103184437804 -0.0325348028788
61.4181363777 -0.00102974389023 -0.0325016452077
61.4809682308 -0.00102764980009 -0.0324685549273
61.5438000838 -0.00102556208167 -0.0324355318335
61.6066319369 -0.00102348070922 -0.0324025757217
61.66946379 -0.00102140565707 -0.0323696863887
61.732295643 -0.00101933689969 -0.0323368636324
61.7951274961 -0.00101727441168 -0.032304107251
61.8579593492 -0.00101521816778 -0.0322714170439
61.9207912023 -0.00101316814285 -0.0322387928109
61.9836230553 -0.00101112431186 -0.0322062343531
62.0464549084 -0.00100908664994 -0.0321737414719
62.1092867615 -0.00100705513231 -0.0321413139698
62.1721186145 -0.00100502973433 -0.0321089516499
62.2349504676 -0.00100301043148 -0.0320766543165
62.2977823207 -0.00100099719937 -0.0320444217743
62.3606141738 -0.000998990013719 -0.0320122538288
62.4234460268 -0.000996988850373 -0.0319801502864
62.4862778799 -0.000994993685299 -0.0319481109543
62.549109733 -0.000993004494594 -0.0319161356401
62.611941586 -0.00099102125445 -0.0318842241528
62.6747734391 -0.000989043941191 -0.0318523763016
62.7376052922 -0.000987072531266 -0.0318205918968
62.8004371453 -0.000985107001238 -0.0317888707492
62.8632689983 -0.000983147327759 -0.0317572126706
62.9261008514 -0.000981193487639 -0.0317256174733
62.9889327045 -0.000979245457771 -0.0316940849707
63.0517645575 -0.000977303215184 -0.0316626149762
63.1145964106 -0.000975366736992 -0.0316312073051
63.1774282637 -0.000973436000446 -0.0315998617724
63.2402601168 -0.000971510982917 -0.031568578194
63.3030919698 -0.000969591661866 -0.0315373563869
63.3659238229 -0.000967678014846 -0.0315061961689
63.428755676 -0.000965770019562 -0.0314750973581
63.491587529 -0.000963867653824 -0.0314440597733
63.5544193821 -0.000961970895522 -0.0314130832343
63.6172512352 -0.000960079722682 -0.0313821675614
63.6800830883 -0.00095819411341 -0.0313513125758
63.7429149413 -0.000956314045956 -0.0313205180992
63.8057467944 -0.000954439498652 -0.031289783954
63.8685786475 -0.000952570449909 -0.0312591099637
63.9314105006 -0.000950706878309 -0.0312284959518
63.9942423536 -0.000948848762488 -0.031197941743
64.0570742067 -0.000946996081193 -0.0311674471627
64.1199060598 -0.00094514881329 -0.0311370120365
64.1827379128 -0.00094330693774 -0.0311066361911
64.2455697659 -0.000941470433598 -0.0310763194538
64.308401619 -0.000939639280021 -0.0310460616527
64.3712334721 -0.000937813456282 -0.0310158626161
64.4340653251 -0.000935992941758 -0.0309857221732
64.4968971782 -0.00093417771589 -0.0309556401543
64.5597290313 -0.000932367758252 -0.0309256163897
64.6225608843 -0.000930563048492 -0.0308956507108
64.6853927374 -0.000928763566385 -0.0308657429494
64.7482245905 -0.000926969291796 -0.0308358929376
64.8110564436 -0.00092518020465 -0.0308061005093
64.8738882966 -0.000923396285015 -0.0307763654979
64.9367201497 -0.000921617513026 -0.030746687738
64.9995520028 -0.000919843868942 -0.0307170670644
65.0623838558 -0.000918075333072 -0.0306875033133
65.1252157089 -0.000916311885875 -0.0306579963204
65.188047562 -0.000914553507861 -0.0306285459231
65.2508794151 -0.000912800179613 -0.0305991519592
65.3137112681 -0.000911051881897 -0.0305698142664
65.3765431212 -0.000909308595464 -0.0305405326839
65.4393749743 -0.000907570301219 -0.030511307051
65.5022068273 -0.000905836980173 -0.0304821372076
65.5650386804 -0.000904108613362 -0.0304530229946
65.6278705335 -0.000902385181949 -0.0304239642534
65.6907023866 -0.00090066666722 -0.0303949608254
65.7535342396 -0.000898953050491 -0.0303660125532
65.8163660927 -0.00089724431319 -0.0303371192802
65.8791979458 -0.000895540436829 -0.0303082808499
65.9420297988 -0.000893841403023 -0.0302794971064
66.0048616519 -0.000892147193463 -0.0302507678946
66.067693505 -0.000890457789916 -0.0302220930601
66.1305253581 -0.000888773174261 -0.0301934724486
66.1933572111 -0.000887093328429 -0.030164905907
66.2561890642 -0.000885418234471 -0.0301363932822
66.3190209173 -0.00088374787449 -0.0301079344221
66.3818527704 -0.000882082230691 -0.0300795291749
66.4446846234 -0.000880421285358 -0.0300511773897
66.5075164765 -0.000878765020858 -0.0300228789158
66.5703483296 -0.000877113419648 -0.0299946336032
66.6331801826 -0.000875466464255 -0.0299664413024
66.6960120357 -0.000873824137294 -0.0299383018647
66.7588438888 -0.000872186421477 -0.0299102151414
66.8216757419 -0.00087055329957 -0.0298821809852
66.8845075949 -0.000868924754399 -0.0298541992489
66.947339448 -0.000867300768937 -0.0298262697854
67.0101713011 -0.00086568132618 -0.0297983924491
67.0730031541 -0.00086406640924 -0.0297705670939
67.1358350072 -0.000862456001275 -0.0297427935752
67.1986668603 -0.000860850085539 -0.0297150717484
67.2614987134 -0.000859248645362 -0.0296874014695
67.3243305664 -0.000857651664157 -0.0296597825949
67.3871624195 -0.000856059125395 -0.029632214982
67.4499942726 -0.00085447101264 -0.0296046984883
67.5128261256 -0.000852887309515 -0.029577232972
67.5756579787 -0.00085130799976 -0.0295498182915
67.6384898318 -0.000849733067123 -0.0295224543065
67.7013216849 -0.000848162495488 -0.0294951408765
67.7641535379 -0.000846596268776 -0.0294678778618
67.826985391 -0.000845034371002 -0.0294406651229
67.8898172441 -0.000843476786245 -0.0294135025214
67.9526490971 -0.000841923498659 -0.0293863899189
68.0154809502 -0.000840374492486 -0.0293593271775
68.0783128033 -0.000838829752005 -0.0293323141603
68.1411446564 -0.000837289261586 -0.0293053507305
68.2039765094 -0.00083575300568 -0.0292784367519
68.2668083625 -0.000834220968809 -0.0292515720887
68.3296402156 -0.000832693135531 -0.0292247566059
68.3924720686 -0.000831169490533 -0.0291979901683
68.4553039217 -0.000829650018501 -0.0291712726422
68.5181357748 -0.000828134704264 -0.0291446038936
68.5809676279 -0.000826623532672 -0.0291179837891
68.6437994809 -0.000825116488657 -0.0290914121962
68.706631334 -0.000823613557208 -0.0290648889826
68.7694631871 -0.000822114723409 -0.0290384140162
68.8322950402 -0.000820619972382 -0.029011987166
68.8951268932 -0.000819129289339 -0.0289856083011
68.9579587463 -0.000817642659546 -0.0289592772909
69.0207905994 -0.000816160068328 -0.0289329940057
69.0836224524 -0.00081468150111 -0.0289067583158
69.1464543055 -0.000813206943359 -0.0288805700924
69.2092861586 -0.000811736380587 -0.0288544292069
69.2721180117 -0.000810269798409 -0.0288283355313
69.3349498647 -0.00080880718248 -0.0288022889382
69.3977817178 -0.000807348518537 -0.0287762893001
69.4606135709 -0.000805893792361 -0.0287503364907
69.5234454239 -0.000804442989823 -0.0287244303834
69.586277277 -0.000802996096816 -0.0286985708529
69.6491091301 -0.000801553099348 -0.0286727577734
69.7119409832 -0.000800113983462 -0.0286469910203
69.7747728362 -0.000798678735251 -0.0286212704691
69.8376046893 -0.000797247340896 -0.0285955959957
69.9004365424 -0.000795819786614 -0.0285699674769
69.9632683954 -0.000794396058717 -0.0285443847892
70.0261002485 -0.000792976143542 -0.0285188478103
70.0889321016 -0.000791560027508 -0.0284933564179
70.1517639547 -0.000790147697091 -0.0284679104901
70.2145958077 -0.000788739138822 -0.0284425099055
70.2774276608 -0.000787334339301 -0.0284171545433
70.3402595139 -0.00078593328517 -0.0283918442832
70.4030913669 -0.000784535963167 -0.0283665790047
70.46592322 -0.000783142360032 -0.0283413585884
70.5287550731 -0.000781752462605 -0.0283161829152
70.5915869262 -0.000780366257786 -0.0282910518661
70.6544187792 -0.000778983732513 -0.0282659653229
70.7172506323 -0.0007776048738 -0.0282409231673
70.7800824854 -0.000776229668675 -0.0282159252824
70.8429143384 -0.000774858104309 -0.0281909715503
70.9057461915 -0.000773490167833 -0.0281660618548
70.9685780446 -0.000772125846495 -0.0281411960793
71.0314098977 -0.000770765127569 -0.0281163741084
71.0942417507 -0.00076940799841 -0.0280915958261
71.1570736038 -0.000768054446414 -0.0280668611175
71.2199054569 -0.000766704459039 -0.0280421698679
71.28273731 -0.000765358023787 -0.0280175219631
71.345569163 -0.000764015128223 -0.027992917289
71.4084010161 -0.000762675759972 -0.0279683557322
71.4712328692 -0.000761339906695 -0.0279438371797
71.5340647222 -0.000760007556104 -0.027919361519
71.5968965753 -0.000758678696012 -0.0278949286375
71.6597284284 -0.00075735331421 -0.0278705384234
71.7225602815 -0.00075603139862 -0.0278461907651
71.7853921345 -0.000754712937164 -0.0278218855516
71.8482239876 -0.000753397917829 -0.027797622672
71.9110558407 -0.000752086328649 -0.0277734020163
71.9738876937 -0.000750778157728 -0.0277492234742
72.0367195468 -0.000749473393226 -0.027725086936
72.0995513999 -0.000748172023311 -0.0277009922927
72.162383253 -0.000746874036253 -0.0276769394354
72.225215106 -0.000745579420331 -0.0276529282558
72.2880469591 -0.000744288163909 -0.0276289586455
72.3508788122 -0.000743000255381 -0.027605030497
72.4137106652 -0.00074171568319 -0.027581143703
72.4765425183 -0.000740434435843 -0.0275572981565
72.5393743714 -0.000739156501891 -0.0275334937506
72.6022062245 -0.000737881869924 -0.0275097303794
72.6650380775 -0.000736610528581 -0.027486007937
72.7278699306 -0.000735342466576 -0.0274623263177
72.7907017837 -0.000734077672633 -0.0274386854166
72.8535336367 -0.000732816135562 -0.0274150851285
72.9163654898 -0.000731557844181 -0.0273915253497
72.9791973429 -0.000730302787404 -0.0273680059753
73.042029196 -0.000729050954144 -0.0273445269022
73.104861049 -0.000727802333387 -0.0273210880268
73.1676929021 -0.000726556914175 -0.0272976892459
73.2305247552 -0.000725314685577 -0.0272743304571
73.2933566082 -0.000724075636707 -0.027251011558
73.3561884613 -0.000722839756742 -0.0272277324468
73.4190203144 -0.000721607034891 -0.0272044930216
73.4818521675 -0.000720377460409 -0.0271812931815
73.5446840205 -0.00071915102262 -0.0271581328252
73.6075158736 -0.000717927710867 -0.0271350118523
73.6703477267 -0.000716707514533 -0.0271119301627
73.7331795798 -0.000715490423079 -0.0270888876562
73.7960114328 -0.000714276425988 -0.0270658842333
73.8588432859 -0.000713065512784 -0.0270429197949
73.921675139 -0.000711857673022 -0.0270199942423
73.984506992 -0.000710652896375 -0.0269971074764
74.0473388451 -0.000709451172458 -0.0269742593993
74.1101706982 -0.000708252490984 -0.0269514499131
74.1730025513 -0.000707056841722 -0.0269286789202
74.2358344043 -0.000705864214427 -0.0269059463237
74.2986662574 -0.000704674598958 -0.0268832520263
74.3614981105 -0.000703487985225 -0.026860595931
74.4243299635 -0.000702304363085 -0.0268379779425
74.4871618166 -0.000701123722529 -0.0268153979644
74.5499936697 -0.000699946053579 -0.0267928559009
74.6128255228 -0.000698771346277 -0.0267703516565
74.6756573758 -0.000697599590673 -0.0267478851373
74.7384892289 -0.000696430776934 -0.0267254562476
74.801321082 -0.000695264895214 -0.0267030648935
74.864152935 -0.00069410193573 -0.0266807109808
74.9269847881 -0.000692941888733 -0.0266583944159
74.9898166412 -0.000691784744515 -0.0266361151053
75.0526484943 -0.000690630493419 -0.026613872956
75.1154803473 -0.000689479125792 -0.0265916678753
75.1783122004 -0.000688330632086 -0.0265694997703
75.2411440535 -0.000687185002707 -0.0265473685494
75.3039759065 -0.000686042228195 -0.0265252741204
75.3668077596 -0.000684902299056 -0.0265032163917
75.4296396127 -0.000683765205856 -0.0264811952722
75.4924714658 -0.000682630939222 -0.0264592106709
75.5553033188 -0.000681499489778 -0.0264372624973
75.6181351719 -0.000680370848249 -0.0264153506607
75.680967025 -0.000679245005329 -0.0263934750715
75.743798878 -0.000678121951797 -0.0263716356394
75.8066307311 -0.000677001678448 -0.0263498322754
75.8694625842 -0.000675884176136 -0.02632806489
75.9322944373 -0.000674769435714 -0.0263063333947
75.9951262903 -0.000673657448115 -0.0262846377006
76.0579581434 -0.0006725482043 -0.0262629777194
76.1207899965 -0.000671441695214 -0.0262413533637
76.1836218496 -0.000670337911939 -0.0262197645448
76.2464537026 -0.000669236845523 -0.0261982111758
76.3092855557 -0.000668138487045 -0.0261766931696
76.3721174088 -0.000667042827655 -0.0261552104394
76.4349492618 -0.000665949858528 -0.0261337628984
76.4977811149 -0.000664859570859 -0.0261123504603
76.560612968 -0.000663771955901 -0.0260909730395
76.6234448211 -0.000662687004946 -0.0260696305498
76.6862766741 -0.000661604709282 -0.0260483229062
76.7491085272 -0.000660525060284 -0.026027050023
76.8119403803 -0.00065944804933 -0.0260058118156
76.8747722333 -0.000658373667835 -0.0259846081995
76.9376040864 -0.000657301907259 -0.0259634390902
77.0004359395 -0.000656232759092 -0.0259423044037
77.0632677926 -0.000655166214861 -0.025921204056
77.1260996456 -0.000654102266133 -0.0259001379638
77.1889314987 -0.000653040904485 -0.0258791060439
77.2517633518 -0.000651982121546 -0.0258581082131
77.3145952048 -0.000650925908984 -0.0258371443889
77.3774270579 -0.000649872258487 -0.0258162144887
77.440258911 -0.000648821161785 -0.0257953184305
77.5030907641 -0.000647772610654 -0.0257744561321
77.5659226171 -0.000646726596867 -0.025753627512
77.6287544702 -0.000645683112277 -0.0257328324888
77.6915863233 -0.000644642148715 -0.0257120709814
77.7544181763 -0.000643603698096 -0.0256913429088
77.8172500294 -0.000642567752324 -0.0256706481908
77.8800818825 -0.000641534303375 -0.0256499867465
77.9429137356 -0.00064050334324 -0.0256293584961
78.0057455886 -0.000639474863936 -0.0256087633597
78.0685774417 -0.000638448857514 -0.0255882012579
78.1314092948 -0.00063742531607 -0.025567672111
78.1942411478 -0.000636404231707 -0.0255471758403
78.2570730009 -0.000635385596578 -0.0255267123669
78.319904854 -0.000634369402875 -0.0255062816119
78.3827367071 -0.0006333556428 -0.0254858834974
78.4455685601 -0.000632344308604 -0.0254655179451
78.5084004132 -0.000631335392522 -0.0254451848777
78.5712322663 -0.000630328886946 -0.0254248842163
78.6340641194 -0.000629324784122 -0.025404615885
78.6968959724 -0.000628323076447 -0.0253843798062
78.7597278255 -0.000627323756311 -0.0253641759031
78.8225596786 -0.000626326816159 -0.0253440040987
78.8853915316 -0.000625332248434 -0.0253238643171
78.9482233847 -0.000624340045604 -0.0253037564824
79.0110552378 -0.000623350200198 -0.0252836805184
79.0738870909 -0.000622362704792 -0.0252636363489
79.1367189439 -0.000621377551909 -0.0252436238997
79.199550797 -0.000620394734178 -0.0252236430949
79.2623826501 -0.000619414244224 -0.0252036938597
79.3252145031 -0.000618436074709 -0.0251837761195
79.3880463562 -0.000617460218331 -0.0251638898
79.4508782093 -0.000616486667802 -0.0251440348266
79.5137100624 -0.000615515415883 -0.0251242111254
79.5765419154 -0.000614546455334 -0.0251044186229
79.6393737685 -0.000613579778951 -0.0250846572457
79.7022056216 -0.000612615379598 -0.0250649269202
79.7650374746 -0.000611653250106 -0.0250452275733
79.8278693277 -0.000610693383372 -0.0250255591325
79.8907011808 -0.000609735772326 -0.025005921525
79.9535330339 -0.000608780409887 -0.0249863146786
80.0163648869 -0.000607827289057 -0.0249667385207
80.07919674 -0.000606876402801 -0.0249471929802
80.1420285931 -0.0006059277442 -0.0249276779842
80.2048604461 -0.000604981306233 -0.0249081934625
80.2676922992 -0.000604037082034 -0.0248887393433
80.3305241523 -0.000603095064689 -0.0248693155555
80.3933560054 -0.000602155247352 -0.0248499220282
80.4561878584 -0.00060121762315 -0.0248305586912
80.5190197115 -0.000600282185303 -0.0248112254739
80.5818515646 -0.00059934892701 -0.0247919223062
80.6446834176 -0.000598417841511 -0.0247726491181
80.7075152707 -0.000597488922083 -0.0247534058399
80.7703471238 -0.000596562162003 -0.0247341924021
80.8331789769 -0.000595637554591 -0.0247150087358
80.8960108299 -0.000594715093207 -0.0246958547711
80.958842683 -0.000593794771206 -0.0246767304401
81.0216745361 -0.000592876581986 -0.0246576356734
81.0845063892 -0.00059196051898 -0.0246385704028
81.1473382422 -0.000591046575608 -0.0246195345603
81.2101700953 -0.000590134745355 -0.0246005280779
81.2730019484 -0.000589225021723 -0.0245815508874
81.3358338014 -0.000588317398232 -0.0245626029216
81.3986656545 -0.000587411868427 -0.0245436841128
81.4614975076 -0.000586508425871 -0.0245247943941
81.5243293607 -0.000585607064172 -0.0245059336985
81.5871612137 -0.000584707776931 -0.0244871019591
81.6499930668 -0.000583810557813 -0.0244682991093
81.7128249199 -0.00058291540049 -0.0244495250828
81.7756567729 -0.000582022298639 -0.0244307798134
81.838488626 -0.000581131245972 -0.0244120632355
81.9013204791 -0.000580242236244 -0.0243933752829
81.9641523322 -0.000579355263228 -0.0243747158901
82.0269841852 -0.000578470320674 -0.0243560849923
82.0898160383 -0.000577587402453 -0.0243374825233
82.1526478914 -0.000576706502352 -0.0243189084192
82.2154797444 -0.000575827614242 -0.0243003626147
82.2783115975 -0.00057495073202 -0.0242818450452
82.3411434506 -0.000574075849577 -0.0242633556466
82.4039753037 -0.000573202960854 -0.0242448943546
82.4668071567 -0.00057233205979 -0.0242264611053
82.5296390098 -0.000571463140384 -0.0242080558345
82.5924708629 -0.000570596196605 -0.0241896784793
82.6553027159 -0.000569731222473 -0.024171328976
82.718134569 -0.000568868212037 -0.0241530072614
82.7809664221 -0.00056800715939 -0.0241347132721
82.8437982752 -0.000567148058571 -0.0241164469462
82.9066301282 -0.000566290903745 -0.0240982082198
82.9694619813 -0.000565435689005 -0.0240799970316
83.0322938344 -0.000564582408512 -0.0240618133188
83.0951256875 -0.000563731056438 -0.0240436570195
83.1579575405 -0.000562881627005 -0.0240255280715
83.2207893936 -0.000562034114425 -0.0240074264133
83.2836212467 -0.000561188512905 -0.0239893519839
83.3464530997 -0.00056034481673 -0.0239713047214
83.4092849528 -0.000559503020203 -0.0239532845646
83.4721168059 -0.000558663117643 -0.0239352914525
83.534948659 -0.000557825103314 -0.0239173253249
83.597780512 -0.000556988971619 -0.0238993861206
83.6606123651 -0.0005561547169 -0.0238814737797
83.7234442182 -0.000555322333578 -0.0238635882412
83.7862760712 -0.00055449181602 -0.023845729446
83.8491079243 -0.000553663158692 -0.0238278973337
83.9119397774 -0.000552836356037 -0.0238100918446
83.9747716305 -0.000552011402533 -0.0237923129192
84.0376034835 -0.000551188292657 -0.0237745604986
84.1004353366 -0.00055036702097 -0.0237568345225
84.1632671897 -0.000549547581955 -0.0237391349331
84.2260990427 -0.000548729970173 -0.0237214616714
84.2889308958 -0.000547914180249 -0.0237038146779
84.3517627489 -0.000547100206721 -0.0236861938952
84.414594602 -0.00054628804425 -0.023668599264
84.477426455 -0.000545477687431 -0.0236510307271
84.5402583081 -0.000544669130948 -0.0236334882261
84.6030901612 -0.00054386236946 -0.0236159717034
84.6659220142 -0.000543057397668 -0.0235984811014
84.7287538673 -0.000542254210288 -0.0235810163622
84.7915857204 -0.000541452802067 -0.023563577429
84.8544175735 -0.000540653167733 -0.0235461642445
84.9172494265 -0.000539855302068 -0.0235287767523
84.9800812796 -0.00053905919987 -0.0235114148948
85.0429131327 -0.000538264855945 -0.0234940786158
85.1057449857 -0.000537472265134 -0.0234767678589
85.1685768388 -0.000536681422252 -0.0234594825682
85.2314086919 -0.000535892322225 -0.0234422226866
85.294240545 -0.000535104959887 -0.0234249881591
85.357072398 -0.00053431933017 -0.0234077789295
85.4199042511 -0.00053353542798 -0.0233905949424
85.4827361042 -0.000532753248287 -0.0233734361421
85.5455679573 -0.000531972786023 -0.0233563024737
85.6083998103 -0.000531194036189 -0.0233391938816
85.6712316634 -0.000530416993764 -0.0233221103115
85.7340635165 -0.000529641653789 -0.0233050517077
85.7968953695 -0.000528868011274 -0.0232880180163
85.8597272226 -0.000528096061295 -0.0232710091825
85.9225590757 -0.000527325798892 -0.0232540251521
85.9853909288 -0.00052655721916 -0.0232370658712
86.0482227818 -0.000525790317246 -0.023220131285
86.1110546349 -0.000525025088237 -0.0232032213402
86.173886488 -0.000524261527275 -0.0231863359831
86.236718341 -0.000523499629516 -0.0231694751603
86.2995501941 -0.000522739390145 -0.0231526388181
86.3623820472 -0.00052198080437 -0.0231358269034
86.4252139003 -0.000521223867389 -0.023119039363
86.4880457533 -0.000520468574421 -0.0231022761443
86.5508776064 -0.000519714920721 -0.0230855371945
86.6137094595 -0.000518962901565 -0.0230688224604
86.6765413125 -0.000518212512223 -0.02305213189
86.7393731656 -0.000517463747987 -0.023035465431
86.8022050187 -0.00051671660418 -0.0230188230313
86.8650368718 -0.000515971076129 -0.0230022046386
86.9278687248 -0.000515227159155 -0.0229856102019
86.9907005779 -0.000514484848686 -0.0229690396679
87.053532431 -0.000513744140053 -0.0229524929863
87.116364284 -0.000513005028659 -0.0229359701055
87.1791961371 -0.000512267509947 -0.0229194709736
87.2420279902 -0.000511531579308 -0.0229029955405
87.3048598433 -0.000510797232215 -0.0228865437545
87.3676916963 -0.000510064464145 -0.0228701155645
87.4305235494 -0.000509333270529 -0.0228537109208
87.4933554025 -0.000508603646908 -0.022837329772
87.5561872555 -0.000507875588771 -0.0228209720682
87.6190191086 -0.00050714909166 -0.022804637759
87.6818509617 -0.000506424151114 -0.022788326794
87.7446828148 -0.000505700762696 -0.0227720391235
87.8075146678 -0.000504978921954 -0.0227557746982
87.8703465209 -0.000504258624521 -0.0227395334674
87.933178374 -0.000503539865973 -0.0227233153823
87.9960102271 -0.000502822641946 -0.0227071203933
88.0588420801 -0.000502106948095 -0.0226909484508
88.1216739332 -0.000501392780027 -0.0226747995065
88.1845057863 -0.000500680133465 -0.0226586735105
88.2473376393 -0.000499969004065 -0.0226425704143
88.3101694924 -0.000499259387511 -0.0226264901696
88.3730013455 -0.000498551279556 -0.0226104327273
88.4358331986 -0.000497844675879 -0.0225943980396
88.4986650516 -0.000497139572287 -0.0225783860575
88.5614969047 -0.000496435964497 -0.0225623967331
88.6243287578 -0.000495733848294 -0.0225464300187
88.6871606108 -0.000495033219489 -0.0225304858656
88.7499924639 -0.000494334073842 -0.0225145642273
88.812824317 -0.000493636407218 -0.0224986650551
88.8756561701 -0.00049294021543 -0.022482788302
88.9384880231 -0.000492245494315 -0.0224669339208
89.0013198762 -0.000491552239758 -0.022451101864
89.0641517293 -0.000490860447623 -0.0224352920847
89.1269835823 -0.000490170113828 -0.0224195045354
89.1898154354 -0.000489481234258 -0.0224037391698
89.2526472885 -0.000488793804831 -0.0223879959414
89.3154791416 -0.000488107821481 -0.0223722748036
89.3783109946 -0.000487423280179 -0.0223565757093
89.4411428477 -0.000486740176866 -0.0223408986131
89.5039747008 -0.000486058507543 -0.022325243468
89.5668065538 -0.000485378268177 -0.0223096102288
89.6296384069 -0.000484699454786 -0.0222939988491
89.69247026 -0.000484022063392 -0.0222784092832
89.7553021131 -0.000483346090034 -0.0222628414852
89.8181339661 -0.00048267153074 -0.0222472954103
89.8809658192 -0.000481998381569 -0.0222317710128
89.9437976723 -0.000481326638639 -0.0222162682466
90.0066295253 -0.000480656297998 -0.0222007870677
90.0694613784 -0.000479987355773 -0.0221853274303
90.1322932315 -0.000479319808053 -0.0221698892901
90.1951250846 -0.000478653650989 -0.022154472602
90.2579569376 -0.000477988880712 -0.0221390773214
90.3207887907 -0.000477325493386 -0.0221237034038
90.3836206438 -0.000476663485173 -0.0221083508048
90.4464524969 -0.000476002852268 -0.02209301948
90.5092843499 -0.000475343590853 -0.0220777093856
90.572116203 -0.000474685697134 -0.0220624204773
90.6349480561 -0.000474029167344 -0.0220471527113
90.6977799091 -0.000473373997715 -0.0220319060438
90.7606117622 -0.000472720184501 -0.0220166804309
90.8234436153 -0.000472067723957 -0.0220014758293
90.8862754684 -0.000471416612359 -0.0219862921954
90.9491073214 -0.00047076684598 -0.0219711294863
91.0119391745 -0.000470118421142 -0.0219559876582
91.0747710276 -0.000469471334136 -0.0219408666686
91.1376028806 -0.000468825581304 -0.0219257664743
91.2004347337 -0.000468181158973 -0.0219106870324
91.2632665868 -0.000467538063493 -0.0218956283003
91.3260984399 -0.000466896291232 -0.0218805902352
91.3889302929 -0.000466255838563 -0.0218655727949
91.451762146 -0.000465616701872 -0.0218505759369
91.5145939991 -0.000464978877558 -0.0218355996191
91.5774258521 -0.000464342362036 -0.021820643799
91.6402577052 -0.000463707151733 -0.0218057084347
91.7030895583 -0.000463073243079 -0.0217907934845
91.7659214114 -0.000462440632508 -0.0217758989069
91.8287532644 -0.000461809316505 -0.0217610246595
91.8915851175 -0.000461179291534 -0.0217461707011
91.9544169706 -0.000460550554077 -0.0217313369904
92.0172488236 -0.000459923100647 -0.0217165234856
92.0800806767 -0.000459296927727 -0.0217017301459
92.1429125298 -0.000458672031833 -0.0216869569305
92.2057443829 -0.000458048409539 -0.0216722037972
92.2685762359 -0.000457426057346 -0.0216574707063
92.331408089 -0.000456804971836 -0.0216427576165
92.3942399421 -0.00045618514956 -0.0216280644872
92.4570717951 -0.000455566587097 -0.021613391278
92.5199036482 -0.000454949281052 -0.0215987379483
92.5827355013 -0.000454333228022 -0.0215841044575
92.6455673544 -0.000453718424629 -0.0215694907654
92.7083992074 -0.000453104867454 -0.021554896833
92.7712310605 -0.000452492553181 -0.0215403226189
92.8340629136 -0.000451881478448 -0.0215257680836
92.8968947667 -0.000451271639895 -0.0215112331876
92.9597266197 -0.000450663034209 -0.0214967178911
93.0225584728 -0.000450055658069 -0.0214822221543
93.0853903259 -0.000449449508168 -0.0214677459376
93.1482221789 -0.000448844581198 -0.0214532892023
93.211054032 -0.000448240873875 -0.0214388519089
93.2738858851 -0.000447638382946 -0.0214244340176
93.3367177382 -0.000447037105138 -0.0214100354897
93.3995495912 -0.000446437037184 -0.0213956562867
93.4623814443 -0.00044583817586 -0.0213812963692
93.5252132974 -0.000445240517915 -0.0213669556988
93.5880451504 -0.000444644060153 -0.0213526342366
93.6508770035 -0.000444048799345 -0.0213383319444
93.7137088566 -0.000443454732326 -0.021324048783
93.7765407097 -0.000442861855846 -0.0213097847153
93.8393725627 -0.000442270166769 -0.0212955397023
93.9022044158 -0.000441679661941 -0.0212813137058
93.9650362689 -0.000441090338181 -0.021267106688
94.0278681219 -0.000440502192353 -0.0212529186109
94.090699975 -0.000439915221322 -0.0212387494369
94.1535318281 -0.000439329421957 -0.0212245991278
94.2163636812 -0.000438744791159 -0.0212104676462
94.2791955342 -0.000438161325815 -0.0211963549548
94.3420273873 -0.000437579022818 -0.0211822610159
94.4048592404 -0.000436997879086 -0.0211681857928
94.4676910934 -0.00043641789158 -0.0211541292472
94.5305229465 -0.000435839057195 -0.021140091343
94.5933547996 -0.000435261372905 -0.0211260720424
94.6561866527 -0.000434684835659 -0.0211120713088
94.7190185057 -0.000434109442427 -0.0210980891052
94.7818503588 -0.000433535190179 -0.0210841253954
94.8446822119 -0.0004329620759 -0.0210701801423
94.9075140649 -0.000432390096591 -0.0210562533095
94.970345918 -0.000431819249271 -0.0210423448604
95.0331777711 -0.000431249530936 -0.0210284547588
95.0960096242 -0.000430680938643 -0.021014582968
95.1588414772 -0.00043011346939 -0.0210007294528
95.2216733303 -0.000429547120248 -0.0209868941765
95.2845051834 -0.000428981888264 -0.0209730771031
95.3473370365 -0.000428417770506 -0.020959278197
95.4101688895 -0.00042785476407 -0.0209454974218
95.4730007426 -0.000427292865987 -0.020931734743
95.5358325957 -0.000426732073398 -0.020917990124
95.5986644487 -0.000426172383399 -0.0209042635294
95.6614963018 -0.000425613793107 -0.020890554924
95.7243281549 -0.000425056299631 -0.0208768642724
95.787160008 -0.000424499900092 -0.0208631915398
95.849991861 -0.000423944591654 -0.0208495366906
95.9128237141 -0.000423390371469 -0.0208358996898
95.9756555672 -0.000422837236691 -0.0208222805024
96.0384874202 -0.000422285184476 -0.020808679094
96.1013192733 -0.000421734212023 -0.0207950954294
96.1641511264 -0.000421184316507 -0.0207815294741
96.2269829795 -0.000420635495123 -0.0207679811935
96.2898148325 -0.000420087745103 -0.0207544505528
96.3526466856 -0.000419541063621 -0.020740937518
96.4154785387 -0.000418995447923 -0.0207274420549
96.4783103917 -0.000418450895242 -0.020713964129
96.5411422448 -0.000417907402817 -0.0207005037063
96.6039740979 -0.000417364967925 -0.020687060752
96.666805951 -0.000416823587777 -0.0206736352333
96.729637804 -0.000416283259679 -0.0206602271158
96.7924696571 -0.000415743980894 -0.0206468363657
96.8553015102 -0.000415205748692 -0.0206334629496
96.9181333632 -0.000414668560414 -0.0206201068332
96.9809652163 -0.000414132413323 -0.0206067679836
97.0437970694 -0.000413597304748 -0.0205934463672
97.1066289225 -0.000413063232009 -0.0205801419505
97.1694607755 -0.00041253019244 -0.0205668547003
97.2322926286 -0.00041199818337 -0.0205535845835
97.2951244817 -0.000411467202151 -0.0205403315671
97.3579563347 -0.000410937246129 -0.020527095618
97.4207881878 -0.000410408312684 -0.0205138767034
97.4836200409 -0.000409880399183 -0.02050067479
97.546451894 -0.000409353503008 -0.0204874898452
97.609283747 -0.000408827621547 -0.0204743218367
97.6721156001 -0.000408302752161 -0.0204611707324
97.7349474532 -0.000407778892315 -0.0204480364987
97.7977793063 -0.000407256039412 -0.0204349191032
97.8606111593 -0.000406734190861 -0.0204218185139
97.9234430124 -0.000406213344082 -0.0204087346989
97.9862748655 -0.000405693496531 -0.0203956676255
98.0491067185 -0.000405174645643 -0.0203826172622
98.1119385716 -0.000404656788881 -0.0203695835766
98.1747704247 -0.000404139923705 -0.0203565665367
98.2376022778 -0.000403624047588 -0.0203435661109
98.3004341308 -0.000403109158032 -0.0203305822669
98.3632659839 -0.000402595252503 -0.0203176149731
98.426097837 -0.00040208232848 -0.0203046641989
98.48892969 -0.00040157038348 -0.0202917299119
98.5517615431 -0.000401059415027 -0.0202788120807
98.6145933962 -0.000400549420636 -0.0202659106742
98.6774252493 -0.000400040397827 -0.0202530256611
98.7402571023 -0.000399532344136 -0.0202401570099
98.8030889554 -0.0003990252571 -0.02022730469
98.8659208085 -0.00039851913428 -0.0202144686698
98.9287526615 -0.000398013973239 -0.0202016489185
98.9915845146 -0.000397509771531 -0.0201888454054
99.0544163677 -0.000397006526748 -0.0201760580992
99.1172482208 -0.000396504236439 -0.0201632869699
99.1800800738 -0.000396002898219 -0.0201505319866
99.2429119269 -0.000395502509683 -0.0201377931182
99.30574378 -0.000395003068419 -0.020125070335
99.368575633 -0.000394504572063 -0.0201123636058
99.4314074861 -0.000394007018219 -0.0200996729008
99.4942393392 -0.00039351040452 -0.0200869981895
99.5570711923 -0.000393014728591 -0.0200743394418
99.6199030453 -0.000392519988069 -0.0200616966278
99.6827348984 -0.000392026180628 -0.0200490697167
99.7455667515 -0.000391533303907 -0.0200364586793
99.8083986045 -0.000391041355569 -0.0200238634857
99.8712304576 -0.000390550333289 -0.0200112841055
99.9340623107 -0.000390060234753 -0.0199987205094
99.9968941638 -0.000389571057649 -0.0199861726671
100.059726017 -0.000389082799626 -0.0199736405505
100.12255787 -0.000388595458437 -0.0199611241287
100.185389723 -0.000388109031776 -0.0199486233724
100.248221576 -0.000387623517348 -0.0199361382527
100.311053429 -0.000387138912893 -0.0199236687399
100.373885282 -0.0003866552161 -0.0199112148054
100.436717135 -0.000386172424739 -0.0198987764194
100.499548988 -0.000385690536562 -0.0198863535525
100.562380841 -0.000385209549287 -0.0198739461769
100.625212694 -0.000384729460682 -0.0198615542628
100.688044548 -0.000384250268525 -0.0198491777813
100.750876401 -0.000383771970573 -0.019836816704
100.813708254 -0.000383294564594 -0.0198244710023
100.876540107 -0.000382818048389 -0.0198121406471
100.93937196 -0.000382342419756 -0.0197998256098
101.002203813 -0.000381867676492 -0.0197875258619
101.065035666 -0.000381393816382 -0.0197752413753
101.127867519 -0.000380920837248 -0.0197629721216
101.190699372 -0.000380448736907 -0.0197507180725
101.253531225 -0.000379977513196 -0.0197384791994
101.316363078 -0.000379507163926 -0.0197262554746
101.379194931 -0.000379037686962 -0.0197140468697
101.442026784 -0.000378569080134 -0.0197018533569
101.504858637 -0.000378101341302 -0.0196896749078
101.567690491 -0.000377634468311 -0.0196775114953
101.630522344 -0.000377168459036 -0.0196653630909
101.693354197 -0.00037670331136 -0.0196532296671
101.75618605 -0.00037623902313 -0.0196411111963
101.819017903 -0.00037577559226 -0.019629007651
101.881849756 -0.000375313016638 -0.0196169190032
101.944681609 -0.000374851294146 -0.0196048452259
102.007513462 -0.000374390422702 -0.0195927862918
102.070345315 -0.000373930400213 -0.0195807421729
102.133177168 -0.000373471224618 -0.0195687128419
102.196009021 -0.000373012893785 -0.019556698273
102.258840874 -0.000372555405707 -0.0195446984375
102.321672727 -0.000372098758277 -0.019532713309
102.38450458 -0.000371642949439 -0.0195207428607
102.447336434 -0.000371187977188 -0.0195087870649
102.510168287 -0.000370733839431 -0.0194968458954
102.57300014 -0.000370280534138 -0.0194849193255
102.635831993 -0.000369828059303 -0.0194730073277
102.698663846 -0.000369376412856 -0.0194611098762
102.761495699 -0.00036892559282 -0.0194492269438
102.824327552 -0.000368475597166 -0.019437358504
102.887159405 -0.000368026423876 -0.0194255045305
102.949991258 -0.000367578070962 -0.0194136649968
103.012823111 -0.000367130536403 -0.0194018398772
103.075654964 -0.000366683818258 -0.019390029144
103.138486817 -0.000366237914498 -0.0193782327722
103.20131867 -0.000365792823179 -0.0193664507348
103.264150523 -0.000365348542294 -0.0193546830065
103.326982377 -0.000364905069901 -0.0193429295609
103.38981423 -0.000364462404034 -0.0193311903722
103.452646083 -0.000364020542749 -0.019319465414
103.515477936 -0.000363579484093 -0.0193077546607
103.578309789 -0.000363139226105 -0.019296058087
103.641141642 -0.000362699766885 -0.0192843756666
103.703973495 -0.000362261104491 -0.0192727073735
103.766805348 -0.000361823236978 -0.0192610531831
103.829637201 -0.00036138616244 -0.0192494130696
103.892469054 -0.000360949878972 -0.0192377870069
103.955300907 -0.000360514384665 -0.0192261749703
104.01813276 -0.000360079677621 -0.0192145769337
104.080964613 -0.000359645755925 -0.0192029928727
104.143796467 -0.000359212617696 -0.0191914227616
104.20662832 -0.000358780261056 -0.0191798665754
104.269460173 -0.000358348684147 -0.0191683242883
104.332292026 -0.000357917885056 -0.0191567958762
104.395123879 -0.000357487861942 -0.0191452813137
104.457955732 -0.000357058612917 -0.0191337805763
104.520787585 -0.000356630136167 -0.0191222936382
104.583619438 -0.00035620242981 -0.0191108204751
104.646451291 -0.000355775492012 -0.0190993610626
104.709283144 -0.00035534932093 -0.0190879153755
104.772114997 -0.00035492391473 -0.0190764833894
104.83494685 -0.000354499271585 -0.0190650650797
104.897778703 -0.000354075389687 -0.019053660422
104.960610556 -0.000353652267181 -0.0190422693917
105.02344241 -0.000353229902286 -0.0190308919644
105.086274263 -0.000352808293184 -0.0190195281159
105.149106116 -0.000352387438081 -0.0190081778217
105.211937969 -0.000351967335184 -0.0189968410576
105.274769822 -0.000351547982701 -0.0189855177993
105.337601675 -0.000351129378823 -0.0189742080235
105.400433528 -0.000350711521796 -0.0189629117055
105.463265381 -0.000350294409832 -0.0189516288214
105.526097234 -0.000349878041164 -0.0189403593473
105.588929087 -0.000349462414043 -0.018929103259
105.65176094 -0.00034904752671 -0.0189178605327
105.714592793 -0.000348633377372 -0.0189066311456
105.777424646 -0.000348219964336 -0.0188954150727
105.840256499 -0.0003478072858 -0.0188842122915
105.903088353 -0.000347395340084 -0.0188730227773
105.965920206 -0.000346984125401 -0.0188618465078
106.028752059 -0.000346573640074 -0.0188506834581
106.091583912 -0.000346163882345 -0.0188395336057
106.154415765 -0.00034575485051 -0.018828396927
106.217247618 -0.000345346542849 -0.0188172733988
106.280079471 -0.00034493895767 -0.0188061629976
106.342911324 -0.000344532093232 -0.0187950657007
106.405743177 -0.000344125947894 -0.0187839814843
106.46857503 -0.000343720519912 -0.0187729103256
106.531406883 -0.000343315807634 -0.0187618522014
106.594238736 -0.000342911809369 -0.0187508070887
106.657070589 -0.000342508523423 -0.0187397749648
106.719902442 -0.000342105948129 -0.018728755807
106.782734296 -0.000341704081839 -0.0187177495918
106.845566149 -0.00034130292287 -0.0187067562969
106.908398002 -0.000340902469563 -0.0186957758997
106.971229855 -0.000340502720274 -0.0186848083771
107.034061708 -0.000340103673358 -0.0186738537066
107.096893561 -0.000339705327154 -0.018662911866
107.159725414 -0.000339307680043 -0.0186519828322
107.222557267 -0.000338910730387 -0.018641066583
107.28538912 -0.000338514476535 -0.0186301630966
107.348220973 -0.000338118916879 -0.0186192723497
107.411052826 -0.000337724049806 -0.0186083943205
107.473884679 -0.000337329873692 -0.0185975289867
107.536716532 -0.000336936386934 -0.018586676326
107.599548385 -0.000336543587917 -0.0185758363163
107.662380239 -0.000336151475063 -0.0185650089351
107.725212092 -0.000335760046719 -0.0185541941616
107.788043945 -0.000335369301351 -0.0185433919725
107.850875798 -0.000334979237357 -0.018532602346
107.913707651 -0.000334589853147 -0.0185218252609
107.976539504 -0.000334201147136 -0.0185110606951
108.039371357 -0.00033381311776 -0.0185003086268
108.10220321 -0.000333425763459 -0.0184895690339
108.165035063 -0.000333039082662 -0.0184788418949
108.227866916 -0.000332653073801 -0.0184681271885
108.290698769 -0.000332267735331 -0.0184574248928
108.353530622 -0.000331883065702 -0.0184467349863
108.416362475 -0.000331499063338 -0.0184360574479
108.479194328 -0.000331115726748 -0.0184253922554
108.542026182 -0.000330733054363 -0.0184147393879
108.604858035 -0.000330351044657 -0.0184040988238
108.667689888 -0.000329969696111 -0.0183934705419
108.730521741 -0.000329589007176 -0.0183828545212
108.793353594 -0.000329208976334 -0.0183722507408
108.856185447 -0.000328829602105 -0.0183616591786
108.9190173 -0.000328450882952 -0.0183510798142
108.981849153 -0.000328072817367 -0.0183405126265
109.044681006 -0.000327695403852 -0.0183299575941
109.107512859 -0.000327318640923 -0.0183194146963
109.170344712 -0.000326942527061 -0.0183088839123
109.233176565 -0.000326567060796 -0.0182983652213
109.296008418 -0.000326192240626 -0.0182878586024
109.358840271 -0.000325818065089 -0.0182773640345
109.421672125 -0.000325444532686 -0.0182668814975
109.484503978 -0.00032507164198 -0.0182564109701
109.547335831 -0.000324699391455 -0.0182459524325
109.610167684 -0.000324327779692 -0.0182355058634
109.672999537 -0.000323956805206 -0.0182250712425
109.73583139 -0.000323586466554 -0.0182146485491
109.798663243 -0.000323216762261 -0.0182042377633
109.861495096 -0.000322847690913 -0.0181938388643
109.924326949 -0.000322479251049 -0.018183451832
109.987158802 -0.000322111441215 -0.0181730766461
110.049990655 -0.000321744260002 -0.0181627132862
110.112822508 -0.000321377705977 -0.0181523617321
110.175654361 -0.000321011777692 -0.0181420219637
110.238486214 -0.00032064647375 -0.0181316939608
110.301318068 -0.000320281792707 -0.0181213777039
110.364149921 -0.000319917733166 -0.0181110731723
110.426981774 -0.000319554293708 -0.0181007803464
110.489813627 -0.000319191472926 -0.0180904992062
110.55264548 -0.000318829269439 -0.0180802297313
110.615477333 -0.000318467681824 -0.0180699719026
110.678309186 -0.00031810670868 -0.0180597257003
110.741141039 -0.000317746348638 -0.0180494911039
110.803972892 -0.000317386600283 -0.018039268095
110.866804745 -0.000317027462281 -0.0180290566525
110.929636598 -0.000316668933201 -0.0180188567578
110.992468451 -0.000316311011688 -0.0180086683908
111.055300304 -0.000315953696364 -0.0179984915326
111.118132157 -0.00031559698589 -0.0179883261626
111.180964011 -0.000315240878868 -0.0179781722625
111.243795864 -0.000314885373958 -0.0179680298123
111.306627717 -0.000314530469782 -0.0179578987932
111.36945957 -0.000314176165011 -0.0179477791852
111.432291423 -0.000313822458296 -0.0179376709693
111.495123276 -0.000313469348275 -0.0179275741264
111.557955129 -0.000313116833631 -0.0179174886373
111.620786982 -0.000312764913013 -0.0179074144827
111.683618835 -0.000312413585068 -0.0178973516441
111.746450688 -0.000312062848488 -0.017887300102
111.809282541 -0.000311712701958 -0.017877259837
111.872114394 -0.000311363144144 -0.0178672308308
111.934946247 -0.000311014173725 -0.0178572130641
111.9977781 -0.000310665789378 -0.0178472065184
112.060609954 -0.000310317989824 -0.0178372111742
112.123441807 -0.000309970773718 -0.0178272270134
112.18627366 -0.000309624139781 -0.0178172540171
112.249105513 -0.000309278086684 -0.0178072921666
112.311937366 -0.000308932613169 -0.0177973414429
112.374769219 -0.000308587717918 -0.0177874018278
112.437601072 -0.000308243399651 -0.0177774733024
112.500432925 -0.000307899657064 -0.0177675558485
112.563264778 -0.000307556488917 -0.0177576494469
112.626096631 -0.000307213893885 -0.0177477540804
112.688928484 -0.000306871870722 -0.0177378697292
112.751760337 -0.000306530418139 -0.017727996376
112.81459219 -0.000306189534888 -0.0177181340016
112.877424043 -0.000305849219694 -0.0177082825882
112.940255897 -0.000305509471275 -0.0176984421177
113.00308775 -0.00030517028842 -0.0176886125713
113.065919603 -0.000304831669846 -0.0176787939311
113.128751456 -0.000304493614286 -0.0176689861796
113.191583309 -0.000304156120526 -0.017659189298
113.254415162 -0.000303819187306 -0.0176494032683
113.317247015 -0.00030348281338 -0.0176396280729
113.380078868 -0.000303146997525 -0.0176298636932
113.442910721 -0.000302811738497 -0.017620110112
113.505742574 -0.000302477035096 -0.0176103673103
113.568574427 -0.00030214288605 -0.0176006352715
113.63140628 -0.00030180929017 -0.017590913977
113.694238133 -0.000301476246209 -0.0175812034094
113.757069986 -0.00030114375297 -0.017571503551
113.81990184 -0.000300811809241 -0.0175618143837
113.882733693 -0.000300480413804 -0.0175521358901
113.945565546 -0.00030014956545 -0.0175424680529
114.008397399 -0.000299819263009 -0.0175328108533
114.071229252 -0.000299489505227 -0.0175231642754
114.134061105 -0.000299160290933 -0.0175135283009
114.196892958 -0.000298831618952 -0.017503902912
114.259724811 -0.000298503488053 -0.0174942880921
114.322556664 -0.000298175897098 -0.017484683823
114.385388517 -0.000297848844872 -0.0174750900877
114.44822037 -0.000297522330187 -0.0174655068695
114.511052223 -0.000297196351896 -0.01745593415
114.573884076 -0.000296870908799 -0.0174463719129
114.636715929 -0.000296545999758 -0.01743682014
114.699547783 -0.000296221623565 -0.0174272788151
114.762379636 -0.000295897779074 -0.0174177479208
114.825211489 -0.000295574465155 -0.0174082274394
114.888043342 -0.000295251680597 -0.0173987173548
114.950875195 -0.00029492942427 -0.0173892176496
115.013707048 -0.000294607695018 -0.0173797283071
115.076538901 -0.000294286491711 -0.0173702493094
115.139370754 -0.000293965813173 -0.0173607806407
115.202202607 -0.000293645658293 -0.0173513222834
115.26503446 -0.000293326025909 -0.0173418742212
115.327866313 -0.000293006914906 -0.0173324364369
115.390698166 -0.000292688324131 -0.0173230089142
115.453530019 -0.000292370252444 -0.0173135916361
115.516361872 -0.000292052698763 -0.0173041845856
115.579193726 -0.000291735661923 -0.0172947877467
115.642025579 -0.00029141914082 -0.0172854011023
115.704857432 -0.00029110313434 -0.0172760246359
115.767689285 -0.000290787641361 -0.0172666583313
115.830521138 -0.000290472660757 -0.0172573021721
115.893352991 -0.000290158191463 -0.0172479561409
115.956184844 -0.000289844232318 -0.0172386202223
116.019016697 -0.000289530782278 -0.017229294399
116.08184855 -0.000289217840191 -0.0172199786554
116.144680403 -0.000288905404985 -0.0172106729752
116.207512256 -0.000288593475567 -0.0172013773416
116.270344109 -0.000288282050855 -0.0171920917381
116.333175962 -0.000287971129747 -0.0171828161492
116.396007816 -0.000287660711147 -0.0171735505588
116.458839669 -0.000287350793998 -0.0171642949502
116.521671522 -0.000287041377222 -0.017155049307
116.584503375 -0.000286732459718 -0.0171458136142
116.647335228 -0.000286424040418 -0.0171365878551
116.710167081 -0.000286116118274 -0.0171273720136
116.772998934 -0.000285808692201 -0.0171181660741
116.835830787 -0.000285501761126 -0.0171089700202
116.89866264 -0.000285195324007 -0.0170997838365
116.961494493 -0.000284889379782 -0.0170906075067
117.024326346 -0.000284583927376 -0.0170814410153
117.087158199 -0.00028427896576 -0.0170722843459
117.149990052 -0.000283974493879 -0.0170631374837
117.212821905 -0.00028367051068 -0.0170540004117
117.275653759 -0.000283367015104 -0.0170448731155
117.338485612 -0.000283064006131 -0.0170357555787
117.401317465 -0.000282761482716 -0.0170266477857
117.464149318 -0.000282459443818 -0.017017549721
117.526981171 -0.000282157888404 -0.0170084613691
117.589813024 -0.00028185681545 -0.0169993827142
117.652644877 -0.000281556223918 -0.0169903137413
117.71547673 -0.000281256112795 -0.0169812544342
117.778308583 -0.000280956481036 -0.0169722047785
117.841140436 -0.000280657327644 -0.0169631647577
117.903972289 -0.000280358651593 -0.016954134357
117.966804142 -0.000280060451871 -0.0169451135608
118.029635995 -0.000279762727452 -0.0169361023544
118.092467848 -0.000279465477345 -0.0169271007218
118.155299702 -0.000279168700548 -0.0169181086477
118.218131555 -0.000278872396032 -0.0169091261178
118.280963408 -0.000278576562817 -0.016900153116
118.343795261 -0.0002782811999 -0.0168911896274
118.406627114 -0.000277986306267 -0.0168822356375
118.469458967 -0.000277691880952 -0.0168732911302
118.53229082 -0.000277397922938 -0.0168643560915
118.595122673 -0.000277104431282 -0.016855430505
118.657954526 -0.000276811404945 -0.0168465143572
118.720786379 -0.000276518842965 -0.0168376076325
118.783618232 -0.000276226744374 -0.0168287103156
118.846450085 -0.000275935108186 -0.016819822392
118.909281938 -0.000275643933418 -0.0168109438471
118.972113791 -0.000275353219094 -0.0168020746659
119.034945645 -0.00027506296427 -0.0167932148332
119.097777498 -0.000274773167951 -0.0167843643348
119.160609351 -0.000274483829185 -0.0167755231557
119.223441204 -0.000274194947022 -0.0167666912807
119.286273057 -0.000273906520472 -0.016757868696
119.34910491 -0.000273618548601 -0.0167490553865
119.411936763 -0.000273331030448 -0.0167402513375
119.474768616 -0.000273043965047 -0.016731456535
119.537600469 -0.000272757351481 -0.0167226709636
119.600432322 -0.000272471188767 -0.0167138946098
119.663264175 -0.000272185475978 -0.0167051274581
119.726096028 -0.000271900212176 -0.0166963694944
119.788927881 -0.000271615396411 -0.0166876207045
119.851759734 -0.000271331027757 -0.0166788810737
119.914591588 -0.000271047105265 -0.0166701505878
119.977423441 -0.00027076362801 -0.0166614292324
120.040255294 -0.000270480595057 -0.0166527169935
120.103087147 -0.000270198005493 -0.0166440138561
120.165919 -0.000269915858367 -0.0166353198068
120.228750853 -0.000269634152789 -0.0166266348307
120.291582706 -0.000269352887803 -0.0166179589142
120.354414559 -0.000269072062525 -0.0166092920422
120.417246412 -0.000268791676016 -0.0166006342017
120.480078265 -0.000268511727369 -0.0165919853779
120.542910118 -0.00026823221567 -0.0165833455571
120.605741971 -0.000267953140016 -0.016574714725
120.668573824 -0.000267674499494 -0.0165660928678
120.731405677 -0.00026739629322 -0.0165574799711
120.794237531 -0.000267118520272 -0.0165488760214
120.857069384 -0.000266841179763 -0.0165402810042
120.919901237 -0.000266564270773 -0.0165316949066
120.98273309 -0.000266287792448 -0.0165231177136
121.045564943 -0.000266011743855 -0.0165145494123
121.108396796 -0.000265736124133 -0.0165059899882
121.171228649 -0.000265460932382 -0.0164974394278
121.234060502 -0.000265186167697 -0.0164888977178
121.296892355 -0.000264911829228 -0.0164803648438
121.359724208 -0.000264637916094 -0.016471840792
121.422556061 -0.000264364427392 -0.0164633255494
121.485387914 -0.000264091362266 -0.0164548191017
121.548219767 -0.000263818719838 -0.0164463214357
121.61105162 -0.000263546499233 -0.0164378325377
121.673883474 -0.000263274699566 -0.0164293523943
121.736715327 -0.000263003320003 -0.0164208809916
121.79954718 -0.000262732359659 -0.0164124183165
121.862379033 -0.000262461817663 -0.0164039643554
121.925210886 -0.000262191693176 -0.0163955190947
121.988042739 -0.000261921985321 -0.0163870825212
122.050874592 -0.00026165269326 -0.0163786546211
122.113706445 -0.000261383816118 -0.0163702353815
122.176538298 -0.000261115353072 -0.0163618247888
122.239370151 -0.000260847303242 -0.01635342283
122.302202004 -0.000260579665803 -0.0163450294913
122.365033857 -0.000260312439889 -0.0163366447603
122.42786571 -0.000260045624687 -0.0163282686224
122.490697563 -0.000259779219309 -0.0163199010662
122.553529417 -0.000259513222975 -0.0163115420766
122.61636127 -0.000259247634804 -0.016303191642
122.679193123 -0.000258982453976 -0.0162948497487
122.742024976 -0.000258717679666 -0.0162865163833
122.804856829 -0.000258453311035 -0.0162781915331
122.867688682 -0.000258189347251 -0.0162698751852
122.930520535 -0.000257925787497 -0.0162615673263
122.993352388 -0.000257662630941 -0.0162532679436
123.056184241 -0.000257399876768 -0.0162449770238
123.119016094 -0.000257137524164 -0.0162366945544
123.181847947 -0.000256875572307 -0.0162284205221
123.2446798 -0.000256614020366 -0.0162201549144
123.307511653 -0.000256352867556 -0.0162118977181
123.370343506 -0.000256092113031 -0.0162036489208
123.43317536 -0.000255831756009 -0.0161954085093
123.496007213 -0.000255571795682 -0.0161871764708
123.558839066 -0.000255312231224 -0.0161789527932
123.621670919 -0.000255053061863 -0.0161707374628
123.684502772 -0.000254794286769 -0.0161625304675
123.747334625 -0.000254535905158 -0.0161543317945
123.810166478 -0.000254277916234 -0.0161461414309
123.872998331 -0.000254020319196 -0.0161379593648
123.935830184 -0.000253763113239 -0.0161297855832
123.998662037 -0.000253506297594 -0.0161216200732
124.06149389 -0.000253249871463 -0.0161134628228
124.124325743 -0.000252993834064 -0.0161053138189
124.187157596 -0.000252738184598 -0.0160971730495
124.249989449 -0.000252482922296 -0.0160890405022
124.312821303 -0.000252228046368 -0.0160809161639
124.375653156 -0.000251973556047 -0.0160728000228
124.438485009 -0.000251719450541 -0.0160646920663
124.501316862 -0.000251465729077 -0.0160565922822
124.564148715 -0.000251212390901 -0.0160485006575
124.626980568 -0.000250959435214 -0.0160404171809
124.689812421 -0.000250706861267 -0.0160323418392
124.752644274 -0.000250454668282 -0.0160242746208
124.815476127 -0.000250202855486 -0.0160162155134
124.87830798 -0.000249951422156 -0.0160081645037
124.941139833 -0.000249700367477 -0.016000121581
125.003971686 -0.000249449690717 -0.0159920867322
125.066803539 -0.00024919939112 -0.0159840599456
125.129635392 -0.000248949467919 -0.0159760412088
125.192467246 -0.000248699920368 -0.0159680305099
125.255299099 -0.000248450747703 -0.0159600278367
125.318130952 -0.000248201949183 -0.0159520331773
125.380962805 -0.000247953524075 -0.0159440465191
125.443794658 -0.000247705471606 -0.015936067851
125.506626511 -0.000247457791041 -0.0159280971605
125.569458364 -0.000247210481638 -0.015920134436
125.632290217 -0.000246963542655 -0.0159121796648
