0.0314159265359 -0.251464193118 -1.95156875604
0.0942477796077 -0.243166406733 -1.8891368094
0.157079632679 -0.234909203933 -1.82891932776
0.219911485751 -0.226698714999 -1.77085794923
0.282743338823 -0.218640449291 -1.71486674415
0.345575191895 -0.2106465591 -1.66107533893
0.408407044967 -0.202788598908 -1.60931775277
0.471238898038 -0.195110711009 -1.55953606262
0.53407075111 -0.18762532807 -1.5117091493
0.596902604182 -0.180335778991 -1.46580205744
0.659734457254 -0.173246803814 -1.42176147707
0.722566310326 -0.166365910246 -1.37952416858
0.785398163397 -0.159701623198 -1.33902396932
0.848230016469 -0.15326160936 -1.30019516906
0.911061869541 -0.147051533461 -1.26297349251
0.973893722613 -0.141074628876 -1.22729605051
1.03672557568 -0.135331738592 -1.19310105518
1.09955742876 -0.129821597883 -1.16032762988
1.16238928183 -0.124541203777 -1.12891578822
1.2252211349 -0.119486184144 -1.09880655024
1.28805298797 -0.114651125885 -1.06994213617
1.35088484104 -0.110029849124 -1.04226618482
1.41371669412 -0.105615628352 -1.01572395973
1.47654854719 -0.101401367465 -0.990262522485
1.53938040026 -0.0973797371813 -0.96583086416
1.60221225333 -0.0935432828085 -0.942379994188
1.6650441064 -0.0898845090305 -0.919862989976
1.72787595947 -0.0863959469494 -0.898235012981
1.79070781255 -0.0830702073306 -0.877453297398
1.85353966562 -0.0799000229852 -0.857477117459
1.91637151869 -0.0768782824412 -0.838267738612
1.97920337176 -0.0739980565008 -0.819788357049
2.04203522483 -0.0712526188869 -0.80200403125
2.10486707791 -0.0686354619078 -0.784881608405
2.16769893098 -0.0661403078826 -0.768389647989
2.23053078405 -0.0637611169412 -0.752498344181
2.29336263712 -0.0614920917183 -0.737179448415
2.35619449019 -0.0593276793962 -0.722406192993
2.41902634326 -0.0572625714939 -0.708153216454
2.48185819634 -0.0552917017604 -0.694396491147
2.54469004941 -0.053410242491 -0.68111325334
2.60752190248 -0.0516135995486 -0.668281936058
2.67035375555 -0.0498974063455 -0.655882104773
2.73318560862 -0.0482575170071 -0.64389439598
2.79601746169 -0.0466899989154 -0.632300458677
2.85884931477 -0.0451911248015 -0.621082898708
2.92168116784 -0.0437573645355 -0.610225225902
2.98451302091 -0.0423853767401 -0.599711803955
3.04734487398 -0.0410720003321 -0.589527802942
3.11017672705 -0.0398142460832 -0.579659154383
3.17300858013 -0.0386092882717 -0.570092508747
3.2358404332 -0.0374544564839 -0.560815195296
3.29867228627 -0.0363472276148 -0.55181518417
3.36150413934 -0.0352852181017 -0.543081050595
3.42433599241 -0.0342661764209 -0.534601941121
3.48716784548 -0.033287975866 -0.526367541782
3.54999969856 -0.0323486076222 -0.518368048086
3.61283155163 -0.0314461741434 -0.510594136731
3.6756634047 -0.0305788828367 -0.503036938958
3.73849525777 -0.0297450400538 -0.495688015454
3.80132711084 -0.0289430453852 -0.488539332711
3.86415896392 -0.0281713862527 -0.481583240775
3.92699081699 -0.0274286327918 -0.474812452281
3.98982267006 -0.0267134330159 -0.468220022728
4.05265452313 -0.0260245082514 -0.4617993319
4.1154863762 -0.0253606488335 -0.455544066378
4.17831822927 -0.0247207100517 -0.449448203077
4.24115008235 -0.024103608333 -0.443505993738
4.30398193542 -0.0235083176512 -0.437711950336
4.36681378849 -0.0229338661521 -0.432060831327
4.42964564156 -0.0223793329809 -0.426547628707
4.49247749463 -0.0218438453033 -0.421167555809
4.55530934771 -0.0213265755074 -0.415916035819
4.61814120078 -0.0208267385773 -0.410788690943
4.68097305385 -0.0203435896281 -0.405781332206
4.74380490692 -0.019876421592 -0.40088994983
4.80663675999 -0.0194245630475 -0.396110704165
4.86946861306 -0.0189873761822 -0.391439917131
4.93230046614 -0.0185642548815 -0.386874064151
4.99513231921 -0.018154622934 -0.382409766533
5.05796417228 -0.0177579323492 -0.37804378428
5.12079602535 -0.0173736617764 -0.373773009308
5.18362787842 -0.0170013150223 -0.36959445903
5.24645973149 -0.0166404196581 -0.365505270304
5.30929158457 -0.0162905257122 -0.361502693709
5.37212343764 -0.0159512044421 -0.357584088136
5.43495529071 -0.0156220471804 -0.353746915672
5.49778714378 -0.0153026642512 -0.349988736759
5.56061899685 -0.0149926839505 -0.346307205619
5.62345084993 -0.0146917515888 -0.342700065915
5.686282703 -0.0143995285897 -0.339165146653
5.74911455607 -0.0141156916425 -0.335700358289
5.81194640914 -0.0138399319043 -0.33230368905
5.87477826221 -0.0135719542496 -0.328973201441
5.93761011528 -0.0133114765631 -0.325707028935
6.00044196836 -0.0130582290735 -0.322503372836
6.06327382143 -0.0128119537263 -0.319360499297
6.1261056745 -0.012572403592 -0.316276736492
6.18893752757 -0.0123393423081 -0.313250471936
6.25176938064 -0.0121125435535 -0.310280149933
6.31460123372 -0.0118917905514 -0.307364269151
6.37743308679 -0.0116768756008 -0.304501380324
6.44026493986 -0.011467599634 -0.301690084059
6.50309679293 -0.0112637717981 -0.298929028758
6.565928646 -0.0110652090605 -0.296216908634
6.62876049907 -0.0108717358344 -0.293552461827
6.69159235215 -0.0106831836265 -0.290934468609
6.75442420522 -0.0104993907021 -0.288361749675
6.81725605829 -0.0103202017691 -0.285833164514
6.88008791136 -0.0101454676785 -0.283347609859
6.94291976443 -0.00997504514078 -0.280904018204
7.00575161751 -0.00980879645699 -0.2785013564
7.06858347058 -0.00964658926442 -0.2761386243
7.13141532365 -0.00948829629491 -0.273814853484
7.19424717672 -0.00933379514592 -0.271529106027
7.25707902979 -0.00918296806325 -0.269280473332
7.31991088286 -0.00903570173479 -0.267068075013
7.38274273594 -0.0088918870948 -0.264891057824
7.44557458901 -0.00875141913791 -0.262748594643
7.50840644208 -0.00861419674247 -0.26063988349
7.57123829515 -0.00848012250269 -0.258564146602
7.63407014822 -0.00834910256896 -0.256520629535
7.69690200129 -0.0082210464961 -0.254508600314
7.75973385437 -0.00809586709895 -0.252527348613
7.82256570744 -0.00797348031494 -0.250576184975
7.88539756051 -0.00785380507327 -0.24865444006
7.94822941358 -0.00773676317039 -0.246761463934
8.01106126665 -0.00762227915129 -0.244896625373
8.07389311973 -0.00751028019652 -0.243059311211
8.1367249728 -0.00740069601444 -0.241248925705
8.19955682587 -0.00729345873846 -0.239464889932
8.26238867894 -0.00718850282914 -0.237706641203
8.32522053201 -0.00708576498076 -0.235973632513
8.38805238508 -0.0069851840321 -0.234265332
8.45088423816 -0.00688670088139 -0.232581222436
8.51371609123 -0.00679025840509 -0.230920800728
8.5765479443 -0.00669580138023 -0.229283577454
8.63937979737 -0.00660327641036 -0.2276690764
8.70221165044 -0.00651263185471 -0.226076834125
8.76504350352 -0.00642381776052 -0.224506399546
8.82787535659 -0.0063367857983 -0.222957333527
8.89070720966 -0.00625148920001 -0.221429208496
8.95353906273 -0.00616788269984 -0.219921608069
9.0163709158 -0.00608592247758 -0.218434126693
9.07920276887 -0.00600556610449 -0.216966369299
9.14203462195 -0.00592677249136 -0.21551795097
9.20486647502 -0.00584950183891 -0.21408849662
9.26769832809 -0.00577371559021 -0.212677640687
9.33053018116 -0.00569937638512 -0.211285026837
9.39336203423 -0.00562644801664 -0.209910307675
9.45619388731 -0.00555489538911 -0.208553144472
9.51902574038 -0.00548468447808 -0.207213206898
9.58185759345 -0.00541578229187 -0.205890172769
9.64468944652 -0.00534815683473 -0.204583727796
9.70752129959 -0.00528177707146 -0.203293565351
9.77035315266 -0.00521661289347 -0.202019386235
9.83318500574 -0.00515263508625 -0.200760898458
9.89601685881 -0.00508981529807 -0.199517817026
9.95884871188 -0.00502812601004 -0.198289863732
10.021680565 -0.00496754050726 -0.197076766961
10.084512418 -0.00490803285117 -0.195878261495
10.1473442711 -0.00484957785294 -0.194694088331
10.2101761242 -0.00479215104797 -0.193523994497
10.2730079772 -0.00473572867134 -0.192367732883
10.3358398303 -0.00468028763417 -0.191225062073
10.3986716834 -0.00462580550101 -0.190095746182
10.4615035365 -0.00457226046798 -0.188979554702
10.5243353895 -0.00451963134181 -0.18787626235
10.5871672426 -0.00446789751965 -0.186785648922
10.6499990957 -0.00441703896968 -0.185707499152
10.7128309487 -0.0043670362124 -0.184641602579
10.7756628018 -0.00431787030266 -0.183587753407
10.8384946549 -0.00426952281233 -0.182545750385
10.901326508 -0.00422197581368 -0.181515396682
10.964158361 -0.00417521186322 -0.180496499763
11.0269902141 -0.00412921398644 -0.17948887128
11.0898220672 -0.00408396566255 -0.178492326952
11.1526539202 -0.00403945081073 -0.177506686465
11.2154857733 -0.00399565377537 -0.176531773361
11.2783176264 -0.00395255931408 -0.175567414938
11.3411494795 -0.00391015258295 -0.17461344215
11.4039813325 -0.00386841912667 -0.173669689517
11.4668131856 -0.00382734486352 -0.172735995024
11.5296450387 -0.00378691607713 -0.171812200038
11.5924768917 -0.00374711940231 -0.170898149217
11.6553087448 -0.00370794181664 -0.169993690429
11.7181405979 -0.00366937062877 -0.169098674668
11.780972451 -0.00363139346894 -0.168212955972
11.843804304 -0.00359399827912 -0.167336391355
11.9066361571 -0.00355717330428 -0.166468840722
11.9694680102 -0.003520907082 -0.165610166804
12.0322998632 -0.00348518843571 -0.164760235082
12.0951317163 -0.00345000646485 -0.163918913725
12.1579635694 -0.00341535053662 -0.163086073519
12.2207954225 -0.0033812102801 -0.162261587805
12.2836272755 -0.00334757557606 -0.161445332414
12.3464591286 -0.00331443655102 -0.160637185612
12.4092909817 -0.00328178357119 -0.159837028033
12.4721228348 -0.003249607233 -0.159044742632
12.5349546878 -0.00321789835846 -0.15826021462
12.5977865409 -0.00318665994035 -0.157483306586
12.660618394 -0.00315587060963 -0.156713933375
12.723450247 -0.00312552186682 -0.155951986659
12.7862821001 -0.00309560541096 -0.155197360162
12.8491139532 -0.00306611313415 -0.154449949615
12.9119458063 -0.00303703711624 -0.153709652705
12.9747776593 -0.00300836961963 -0.152976369033
13.0376095124 -0.00298010308435 -0.152250000069
13.1004413655 -0.00295223012315 -0.151530449107
13.1632732185 -0.00292474351689 -0.150817621227
13.2261050716 -0.00289763620996 -0.150111423249
13.2889369247 -0.00287090130591 -0.1494117637
13.3517687778 -0.0028445320632 -0.148718552768
13.4146006308 -0.00281852189103 -0.148031702272
13.4774324839 -0.0027928643454 -0.147351125619
13.540264337 -0.0027675531252 -0.146676737773
13.60309619 -0.00274258206845 -0.146008455219
13.6659280431 -0.00271794514866 -0.145346195929
13.7287598962 -0.0026936364713 -0.144689879328
13.7915917493 -0.00266965027038 -0.144039426265
13.8544236023 -0.00264598090511 -0.14339475898
13.9172554554 -0.00262262285666 -0.142755801074
13.9800873085 -0.00259957072507 -0.142122477481
14.0429191615 -0.00257681922619 -0.141494714435
14.1057510146 -0.0025543631887 -0.140872439447
14.1685828677 -0.00253219755133 -0.140255581276
14.2314147208 -0.00251031735998 -0.1396440699
14.2942465738 -0.00248871776512 -0.139037836495
14.3570784269 -0.00246739401911 -0.138436813404
14.41991028 -0.00244634147366 -0.137840934117
14.482742133 -0.0024255555774 -0.137250133245
14.5455739861 -0.00240503187344 -0.136664346496
14.6084058392 -0.00238476599706 -0.136083510654
14.6712376923 -0.00236475367344 -0.135507563555
14.7340695453 -0.00234499071548 -0.134936444067
14.7969013984 -0.00232547302162 -0.134370092067
14.8597332515 -0.0023061965738 -0.133808448421
14.9225651046 -0.00228715743543 -0.133251454964
14.9853969576 -0.00226835174943 -0.132699054482
15.0482288107 -0.00224977573631 -0.132151190688
15.1110606638 -0.00223142569233 -0.131607808211
15.1738925168 -0.00221329798767 -0.131068852568
15.2367243699 -0.00219538906474 -0.130534270155
15.299556223 -0.00217769543638 -0.130004008224
15.3623880761 -0.00216021368427 -0.129478014868
15.4252199291 -0.00214294045731 -0.128956239006
15.4880517822 -0.00212587247 -0.128438630362
15.5508836353 -0.00210900650098 -0.127925139454
15.6137154883 -0.00209233939149 -0.127415717578
15.6765473414 -0.00207586804394 -0.126910316788
15.7393791945 -0.00205958942051 -0.126408889888
15.8022110476 -0.00204350054179 -0.125911390413
15.8650429006 -0.00202759848538 -0.125417772616
15.9278747537 -0.00201188038469 -0.124927991456
15.9907066068 -0.00199634342759 -0.124442002581
16.0535384598 -0.00198098485523 -0.123959762319
16.1163703129 -0.00196580196079 -0.123481227662
16.179202166 -0.00195079208839 -0.123006356255
16.2420340191 -0.00193595263186 -0.122535106382
16.3048658721 -0.0019212810337 -0.122067436957
16.3676977252 -0.00190677478397 -0.121603307509
16.4305295783 -0.00189243141924 -0.121142678174
16.4933614313 -0.00187824852157 -0.120685509679
16.5561932844 -0.00186422371751 -0.120231763337
16.6190251375 -0.00185035467711 -0.11978140103
16.6818569906 -0.001836639113 -0.119334385205
16.7446888436 -0.00182307477945 -0.118890678857
16.8075206967 -0.00180965947145 -0.118450245524
16.8703525498 -0.00179639102386 -0.118013049276
16.9331844028 -0.00178326731055 -0.117579054705
16.9960162559 -0.00177028624354 -0.117148226913
17.058848109 -0.00175744577219 -0.116720531508
17.1216799621 -0.00174474388243 -0.116295934591
17.1845118151 -0.00173217859597 -0.115874402748
17.2473436682 -0.00171974796953 -0.115455903044
17.3101755213 -0.00170745009411 -0.115040403011
17.3730073744 -0.00169528309428 -0.11462787064
17.4358392274 -0.00168324512749 -0.114218274376
17.4986710805 -0.00167133438332 -0.113811583106
17.5615029336 -0.00165954908288 -0.113407766156
17.6243347866 -0.00164788747816 -0.113006793279
17.6871666397 -0.00163634785131 -0.112608634649
17.7499984928 -0.00162492851412 -0.112213260855
17.8128303459 -0.00161362780735 -0.111820642893
17.8756621989 -0.00160244410015 -0.111430752158
17.938494052 -0.00159137578948 -0.111043560439
18.0013259051 -0.00158042129957 -0.110659039911
18.0641577581 -0.00156957908134 -0.110277163128
18.1269896112 -0.00155884761186 -0.109897903019
18.1898214643 -0.00154822539383 -0.109521232879
18.2526533174 -0.0015377109551 -0.109147126363
18.3154851704 -0.0015273028481 -0.108775557483
18.3783170235 -0.00151699964942 -0.108406500598
18.4411488766 -0.00150679995927 -0.108039930412
18.5039807296 -0.00149670240104 -0.107675821964
18.5668125827 -0.00148670562088 -0.107314150626
18.6296444358 -0.00147680828717 -0.106954892097
18.6924762889 -0.00146700909016 -0.106598022396
18.7553081419 -0.00145730674149 -0.106243517857
18.818139995 -0.00144769997381 -0.105891355126
18.8809718481 -0.00143818754035 -0.105541511155
18.9438037011 -0.00142876821453 -0.105193963194
19.0066355542 -0.00141944078957 -0.10484868879
19.0694674073 -0.00141020407812 -0.104505665781
19.1322992604 -0.00140105691184 -0.104164872291
19.1951311134 -0.00139199814111 -0.103826286726
19.2579629665 -0.00138302663462 -0.103489887769
19.3207948196 -0.00137414127904 -0.103155654374
19.3836266726 -0.00136534097867 -0.102823565766
19.4464585257 -0.00135662465512 -0.102493601432
19.5092903788 -0.00134799124698 -0.102165741121
19.5721222319 -0.00133943970949 -0.101839964835
19.6349540849 -0.00133096901425 -0.10151625283
19.697785938 -0.0013225781489 -0.101194585609
19.7606177911 -0.00131426611681 -0.100874943919
19.8234496442 -0.00130603193683 -0.100557308748
19.8862814972 -0.00129787464294 -0.10024166132
19.9491133503 -0.00128979328404 -0.0999279830913
20.0119452034 -0.00128178692363 -0.099616255748
20.0747770564 -0.00127385463955 -0.099306461202
20.1376089095 -0.00126599552374 -0.0989985815871
20.2004407626 -0.00125820868196 -0.0986925992562
20.2632726157 -0.00125049323354 -0.0983884967779
20.3261044687 -0.00124284831114 -0.0980862569326
20.3889363218 -0.00123527306052 -0.0977858627101
20.4517681749 -0.00122776664028 -0.0974872973062
20.5146000279 -0.00122032822167 -0.0971905441191
20.577431881 -0.00121295698832 -0.0968955867472
20.6402637341 -0.00120565213601 -0.0966024089855
20.7030955872 -0.00119841287254 -0.0963109948226
20.7659274402 -0.0011912384174 -0.0960213284385
20.8287592933 -0.00118412800166 -0.095733394201
20.8915911464 -0.0011770808677 -0.0954471766634
20.9544229994 -0.00117009626905 -0.0951626605616
21.0172548525 -0.00116317347018 -0.0948798308114
21.0800867056 -0.00115631174631 -0.094598672506
21.1429185587 -0.00114951038322 -0.094319170913
21.2057504117 -0.00114276867708 -0.0940413114727
21.2685822648 -0.00113608593425 -0.0937650797945
21.3314141179 -0.0011294614711 -0.0934904616553
21.3942459709 -0.00112289461388 -0.0932174429967
21.457077824 -0.0011163846985 -0.092946009923
21.5199096771 -0.00110993107039 -0.092676148698
21.5827415302 -0.00110353308433 -0.0924078457438
21.6455733832 -0.00109719010429 -0.0921410876379
21.7084052363 -0.0010909015033 -0.0918758611109
21.7712370894 -0.00108466666324 -0.0916121530449
21.8340689424 -0.00107848497474 -0.0913499504707
21.8969007955 -0.00107235583701 -0.0910892405664
21.9597326486 -0.00106627865772 -0.0908300106542
22.0225645017 -0.00106025285281 -0.0905722481998
22.0853963547 -0.00105427784641 -0.0903159408094
22.1482282078 -0.00104835307065 -0.0900610762282
22.2110600609 -0.00104247796556 -0.089807642338
22.273891914 -0.00103665197896 -0.0895556271558
22.336723767 -0.00103087456625 -0.0893050188317
22.3995556201 -0.00102514519037 -0.089055805647
22.4623874732 -0.00101946332163 -0.0888079760128
22.5252193262 -0.00101382843762 -0.0885615184673
22.5880511793 -0.00100824002306 -0.0883164216751
22.6508830324 -0.00100269756969 -0.088072674425
22.7137148855 -0.000997200576162 -0.0878302656283
22.7765467385 -0.000991748547949 -0.0875891843169
22.8393785916 -0.000986340997194 -0.0873494196422
22.9022104447 -0.000980977442629 -0.0871109608731
22.9650422977 -0.000975657409453 -0.0868737973948
23.0278741508 -0.00097038042925 -0.0866379187067
23.0907060039 -0.00096514603987 -0.0864033144209
23.153537857 -0.000959953785319 -0.0861699742616
23.21636971 -0.000954803215694 -0.0859378880621
23.2792015631 -0.000949693887053 -0.0857070457651
23.3420334162 -0.000944625361339 -0.0854774374196
23.4048652692 -0.00093959720628 -0.0852490531805
23.4676971223 -0.000934608995302 -0.0850218833069
23.5305289754 -0.000929660307434 -0.0847959181608
23.5933608285 -0.000924750727226 -0.0845711482055
23.6561926815 -0.000919879844659 -0.0843475640047
23.7190245346 -0.00091504725506 -0.0841251562209
23.7818563877 -0.000910252559017 -0.0839039156142
23.8446882407 -0.000905495362302 -0.0836838330408
23.9075200938 -0.000900775275796 -0.0834648994521
23.9703519469 -0.000896091915392 -0.0832471058933
24.0331838 -0.000891444901931 -0.0830304435025
24.096015653 -0.000886833861124 -0.0828149035088
24.1588475061 -0.000882258423481 -0.0826004772316
24.2216793592 -0.000877718224227 -0.0823871560797
24.2845112122 -0.000873212903239 -0.0821749315495
24.3473430653 -0.000868742104974 -0.0819637952245
24.4101749184 -0.000864305478392 -0.0817537387739
24.4730067715 -0.000859902676902 -0.0815447539513
24.5358386245 -0.000855533358279 -0.0813368325943
24.5986704776 -0.000851197184613 -0.0811299666225
24.6615023307 -0.000846893822229 -0.0809241480374
24.7243341838 -0.000842622941638 -0.0807193689208
24.7871660368 -0.000838384217462 -0.080515621434
24.8499978899 -0.000834177328383 -0.0803128978168
24.912829743 -0.000830001957074 -0.0801111903863
24.975661596 -0.000825857790148 -0.0799104915363
25.0384934491 -0.000821744518092 -0.0797107937361
25.1013253022 -0.000817661835215 -0.0795120895296
25.1641571553 -0.000813609439587 -0.0793143715346
25.2269890083 -0.000809587032986 -0.0791176324415
25.2898208614 -0.000805594320853 -0.0789218650126
25.3526527145 -0.000801631012212 -0.0787270620817
25.4154845675 -0.000797696819653 -0.078533216552
25.4783164206 -0.000793791459249 -0.0783403213966
25.5411482737 -0.000789914650528 -0.0781483696569
25.6039801268 -0.000786066116408 -0.0779573544419
25.6668119798 -0.000782245583152 -0.0777672689275
25.7296438329 -0.000778452780324 -0.0775781063554
25.792475686 -0.00077468744074 -0.0773898600329
25.855307539 -0.000770949300415 -0.0772025233315
25.9181393921 -0.000767238098528 -0.0770160896863
25.9809712452 -0.000763553577363 -0.0768305525955
26.0438030983 -0.000759895482282 -0.0766459056191
26.1066349513 -0.000756263561661 -0.0764621423792
26.1694668044 -0.00075265756687 -0.0762792565578
26.2322986575 -0.00074907725221 -0.0760972418972
26.2951305105 -0.000745522374879 -0.0759160921993
26.3579623636 -0.000741992694942 -0.0757358013239
26.4207942167 -0.00073848797527 -0.0755563631892
26.4836260698 -0.000735007981516 -0.0753777717704
26.5464579228 -0.000731552482074 -0.075200021099
26.6092897759 -0.000728121248038 -0.0750231052629
26.672121629 -0.00072471405316 -0.0748470184046
26.734953482 -0.000721330673824 -0.0746717547216
26.7977853351 -0.000717970888999 -0.0744973084652
26.8606171882 -0.00071463448021 -0.07432367394
26.9234490413 -0.000711321231497 -0.0741508455033
26.9862808943 -0.000708030929389 -0.0739788175645
27.0491127474 -0.000704763362861 -0.0738075845844
27.1119446005 -0.0007015183233 -0.073637141075
27.1747764536 -0.000698295604487 -0.0734674815982
27.2376083066 -0.000695095002542 -0.0732986007658
27.3004401597 -0.000691916315909 -0.0731304932391
27.3632720128 -0.000688759345317 -0.0729631537275
27.4261038658 -0.000685623893752 -0.0727965769889
27.4889357189 -0.000682509766424 -0.0726307578283
27.551767572 -0.000679416770739 -0.0724656910981
27.6145994251 -0.000676344716268 -0.0723013716969
27.6774312781 -0.00067329341472 -0.0721377945694
27.7402631312 -0.000670262679912 -0.0719749547055
27.8030949843 -0.000667252327737 -0.0718128471402
27.8659268373 -0.000664262176142 -0.071651466953
27.9287586904 -0.000661292045102 -0.0714908092669
27.9915905435 -0.000658341756585 -0.0713308692488
28.0544223966 -0.000655411134532 -0.0711716421083
28.1172542496 -0.000652500004828 -0.0710131230975
28.1800861027 -0.000649608195281 -0.0708553075105
28.2429179558 -0.000646735535589 -0.0706981906831
28.3057498088 -0.000643881857321 -0.0705417679918
28.3685816619 -0.000641046993889 -0.0703860348541
28.431413515 -0.000638230780527 -0.0702309867278
28.4942453681 -0.000635433054267 -0.0700766191098
28.5570772211 -0.000632653653912 -0.069922927537
28.6199090742 -0.000629892420019 -0.0697699075848
28.6827409273 -0.000627149194865 -0.0696175548672
28.7455727803 -0.000624423822442 -0.0694658650362
28.8084046334 -0.000621716148414 -0.0693148337816
28.8712364865 -0.000619026020118 -0.0691644568303
28.9340683396 -0.000616353286521 -0.0690147299459
28.9969001926 -0.000613697798217 -0.0688656489286
29.0597320457 -0.000611059407393 -0.0687172096147
29.1225638988 -0.000608437967815 -0.068569407876
29.1853957518 -0.000605833334807 -0.0684222396197
29.2482276049 -0.000603245365232 -0.068275700788
29.311059458 -0.000600673917467 -0.0681297873572
29.3738913111 -0.000598118851397 -0.0679844953383
29.4367231641 -0.000595580028376 -0.0678398207758
29.4995550172 -0.000593057311226 -0.0676957597478
29.5623868703 -0.000590550564211 -0.0675523083653
29.6252187234 -0.000588059653018 -0.0674094627723
29.6880505764 -0.000585584444743 -0.067267219145
29.7508824295 -0.000583124807869 -0.0671255736918
29.8137142826 -0.000580680612256 -0.0669845226526
29.8765461356 -0.00057825172911 -0.0668440622992
29.9393779887 -0.000575838030982 -0.0667041889339
30.0022098418 -0.000573439391746 -0.0665648988901
30.0650416949 -0.00057105568657 -0.0664261885316
30.1278735479 -0.000568686791926 -0.066288054252
30.190705401 -0.000566332585545 -0.0661504924753
30.2535372541 -0.000563992946423 -0.0660134996545
30.3163691071 -0.000561667754796 -0.065877072272
30.3792009602 -0.000559356892126 -0.065741206839
30.4420328133 -0.000557060241089 -0.0656058998954
30.5048646664 -0.000554777685551 -0.0654711480095
30.5676965194 -0.00055250911057 -0.0653369477773
30.6305283725 -0.000550254402363 -0.0652032958228
30.6933602256 -0.000548013448304 -0.0650701887975
30.7561920786 -0.000545786136906 -0.0649376233799
30.8190239317 -0.00054357235781 -0.0648055962755
30.8818557848 -0.000541372001766 -0.0646741042162
30.9446876379 -0.000539184960624 -0.0645431439607
31.0075194909 -0.000537011127319 -0.0644127122936
31.070351344 -0.00053485039586 -0.064282806025
31.1331831971 -0.000532702661314 -0.0641534219912
31.1960150501 -0.000530567819795 -0.0640245570533
31.2588469032 -0.000528445768453 -0.0638962080977
31.3216787563 -0.000526336405458 -0.0637683720357
31.3845106094 -0.000524239629992 -0.0636410458029
31.4473424624 -0.000522155342235 -0.0635142263595
31.5101743155 -0.000520083443351 -0.0633879106897
31.5730061686 -0.00051802383548 -0.0632620958013
31.6358380216 -0.000515976421727 -0.0631367787262
31.6986698747 -0.000513941106144 -0.0630119565194
31.7615017278 -0.000511917793729 -0.0628876262589
31.8243335809 -0.000509906390404 -0.062763785046
31.8871654339 -0.000507906803013 -0.0626404300046
31.949997287 -0.00050591893931 -0.0625175582807
32.0128291401 -0.000503942707942 -0.062395167043
32.0756609932 -0.000501978018445 -0.0622732534821
32.1384928462 -0.000500024781229 -0.0621518148106
32.2013246993 -0.000498082907576 -0.0620308482623
32.2641565524 -0.000496152309618 -0.0619103510928
32.3269884054 -0.00049423290034 -0.0617903205787
32.3898202585 -0.000492324593557 -0.0616707540179
32.4526521116 -0.000490427303917 -0.0615516487286
32.5154839647 -0.00048854094688 -0.0614330020501
32.5783158177 -0.000486665438719 -0.0613148113418
32.6411476708 -0.000484800696506 -0.0611970739832
32.7039795239 -0.000482946638099 -0.0610797873743
32.7668113769 -0.00048110318214 -0.0609629489345
32.82964323 -0.000479270248044 -0.060846556103
32.8924750831 -0.000477447755982 -0.0607306063385
32.9553069362 -0.000475635626891 -0.0606150971186
33.0181387892 -0.000473833782444 -0.0605000259405
33.0809706423 -0.000472042145059 -0.06038539032
33.1438024954 -0.000470260637879 -0.0602711877917
33.2066343484 -0.000468489184768 -0.0601574159088
33.2694662015 -0.000466727710305 -0.0600440722428
33.3322980546 -0.000464976139774 -0.0599311543834
33.3951299077 -0.000463234399157 -0.0598186599383
33.4579617607 -0.00046150241512 -0.0597065865333
33.5207936138 -0.000459780115021 -0.0595949318114
33.5836254669 -0.000458067426878 -0.059483693434
33.6464573199 -0.000456364279388 -0.0593728690789
33.709289173 -0.000454670601902 -0.0592624564417
33.7721210261 -0.000452986324425 -0.0591524532348
33.8349528792 -0.000451311377603 -0.0590428571877
33.8977847322 -0.000449645692723 -0.0589336660465
33.9606165853 -0.000447989201701 -0.0588248775741
34.0234484384 -0.00044634183708 -0.0587164895493
34.0862802914 -0.000444703532016 -0.0586084997678
34.1491121445 -0.000443074220275 -0.0585009060411
34.2119439976 -0.000441453836231 -0.0583937061967
34.2747758507 -0.000439842314849 -0.0582868980782
34.3376077037 -0.000438239591688 -0.0581804795445
34.4004395568 -0.000436645602891 -0.0580744484703
34.4632714099 -0.000435060285179 -0.0579688027458
34.526103263 -0.000433483575839 -0.0578635402763
34.588935116 -0.000431915412734 -0.0577586589821
34.6517669691 -0.000430355734272 -0.0576541567991
34.7145988222 -0.000428804479429 -0.0575500316771
34.7774306752 -0.000427261587718 -0.0574462815816
34.8402625283 -0.000425726999194 -0.0573429044922
34.9030943814 -0.000424200654451 -0.0572398984031
34.9659262345 -0.000422682494614 -0.0571372613226
35.0287580875 -0.000421172461328 -0.0570349912736
35.0915899406 -0.000419670496756 -0.0569330862929
35.1544217937 -0.000418176543582 -0.0568315444312
35.2172536467 -0.000416690544986 -0.056730363753
35.2800854998 -0.000415212444658 -0.0566295423368
35.3429173529 -0.000413742186783 -0.0565290782744
35.405749206 -0.00041227971604 -0.0564289696713
35.468581059 -0.000410824977586 -0.0563292146461
35.5314129121 -0.000409377917071 -0.0562298113309
35.5942447652 -0.000407938480614 -0.0561307578707
35.6570766182 -0.000406506614805 -0.0560320524238
35.7199084713 -0.000405082266705 -0.0559336931609
35.7827403244 -0.000403665383832 -0.055835678266
35.8455721775 -0.000402255914164 -0.0557380059355
35.9084040305 -0.000400853806129 -0.0556406743784
35.9712358836 -0.0003994590086 -0.0555436818163
36.0340677367 -0.0003980714709 -0.0554470264828
36.0968995897 -0.000396691142781 -0.055350706624
36.1597314428 -0.000395317974434 -0.0552547204982
36.2225632959 -0.00039395191648 -0.0551590663754
36.285395149 -0.000392592919955 -0.0550637425381
36.348227002 -0.000391240936334 -0.0549687472796
36.4110588551 -0.000389895917484 -0.0548740789063
36.4738907082 -0.000388557815707 -0.0547797357349
36.5367225612 -0.000387226583693 -0.0546857160945
36.5995544143 -0.000385902174547 -0.0545920183252
36.6623862674 -0.00038458454177 -0.0544986407785
36.7252181205 -0.000383273639255 -0.0544055818174
36.7880499735 -0.000381969421293 -0.0543128398156
36.8508818266 -0.000380671842555 -0.0542204131581
36.9137136797 -0.000379380858101 -0.0541283002407
36.9765455328 -0.000378096423361 -0.0540364994703
37.0393773858 -0.000376818494153 -0.0539450092642
37.1022092389 -0.000375547026659 -0.0538538280507
37.165041092 -0.000374281977428 -0.0537629542686
37.227872945 -0.00037302330338 -0.0536723863669
37.2907047981 -0.000371770961784 -0.0535821228056
37.3535366512 -0.000370524910281 -0.0534921620542
37.4163685043 -0.000369285106852 -0.0534025025931
37.4792003573 -0.000368051509839 -0.0533131429126
37.5420322104 -0.000366824077918 -0.0532240815132
37.6048640635 -0.000365602770117 -0.0531353169052
37.6676959165 -0.000364387545803 -0.0530468476088
37.7305277696 -0.000363178364677 -0.0529586721541
37.7933596227 -0.000361975186771 -0.0528707890808
37.8561914758 -0.000360777972451 -0.0527831969386
37.9190233288 -0.000359586682405 -0.0526958942862
37.9818551819 -0.000358401277646 -0.0526088796925
38.044687035 -0.000357221719508 -0.0525221517351
38.107518888 -0.000356047969642 -0.0524357090013
38.1703507411 -0.00035487999001 -0.0523495500877
38.2331825942 -0.000353717742886 -0.0522636736001
38.2960144473 -0.000352561190851 -0.0521780781531
38.3588463003 -0.00035141029679 -0.0520927623707
38.4216781534 -0.000350265023891 -0.0520077248858
38.4845100065 -0.000349125335642 -0.0519229643398
38.5473418595 -0.000347991195822 -0.0518384793836
38.6101737126 -0.000346862568509 -0.0517542686762
38.6730055657 -0.000345739418065 -0.0516703308857
38.7358374188 -0.000344621709145 -0.0515866646883
38.7986692718 -0.00034350940668 -0.0515032687697
38.8615011249 -0.000342402475896 -0.0514201418228
38.924332978 -0.000341300882284 -0.0513372825502
38.987164831 -0.000340204591619 -0.0512546896617
39.0499966841 -0.00033911356995 -0.0511723618759
39.1128285372 -0.000338027783594 -0.0510902979197
39.1756603903 -0.000336947199138 -0.051008496528
39.2384922433 -0.000335871783434 -0.0509269564437
39.3013240964 -0.000334801503598 -0.0508456764177
39.3641559495 -0.000333736327009 -0.0507646552088
39.4269878026 -0.000332676221299 -0.0506838915841
39.4898196556 -0.000331621154363 -0.0506033843178
39.5526515087 -0.000330571094341 -0.0505231321927
39.6154833618 -0.000329526009635 -0.0504431339984
39.6783152148 -0.000328485868884 -0.0503633885329
39.7411470679 -0.000327450640984 -0.0502838946012
39.803978921 -0.000326420295065 -0.0502046510161
39.8668107741 -0.000325394800507 -0.0501256565981
39.9296426271 -0.000324374126926 -0.0500469101744
39.9924744802 -0.000323358244178 -0.0499684105801
40.0553063333 -0.000322347122347 -0.0498901566575
40.1181381863 -0.00032134073176 -0.0498121472559
40.1809700394 -0.000320339042966 -0.0497343812322
40.2438018925 -0.000319342026746 -0.0496568574498
40.3066337456 -0.000318349654109 -0.0495795747796
40.3694655986 -0.000317361896288 -0.0495025320994
40.4322974517 -0.000316378724732 -0.049425728294
40.4951293048 -0.00031540011112 -0.049349162255
40.5579611578 -0.000314426027344 -0.0492728328808
40.6207930109 -0.000313456445509 -0.0491967390767
40.683624864 -0.000312491337941 -0.0491208797548
40.7464567171 -0.000311530677175 -0.0490452538335
40.8092885701 -0.000310574435955 -0.0489698602383
40.8721204232 -0.000309622587235 -0.0488946979012
40.9349522763 -0.000308675104174 -0.0488197657604
40.9977841293 -0.000307731960136 -0.0487450627611
41.0606159824 -0.000306793128691 -0.0486705878542
41.1234478355 -0.000305858583604 -0.0485963399978
41.1862796886 -0.000304928298842 -0.048522318156
41.2491115416 -0.000304002248574 -0.0484485212988
41.3119433947 -0.000303080407153 -0.048374948403
41.3747752478 -0.000302162749136 -0.0483015984515
41.4376071008 -0.000301249249264 -0.0482284704331
41.5004389539 -0.000300339882478 -0.0481555633428
41.563270807 -0.000299434623895 -0.0480828761818
41.6261026601 -0.000298533448832 -0.0480104079571
41.6889345131 -0.000297636332781 -0.0479381576817
41.7517663662 -0.00029674325142 -0.0478661243747
41.8145982193 -0.00029585418061 -0.047794307061
41.8774300724 -0.000294969096392 -0.0477227047711
41.9402619254 -0.000294087974985 -0.0476513165415
42.0030937785 -0.000293210792786 -0.0475801414145
42.0659256316 -0.000292337526366 -0.047509178438
42.1287574846 -0.00029146815247 -0.0474384266656
42.1915893377 -0.000290602648016 -0.0473678851563
42.2544211908 -0.000289740990091 -0.047297552975
42.3172530439 -0.000288883155951 -0.0472274291922
42.3800848969 -0.000288029123026 -0.0471575128833
42.44291675 -0.000287178868903 -0.0470878031298
42.5057486031 -0.00028633237134 -0.0470182990183
42.5685804561 -0.000285489608256 -0.0469489996409
42.6314123092 -0.000284650557731 -0.0468799040948
42.6942441623 -0.000283815198009 -0.0468110114828
42.7570760154 -0.00028298350749 -0.0467423209127
42.8199078684 -0.000282155464731 -0.0466738314978
42.8827397215 -0.000281331048448 -0.0466055423562
42.9455715746 -0.00028051023751 -0.0465374526115
43.0084034276 -0.000279693010941 -0.0464695613924
43.0712352807 -0.000278879347917 -0.0464018678322
43.1340671338 -0.000278069227762 -0.0463343710696
43.1968989869 -0.000277262629954 -0.0462670702485
43.2597308399 -0.000276459534117 -0.0461999645174
43.322562693 -0.00027565992002 -0.0461330530297
43.3853945461 -0.000274863767586 -0.0460663349438
43.4482263991 -0.000274071056868 -0.0459998094232
43.5110582522 -0.000273281768076 -0.0459334756359
43.5738901053 -0.000272495881555 -0.0458673327548
43.6367219584 -0.000271713377794 -0.0458013799573
43.6995538114 -0.000270934237421 -0.0457356164258
43.7623856645 -0.000270158441197 -0.0456700413476
43.8252175176 -0.000269385970031 -0.0456046539138
43.8880493706 -0.000268616804956 -0.0455394533212
43.9508812237 -0.000267850927148 -0.0454744387704
44.0137130768 -0.000267088317917 -0.0454096094667
44.0765449299 -0.000266328958695 -0.0453449646205
44.1393767829 -0.000265572831062 -0.0452805034456
44.202208636 -0.000264819916715 -0.0452162251612
44.2650404891 -0.000264070197488 -0.0451521289903
44.3278723422 -0.000263323655339 -0.0450882141607
44.3907041952 -0.000262580272352 -0.0450244799045
44.4535360483 -0.000261840030742 -0.0449609254579
44.5163679014 -0.000261102912846 -0.0448975500616
44.5791997544 -0.00026036890112 -0.0448343529607
44.6420316075 -0.000259637978153 -0.044771333404
44.7048634606 -0.000258910126651 -0.0447084906451
44.7676953137 -0.000258185329439 -0.0446458239414
44.8305271667 -0.000257463569462 -0.0445833325545
44.8933590198 -0.000256744829788 -0.0445210157504
44.9561908729 -0.000256029093597 -0.0444588727989
45.0190227259 -0.00025531634419 -0.0443969029739
45.081854579 -0.000254606564981 -0.0443351055535
45.1446864321 -0.000253899739502 -0.0442734798197
45.2075182852 -0.000253195851397 -0.0442120250583
45.2703501382 -0.000252494884422 -0.0441507405593
45.3331819913 -0.000251796822448 -0.0440896256167
45.3960138444 -0.000251101649455 -0.044028679528
45.4588456974 -0.000250409349531 -0.0439679015951
45.5216775505 -0.000249719906879 -0.0439072911232
45.5845094036 -0.000249033305808 -0.0438468474216
45.6473412567 -0.00024834953073 -0.0437865698036
45.7101731097 -0.000247668566171 -0.0437264575857
45.7730049628 -0.000246990396755 -0.0436665100889
45.8358368159 -0.000246315007221 -0.0436067266369
45.8986686689 -0.0002456423824 -0.0435471065584
45.961500522 -0.000244972507236 -0.0434876491843
46.0243323751 -0.000244305366773 -0.0434283538503
46.0871642282 -0.000243640946149 -0.0433692198953
46.1499960812 -0.000242979230613 -0.0433102466617
46.2128279343 -0.000242320205512 -0.0432514334955
46.2756597874 -0.000241663856282 -0.0431927797463
46.3384916404 -0.000241010168472 -0.0431342847674
46.4013234935 -0.000240359127718 -0.0430759479151
46.4641553466 -0.00023971071976 -0.0430177685495
46.5269871997 -0.000239064930425 -0.0429597460343
46.5898190527 -0.000238421745642 -0.0429018797363
46.6526509058 -0.000237781151433 -0.0428441690258
46.7154827589 -0.000237143133911 -0.0427866132767
46.778314612 -0.000236507679286 -0.0427292118659
46.841146465 -0.000235874773856 -0.042671964174
46.9039783181 -0.000235244404016 -0.0426148695844
46.9668101712 -0.000234616556243 -0.0425579274844
47.0296420242 -0.000233991217114 -0.042501137264
47.0924738773 -0.000233368373286 -0.0424444983168
47.1553057304 -0.000232748011511 -0.0423880100396
47.2181375835 -0.000232130118621 -0.0423316718325
47.2809694365 -0.000231514681549 -0.0422754830983
47.3438012896 -0.000230901687302 -0.0422194432433
47.4066331427 -0.000230291122975 -0.042163551677
47.4694649957 -0.000229682975748 -0.0421078078121
47.5322968488 -0.000229077232892 -0.0420522110638
47.5951287019 -0.000228473881754 -0.0419967608513
47.657960555 -0.000227872909766 -0.041941456596
47.720792408 -0.000227274304446 -0.0418862977227
47.7836242611 -0.000226678053387 -0.0418312836595
47.8464561142 -0.00022608414427 -0.041776413837
47.9092879672 -0.00022549256485 -0.0417216876891
47.9721198203 -0.000224903302967 -0.0416671046524
48.0349516734 -0.000224316346539 -0.0416126641668
48.0977835265 -0.000223731683563 -0.0415583656746
48.1606153795 -0.000223149302108 -0.0415042086217
48.2234472326 -0.000222569190333 -0.0414501924559
48.2862790857 -0.000221991336459 -0.0413963166291
48.3491109387 -0.000221415728793 -0.0413425805951
48.4119427918 -0.000220842355718 -0.0412889838107
48.4747746449 -0.000220271205684 -0.0412355257358
48.537606498 -0.000219702267223 -0.0411822058329
48.600438351 -0.000219135528936 -0.0411290235673
48.6632702041 -0.000218570979504 -0.0410759784068
48.7261020572 -0.00021800860767 -0.0410230698227
48.7889339102 -0.00021744840226 -0.040970297288
48.8517657633 -0.000216890352166 -0.0409176602791
48.9145976164 -0.000216334446347 -0.0408651582751
48.9774294695 -0.000215780673846 -0.040812790757
49.0402613225 -0.000215229023763 -0.0407605572095
49.1030931756 -0.000214679485271 -0.0407084571193
49.1659250287 -0.000214132047613 -0.0406564899758
49.2287568818 -0.000213586700102 -0.0406046552709
49.2915887348 -0.000213043432116 -0.0405529524996
49.3544205879 -0.0002125022331 -0.0405013811588
49.417252441 -0.00021196309257 -0.0404499407483
49.480084294 -0.000211426000102 -0.0403986307705
49.5429161471 -0.000210890945346 -0.04034745073
49.6057480002 -0.000210357918007 -0.0402964001344
49.6685798533 -0.000209826907867 -0.0402454784931
49.7314117063 -0.000209297904759 -0.0401946853188
49.7942435594 -0.000208770898589 -0.040144020126
49.8570754125 -0.000208245879327 -0.0400934824318
49.9199072655 -0.000207722837001 -0.0400430717557
49.9827391186 -0.0002072017617 -0.0399927876201
50.0455709717 -0.000206682643583 -0.0399426295491
50.1084028248 -0.000206165472865 -0.0398925970693
50.1712346778 -0.000205650239822 -0.0398426897101
50.2340665309 -0.000205136934789 -0.0397929070029
50.296898384 -0.000204625548168 -0.0397432484814
50.359730237 -0.000204116070413 -0.0396937136819
50.4225620901 -0.000203608492043 -0.0396443021427
50.4853939432 -0.000203102803631 -0.0395950134047
50.5482257963 -0.00020259899581 -0.0395458470108
50.6110576493 -0.000202097059273 -0.0394968025064
50.6738895024 -0.000201596984772 -0.0394478794386
50.7367213555 -0.000201098763105 -0.0393990773578
50.7995532085 -0.000200602385143 -0.0393503958154
50.8623850616 -0.0002001078418 -0.039301834366
50.9252169147 -0.000199615124053 -0.0392533925656
50.9880487678 -0.000199124222929 -0.0392050699733
51.0508806208 -0.000198635129519 -0.0391568661493
51.1137124739 -0.000198147834957 -0.0391087806568
51.176544327 -0.000197662330438 -0.0390608130609
51.23937618 -0.000197178607213 -0.0390129629283
51.3022080331 -0.000196696656581 -0.0389652298286
51.3650398862 -0.000196216469896 -0.0389176133332
51.4278717393 -0.000195738038564 -0.0388701130156
51.4907035923 -0.000195261354046 -0.038822728451
51.5535354454 -0.000194786407849 -0.0387754592175
51.6163672985 -0.000194313191541 -0.0387283048943
51.6791991516 -0.00019384169673 -0.0386812650634
51.7420310046 -0.000193371915083 -0.0386343393085
51.8048628577 -0.000192903838313 -0.0385875272152
51.8676947108 -0.000192437458188 -0.0385408283711
51.9305265638 -0.000191972766519 -0.0384942423663
51.9933584169 -0.000191509755171 -0.0384477687922
52.05619027 -0.000191048416055 -0.0384014072427
52.1190221231 -0.000190588741133 -0.0383551573133
52.1818539761 -0.000190130722413 -0.0383090186016
52.2446858292 -0.000189674351953 -0.0382629907072
52.3075176823 -0.000189219621857 -0.0382170732314
52.3703495353 -0.000188766524278 -0.0381712657775
52.4331813884 -0.000188315051414 -0.0381255679508
52.4960132415 -0.000187865195511 -0.0380799793584
52.5588450946 -0.000187416948859 -0.0380344996092
52.6216769476 -0.000186970303795 -0.0379891283142
52.6845088007 -0.000186525252702 -0.0379438650863
52.7473406538 -0.00018608178801 -0.0378987095395
52.8101725068 -0.000185639902191 -0.0378536612904
52.8730043599 -0.00018519958776 -0.0378087199575
52.935836213 -0.000184760837281 -0.0377638851605
52.9986680661 -0.00018432364336 -0.0377191565211
53.0614999191 -0.000183887998643 -0.0376745336633
53.1243317722 -0.000183453895828 -0.0376300162119
53.1871636253 -0.000183021327643 -0.0375856037947
53.2499954783 -0.000182590286876 -0.0375412960399
53.3128273314 -0.00018216076634 -0.0374970925786
53.3756591845 -0.000181732758903 -0.0374529930429
53.4384910376 -0.000181306257464 -0.0374089970672
53.5013228906 -0.000180881254976 -0.0373651042868
53.5641547437 -0.000180457744416 -0.03732131434
53.6269865968 -0.000180035718825 -0.0372776268651
53.6898184498 -0.000179615171263 -0.0372340415037
53.7526503029 -0.000179196094841 -0.0371905578981
53.815482156 -0.000178778482714 -0.0371471756922
53.8783140091 -0.000178362328062 -0.0371038945325
53.9411458621 -0.000177947624124 -0.0370607140662
54.0039777152 -0.00017753436416 -0.0370176339425
54.0668095683 -0.00017712254148 -0.0369746538122
54.1296414214 -0.000176712149428 -0.0369317733279
54.1924732744 -0.000176303181393 -0.0368889921432
54.2553051275 -0.000175895630793 -0.036846309914
54.3181369806 -0.000175489491088 -0.0368037262975
54.3809688336 -0.000175084755779 -0.0367612409526
54.4438006867 -0.0001746814184 -0.0367188535395
54.5066325398 -0.000174279472521 -0.0366765637203
54.5694643929 -0.000173878911756 -0.0366343711583
54.6322962459 -0.000173479729749 -0.0365922755184
54.695128099 -0.000173081920181 -0.0365502764675
54.7579599521 -0.000172685476773 -0.0365083736734
54.8207918051 -0.000172290393275 -0.036466566806
54.8836236582 -0.000171896663484 -0.0364248555362
54.9464555113 -0.000171504281218 -0.0363832395367
55.0092873644 -0.000171113240343 -0.0363417184816
55.0721192174 -0.000170723534751 -0.0363002920464
55.1349510705 -0.000170335158376 -0.0362589599082
55.1977829236 -0.000169948105177 -0.0362177217459
55.2606147766 -0.000169562369158 -0.0361765772389
55.3234466297 -0.000169177944348 -0.0361355260692
55.3862784828 -0.000168794824817 -0.0360945679191
55.4491103359 -0.000168413004661 -0.0360537024735
55.5119421889 -0.000168032478016 -0.0360129294179
55.574774042 -0.00016765323905 -0.0359722484392
55.6376058951 -0.000167275281958 -0.0359316592265
55.7004377481 -0.000166898600974 -0.0358911614694
55.7632696012 -0.000166523190363 -0.0358507548594
55.8261014543 -0.000166149044421 -0.0358104390893
55.8889333074 -0.000165776157474 -0.0357702138531
55.9517651604 -0.000165404523883 -0.0357300788466
56.0145970135 -0.00016503413804 -0.0356900337665
56.0774288666 -0.000164664994369 -0.035650078311
56.1402607196 -0.000164297087324 -0.0356102121795
56.2030925727 -0.000163930411388 -0.0355704350732
56.2659244258 -0.000163564961079 -0.0355307466944
56.3287562789 -0.000163200730941 -0.0354911467464
56.3915881319 -0.000162837715551 -0.0354516349344
56.454419985 -0.000162475909517 -0.0354122109643
56.5172518381 -0.000162115307474 -0.0353728745437
56.5800836912 -0.000161755904087 -0.0353336253818
56.6429155442 -0.000161397694055 -0.035294463188
56.7057473973 -0.000161040672099 -0.0352553876742
56.7685792504 -0.000160684832976 -0.0352163985528
56.8314111034 -0.000160330171468 -0.0351774955378
56.8942429565 -0.000159976682385 -0.0351386783446
56.9570748096 -0.000159624360568 -0.0350999466894
57.0199066627 -0.000159273200885 -0.03506130029
57.0827385157 -0.000158923198237 -0.0350227388651
57.1455703688 -0.000158574347543 -0.034984262135
57.2084022219 -0.000158226643759 -0.034945869821
57.2712340749 -0.000157880081862 -0.034907561646
57.334065928 -0.00015753465686 -0.0348693373336
57.3968977811 -0.00015719036379 -0.0348311966089
57.4597296342 -0.000156847197713 -0.0347931391979
57.5225614872 -0.000156505153716 -0.0347551648283
57.5853933403 -0.000156164226915 -0.0347172732286
57.6482251934 -0.000155824412454 -0.0346794641286
57.7110570464 -0.000155485705497 -0.0346417372594
57.7738888995 -0.000155148101242 -0.0346040923529
57.8367207526 -0.000154811594909 -0.0345665291424
57.8995526057 -0.000154476181742 -0.0345290473627
57.9623844587 -0.000154141857017 -0.0344916467488
58.0252163118 -0.000153808616027 -0.0344543270379
58.0880481649 -0.000153476454099 -0.0344170879679
58.1508800179 -0.00015314536658 -0.0343799292775
58.213711871 -0.000152815348839 -0.0343428507072
58.2765437241 -0.000152486396279 -0.0343058519978
58.3393755772 -0.000152158504323 -0.0342689328919
58.4022074302 -0.000151831668414 -0.0342320931333
58.4650392833 -0.000151505884028 -0.0341953324659
58.5278711364 -0.000151181146657 -0.0341586506361
58.5907029894 -0.000150857451824 -0.03412204739
58.6535348425 -0.00015053479507 -0.0340855224758
58.7163666956 -0.000150213171966 -0.0340490756424
58.7791985487 -0.000149892578102 -0.0340127066397
58.8420304017 -0.000149573009091 -0.0339764152188
58.9048622548 -0.000149254460574 -0.0339402011317
58.9676941079 -0.00014893692821 -0.0339040641316
59.030525961 -0.000148620407684 -0.0338680039731
59.093357814 -0.000148304894704 -0.0338320204108
59.1561896671 -0.000147990384998 -0.0337961132015
59.2190215202 -0.000147676874322 -0.0337602821022
59.2818533732 -0.000147364358446 -0.0337245268716
59.3446852263 -0.00014705283317 -0.0336888472689
59.4075170794 -0.000146742294314 -0.0336532430544
59.4703489325 -0.000146432737719 -0.0336177139895
59.5331807855 -0.000146124159247 -0.0335822598369
59.5960126386 -0.000145816554785 -0.0335468803598
59.6588444917 -0.000145509920235 -0.0335115753226
59.7216763447 -0.000145204251532 -0.0334763444908
59.7845081978 -0.000144899544622 -0.0334411876305
59.8473400509 -0.000144595795476 -0.0334061045094
59.910171904 -0.000144293000084 -0.0333710948957
59.973003757 -0.000143991154461 -0.0333361585587
60.0358356101 -0.000143690254641 -0.0333012952685
60.0986674632 -0.000143390296676 -0.0332665047967
60.1614993162 -0.00014309127664 -0.0332317869152
60.2243311693 -0.000142793190632 -0.0331971413973
60.2871630224 -0.000142496034764 -0.0331625680169
60.3499948755 -0.000142199805173 -0.033128066549
60.4128267285 -0.000141904498015 -0.0330936367697
60.4756585816 -0.000141610109463 -0.0330592784558
60.5384904347 -0.000141316635716 -0.033024991385
60.6013222877 -0.000141024072985 -0.0329907753364
60.6641541408 -0.000140732417509 -0.0329566300893
60.7269859939 -0.00014044166554 -0.0329225554241
60.789817847 -0.000140151813349 -0.0328885511226
60.8526497 -0.000139862857234 -0.0328546169668
60.9154815531 -0.000139574793499 -0.0328207527404
60.9783134062 -0.000139287618481 -0.0327869582273
61.0411452592 -0.000139001328527 -0.0327532332125
61.1039771123 -0.000138715920003 -0.0327195774819
61.1668089654 -0.000138431389301 -0.0326859908222
61.2296408185 -0.00013814773282 -0.0326524730214
61.2924726715 -0.000137864946988 -0.0326190238677
61.3553045246 -0.000137583028243 -0.0325856431507
61.4181363777 -0.000137301973047 -0.0325523306607
61.4809682308 -0.00013702177788 -0.0325190861884
61.5438000838 -0.000136742439235 -0.0324859095261
61.6066319369 -0.000136463953627 -0.0324528004667
61.66946379 -0.000136186317588 -0.0324197588036
61.732295643 -0.000135909527666 -0.0323867843314
61.7951274961 -0.000135633580426 -0.0323538768455
61.8579593492 -0.000135358472455 -0.032321036142
61.9207912023 -0.000135084200354 -0.0322882620177
61.9836230553 -0.000134810760738 -0.0322555542708
62.0464549084 -0.000134538150245 -0.0322229126996
62.1092867615 -0.000134266365528 -0.0321903371038
62.1721186145 -0.000133995403256 -0.0321578272832
62.2349504676 -0.000133725260115 -0.0321253830393
62.2977823207 -0.000133455932805 -0.0320930041739
62.3606141738 -0.000133187418051 -0.0320606904893
62.4234460268 -0.000132919712584 -0.0320284417892
62.4862778799 -0.000132652813159 -0.0319962578778
62.549109733 -0.000132386716542 -0.0319641385604
62.611941586 -0.000132121419518 -0.0319320836424
62.6747734391 -0.000131856918891 -0.0319000929303
62.7376052922 -0.000131593211474 -0.0318681662318
62.8004371453 -0.000131330294102 -0.0318363033549
62.8632689983 -0.000131068163621 -0.0318045041083
62.9261008514 -0.000130806816895 -0.031772768302
62.9889327045 -0.000130546250808 -0.031741095746
63.0517645575 -0.000130286462249 -0.0317094862518
63.1145964106 -0.000130027448134 -0.0316779396312
63.1774282637 -0.000129769205385 -0.0316464556968
63.2402601168 -0.000129511730945 -0.031615034262
63.3030919698 -0.00012925502177 -0.031583675141
63.3659238229 -0.000128999074832 -0.0315523781486
63.428755676 -0.000128743887116 -0.0315211431004
63.491587529 -0.000128489455622 -0.0314899698131
63.5544193821 -0.000128235777369 -0.0314588581032
63.6172512352 -0.000127982849387 -0.0314278077888
63.6800830883 -0.000127730668719 -0.0313968186884
63.7429149413 -0.000127479232427 -0.0313658906211
63.8057467944 -0.000127228537583 -0.0313350234071
63.8685786475 -0.00012697858128 -0.0313042168665
63.9314105006 -0.000126729360617 -0.031273470821
63.9942423536 -0.000126480872711 -0.0312427850929
64.0570742067 -0.000126233114694 -0.0312121595045
64.1199060598 -0.000125986083715 -0.0311815938791
64.1827379128 -0.000125739776925 -0.0311510880413
64.2455697659 -0.000125494191502 -0.0311206418158
64.308401619 -0.000125249324634 -0.0310902550278
64.3712334721 -0.000125005173517 -0.0310599275039
64.4340653251 -0.000124761735371 -0.0310296590705
64.4968971782 -0.000124519007417 -0.0309994495555
64.5597290313 -0.000124276986902 -0.0309692987868
64.6225608843 -0.000124035671076 -0.0309392065934
64.6853927374 -0.00012379505721 -0.0309091728048
64.7482245905 -0.000123555142582 -0.0308791972513
64.8110564436 -0.000123315924488 -0.0308492797635
64.8738882966 -0.000123077400233 -0.0308194201732
64.9367201497 -0.000122839567142 -0.0307896183121
64.9995520028 -0.000122602422544 -0.0307598740135
65.0623838558 -0.000122365963784 -0.0307301871105
65.1252157089 -0.000122130188223 -0.0307005574376
65.188047562 -0.000121895093234 -0.0306709848288
65.2508794151 -0.000121660676198 -0.03064146912
65.3137112681 -0.000121426934512 -0.0306120101472
65.3765431212 -0.000121193865587 -0.0305826077468
65.4393749743 -0.000120961466843 -0.0305532617559
65.5022068273 -0.00012072973571 -0.0305239720131
65.5650386804 -0.000120498669644 -0.0304947383559
65.6278705335 -0.000120268266095 -0.0304655606241
65.6907023866 -0.000120038522537 -0.0304364386572
65.7535342396 -0.000119809436451 -0.0304073722954
65.8163660927 -0.00011958100533 -0.0303783613799
65.8791979458 -0.000119353226683 -0.0303494057522
65.9420297988 -0.000119126098028 -0.0303205052544
66.0048616519 -0.000118899616892 -0.0302916597291
66.067693505 -0.000118673780824 -0.0302628690197
66.1305253581 -0.000118448587368 -0.0302341329705
66.1933572111 -0.000118224034095 -0.0302054514255
66.2561890642 -0.00011800011858 -0.0301768242302
66.3190209173 -0.000117776838412 -0.0301482512301
66.3818527704 -0.000117554191188 -0.0301197322716
66.4446846234 -0.00011733217452 -0.0300912672016
66.5075164765 -0.000117110786029 -0.0300628558676
66.5703483296 -0.000116890023351 -0.0300344981173
66.6331801826 -0.000116669884125 -0.0300061937999
66.6960120357 -0.000116450366012 -0.0299779427638
66.7588438888 -0.000116231466675 -0.0299497448592
66.8216757419 -0.000116013183791 -0.0299215999367
66.8845075949 -0.000115795515051 -0.0298935078464
66.947339448 -0.000115578458153 -0.0298654684401
67.0101713011 -0.000115362010804 -0.0298374815699
67.0730031541 -0.000115146170727 -0.0298095470884
67.1358350072 -0.000114930935653 -0.0297816648481
67.1986668603 -0.000114716303323 -0.0297538347033
67.2614987134 -0.000114502271489 -0.029726056508
67.3243305664 -0.000114288837914 -0.0296983301166
67.3871624195 -0.000114076000373 -0.0296706553846
67.4499942726 -0.000113863756644 -0.0296430321679
67.5128261256 -0.000113652104526 -0.0296154603226
67.5756579787 -0.000113441041822 -0.0295879397057
67.6384898318 -0.000113230566345 -0.0295604701747
67.7013216849 -0.000113020675919 -0.0295330515873
67.7641535379 -0.000112811368379 -0.0295056838021
67.826985391 -0.00011260264157 -0.0294783666781
67.8898172441 -0.000112394493346 -0.0294511000746
67.9526490971 -0.000112186921568 -0.029423883852
68.0154809502 -0.000111979924115 -0.0293967178705
68.0783128033 -0.000111773498868 -0.0293696019912
68.1411446564 -0.00011156764372 -0.0293425360758
68.2039765094 -0.000111362356577 -0.0293155199861
68.2668083625 -0.000111157635348 -0.0292885535851
68.3296402156 -0.000110953477958 -0.0292616367356
68.3924720686 -0.00011074988234 -0.0292347693011
68.4553039217 -0.000110546846431 -0.029207951146
68.5181357748 -0.000110344368188 -0.0291811821344
68.5809676279 -0.000110142445566 -0.0291544621319
68.6437994809 -0.000109941076536 -0.029127791004
68.706631334 -0.000109740259079 -0.0291011686164
68.7694631871 -0.000109539991178 -0.0290745948359
68.8322950402 -0.000109340270837 -0.0290480695293
68.8951268932 -0.000109141096055 -0.0290215925648
68.9579587463 -0.000108942464856 -0.0289951638094
69.0207905994 -0.000108744375253 -0.0289687831325
69.0836224524 -0.000108546825288 -0.0289424504025
69.1464543055 -0.000108349813003 -0.028916165489
69.2092861586 -0.000108153336446 -0.0288899282619
69.2721180117 -0.000107957393677 -0.0288637385917
69.3349498647 -0.000107761982766 -0.0288375963491
69.3977817178 -0.000107567101789 -0.0288115014057
69.4606135709 -0.000107372748833 -0.0287854536329
69.5234454239 -0.000107178921995 -0.0287594529029
69.586277277 -0.000106985619374 -0.0287334990887
69.6491091301 -0.000106792839084 -0.0287075920636
69.7119409832 -0.000106600579247 -0.0286817317009
69.7747728362 -0.000106408837987 -0.0286559178749
69.8376046893 -0.000106217613445 -0.0286301504598
69.9004365424 -0.000106026903767 -0.0286044293309
69.9632683954 -0.000105836707106 -0.0285787543634
70.0261002485 -0.000105647021622 -0.0285531254335
70.0889321016 -0.000105457845488 -0.0285275424172
70.1517639547 -0.00010526917688 -0.0285020051914
70.2145958077 -0.000105081013987 -0.0284765136334
70.2774276608 -0.000104893355003 -0.0284510676208
70.3402595139 -0.000104706198131 -0.0284256670313
70.4030913669 -0.00010451954158 -0.0284003117441
70.46592322 -0.000104333383571 -0.0283750016375
70.5287550731 -0.000104147722329 -0.0283497365911
70.5915869262 -0.00010396255609 -0.028324516485
70.6544187792 -0.000103777883096 -0.0282993411989
70.7172506323 -0.000103593701596 -0.0282742106139
70.7800824854 -0.000103410009851 -0.0282491246108
70.8429143384 -0.00010322680612 -0.0282240830716
70.9057461915 -0.000103044088683 -0.0281990858775
70.9685780446 -0.000102861855821 -0.0281741329111
71.0314098977 -0.000102680105816 -0.0281492240555
71.0942417507 -0.000102498836968 -0.0281243591938
71.1570736038 -0.000102318047584 -0.0280995382089
71.2199054569 -0.00010213773597 -0.0280747609855
71.28273731 -0.000101957900444 -0.0280500274078
71.345569163 -0.000101778539338 -0.0280253373605
71.4084010161 -0.000101599650978 -0.0280006907291
71.4712328692 -0.000101421233709 -0.0279760873989
71.5340647222 -0.000101243285877 -0.0279515272558
71.5968965753 -0.000101065805837 -0.0279270101868
71.6597284284 -0.000100888791953 -0.0279025360782
71.7225602815 -0.000100712242592 -0.0278781048175
71.7853921345 -0.000100536156132 -0.0278537162919
71.8482239876 -0.000100360530955 -0.0278293703898
71.9110558407 -0.000100185365454 -0.0278050669995
71.9738876937 -0.000100010658023 -0.0277808060099
72.0367195468 -9.9836407071e-05 -0.0277565873099
72.0995513999 -9.96626110059e-05 -0.0277324107892
72.162383253 -9.9489268251e-05 -0.0277082763374
72.225215106 -9.93163772245e-05 -0.0276841838454
72.2880469591 -9.91439363645e-05 -0.0276601332034
72.3508788122 -9.89719441085e-05 -0.0276361243027
72.4137106652 -9.88003988988e-05 -0.027612157035
72.4765425183 -9.86292991932e-05 -0.0275882312916
72.5393743714 -9.84586434466e-05 -0.027564346965
72.6022062245 -9.82884301274e-05 -0.0275405039476
72.6650380775 -9.81186577069e-05 -0.0275167021327
72.7278699306 -9.79493246611e-05 -0.0274929414136
72.7907017837 -9.77804294814e-05 -0.0274692216835
72.8535336367 -9.7611970656e-05 -0.0274455428369
72.9163654898 -9.74439466851e-05 -0.0274219047681
72.9791973429 -9.72763560738e-05 -0.0273983073716
73.042029196 -9.71091973308e-05 -0.0273747505429
73.104861049 -9.69424689758e-05 -0.0273512341775
73.1676929021 -9.67761695337e-05 -0.027327758171
73.2305247552 -9.66102975326e-05 -0.0273043224201
73.2933566082 -9.64448515124e-05 -0.0272809268205
73.3561884613 -9.62798300123e-05 -0.0272575712702
73.4190203144 -9.61152315852e-05 -0.0272342556656
73.4818521675 -9.5951054784e-05 -0.0272109799049
73.5446840205 -9.57872981729e-05 -0.0271877438857
73.6075158736 -9.5623960314e-05 -0.0271645475068
73.6703477267 -9.54610397907e-05 -0.0271413906661
73.7331795798 -9.52985351739e-05 -0.0271182732633
73.7960114328 -9.51364450527e-05 -0.0270951951975
73.8588432859 -9.49747680192e-05 -0.0270721563684
73.921675139 -9.48135026699e-05 -0.0270491566764
73.984506992 -9.46526476137e-05 -0.0270261960211
74.0473388451 -9.44922014522e-05 -0.027003274304
74.1101706982 -9.43321628077e-05 -0.0269803914256
74.1730025513 -9.41725302965e-05 -0.0269575472879
74.2358344043 -9.40133025486e-05 -0.0269347417923
74.2986662574 -9.38544781998e-05 -0.0269119748405
74.3614981105 -9.36960558834e-05 -0.0268892463354
74.4243299635 -9.35380342491e-05 -0.0268665561793
74.4871618166 -9.33804119426e-05 -0.0268439042758
74.5499936697 -9.32231876231e-05 -0.0268212905279
74.6128255228 -9.30663599494e-05 -0.0267987148395
74.6756573758 -9.29099275923e-05 -0.0267761771143
74.7384892289 -9.27538892225e-05 -0.0267536772566
74.801321082 -9.25982435178e-05 -0.0267312151716
74.864152935 -9.24429891634e-05 -0.0267087907637
74.9269847881 -9.22881248491e-05 -0.0266864039387
74.9898166412 -9.21336492675e-05 -0.0266640546019
75.0526484943 -9.19795611197e-05 -0.0266417426595
75.1154803473 -9.18258591132e-05 -0.0266194680176
75.1783122004 -9.16725419576e-05 -0.0265972305825
75.2411440535 -9.15196083734e-05 -0.0265750302611
75.3039759065 -9.13670570742e-05 -0.0265528669613
75.3668077596 -9.12148867941e-05 -0.0265307405898
75.4296396127 -9.10630962643e-05 -0.0265086510547
75.4924714658 -9.0911684221e-05 -0.0264865982642
75.5553033188 -9.07606494059e-05 -0.0264645821268
75.6181351719 -9.06099905718e-05 -0.0264426025508
75.680967025 -9.04597064696e-05 -0.0264206594455
75.743798878 -9.03097958579e-05 -0.02639875272
75.8066307311 -9.0160257501e-05 -0.0263768822844
75.8694625842 -9.00110901655e-05 -0.0263550480483
75.9322944373 -8.98622926272e-05 -0.0263332499218
75.9951262903 -8.9713863665e-05 -0.0263114878157
76.0579581434 -8.95658020644e-05 -0.0262897616405
76.1207899965 -8.94181066099e-05 -0.0262680713079
76.1836218496 -8.92707761e-05 -0.0262464167283
76.2464537026 -8.9123809331e-05 -0.0262247978143
76.3092855557 -8.89772051081e-05 -0.0262032144775
76.3721174088 -8.88309622391e-05 -0.0261816666302
76.4349492618 -8.86850795394e-05 -0.026160154185
76.4977811149 -8.8539555826e-05 -0.0261386770546
76.560612968 -8.83943899209e-05 -0.0261172351525
76.6234448211 -8.82495806567e-05 -0.0260958283915
76.6862766741 -8.81051268628e-05 -0.026074456686
76.7491085272 -8.79610273781e-05 -0.0260531199495
76.8119403803 -8.78172810436e-05 -0.0260318180964
76.8747722333 -8.76738867087e-05 -0.0260105510415
76.9376040864 -8.75308432251e-05 -0.0259893186991
77.0004359395 -8.73881494476e-05 -0.0259681209847
77.0632677926 -8.72458042398e-05 -0.0259469578134
77.1260996456 -8.71038064663e-05 -0.0259258291011
77.1889314987 -8.69621549947e-05 -0.0259047347638
77.2517633518 -8.68208487064e-05 -0.0258836747172
77.3145952048 -8.66798864771e-05 -0.0258626488783
77.3774270579 -8.65392671904e-05 -0.0258416571635
77.440258911 -8.63989897372e-05 -0.0258206994901
77.5030907641 -8.62590530082e-05 -0.0257997757754
77.5659226171 -8.61194559047e-05 -0.0257788859363
77.6287544702 -8.59801973254e-05 -0.0257580298915
77.6915863233 -8.58412761798e-05 -0.0257372075583
77.7544181763 -8.57026913747e-05 -0.0257164188558
77.8172500294 -8.55644418282e-05 -0.0256956637021
77.8800818825 -8.54265264609e-05 -0.0256749420161
77.9429137356 -8.52889441962e-05 -0.025654253717
78.0057455886 -8.51516939588e-05 -0.0256335987246
78.0685774417 -8.5014774687e-05 -0.0256129769579
78.1314092948 -8.48781853149e-05 -0.0255923883371
78.1942411478 -8.47419247852e-05 -0.0255718327822
78.2570730009 -8.46059920411e-05 -0.025551310214
78.319904854 -8.44703860343e-05 -0.0255308205529
78.3827367071 -8.43351057189e-05 -0.0255103637197
78.4455685601 -8.42001500494e-05 -0.0254899396361
78.5084004132 -8.40655179947e-05 -0.0254695482228
78.5712322663 -8.39312085142e-05 -0.0254491894022
78.6340641194 -8.37972205827e-05 -0.0254288630959
78.6968959724 -8.36635531732e-05 -0.025408569226
78.7597278255 -8.35302052644e-05 -0.0253883077152
78.8225596786 -8.33971758396e-05 -0.025368078486
78.8853915316 -8.32644638874e-05 -0.0253478814612
78.9482233847 -8.31320683943e-05 -0.0253277165646
79.0110552378 -8.29999883584e-05 -0.0253075837188
79.0738870909 -8.28682227783e-05 -0.0252874828479
79.1367189439 -8.27367706543e-05 -0.0252674138758
79.199550797 -8.26056309985e-05 -0.0252473767264
79.2623826501 -8.24748028149e-05 -0.0252273713244
79.3252145031 -8.23442851247e-05 -0.025207397594
79.3880463562 -8.22140769403e-05 -0.0251874554606
79.4508782093 -8.20841772881e-05 -0.025167544849
79.5137100624 -8.19545851931e-05 -0.0251476656845
79.5765419154 -8.18252996854e-05 -0.0251278178927
79.6393737685 -8.16963197981e-05 -0.0251080013996
79.7022056216 -8.1567644571e-05 -0.0250882161309
79.7650374746 -8.14392730435e-05 -0.0250684620131
79.8278693277 -8.13112042605e-05 -0.0250487389729
79.8907011808 -8.11834372722e-05 -0.0250290469366
79.9535330339 -8.10559711305e-05 -0.0250093858316
80.0163648869 -8.09288048932e-05 -0.0249897555846
80.07919674 -8.08019376182e-05 -0.0249701561236
80.1420285931 -8.06753683723e-05 -0.0249505873757
80.2048604461 -8.05490962214e-05 -0.0249310492691
80.2676922992 -8.04231202335e-05 -0.024911541732
80.3305241523 -8.02974394911e-05 -0.024892064692
80.3933560054 -8.01720530637e-05 -0.0248726180787
80.4561878584 -8.00469600375e-05 -0.0248532018204
80.5190197115 -7.99221595017e-05 -0.0248338158456
80.5818515646 -7.97976505371e-05 -0.0248144600844
80.6446834176 -7.96734322419e-05 -0.0247951344658
80.7075152707 -7.95495037112e-05 -0.0247758389193
80.7703471238 -7.94258640453e-05 -0.024756573375
80.8331789769 -7.93025123446e-05 -0.0247373377633
80.8960108299 -7.91794477197e-05 -0.0247181320137
80.958842683 -7.90566692754e-05 -0.0246989560575
81.0216745361 -7.89341761314e-05 -0.024679809825
81.0845063892 -7.88119674006e-05 -0.0246606932472
81.1473382422 -7.8690042205e-05 -0.0246416062554
81.2101700953 -7.85683996663e-05 -0.024622548781
81.2730019484 -7.84470389127e-05 -0.0246035207557
81.3358338014 -7.83259590775e-05 -0.0245845221109
81.3986656545 -7.82051592897e-05 -0.024565552779
81.4614975076 -7.80846386894e-05 -0.0245466126921
81.5243293607 -7.79643964179e-05 -0.0245277017826
81.5871612137 -7.78444316168e-05 -0.024508819983
81.6499930668 -7.77247434337e-05 -0.0244899672265
81.7128249199 -7.76053310206e-05 -0.0244711434459
81.7756567729 -7.7486193528e-05 -0.0244523485747
81.838488626 -7.73673301162e-05 -0.024433582546
81.9013204791 -7.72487399436e-05 -0.0244148452938
81.9641523322 -7.71304221731e-05 -0.0243961367518
82.0269841852 -7.70123759721e-05 -0.0243774568542
82.0898160383 -7.68946005112e-05 -0.024358805535
82.1526478914 -7.67770949601e-05 -0.0243401827292
82.2154797444 -7.66598584989e-05 -0.0243215883708
82.2783115975 -7.65428903048e-05 -0.0243030223952
82.3411434506 -7.64261895571e-05 -0.0242844847374
82.4039753037 -7.63097554468e-05 -0.0242659753326
82.4668071567 -7.61935871599e-05 -0.024247494116
82.5296390098 -7.60776838867e-05 -0.0242290410238
82.5924708629 -7.59620448236e-05 -0.0242106159915
82.6553027159 -7.58466691677e-05 -0.0241922189552
82.718134569 -7.57315561197e-05 -0.0241738498512
82.7809664221 -7.56167048836e-05 -0.0241555086162
82.8437982752 -7.55021146678e-05 -0.024137195186
82.9066301282 -7.5387784677e-05 -0.0241189094987
82.9694619813 -7.52737141308e-05 -0.0241006514901
83.0322938344 -7.51599022408e-05 -0.0240824210982
83.0951256875 -7.50463482262e-05 -0.02406421826
83.1579575405 -7.49330513067e-05 -0.0240460429137
83.2207893936 -7.48200107103e-05 -0.0240278949964
83.2836212467 -7.47072256658e-05 -0.0240097744459
83.3464530997 -7.45946954011e-05 -0.0239916812009
83.4092849528 -7.44824191458e-05 -0.0239736152001
83.4721168059 -7.43703961452e-05 -0.0239555763808
83.534948659 -7.42586256293e-05 -0.0239375646829
83.597780512 -7.41471068451e-05 -0.0239195800447
83.6606123651 -7.40358390363e-05 -0.0239016224054
83.7234442182 -7.39248214525e-05 -0.0238836917039
83.7862760712 -7.38140533388e-05 -0.0238657878804
83.8491079243 -7.37035339545e-05 -0.0238479108738
83.9119397774 -7.35932625513e-05 -0.0238300606245
83.9747716305 -7.3483238391e-05 -0.0238122370719
84.0376034835 -7.33734607313e-05 -0.0237944401568
84.1004353366 -7.32639288404e-05 -0.023776669819
84.1632671897 -7.31546419822e-05 -0.0237589259995
84.2260990427 -7.30455994305e-05 -0.0237412086384
84.2889308958 -7.2936800454e-05 -0.0237235176771
84.3517627489 -7.28282443281e-05 -0.0237058530566
84.414594602 -7.27199303341e-05 -0.0236882147176
84.477426455 -7.2611857749e-05 -0.0236706026022
84.5402583081 -7.2504025861e-05 -0.0236530166511
84.6030901612 -7.23964339504e-05 -0.023635456807
84.6659220142 -7.22890813071e-05 -0.0236179230115
84.7287538673 -7.21819672251e-05 -0.0236004152063
84.7915857204 -7.20750909913e-05 -0.0235829333346
84.8544175735 -7.19684519129e-05 -0.0235654773375
84.9172494265 -7.18620492822e-05 -0.0235480471585
84.9800812796 -7.17558823999e-05 -0.0235306427403
85.0429131327 -7.16499505717e-05 -0.0235132640258
85.1057449857 -7.15442531053e-05 -0.0234959109579
85.1685768388 -7.143878931e-05 -0.0234785834801
85.2314086919 -7.13335584953e-05 -0.0234612815357
85.294240545 -7.12285599802e-05 -0.0234440050683
85.357072398 -7.11237930766e-05 -0.0234267540219
85.4199042511 -7.10192571072e-05 -0.0234095283403
85.4827361042 -7.09149513919e-05 -0.0233923279676
85.5455679573 -7.08108752553e-05 -0.0233751528481
85.6083998103 -7.07070280273e-05 -0.023358002926
85.6712316634 -7.06034090322e-05 -0.0233408781465
85.7340635165 -7.05000176051e-05 -0.0233237784539
85.7968953695 -7.03968530801e-05 -0.0233067037931
85.8597272226 -7.0293914792e-05 -0.0232896541094
85.9225590757 -7.01912020825e-05 -0.0232726293478
85.9853909288 -7.00887142929e-05 -0.0232556294538
86.0482227818 -6.9986450767e-05 -0.0232386543729
86.1110546349 -6.98844108465e-05 -0.0232217040514
86.173886488 -6.97825938857e-05 -0.0232047784343
86.236718341 -6.96809992336e-05 -0.023187877468
86.2995501941 -6.95796262418e-05 -0.0231710010992
86.3623820472 -6.94784742698e-05 -0.0231541492733
86.4252139003 -6.93775426722e-05 -0.0231373219376
86.4880457533 -6.92768308119e-05 -0.0231205190385
86.5508776064 -6.91763380508e-05 -0.0231037405227
86.6137094595 -6.90760637533e-05 -0.0230869863372
86.6765413125 -6.89760072886e-05 -0.023070256429
86.7393731656 -6.88761680241e-05 -0.0230535507458
86.8022050187 -6.87765453322e-05 -0.0230368692349
86.8650368718 -6.86771385883e-05 -0.0230202118435
86.9278687248 -6.85779471669e-05 -0.0230035785198
86.9907005779 -6.84789704487e-05 -0.0229869692116
87.053532431 -6.83802078129e-05 -0.0229703838667
87.116364284 -6.82816586446e-05 -0.0229538224333
87.1791961371 -6.81833223267e-05 -0.0229372848601
87.2420279902 -6.80851982466e-05 -0.0229207710954
87.3048598433 -6.79872857996e-05 -0.0229042810873
87.3676916963 -6.78895843713e-05 -0.0228878147855
87.4305235494 -6.77920933598e-05 -0.022871372138
87.4933554025 -6.76948121581e-05 -0.0228549530947
87.5561872555 -6.75977401677e-05 -0.0228385576044
87.6190191086 -6.75008767851e-05 -0.0228221856167
87.6818509617 -6.7404221419e-05 -0.0228058370807
87.7446828148 -6.73077734697e-05 -0.0227895119464
87.8075146678 -6.72115323461e-05 -0.0227732101635
87.8703465209 -6.71154974584e-05 -0.0227569316818
87.933178374 -6.70196682146e-05 -0.0227406764517
87.9960102271 -6.69240440302e-05 -0.0227244444231
88.0588420801 -6.68286243203e-05 -0.0227082355469
88.1216739332 -6.67334085037e-05 -0.0226920497727
88.1845057863 -6.66383959994e-05 -0.0226758870519
88.2473376393 -6.65435862287e-05 -0.0226597473348
88.3101694924 -6.64489786139e-05 -0.0226436305731
88.3730013455 -6.63545725821e-05 -0.0226275367171
88.4358331986 -6.62603675631e-05 -0.0226114657181
88.4986650516 -6.61663629804e-05 -0.0225954175283
88.5614969047 -6.60725582748e-05 -0.0225793920979
88.6243287578 -6.59789528736e-05 -0.0225633893792
88.6871606108 -6.58855462144e-05 -0.0225474093242
88.7499924639 -6.57923377353e-05 -0.0225314518844
88.812824317 -6.56993268761e-05 -0.022515517012
88.8756561701 -6.56065130808e-05 -0.0224996046588
88.9384880231 -6.55138957889e-05 -0.0224837147774
89.0013198762 -6.54214744492e-05 -0.0224678473205
89.0641517293 -6.53292485073e-05 -0.0224520022404
89.1269835823 -6.52372174164e-05 -0.0224361794896
89.1898154354 -6.51453806253e-05 -0.0224203790213
89.2526472885 -6.50537375866e-05 -0.0224046007885
89.3154791416 -6.49622877576e-05 -0.0223888447441
89.3783109946 -6.4871030596e-05 -0.0223731108412
89.4411428477 -6.47799655585e-05 -0.0223573990337
89.5039747008 -6.46890921111e-05 -0.0223417092743
89.5668065538 -6.45984097125e-05 -0.0223260415172
89.6296384069 -6.45079178292e-05 -0.0223103957161
89.69247026 -6.44176159263e-05 -0.0222947718248
89.7553021131 -6.43275034751e-05 -0.0222791697974
89.8181339661 -6.42375799463e-05 -0.0222635895876
89.8809658192 -6.41478448078e-05 -0.0222480311507
89.9437976723 -6.40582975398e-05 -0.0222324944399
90.0066295253 -6.3968937612e-05 -0.0222169794107
90.0694613784 -6.38797645077e-05 -0.0222014860171
90.1322932315 -6.3790777704e-05 -0.0221860142143
90.1951250846 -6.37019766856e-05 -0.0221705639565
90.2579569376 -6.36133609287e-05 -0.0221551352001
90.3207887907 -6.3524929926e-05 -0.0221397278988
90.3836206438 -6.34366831591e-05 -0.0221243420087
90.4464524969 -6.3348620121e-05 -0.0221089774848
90.5092843499 -6.32607402978e-05 -0.0220936342832
90.572116203 -6.31730431832e-05 -0.0220783123592
90.6349480561 -6.30855282719e-05 -0.0220630116684
90.6977799091 -6.29981950601e-05 -0.022047732167
90.7606117622 -6.29110430452e-05 -0.0220324738106
90.8234436153 -6.28240717249e-05 -0.0220172365558
90.8862754684 -6.27372805991e-05 -0.0220020203589
90.9491073214 -6.26506691756e-05 -0.0219868251759
91.0119391745 -6.25642369532e-05 -0.0219716509634
91.0747710276 -6.24779834423e-05 -0.0219564976781
91.1376028806 -6.23919081426e-05 -0.0219413652773
91.2004347337 -6.23060105757e-05 -0.0219262537165
91.2632665868 -6.2220290243e-05 -0.0219111629542
91.3260984399 -6.21347466611e-05 -0.0218960929466
91.3889302929 -6.20493793472e-05 -0.0218810436507
91.451762146 -6.19641878108e-05 -0.0218660150246
91.5145939991 -6.18791715736e-05 -0.0218510070256
91.5774258521 -6.17943301566e-05 -0.0218360196107
91.6402577052 -6.17096630771e-05 -0.0218210527383
91.7030895583 -6.16251698604e-05 -0.0218061063655
91.7659214114 -6.15408500276e-05 -0.0217911804512
91.8287532644 -6.14567031124e-05 -0.0217762749522
91.8915851175 -6.13727286335e-05 -0.0217613898277
91.9544169706 -6.12889261247e-05 -0.0217465250353
92.0172488236 -6.12052951175e-05 -0.0217316805336
92.0800806767 -6.11218351423e-05 -0.0217168562811
92.1429125298 -6.10385457319e-05 -0.0217020522366
92.2057443829 -6.09554264253e-05 -0.0216872683586
92.2685762359 -6.08724767602e-05 -0.0216725046054
92.331408089 -6.07896962673e-05 -0.0216577609373
92.3942399421 -6.07070844978e-05 -0.0216430373119
92.4570717951 -6.06246409883e-05 -0.0216283336892
92.5199036482 -6.0542365282e-05 -0.0216136500281
92.5827355013 -6.04602569215e-05 -0.0215989862887
92.6455673544 -6.037831546e-05 -0.0215843424295
92.7083992074 -6.02965404417e-05 -0.0215697184105
92.7712310605 -6.02149314149e-05 -0.0215551141916
92.8340629136 -6.01334879341e-05 -0.0215405297323
92.8968947667 -6.00522095469e-05 -0.0215259649932
92.9597266197 -5.99710958152e-05 -0.0215114199331
93.0225584728 -5.98901462857e-05 -0.0214968945135
93.0853903259 -5.98093605211e-05 -0.0214823886939
93.1482221789 -5.97287380798e-05 -0.0214679024348
93.211054032 -5.96482785214e-05 -0.0214534356964
93.2738858851 -5.95679814039e-05 -0.0214389884399
93.3367177382 -5.94878462969e-05 -0.0214245606256
93.3995495912 -5.94078727575e-05 -0.0214101522145
93.4623814443 -5.93280603602e-05 -0.0213957631668
93.5252132974 -5.92484086672e-05 -0.021381393444
93.5880451504 -5.91689172476e-05 -0.0213670430076
93.6508770035 -5.90895856705e-05 -0.0213527118185
93.7137088566 -5.90104135111e-05 -0.0213383998377
93.7765407097 -5.89314003401e-05 -0.0213241070268
93.8393725627 -5.88525457337e-05 -0.0213098333474
93.9022044158 -5.87738492697e-05 -0.021295578761
93.9650362689 -5.86953105198e-05 -0.0212813432294
94.0278681219 -5.86169290686e-05 -0.0212671267144
94.090699975 -5.85387044948e-05 -0.0212529291779
94.1535318281 -5.84606363765e-05 -0.0212387505822
94.2163636812 -5.83827243018e-05 -0.0212245908889
94.2791955342 -5.83049678506e-05 -0.021210450061
94.3420273873 -5.8227366614e-05 -0.0211963280599
94.4048592404 -5.81499201764e-05 -0.0211822248488
94.4676910934 -5.8072628126e-05 -0.0211681403896
94.5305229465 -5.79954900544e-05 -0.0211540746453
94.5933547996 -5.79185055489e-05 -0.0211400275788
94.6561866527 -5.78416742081e-05 -0.0211259991527
94.7190185057 -5.77649956233e-05 -0.0211119893295
94.7818503588 -5.76884693876e-05 -0.0210979980731
94.8446822119 -5.76120950998e-05 -0.0210840253462
94.9075140649 -5.75358723588e-05 -0.021070071112
94.970345918 -5.74598007635e-05 -0.0210561353334
95.0331777711 -5.73838799132e-05 -0.0210422179747
95.0960096242 -5.73081094126e-05 -0.0210283189986
95.1588414772 -5.72324888616e-05 -0.0210144383692
95.2216733303 -5.71570178687e-05 -0.0210005760501
95.2845051834 -5.70816960356e-05 -0.0209867320051
95.3473370365 -5.7006522974e-05 -0.0209729061977
95.4101688895 -5.69314982905e-05 -0.020959098592
95.4730007426 -5.68566215925e-05 -0.0209453091531
95.5358325957 -5.6781892494e-05 -0.0209315378441
95.5986644487 -5.67073106066e-05 -0.0209177846295
95.6614963018 -5.66328755423e-05 -0.0209040494739
95.7243281549 -5.65585869199e-05 -0.0208903323414
95.787160008 -5.64844443518e-05 -0.020876633197
95.849991861 -5.6410447458e-05 -0.0208629520047
95.9128237141 -5.63365958574e-05 -0.02084928873
95.9756555672 -5.62628891662e-05 -0.0208356433371
96.0384874202 -5.61893270105e-05 -0.0208220157912
96.1013192733 -5.61159090087e-05 -0.0208084060572
96.1641511264 -5.60426347849e-05 -0.0207948141008
96.2269829795 -5.59695039655e-05 -0.0207812398864
96.2898148325 -5.58965161763e-05 -0.0207676833798
96.3526466856 -5.58236710451e-05 -0.0207541445459
96.4154785387 -5.57509682009e-05 -0.0207406233504
96.4783103917 -5.56784072707e-05 -0.020727119759
96.5411422448 -5.56059878879e-05 -0.0207136337372
96.6039740979 -5.55337096837e-05 -0.0207001652509
96.666805951 -5.54615722912e-05 -0.0206867142658
96.729637804 -5.53895753461e-05 -0.0206732807476
96.7924696571 -5.53177184813e-05 -0.0206598646627
96.8553015102 -5.52460013371e-05 -0.020646465977
96.9181333632 -5.51744235519e-05 -0.0206330846565
96.9809652163 -5.51029847601e-05 -0.0206197206678
97.0437970694 -5.50316846049e-05 -0.0206063739775
97.1066289225 -5.49605227296e-05 -0.0205930445511
97.1694607755 -5.48894987767e-05 -0.0205797323559
97.2322926286 -5.48186123869e-05 -0.0205664373584
97.2951244817 -5.47478632071e-05 -0.0205531595249
97.3579563347 -5.46772508833e-05 -0.0205398988229
97.4207881878 -5.46067750636e-05 -0.0205266552185
97.4836200409 -5.45364353948e-05 -0.0205134286793
97.546451894 -5.4466231528e-05 -0.0205002191719
97.609283747 -5.43961631136e-05 -0.0204870266637
97.6721156001 -5.43262298041e-05 -0.0204738511214
97.7349474532 -5.42564312496e-05 -0.0204606925131
97.7977793063 -5.41867671068e-05 -0.0204475508057
97.8606111593 -5.41172370311e-05 -0.0204344259667
97.9234430124 -5.40478406763e-05 -0.0204213179636
97.9862748655 -5.39785777035e-05 -0.0204082267641
98.0491067185 -5.39094477653e-05 -0.0203951523361
98.1119385716 -5.38404505266e-05 -0.0203820946472
98.1747704247 -5.37715856481e-05 -0.0203690536652
98.2376022778 -5.37028527859e-05 -0.0203560293583
98.3004341308 -5.36342516088e-05 -0.0203430216944
98.3632659839 -5.35657817803e-05 -0.0203300306413
98.426097837 -5.34974429588e-05 -0.0203170561682
98.48892969 -5.34292348189e-05 -0.0203040982422
98.5517615431 -5.33611570205e-05 -0.0202911568326
98.6145933962 -5.32932092398e-05 -0.0202782319066
98.6774252493 -5.32253911373e-05 -0.0202653234344
98.7402571023 -5.31577023877e-05 -0.0202524313837
98.8030889554 -5.3090142666e-05 -0.0202395557225
98.8659208085 -5.30227116353e-05 -0.0202266964211
98.9287526615 -5.29554089742e-05 -0.0202138534474
98.9915845146 -5.28882343602e-05 -0.0202010267705
99.0544163677 -5.28211874629e-05 -0.0201882163594
99.1172482208 -5.27542679624e-05 -0.0201754221831
99.1800800738 -5.26874755353e-05 -0.0201626442107
99.2429119269 -5.26208098598e-05 -0.0201498824119
99.30574378 -5.25542706141e-05 -0.0201371367558
99.368575633 -5.24878574834e-05 -0.0201244072113
99.4314074861 -5.24215701439e-05 -0.0201116937484
99.4942393392 -5.23554082781e-05 -0.0200989963369
99.5570711923 -5.2289371575e-05 -0.0200863149457
99.6199030453 -5.22234597152e-05 -0.0200736495448
99.6827348984 -5.21576723859e-05 -0.0200610001041
99.7455667515 -5.20920092721e-05 -0.0200483665934
99.8083986045 -5.20264700617e-05 -0.0200357489827
99.8712304576 -5.19610544435e-05 -0.0200231472417
99.9340623107 -5.18957621077e-05 -0.0200105613407
99.9968941638 -5.18305927433e-05 -0.0199979912501
100.059726017 -5.17655460421e-05 -0.01998543694
100.12255787 -5.17006216963e-05 -0.0199728983804
100.185389723 -5.16358194025e-05 -0.0199603755416
100.248221576 -5.15711388482e-05 -0.0199478683952
100.311053429 -5.1506579735e-05 -0.0199353769102
100.373885282 -5.14421417573e-05 -0.0199229010579
100.436717135 -5.13778246109e-05 -0.0199104408092
100.499548988 -5.13136279959e-05 -0.0198979961341
100.562380841 -5.12495516095e-05 -0.0198855670043
100.625212694 -5.11855951527e-05 -0.0198731533904
100.688044548 -5.11217583266e-05 -0.0198607552631
100.750876401 -5.10580408315e-05 -0.0198483725936
100.813708254 -5.09944423735e-05 -0.019836005353
100.876540107 -5.09309626534e-05 -0.0198236535125
100.93937196 -5.08676013753e-05 -0.0198113170438
101.002203813 -5.08043582479e-05 -0.0197989959175
101.065035666 -5.07412329768e-05 -0.0197866901052
101.127867519 -5.06782252658e-05 -0.0197743995787
101.190699372 -5.06153348264e-05 -0.0197621243092
101.253531225 -5.05525613688e-05 -0.0197498642685
101.316363078 -5.04899046024e-05 -0.0197376194278
101.379194931 -5.04273642357e-05 -0.0197253897598
101.442026784 -5.03649399825e-05 -0.0197131752354
101.504858637 -5.03026315539e-05 -0.0197009758275
101.567690491 -5.02404386684e-05 -0.0196887915065
101.630522344 -5.01783610346e-05 -0.0196766222462
101.693354197 -5.01163983724e-05 -0.0196644680174
101.75618605 -5.00545503938e-05 -0.0196523287931
101.819017903 -4.99928168182e-05 -0.019640204545
101.881849756 -4.99311973682e-05 -0.0196280952453
101.944681609 -4.98696917556e-05 -0.0196160008668
102.007513462 -4.98082997015e-05 -0.0196039213819
102.070345315 -4.97470209294e-05 -0.0195918567631
102.133177168 -4.968585516e-05 -0.0195798069827
102.196009021 -4.96248021143e-05 -0.0195677720136
102.258840874 -4.95638615153e-05 -0.0195557518287
102.321672727 -4.95030330901e-05 -0.0195437464
102.38450458 -4.94423165606e-05 -0.0195317557011
102.447336434 -4.93817116529e-05 -0.0195197797047
102.510168287 -4.93212180975e-05 -0.0195078183835
102.57300014 -4.92608356147e-05 -0.0194958717112
102.635831993 -4.9200563936e-05 -0.0194839396606
102.698663846 -4.91404027942e-05 -0.0194720222045
102.761495699 -4.90803519168e-05 -0.0194601193162
102.824327552 -4.90204110308e-05 -0.0194482309695
102.887159405 -4.89605798717e-05 -0.0194363571378
102.949991258 -4.89008581709e-05 -0.0194244977939
103.012823111 -4.88412456619e-05 -0.0194126529117
103.075654964 -4.8781742079e-05 -0.0194008224647
103.138486817 -4.87223471581e-05 -0.0193890064263
103.20131867 -4.86630606307e-05 -0.0193772047708
103.264150523 -4.86038822357e-05 -0.0193654174717
103.326982377 -4.8544811711e-05 -0.0193536445025
103.38981423 -4.84858487952e-05 -0.0193418858372
103.452646083 -4.84269932244e-05 -0.01933014145
103.515477936 -4.83682447417e-05 -0.0193184113147
103.578309789 -4.83096030846e-05 -0.0193066954053
103.641141642 -4.82510679941e-05 -0.0192949936965
103.703973495 -4.81926392152e-05 -0.0192833061618
103.766805348 -4.81343164861e-05 -0.0192716327759
103.829637201 -4.80760995555e-05 -0.019259973513
103.892469054 -4.80179881626e-05 -0.0192483283476
103.955300907 -4.79599820586e-05 -0.0192366972539
104.01813276 -4.79020809845e-05 -0.0192250802063
104.080964613 -4.78442846865e-05 -0.0192134771796
104.143796467 -4.77865929164e-05 -0.0192018881488
104.20662832 -4.77290054169e-05 -0.0191903130883
104.269460173 -4.76715219424e-05 -0.0191787519724
104.332292026 -4.76141422393e-05 -0.0191672047764
104.395123879 -4.75568660573e-05 -0.0191556714752
104.457955732 -4.74996931494e-05 -0.0191441520436
104.520787585 -4.74426232659e-05 -0.0191326464569
104.583619438 -4.73856561626e-05 -0.0191211546894
104.646451291 -4.73287915875e-05 -0.0191096767171
104.709283144 -4.72720293008e-05 -0.0190982125145
104.772114997 -4.72153690534e-05 -0.0190867620572
104.83494685 -4.71588105996e-05 -0.0190753253208
104.897778703 -4.71023537033e-05 -0.0190639022798
104.960610556 -4.70459981124e-05 -0.0190524929104
105.02344241 -4.69897435899e-05 -0.0190410971876
105.086274263 -4.69335898931e-05 -0.0190297150873
105.149106116 -4.68775367821e-05 -0.0190183465844
105.211937969 -4.68215840149e-05 -0.0190069916553
105.274769822 -4.67657313512e-05 -0.018995650276
105.337601675 -4.67099785559e-05 -0.0189843224211
105.400433528 -4.66543253914e-05 -0.0189730080672
105.463265381 -4.65987716177e-05 -0.0189617071898
105.526097234 -4.65433169973e-05 -0.0189504197656
105.588929087 -4.64879612987e-05 -0.0189391457697
105.65176094 -4.64327042834e-05 -0.0189278851784
105.714592793 -4.6377545718e-05 -0.0189166379681
105.777424646 -4.63224853681e-05 -0.0189054041149
105.840256499 -4.6267523003e-05 -0.0188941835948
105.903088353 -4.62126583866e-05 -0.0188829763842
105.965920206 -4.61578912909e-05 -0.0188717824594
106.028752059 -4.61032214819e-05 -0.0188606017969
106.091583912 -4.60486487328e-05 -0.0188494343732
106.154415765 -4.59941728118e-05 -0.0188382801642
106.217247618 -4.593979349e-05 -0.0188271391474
106.280079471 -4.58855105388e-05 -0.0188160112988
106.342911324 -4.58313237338e-05 -0.018804896595
106.405743177 -4.57772328442e-05 -0.018793795013
106.46857503 -4.57232376446e-05 -0.0187827065297
106.531406883 -4.56693379116e-05 -0.0187716311213
106.594238736 -4.5615533415e-05 -0.018760568766
106.657070589 -4.55618239382e-05 -0.0187495194393
106.719902442 -4.55082092526e-05 -0.0187384831188
106.782734296 -4.54546891369e-05 -0.0187274597816
106.845566149 -4.54012633668e-05 -0.0187164494049
106.908398002 -4.53479317238e-05 -0.0187054519655
106.971229855 -4.52946939863e-05 -0.0186944674408
107.034061708 -4.52415499315e-05 -0.0186834958081
107.096893561 -4.51884993412e-05 -0.018672537045
107.159725414 -4.5135542e-05 -0.0186615911278
107.222557267 -4.5082677683e-05 -0.0186506580353
107.28538912 -4.5029906175e-05 -0.0186397377445
107.348220973 -4.49772272595e-05 -0.0186288302327
107.411052826 -4.49246407234e-05 -0.0186179354772
107.473884679 -4.48721463425e-05 -0.0186070534566
107.536716532 -4.48197439111e-05 -0.0185961841476
107.599548385 -4.47674332069e-05 -0.0185853275286
107.662380239 -4.47152140216e-05 -0.018574483577
107.725212092 -4.46630861378e-05 -0.0185636522709
107.788043945 -4.46110493461e-05 -0.018552833588
107.850875798 -4.45591034337e-05 -0.018542027506
107.913707651 -4.45072481839e-05 -0.0185312340039
107.976539504 -4.44554833939e-05 -0.0185204530586
108.039371357 -4.44038088466e-05 -0.0185096846491
108.10220321 -4.43522243365e-05 -0.018498928753
108.165035063 -4.43007296558e-05 -0.0184881853482
108.227866916 -4.42493245928e-05 -0.0184774544137
108.290698769 -4.41980089375e-05 -0.018466735928
108.353530622 -4.41467824884e-05 -0.0184560298687
108.416362475 -4.40956450383e-05 -0.0184453362139
108.479194328 -4.4044596376e-05 -0.0184346549432
108.542026182 -4.39936363011e-05 -0.0184239860344
108.604858035 -4.39427646055e-05 -0.0184133294662
108.667689888 -4.38919810901e-05 -0.0184026852168
108.730521741 -4.38412855446e-05 -0.0183920532656
108.793353594 -4.37906777689e-05 -0.018381433591
108.856185447 -4.37401575629e-05 -0.0183708261713
108.9190173 -4.36897247204e-05 -0.0183602309859
108.981849153 -4.36393790422e-05 -0.0183496480135
109.044681006 -4.35891203268e-05 -0.018339077233
109.107512859 -4.35389483771e-05 -0.018328518623
109.170344712 -4.34888629903e-05 -0.0183179721629
109.233176565 -4.34388639681e-05 -0.0183074378317
109.296008418 -4.33889511116e-05 -0.0182969156084
109.358840271 -4.33391242239e-05 -0.0182864054721
109.421672125 -4.32893831072e-05 -0.0182759074021
109.484503978 -4.32397275663e-05 -0.0182654213774
109.547335831 -4.31901574038e-05 -0.0182549473775
109.610167684 -4.31406724214e-05 -0.018244485382
109.672999537 -4.30912724296e-05 -0.0182340353696
109.73583139 -4.30419572299e-05 -0.0182235973202
109.798663243 -4.29927266293e-05 -0.0182131712131
109.861495096 -4.29435804356e-05 -0.0182027570277
109.924326949 -4.28945184523e-05 -0.0181923547443
109.987158802 -4.28455404916e-05 -0.0181819643417
110.049990655 -4.279664636e-05 -0.0181715857998
110.112822508 -4.27478358667e-05 -0.0181612190982
110.175654361 -4.26991088189e-05 -0.0181508642168
110.238486214 -4.26504650311e-05 -0.0181405211353
110.301318068 -4.2601904309e-05 -0.0181301898336
110.364149921 -4.2553426467e-05 -0.0181198702917
110.426981774 -4.25050313124e-05 -0.0181095624897
110.489813627 -4.24567186645e-05 -0.0180992664067
110.55264548 -4.2408488328e-05 -0.0180889820237
110.615477333 -4.23603401185e-05 -0.0180787093206
110.678309186 -4.23122738553e-05 -0.0180684482767
110.741141039 -4.22642893446e-05 -0.0180581988733
110.803972892 -4.22163864036e-05 -0.0180479610904
110.866804745 -4.21685648499e-05 -0.0180377349074
110.929636598 -4.21208244977e-05 -0.0180275203052
110.992468451 -4.20731651636e-05 -0.0180173172643
111.055300304 -4.20255866623e-05 -0.0180071257649
111.118132157 -4.19780888149e-05 -0.0179969457873
111.180964011 -4.19306714371e-05 -0.0179867773119
111.243795864 -4.18833343465e-05 -0.0179766203197
111.306627717 -4.18360773639e-05 -0.0179664747906
111.36945957 -4.17889003074e-05 -0.0179563407057
111.432291423 -4.1741802996e-05 -0.0179462180456
111.495123276 -4.16947852522e-05 -0.0179361067909
111.557955129 -4.16478468951e-05 -0.0179260069226
111.620786982 -4.16009877471e-05 -0.0179159184209
111.683618835 -4.15542076314e-05 -0.017905841267
111.746450688 -4.15075063689e-05 -0.0178957754414
111.809282541 -4.14608837799e-05 -0.0178857209261
111.872114394 -4.14143396912e-05 -0.0178756777009
111.934946247 -4.13678739275e-05 -0.0178656457469
111.9977781 -4.13214863106e-05 -0.0178556250456
112.060609954 -4.12751766671e-05 -0.0178456155779
112.123441807 -4.12289448192e-05 -0.0178356173251
112.18627366 -4.11827905986e-05 -0.0178256302678
112.249105513 -4.11367138237e-05 -0.0178156543882
112.311937366 -4.10907143315e-05 -0.0178056896661
112.374769219 -4.10447919397e-05 -0.0177957360843
112.437601072 -4.09989464808e-05 -0.0177857936231
112.500432925 -4.09531777837e-05 -0.0177758622642
112.563264778 -4.09074856736e-05 -0.0177659419893
112.626096631 -4.08618699828e-05 -0.0177560327795
112.688928484 -4.08163305401e-05 -0.0177461346163
112.751760337 -4.07708671762e-05 -0.0177362474813
112.81459219 -4.072547972e-05 -0.0177263713564
112.877424043 -4.06801680051e-05 -0.0177165062228
112.940255897 -4.0634931863e-05 -0.017706652062
113.00308775 -4.05897711199e-05 -0.0176968088568
113.065919603 -4.05446856167e-05 -0.0176869765877
113.128751456 -4.04996751811e-05 -0.017677155237
113.191583309 -4.04547396503e-05 -0.0176673447861
113.254415162 -4.0409878854e-05 -0.0176575452178
113.317247015 -4.03650926317e-05 -0.0176477565128
113.380078868 -4.03203808107e-05 -0.0176379786544
113.442910721 -4.02757432338e-05 -0.0176282116233
113.505742574 -4.02311797317e-05 -0.0176184554024
113.568574427 -4.01866901441e-05 -0.0176087099734
113.63140628 -4.01422743064e-05 -0.0175989753185
113.694238133 -4.00979320545e-05 -0.0175892514196
113.757069986 -4.0053663228e-05 -0.0175795382593
113.81990184 -4.00094676631e-05 -0.0175698358196
113.882733693 -3.99653451981e-05 -0.017560144083
113.945565546 -3.99212956728e-05 -0.0175504630314
114.008397399 -3.98773189286e-05 -0.017540792647
114.071229252 -3.98334148e-05 -0.0175311329131
114.134061105 -3.97895831343e-05 -0.0175214838109
114.196892958 -3.97458237647e-05 -0.0175118453241
114.259724811 -3.9702136536e-05 -0.0175022174345
114.322556664 -3.96585212907e-05 -0.0174926001244
114.385388517 -3.96149778704e-05 -0.0174829933765
114.44822037 -3.95715061163e-05 -0.017473397174
114.511052223 -3.95281058708e-05 -0.0174638114992
114.573884076 -3.94847769787e-05 -0.0174542363344
114.636715929 -3.94415192839e-05 -0.0174446716626
114.699547783 -3.93983326269e-05 -0.017435117467
114.762379636 -3.93552168569e-05 -0.0174255737299
114.825211489 -3.93121718174e-05 -0.017416040434
114.888043342 -3.92691973529e-05 -0.0174065175624
114.950875195 -3.92262933085e-05 -0.0173970050986
115.013707048 -3.91834595329e-05 -0.0173875030247
115.076538901 -3.91406958717e-05 -0.0173780113238
115.139370754 -3.90980021689e-05 -0.0173685299797
115.202202607 -3.90553782784e-05 -0.0173590589742
115.26503446 -3.90128240422e-05 -0.0173495982913
115.327866313 -3.89703393125e-05 -0.0173401479137
115.390698166 -3.89279239349e-05 -0.0173307078252
115.453530019 -3.88855777605e-05 -0.0173212780084
115.516361872 -3.88433006396e-05 -0.0173118584465
115.579193726 -3.88010924204e-05 -0.0173024491231
115.642025579 -3.87589529524e-05 -0.0172930500219
115.704857432 -3.87168820897e-05 -0.0172836611253
115.767689285 -3.8674879681e-05 -0.0172742824172
115.830521138 -3.86329455779e-05 -0.0172649138813
115.893352991 -3.85910796326e-05 -0.0172555555008
115.956184844 -3.85492816998e-05 -0.0172462072586
116.019016697 -3.85075516303e-05 -0.0172368691392
116.08184855 -3.84658892749e-05 -0.0172275411259
116.144680403 -3.84242944908e-05 -0.017218223202
116.207512256 -3.83827671316e-05 -0.0172089153514
116.270344109 -3.83413070514e-05 -0.0171996175573
116.333175962 -3.82999141028e-05 -0.0171903298041
116.396007816 -3.82585881449e-05 -0.0171810520751
116.458839669 -3.82173290287e-05 -0.0171717843545
116.521671522 -3.81761366129e-05 -0.0171625266256
116.584503375 -3.81350107544e-05 -0.0171532788724
116.647335228 -3.80939513069e-05 -0.0171440410794
116.710167081 -3.80529581303e-05 -0.0171348132295
116.772998934 -3.80120310821e-05 -0.0171255953073
116.835830787 -3.79711700181e-05 -0.0171163872968
116.89866264 -3.79303747987e-05 -0.0171071891815
116.961494493 -3.78896452788e-05 -0.0170980009464
117.024326346 -3.78489813254e-05 -0.017088822574
117.087158199 -3.78083827864e-05 -0.0170796540506
117.149990052 -3.77678495316e-05 -0.0170704953585
117.212821905 -3.77273814157e-05 -0.0170613464831
117.275653759 -3.76869783007e-05 -0.0170522074079
117.338485612 -3.76466400497e-05 -0.0170430781172
117.401317465 -3.76063665211e-05 -0.0170339585954
117.464149318 -3.75661575752e-05 -0.0170248488273
117.526981171 -3.75260130773e-05 -0.0170157487967
117.589813024 -3.74859328884e-05 -0.0170066584883
117.652644877 -3.74459168714e-05 -0.0169975778864
117.71547673 -3.74059648895e-05 -0.0169885069752
117.778308583 -3.73660768057e-05 -0.0169794457397
117.841140436 -3.73262524845e-05 -0.016970394164
117.903972289 -3.72864917894e-05 -0.0169613522332
117.966804142 -3.72467945847e-05 -0.0169523199315
118.029635995 -3.72071607346e-05 -0.0169432972435
118.092467848 -3.71675901087e-05 -0.0169342841537
118.155299702 -3.71280825666e-05 -0.0169252806475
118.218131555 -3.70886379806e-05 -0.0169162867086
118.280963408 -3.70492562123e-05 -0.0169073023223
118.343795261 -3.70099371276e-05 -0.0168983274741
118.406627114 -3.69706805972e-05 -0.0168893621477
118.469458967 -3.69314864877e-05 -0.0168804063283
118.53229082 -3.68923546661e-05 -0.0168714600009
118.595122673 -3.68532849985e-05 -0.0168625231508
118.657954526 -3.68142773558e-05 -0.0168535957622
118.720786379 -3.67753316073e-05 -0.0168446778205
118.783618232 -3.67364476213e-05 -0.0168357693106
118.846450085 -3.6697625267e-05 -0.0168268702174
118.909281938 -3.66588644141e-05 -0.0168179805266
118.972113791 -3.66201649334e-05 -0.0168091002225
119.034945645 -3.65815266943e-05 -0.0168002292908
119.097777498 -3.65429495682e-05 -0.0167913677167
119.160609351 -3.65044334292e-05 -0.0167825154845
119.223441204 -3.64659781438e-05 -0.0167736725807
119.286273057 -3.64275835877e-05 -0.0167648389898
119.34910491 -3.63892496289e-05 -0.0167560146977
119.411936763 -3.63509761455e-05 -0.0167471996888
119.474768616 -3.63127630065e-05 -0.0167383939491
119.537600469 -3.62746100869e-05 -0.0167295974638
119.600432322 -3.62365172588e-05 -0.0167208102187
119.663264175 -3.61984843978e-05 -0.0167120321985
119.726096028 -3.61605113764e-05 -0.0167032633893
119.788927881 -3.61225980689e-05 -0.0166945037766
119.851759734 -3.60847443525e-05 -0.0166857533458
119.914591588 -3.60469501023e-05 -0.0166770120819
119.977423441 -3.60092151901e-05 -0.0166682799717
120.040255294 -3.59715394946e-05 -0.0166595569998
120.103087147 -3.59339228937e-05 -0.0166508431524
120.165919 -3.58963652609e-05 -0.0166421384146
120.228750853 -3.5858866474e-05 -0.016633442773
120.291582706 -3.58214264087e-05 -0.0166247562128
120.354414559 -3.57840449436e-05 -0.0166160787201
120.417246412 -3.57467219589e-05 -0.0166074102805
120.480078265 -3.57094573288e-05 -0.0165987508796
120.542910118 -3.56722509344e-05 -0.0165901005033
120.605741971 -3.56351026531e-05 -0.0165814591381
120.668573824 -3.55980123645e-05 -0.0165728267693
120.731405677 -3.55609799483e-05 -0.0165642033831
120.794237531 -3.55240052821e-05 -0.0165555889657
120.857069384 -3.54870882489e-05 -0.0165469835028
120.919901237 -3.54502287268e-05 -0.0165383869806
120.98273309 -3.54134265973e-05 -0.0165297993853
121.045564943 -3.5376681742e-05 -0.0165212207023
121.108396796 -3.53399940403e-05 -0.0165126509186
121.171228649 -3.53033633744e-05 -0.01650409002
121.234060502 -3.52667896279e-05 -0.0164955379927
121.296892355 -3.52302726812e-05 -0.016486994823
121.359724208 -3.51938124167e-05 -0.0164784604969
121.422556061 -3.51574087172e-05 -0.016469935001
121.485387914 -3.51210614665e-05 -0.0164614183215
121.548219767 -3.50847705479e-05 -0.0164529104445
121.61105162 -3.50485358457e-05 -0.0164444113565
121.673883474 -3.501235724e-05 -0.0164359210445
121.736715327 -3.49762346205e-05 -0.0164274394939
121.79954718 -3.49401678681e-05 -0.0164189666917
121.862379033 -3.49041568684e-05 -0.0164105026244
121.925210886 -3.48682015093e-05 -0.016402047278
121.988042739 -3.48323016735e-05 -0.0163936006395
122.050874592 -3.47964572436e-05 -0.0163851626959
122.113706445 -3.47606681109e-05 -0.0163767334329
122.176538298 -3.47249341624e-05 -0.0163683128373
122.239370151 -3.46892552813e-05 -0.0163599008959
122.302202004 -3.46536313546e-05 -0.0163514975955
122.365033857 -3.461806227e-05 -0.0163431029229
122.42786571 -3.45825479152e-05 -0.0163347168643
122.490697563 -3.45470881807e-05 -0.0163263394068
122.553529417 -3.45116829508e-05 -0.016317970537
122.61636127 -3.44763321145e-05 -0.016309610242
122.679193123 -3.44410355625e-05 -0.0163012585082
122.742024976 -3.44057931821e-05 -0.0162929153228
122.804856829 -3.43706048625e-05 -0.0162845806725
122.867688682 -3.43354704935e-05 -0.0162762545444
122.930520535 -3.4300389964e-05 -0.0162679369253
122.993352388 -3.42653631661e-05 -0.0162596278022
123.056184241 -3.4230389988e-05 -0.0162513271622
123.119016094 -3.41954703222e-05 -0.016243034992
123.181847947 -3.41606040576e-05 -0.016234751279
123.2446798 -3.4125791087e-05 -0.01622647601
123.307511653 -3.40910313023e-05 -0.0162182091721
123.370343506 -3.40563245926e-05 -0.0162099507528
123.43317536 -3.40216708523e-05 -0.0162017007387
123.496007213 -3.39870699722e-05 -0.0161934591176
123.558839066 -3.39525218466e-05 -0.016185225876
123.621670919 -3.39180263657e-05 -0.0161770010018
123.684502772 -3.3883583426e-05 -0.0161687844817
123.747334625 -3.38491929189e-05 -0.0161605763031
123.810166478 -3.3814854738e-05 -0.0161523764535
123.872998331 -3.37805687744e-05 -0.0161441849207
123.935830184 -3.37463349289e-05 -0.0161360016908
123.998662037 -3.37121530918e-05 -0.0161278267521
124.06149389 -3.36780231563e-05 -0.016119660092
124.124325743 -3.36439450213e-05 -0.0161115016974
124.187157596 -3.36099185797e-05 -0.0161033515563
124.249989449 -3.35759437291e-05 -0.0160952096555
124.312821303 -3.35420203627e-05 -0.0160870759835
124.375653156 -3.3508148375e-05 -0.0160789505273
124.438485009 -3.34743276664e-05 -0.0160708332743
124.501316862 -3.34405581313e-05 -0.0160627242124
124.564148715 -3.34068396672e-05 -0.0160546233292
124.626980568 -3.33731721713e-05 -0.0160465306117
124.689812421 -3.33395555419e-05 -0.0160384460483
124.752644274 -3.33059896721e-05 -0.0160303696268
124.815476127 -3.32724744653e-05 -0.0160223013341
124.87830798 -3.32390098171e-05 -0.0160142411585
124.941139833 -3.32055956271e-05 -0.0160061890874
125.003971686 -3.31722317923e-05 -0.0159981451091
125.066803539 -3.31389182101e-05 -0.0159901092113
125.129635392 -3.31056547848e-05 -0.0159820813811
125.192467246 -3.30724414106e-05 -0.0159740616076
125.255299099 -3.30392779901e-05 -0.0159660498775
125.318130952 -3.3006164422e-05 -0.0159580461794
125.380962805 -3.29731006071e-05 -0.015950050501
125.443794658 -3.29400864443e-05 -0.0159420628303
125.506626511 -3.29071218368e-05 -0.015934083155
125.569458364 -3.28742066823e-05 -0.0159261114638
125.632290217 -3.2841340886e-05 -0.0159181477441
