0.0314159265359 -0.251513364037 -1.95155740993
0.0942477796077 -0.243206469858 -1.88916565743
0.157079632679 -0.234917896546 -1.82893073766
0.219911485751 -0.226738713604 -1.7708151622
0.282743338823 -0.218629405303 -1.71493625588
0.345575191895 -0.210671039788 -1.66105620601
0.408407044967 -0.202849668932 -1.60926157316
0.471238898038 -0.195179509438 -1.55951182559
0.53407075111 -0.187684897602 -1.51172544653
0.596902604182 -0.180384994075 -1.46583362097
0.659734457254 -0.173292083487 -1.42178188405
0.722566310326 -0.166414046039 -1.37951986356
0.785398163397 -0.159756477834 -1.3389945045
0.848230016469 -0.15332366704 -1.30014810326
0.911061869541 -0.147118799791 -1.26291905549
0.973893722613 -0.141143851149 -1.22724350052
1.03672557568 -0.135399438595 -1.19305691045
1.09955742876 -0.129884754399 -1.160295289
1.16238928183 -0.124597599046 -1.12889595421
1.2252211349 -0.119534496486 -1.09879799345
1.28805298797 -0.114690860596 -1.06994249734
1.35088484104 -0.110061184808 -1.04227266015
1.41371669412 -0.10563923395 -1.01573380713
1.47654854719 -0.101418224811 -0.990273386206
1.53938040026 -0.0973909879575 -0.965840944283
1.60221225333 -0.0935501076599 -0.942388098046
1.6650441064 -0.0898880395791 -0.919868502557
1.72787595947 -0.0863972075164 -0.898237818242
1.79070781255 -0.0830700813615 -0.877453675378
1.85353966562 -0.0798992386974 -0.857475635103
1.91637151869 -0.0768774125188 -0.838265146133
1.97920337176 -0.0739975273514 -0.819785496825
2.04203522483 -0.0712527258097 -0.802001762656
2.10486707791 -0.0686363873528 -0.784880749472
2.16769893098 -0.0661421407265 -0.768390933147
2.23053078405 -0.0637638713379 -0.752502396381
2.29336263712 -0.061495724588 -0.737186763465
2.35619449019 -0.0593321060081 -0.722417133796
2.41902634326 -0.0572676788871 -0.708168014908
2.48185819634 -0.055297359952 -0.694415255683
2.54469004941 -0.0534163135567 -0.681135980334
2.60752190248 -0.0516199447501 -0.668308523649
2.67035375555 -0.0499038915216 -0.655912367902
2.73318560862 -0.0482640164691 -0.643928081731
2.79601746169 -0.0466963980846 -0.632337261228
2.85884931477 -0.0451973218159 -0.621122473401
2.92168116784 -0.043763271033 -0.610267202117
2.98451302091 -0.0423909180006 -0.599755796576
3.04734487398 -0.0410771149384 -0.589573422339
3.11017672705 -0.0398188852334 -0.579706014889
3.17300858013 -0.0386134148537 -0.570140235678
3.2358404332 -0.0374580440035 -0.560863430595
3.29867228627 -0.036350259046 -0.551863590791
3.36150413934 -0.0352876847161 -0.543129315749
3.42433599241 -0.0342680766373 -0.534649778513
3.48716784548 -0.0332893141495 -0.526414692983
3.54999969856 -0.032349393454 -0.518414283157
3.61283155163 -0.0314464210748 -0.510639254225
3.6756634047 -0.0305786076341 -0.503080765413
3.73849525777 -0.0297442619376 -0.495730404481
3.80132711084 -0.0289417853613 -0.48858016376
3.86415896392 -0.0281696665349 -0.481622417664
3.92699081699 -0.0274264763081 -0.474849901561
3.98982267006 -0.0267108629938 -0.468255691934
4.05265452313 -0.0260215478751 -0.461833187747
4.1154863762 -0.0253573209656 -0.455576092934
4.17831822927 -0.0247170370123 -0.449478399956
4.24115008235 -0.0240996117295 -0.443534374338
4.30398193542 -0.023504018252 -0.437738540133
4.36681378849 -0.0229292837975 -0.432085666261
4.42964564156 -0.0223744865264 -0.426570753648
4.49247749463 -0.0218387525889 -0.421189023131
4.55530934771 -0.0213212533497 -0.415935904074
4.61814120078 -0.0208212027785 -0.410807023644
4.68097305385 -0.0203378549998 -0.405798196717
4.74380490692 -0.0198705019895 -0.400905416358
4.80663675999 -0.0194184714125 -0.396124844855
4.86946861306 -0.0189811245912 -0.391452805261
4.93230046614 -0.0185578545979 -0.386885773419
4.99513231921 -0.018148084463 -0.382420370427
5.05796417228 -0.0177512654924 -0.378053355542
5.12079602535 -0.0173668756871 -0.37378161946
5.18362787842 -0.016994418259 -0.369602177982
5.24645973149 -0.0166334202368 -0.365512166019
5.30929158457 -0.0162834311553 -0.361508831932
5.37212343764 -0.0159440218254 -0.357589532173
5.43495529071 -0.0156147831769 -0.353751726218
5.49778714378 -0.0152953251714 -0.349992971771
5.56061899685 -0.0149852757799 -0.346310920223
5.62345084993 -0.0146842800218 -0.342703312355
5.686282703 -0.0143919990605 -0.339167974256
5.74911455607 -0.0141081093528 -0.33570281347
5.81194640914 -0.0138323018483 -0.332305815331
5.87477826221 -0.0135642812358 -0.328975039493
5.93761011528 -0.0133037652338 -0.325708616634
6.00044196836 -0.0130504839215 -0.322504745331
6.06327382143 -0.0128041791095 -0.319361689092
6.1261056745 -0.0125646037461 -0.316277773541
6.18893752757 -0.0123315213572 -0.313251383734
6.25176938064 -0.0121047055186 -0.31028096162
6.31460123372 -0.0118839393582 -0.307365003621
6.37743308679 -0.0116690150853 -0.304502058332
6.44026493986 -0.0114597335473 -0.301690724333
6.50309679293 -0.0112559038102 -0.298929648105
6.565928646 -0.0110573427627 -0.296217522056
6.62876049907 -0.0108638747415 -0.293553082624
6.69159235215 -0.0106753311779 -0.29093510849
6.75442420522 -0.0104915502624 -0.288362418861
6.81725605829 -0.0103123766284 -0.28583387184
6.88008791136 -0.0101376610521 -0.28334836287
6.94291976443 -0.00996726016865 -0.280904823255
7.00575161751 -0.00980103620309 -0.278502218739
7.06858347058 -0.00963885671575 -0.276139548164
7.13141532365 -0.0094805943605 -0.273815842176
7.19424717672 -0.0093261266557 -0.271530161999
7.25707902979 -0.00917533576698 -0.269281598259
7.31991088286 -0.00902810830096 -0.267069269865
7.38274273594 -0.00888433510957 -0.264892322931
7.44557458901 -0.00874391110413 -0.262749929761
7.50840644208 -0.00860673507883 -0.260641287861
7.57123829515 -0.00847270954292 -0.258565619007
7.63407014822 -0.00834174056122 -0.25652216835
7.69690200129 -0.00821373760245 -0.254510203555
7.75973385437 -0.008088613395 -0.252529013984
7.82256570744 -0.00796628378961 -0.250577909908
7.88539756051 -0.00784666762875 -0.248656221757
7.94822941358 -0.0077296866222 -0.2467632994
8.01106126665 -0.00761526522854 -0.244898511452
8.07389311973 -0.00750333054225 -0.243061244614
8.1367249728 -0.00739381218618 -0.24125090304
8.19955682587 -0.00728664220886 -0.239466907728
8.26238867894 -0.00718175498679 -0.237708695935
8.32522053201 -0.00707908713106 -0.235975720623
8.38805238508 -0.00697857739834 -0.234267449914
8.45088423816 -0.00688016660589 -0.232583366584
8.51371609123 -0.00678379755042 -0.23092296756
8.5765479443 -0.00668941493058 -0.22928576345
8.63937979737 -0.00659696527297 -0.227671278087
8.70221165044 -0.0065063968614 -0.226079048087
8.76504350352 -0.00641765966923 -0.224508622431
8.82787535659 -0.0063307052948 -0.222959562057
8.89070720966 -0.00624548689958 -0.221431439475
8.95353906273 -0.00616195914902 -0.219923838391
9.0163709158 -0.006080078156 -0.218436353342
9.07920276887 -0.00599980142668 -0.216968589359
9.14203462195 -0.00592108780865 -0.215520161625
9.20486647502 -0.0058438974413 -0.214090695159
9.26769832809 -0.00576819170828 -0.212679824505
9.33053018116 -0.00569393319196 -0.211287193437
9.39336203423 -0.00562108562978 -0.209912454669
9.45619388731 -0.00554961387245 -0.20855526958
9.51902574038 -0.00547948384379 -0.207215307953
9.58185759345 -0.00541066250236 -0.20589224771
9.64468944652 -0.00534311780453 -0.204585774672
9.70752129959 -0.0052768186691 -0.203295582317
9.77035315266 -0.00521173494339 -0.202021371554
9.83318500574 -0.0051478373706 -0.200762850497
9.89601685881 -0.00508509755862 -0.199519734253
9.95884871188 -0.00502348794992 -0.198291744718
10.021680565 -0.00496298179274 -0.197078610374
10.084512418 -0.00490355311343 -0.195880066101
10.1473442711 -0.00484517668977 -0.194695852987
10.2101761242 -0.00478782802543 -0.193525718153
10.2730079772 -0.00473148332539 -0.192369414576
10.3358398303 -0.00467611947233 -0.191226700927
10.3986716834 -0.00462171400385 -0.190097341404
10.4615035365 -0.00456824509069 -0.18898110558
10.5243353895 -0.00451569151567 -0.187877768247
10.5871672426 -0.00446403265349 -0.186787109278
10.6499990957 -0.00441324845125 -0.185708913479
10.7128309487 -0.00436331940976 -0.184642970455
10.7756628018 -0.0043142265655 -0.18358907448
10.8384946549 -0.00426595147324 -0.182547024365
10.901326508 -0.00421847618937 -0.181516623339
10.964158361 -0.00417178325583 -0.180497678926
11.0269902141 -0.00412585568444 -0.179490002832
11.0898220672 -0.00408067694232 -0.178493410832
11.1526539202 -0.00403623093689 -0.177507722659
11.2154857733 -0.00399250200294 -0.176532761905
11.2783176264 -0.00394947488788 -0.175568355912
11.3411494795 -0.00390713474076 -0.17461433568
11.4039813325 -0.00386546709736 -0.173670535765
11.4668131856 -0.00382445787112 -0.172736794194
11.5296450387 -0.00378409333849 -0.17181295237
11.5924768917 -0.00374436013065 -0.170898854984
11.6553087448 -0.00370524522045 -0.169994349937
11.7181405979 -0.00366673591349 -0.169099288252
11.780972451 -0.00362881983738 -0.168213523999
11.843804304 -0.00359148493243 -0.167336914214
11.9066361571 -0.0035547194417 -0.166469318829
11.9694680102 -0.00351851190311 -0.165610600598
12.0322998632 -0.00348285113934 -0.164760625022
12.0951317163 -0.00344772625025 -0.163919260292
12.1579635694 -0.00341312660516 -0.16308637721
12.2207954225 -0.00337904183335 -0.162261849134
12.2836272755 -0.00334546181832 -0.161445551912
12.3464591286 -0.00331237668969 -0.160637363823
12.4092909817 -0.00327977681521 -0.159837165515
12.4721228348 -0.00324765279565 -0.159044839951
12.5349546878 -0.00321599545707 -0.158260272356
12.5977865409 -0.00318479930838 -0.157483362666
12.660618394 -0.00315405117054 -0.156713987851
12.723450247 -0.00312374257598 -0.155952039581
12.7862821001 -0.00309386525455 -0.155197411578
12.8491139532 -0.00306441112816 -0.154449999572
12.9119458063 -0.00303537230539 -0.153709701247
12.9747776593 -0.00300674107649 -0.152976416205
13.0376095124 -0.00297850990833 -0.152250045912
13.1004413655 -0.00295067143968 -0.151530493663
13.1632732185 -0.00292321847651 -0.150817664534
13.2261050716 -0.00289614398751 -0.150111465345
13.2889369247 -0.00286944109974 -0.149411804621
13.3517687778 -0.00284310309437 -0.14871859255
13.4146006308 -0.00281712340262 -0.148031740949
13.4774324839 -0.00279149560176 -0.147351163224
13.540264337 -0.00276621341127 -0.146676774338
13.60309619 -0.00274127068912 -0.146008490775
13.6659280431 -0.0027166614281 -0.145346230505
13.7287598962 -0.00269237975239 -0.144689912953
13.7915917493 -0.00266841991407 -0.144039458967
13.8544236023 -0.00264477628987 -0.143394790787
13.9172554554 -0.00262144337795 -0.142755832011
13.9800873085 -0.00259841579477 -0.142122507573
14.0429191615 -0.0025756882721 -0.141494743707
14.1057510146 -0.00255325565409 -0.140872467923
14.1685828677 -0.00253111289439 -0.140255608979
14.2314147208 -0.00250925505342 -0.139644096852
14.2942465738 -0.00248767729568 -0.139037862717
14.3570784269 -0.00246637488716 -0.138436838917
14.41991028 -0.00244534319279 -0.137840958941
14.482742133 -0.00242457767399 -0.137250157399
14.5455739861 -0.00240407388632 -0.13666437
14.6084058392 -0.00238382747708 -0.136083533525
14.6712376923 -0.00236383418317 -0.135507585812
14.7340695453 -0.0023440898288 -0.134936465726
14.7969013984 -0.00232459032344 -0.134370113145
14.8597332515 -0.00230533165969 -0.133808468934
14.9225651046 -0.00228630991134 -0.133251474928
14.9853969576 -0.00226752123137 -0.132699073912
15.0482288107 -0.00224896185004 -0.1321512096
15.1110606638 -0.00223062807311 -0.131607826617
15.1738925168 -0.00221251627997 -0.131068870483
15.2367243699 -0.00219462292196 -0.130534287592
15.299556223 -0.00217694452061 -0.130004025196
15.3623880761 -0.00215947766604 -0.129478031388
15.4252199291 -0.00214221901534 -0.128956255086
15.4880517822 -0.00212516529098 -0.128438646014
15.5508836353 -0.00210831327933 -0.12792515469
15.6137154883 -0.00209165982915 -0.127415732408
15.6765473414 -0.00207520185016 -0.126910331224
15.7393791945 -0.00205893631164 -0.12640890394
15.8022110476 -0.00204286024108 -0.125911404091
15.8650429006 -0.00202697072281 -0.12541778593
15.9278747537 -0.00201126489674 -0.124928004415
15.9907066068 -0.00199573995711 -0.124442015196
16.0535384598 -0.00198039315121 -0.123959774598
16.1163703129 -0.00196522177827 -0.123481239614
16.179202166 -0.00195022318821 -0.123006367888
16.2420340191 -0.00193539478056 -0.122535117705
16.3048658721 -0.00192073400333 -0.122067447978
16.3676977252 -0.00190623835198 -0.121603318237
16.4305295783 -0.00189190536828 -0.121142688615
16.4933614313 -0.00187773263941 -0.120685519841
16.5561932844 -0.00186371779685 -0.120231773227
16.6190251375 -0.0018498585155 -0.119781410655
16.6818569906 -0.00183615251267 -0.119334394572
16.7446888436 -0.0018225975472 -0.118890687972
16.8075206967 -0.00180919141854 -0.118450254395
16.8703525498 -0.00179593196588 -0.118013057908
16.9331844028 -0.00178281706731 -0.117579063104
16.9960162559 -0.00176984463895 -0.117148235085
17.058848109 -0.00175701263418 -0.116720539459
17.1216799621 -0.00174431904283 -0.116295942327
17.1845118151 -0.0017317618904 -0.115874410274
17.2473436682 -0.00171933923731 -0.115455910366
17.3101755213 -0.00170704917818 -0.115040410133
17.3730073744 -0.00169488984108 -0.114627877567
17.4358392274 -0.00168285938688 -0.114218281114
17.4986710805 -0.00167095600852 -0.113811589659
17.5615029336 -0.00165917793036 -0.113407772529
17.6243347866 -0.00164752340753 -0.113006799476
17.6871666397 -0.00163599072531 -0.112608640674
17.7499984928 -0.00162457819849 -0.112213266714
17.8128303459 -0.00161328417075 -0.111820648589
17.8756621989 -0.00160210701413 -0.111430757695
17.938494052 -0.00159104512839 -0.111043565821
18.0013259051 -0.00158009694046 -0.110659045141
18.0641577581 -0.00156926090393 -0.110277168211
18.1269896112 -0.00155853549847 -0.109897907958
18.1898214643 -0.00154791922931 -0.109521237678
18.2526533174 -0.00153741062675 -0.109147131025
18.3154851704 -0.00152700824564 -0.108775562012
18.3783170235 -0.00151671066492 -0.108406504997
18.4411488766 -0.00150651648708 -0.108039934684
18.5039807296 -0.00149642433778 -0.107675826112
18.5668125827 -0.00148643286531 -0.107314154653
18.6296444358 -0.00147654074021 -0.106954896006
18.6924762889 -0.0014667466548 -0.106598026189
18.7553081419 -0.00145704932275 -0.106243521538
18.818139995 -0.00144744747869 -0.105891358698
18.8809718481 -0.00143793987779 -0.105541514619
18.9438037011 -0.00142852529537 -0.105193966554
19.0066355542 -0.00141920252647 -0.104848692048
19.0694674073 -0.00140997038556 -0.10450566894
19.1322992604 -0.00140082770606 -0.104164875353
19.1951311134 -0.00139177334006 -0.103826289693
19.2579629665 -0.00138280615793 -0.103489890644
19.3207948196 -0.00137392504799 -0.103155657159
19.3836266726 -0.00136512891613 -0.102823568463
19.4464585257 -0.00135641668553 -0.102493604043
19.5092903788 -0.0013477872963 -0.102165743648
19.5721222319 -0.0013392397052 -0.10183996728
19.6349540849 -0.00133077288526 -0.101516255195
19.697785938 -0.00132238582556 -0.101194587896
19.7606177911 -0.00131407753087 -0.10087494613
19.8234496442 -0.00130584702138 -0.100557310885
19.8862814972 -0.00129769333243 -0.100241663384
19.9491133503 -0.00128961551421 -0.0999279850843
20.0119452034 -0.00128161263149 -0.099616257672
20.0747770564 -0.00127368376336 -0.0993064630584
20.1376089095 -0.00126582800297 -0.0989985833776
20.2004407626 -0.00125804445727 -0.0986926009824
20.2632726157 -0.00125033224676 -0.0983884984412
20.3261044687 -0.00124269050523 -0.0980862585345
20.3889363218 -0.00123511837955 -0.0977858642522
20.4517681749 -0.00122761502942 -0.0974872987899
20.5146000279 -0.00122017962714 -0.0971905455457
20.577431881 -0.00121281135738 -0.0968955881181
20.6402637341 -0.00120550941696 -0.0966024103019
20.7030955872 -0.00119827301465 -0.0963109960859
20.7659274402 -0.00119110137093 -0.09602132965
20.8287592933 -0.0011839937178 -0.0957333953618
20.8915911464 -0.0011769492986 -0.0954471777748
20.9544229994 -0.00116996736776 -0.0951626616248
21.0172548525 -0.00116304719065 -0.0948798318274
21.0800867056 -0.00115618804335 -0.094598673476
21.1429185587 -0.00114938921251 -0.0943191718382
21.2057504117 -0.00114264999512 -0.0940413123539
21.2685822648 -0.00113596969836 -0.0937650806329
21.3314141179 -0.00112934763942 -0.0934904624519
21.3942459709 -0.00112278314532 -0.0932174437526
21.457077824 -0.00111627555274 -0.0929460106389
21.5199096771 -0.00110982420786 -0.0926761493751
21.5827415302 -0.00110342846621 -0.0924078463829
21.6455733832 -0.00109708769247 -0.0921410882398
21.7084052363 -0.00109080126036 -0.0918758616768
21.7712370894 -0.00108456855247 -0.0916121535754
21.8340689424 -0.00107838896011 -0.0913499509667
21.8969007955 -0.00107226188315 -0.0910892410286
21.9597326486 -0.0010661867299 -0.0908300110835
22.0225645017 -0.00106016291695 -0.0905722485971
22.0853963547 -0.00105418986902 -0.0903159411754
22.1482282078 -0.00104826701889 -0.0900610765635
22.2110600609 -0.00104239380718 -0.0898076426434
22.273891914 -0.00103656968226 -0.0895556274321
22.336723767 -0.00103079410014 -0.0893050190796
22.3995556201 -0.00102506652431 -0.0890558058672
22.4623874732 -0.00101938642563 -0.0888079762057
22.5252193262 -0.00101375328224 -0.0885615186338
22.5880511793 -0.00100816657936 -0.0883164218159
22.6508830324 -0.00100262580927 -0.0880726745405
22.7137148855 -0.000997130471131 -0.0878302657192
22.7765467385 -0.000991680070903 -0.0875891843838
22.8393785916 -0.000986274121221 -0.0873494196857
22.9022104447 -0.000980912141289 -0.0871109608939
22.9650422977 -0.000975593656786 -0.0868737973932
23.0278741508 -0.000970318199744 -0.0866379186832
23.0907060039 -0.000965085308461 -0.0864033143763
23.153537857 -0.000959894527396 -0.0861699741962
23.21636971 -0.000954745407067 -0.0859378879767
23.2792015631 -0.000949637503963 -0.0857070456599
23.3420334162 -0.000944570380436 -0.0854774372952
23.4048652692 -0.000939543604627 -0.0852490530374
23.4676971223 -0.00093455675036 -0.0850218831454
23.5305289754 -0.000929609397052 -0.0847959179815
23.5933608285 -0.000924701129644 -0.0845711480088
23.6561926815 -0.000919831538487 -0.0843475637911
23.7190245346 -0.000915000219279 -0.0841251559906
23.7818563877 -0.00091020677297 -0.0839039153678
23.8446882407 -0.000905450805692 -0.0836838327787
23.9075200938 -0.00090073192867 -0.0834648991746
23.9703519469 -0.000896049758136 -0.083247105601
24.0331838 -0.000891403915273 -0.0830304431956
24.096015653 -0.000886794026119 -0.0828149031876
24.1588475061 -0.000882219721502 -0.0826004768967
24.2216793592 -0.000877680636972 -0.0823871557311
24.2845112122 -0.000873176412708 -0.082174931188
24.3473430653 -0.000868706693475 -0.0819637948502
24.4101749184 -0.000864271128538 -0.081753738387
24.4730067715 -0.000859869371588 -0.0815447535524
24.5358386245 -0.000855501080697 -0.0813368321834
24.5986704776 -0.000851165918232 -0.0811299662002
24.6615023307 -0.0008468635508 -0.0809241476039
24.7243341838 -0.00084259364918 -0.0807193684764
24.7871660368 -0.000838355888265 -0.080515620979
24.8499978899 -0.000834149946995 -0.0803128973514
24.912829743 -0.000829975508304 -0.0801111899108
24.975661596 -0.000825832259054 -0.079910491051
25.0384934491 -0.000821719889981 -0.0797107932412
25.1013253022 -0.000817638095639 -0.0795120890254
25.1641571553 -0.000813586574334 -0.0793143710214
25.2269890083 -0.000809565028083 -0.0791176319195
25.2898208614 -0.000805573162549 -0.0789218644823
25.3526527145 -0.000801610686994 -0.0787270615428
25.4154845675 -0.000797677314218 -0.0785332160052
25.4783164206 -0.000793772760521 -0.0783403208419
25.5411482737 -0.000789896745638 -0.0781483690946
25.6039801268 -0.000786048992701 -0.0779573538722
25.6668119798 -0.000782229228181 -0.0777672683505
25.7296438329 -0.000778437181838 -0.0775781057716
25.792475686 -0.000774672586692 -0.0773898594423
25.855307539 -0.000770935178954 -0.0772025227343
25.9181393921 -0.00076722469799 -0.0770160890827
25.9809712452 -0.000763540886277 -0.0768305519856
26.0438030983 -0.000759883489362 -0.0766459050033
26.1066349513 -0.000756252255801 -0.0764621417575
26.1694668044 -0.000752646937143 -0.0762792559304
26.2322986575 -0.000749067287865 -0.0760972412644
26.2951305105 -0.000745513065334 -0.0759160915612
26.3579623636 -0.000741984029788 -0.0757358006807
26.4207942167 -0.000738479944265 -0.075556362541
26.4836260698 -0.000735000574582 -0.0753777711173
26.5464579228 -0.000731545689288 -0.0752000204415
26.6092897759 -0.000728115059641 -0.0750231046006
26.672121629 -0.000724708459545 -0.0748470177379
26.734953482 -0.000721325665533 -0.0746717540508
26.7977853351 -0.000717966456731 -0.0744973077903
26.8606171882 -0.000714630614804 -0.0743236732612
26.9234490413 -0.000711317923941 -0.0741508448207
26.9862808943 -0.000708028170811 -0.0739788168783
27.0491127474 -0.000704761144531 -0.0738075838947
27.1119446005 -0.000701516636624 -0.0736371403818
27.1747764536 -0.000698294441001 -0.0734674809018
27.2376083066 -0.000695094353922 -0.0732986000663
27.3004401597 -0.000691916173957 -0.0731304925365
27.3632720128 -0.000688759701964 -0.0729631530221
27.4261038658 -0.000685624741055 -0.0727965762806
27.4889357189 -0.000682511096564 -0.0726307571173
27.551767572 -0.000679418576019 -0.0724656903845
27.6145994251 -0.000676346989107 -0.0723013709809
27.6774312781 -0.000673296147659 -0.0721377938509
27.7402631312 -0.000670265865602 -0.0719749539848
27.8030949843 -0.000667255958949 -0.0718128464174
27.8659268373 -0.000664266245754 -0.0716514662281
27.9287586904 -0.000661296546105 -0.07149080854
27.9915905435 -0.000658346682077 -0.07133086852
28.0544223966 -0.000655416477712 -0.0711716413778
28.1172542496 -0.000652505759009 -0.0710131223653
28.1800861027 -0.000649614353873 -0.0708553067767
28.2429179558 -0.0006467420921 -0.0706981899477
28.3057498088 -0.000643888805363 -0.070541767255
28.3685816619 -0.00064105432717 -0.0703860341161
28.431413515 -0.000638238492852 -0.0702309859884
28.4942453681 -0.000635441139535 -0.0700766183692
28.5570772211 -0.000632662106116 -0.0699229267952
28.6199090742 -0.000629901233239 -0.069769906842
28.6827409273 -0.000627158363272 -0.0696175541235
28.7455727803 -0.000624433340298 -0.0694658642916
28.8084046334 -0.000621726010068 -0.0693148330362
28.8712364865 -0.000619036220002 -0.0691644560841
28.9340683396 -0.000616363819152 -0.069014729199
28.9969001926 -0.000613708658195 -0.0688656481811
29.0597320457 -0.000611070589399 -0.0687172088666
29.1225638988 -0.000608449466611 -0.0685694071274
29.1853957518 -0.000605845145234 -0.0684222388707
29.2482276049 -0.000603257482204 -0.0682757000386
29.311059458 -0.000600686335982 -0.0681297866075
29.3738913111 -0.000598131566521 -0.0679844945883
29.4367231641 -0.00059559303525 -0.0678398200257
29.4995550172 -0.000593070605066 -0.0676957589975
29.5623868703 -0.000590564140304 -0.0675523076149
29.6252187234 -0.00058807350672 -0.0674094620218
29.6880505764 -0.000585598571479 -0.0672672183946
29.7508824295 -0.000583139203136 -0.0671255729413
29.8137142826 -0.000580695271613 -0.0669845219023
29.8765461356 -0.000578266648182 -0.066844061549
29.9393779887 -0.000575853205463 -0.066704188184
30.0022098418 -0.000573454817388 -0.0665648981404
30.0650416949 -0.000571071359194 -0.0664261877821
30.1278735479 -0.00056870270741 -0.0662880535029
30.190705401 -0.00056634873983 -0.0661504917266
30.2535372541 -0.00056400933551 -0.0660134989062
30.3163691071 -0.000561684374746 -0.065877071524
30.3792009602 -0.000559373739056 -0.0657412060916
30.4420328133 -0.00055707731117 -0.0656058991486
30.5048646664 -0.00055479497502 -0.0654711472632
30.5676965194 -0.000552526615709 -0.0653369470316
30.6305283725 -0.000550272119512 -0.0652032950779
30.6933602256 -0.00054803137386 -0.0650701880532
30.7561920786 -0.000545804267315 -0.0649376226363
30.8190239317 -0.000543590689572 -0.0648055955325
30.8818557848 -0.00054139053143 -0.0646741034741
30.9446876379 -0.000539203684789 -0.0645431432194
31.0075194909 -0.000537030042638 -0.0644127115531
31.070351344 -0.00053486949903 -0.0642828052855
31.1331831971 -0.000532721949082 -0.0641534212525
31.1960150501 -0.000530587288956 -0.0640245563155
31.2588469032 -0.000528465415846 -0.0638962073609
31.3216787563 -0.000526356227972 -0.0637683712998
31.3845106094 -0.000524259624559 -0.063641045068
31.4473424624 -0.000522175505829 -0.0635142256257
31.5101743155 -0.000520103772994 -0.0633879099568
31.5730061686 -0.000518044328234 -0.0632620950697
31.6358380216 -0.000515997074698 -0.0631367779956
31.6986698747 -0.00051396191648 -0.0630119557899
31.7615017278 -0.000511938758619 -0.0628876255306
31.8243335809 -0.000509927507077 -0.0627637843189
31.8871654339 -0.000507928068741 -0.0626404292785
31.949997287 -0.000505940351398 -0.0625175575559
32.0128291401 -0.00050396426374 -0.0623951663195
32.0756609932 -0.000501999715337 -0.0622732527598
32.1384928462 -0.000500046616638 -0.0621518140896
32.2013246993 -0.000498104878962 -0.0620308475426
32.2641565524 -0.000496174414478 -0.0619103503745
32.3269884054 -0.000494255136208 -0.0617903198617
32.3898202585 -0.000492346958 -0.0616707533022
32.4526521116 -0.000490449794536 -0.0615516480144
32.5154839647 -0.000488563561316 -0.0614330013371
32.5783158177 -0.000486688174642 -0.0613148106302
32.6411476708 -0.000484823551618 -0.0611970732731
32.7039795239 -0.00048296961014 -0.0610797866656
32.7668113769 -0.000481126268877 -0.0609629482274
32.82964323 -0.000479293447276 -0.0608465553973
32.8924750831 -0.000477471065548 -0.0607306056341
32.9553069362 -0.00047565904465 -0.0606150964158
33.0181387892 -0.000473857306294 -0.0605000252391
33.0809706423 -0.000472065772922 -0.0603853896202
33.1438024954 -0.000470284367708 -0.0602711870934
33.2066343484 -0.000468513014547 -0.060157415212
33.2694662015 -0.000466751638046 -0.0600440715475
33.3322980546 -0.000465000163517 -0.0599311536897
33.3951299077 -0.000463258516968 -0.0598186592461
33.4579617607 -0.000461526625096 -0.0597065858427
33.5207936138 -0.000459804415279 -0.0595949311226
33.5836254669 -0.000458091815571 -0.0594836927466
33.6464573199 -0.000456388754692 -0.0593728683931
33.709289173 -0.000454695162017 -0.0592624557575
33.7721210261 -0.000453010967577 -0.0591524525522
33.8349528792 -0.000451336102045 -0.0590428565068
33.8977847322 -0.000449670496732 -0.0589336653673
33.9606165853 -0.000448014083578 -0.0588248768964
34.0234484384 -0.000446366795148 -0.0587164888733
34.0862802914 -0.000444728564625 -0.0586084990933
34.1491121445 -0.000443099325797 -0.0585009053684
34.2119439976 -0.000441479013058 -0.0583937055257
34.2747758507 -0.000439867561405 -0.0582868974088
34.3376077037 -0.000438264906409 -0.0581804788768
34.4004395568 -0.00043667098424 -0.0580744478044
34.4632714099 -0.000435085731638 -0.0579688020816
34.526103263 -0.000433509085917 -0.0578635396137
34.588935116 -0.000431940984957 -0.0577586583212
34.6517669691 -0.000430381367187 -0.0576541561398
34.7145988222 -0.000428830171601 -0.0575500310197
34.7774306752 -0.000427287337737 -0.0574462809259
34.8402625283 -0.000425752805669 -0.0573429038382
34.9030943814 -0.000424226516009 -0.0572398977509
34.9659262345 -0.000422708409904 -0.0571372606721
35.0287580875 -0.000421198429012 -0.0570349906248
35.0915899406 -0.000419696515525 -0.0569330856458
35.1544217937 -0.000418202612133 -0.0568315437859
35.2172536467 -0.000416716662047 -0.0567303631094
35.2800854998 -0.000415238608966 -0.0566295416949
35.3429173529 -0.000413768397096 -0.0565290776343
35.405749206 -0.000412305971131 -0.056428969033
35.468581059 -0.000410851276252 -0.0563292140096
35.5314129121 -0.000409404258119 -0.0562298106961
35.5942447652 -0.00040796486287 -0.0561307572377
35.6570766182 -0.000406533037113 -0.0560320517924
35.7199084713 -0.000405108727926 -0.0559336925313
35.7827403244 -0.000403691882839 -0.0558356776383
35.8455721775 -0.00040228244985 -0.0557380053095
35.9084040305 -0.000400880377399 -0.0556406737542
35.9712358836 -0.000399485614378 -0.0555436811937
36.0340677367 -0.000398098110122 -0.0554470258621
36.0968995897 -0.000396717814401 -0.0553507060051
36.1597314428 -0.000395344677421 -0.0552547198809
36.2225632959 -0.000393978649812 -0.0551590657601
36.285395149 -0.000392619682635 -0.0550637419242
36.348227002 -0.000391267727366 -0.0549687466677
36.4110588551 -0.000389922735898 -0.0548740782959
36.4738907082 -0.000388584660534 -0.0547797351265
36.5367225612 -0.000387253453992 -0.0546857154878
36.5995544143 -0.000385929069381 -0.0545920177203
36.6623862674 -0.000384611460219 -0.0544986401754
36.7252181205 -0.000383300580409 -0.0544055812161
36.7880499735 -0.000381996384258 -0.0543128392161
36.8508818266 -0.000380698826448 -0.0542204125603
36.9137136797 -0.000379407862052 -0.0541282996446
36.9765455328 -0.000378123446513 -0.054036498876
37.0393773858 -0.000376845535658 -0.0539450086718
37.1022092389 -0.000375574085686 -0.0538538274601
37.165041092 -0.000374309053155 -0.0537629536796
37.227872945 -0.000373050394995 -0.0536723857797
37.2907047981 -0.000371798068491 -0.05358212222
37.3535366512 -0.00037055203129 -0.0534921614705
37.4163685043 -0.000369312241392 -0.0534025020111
37.4792003573 -0.000368078657139 -0.0533131423324
37.5420322104 -0.000366851237228 -0.0532240809347
37.6048640635 -0.000365629940694 -0.0531353163284
37.6676959165 -0.000364414726914 -0.0530468470337
37.7305277696 -0.000363205555598 -0.0529586715808
37.7933596227 -0.000362002386791 -0.0528707885094
37.8561914758 -0.000360805180868 -0.0527831963689
37.9190233288 -0.000359613898531 -0.0526958937182
37.9818551819 -0.000358428500799 -0.052608879126
38.044687035 -0.000357248949012 -0.0525221511705
38.107518888 -0.000356075204837 -0.0524357084384
38.1703507411 -0.000354907230243 -0.0523495495266
38.2331825942 -0.000353744987514 -0.0522636730406
38.2960144473 -0.000352588439239 -0.0521780775954
38.3588463003 -0.000351437548315 -0.0520927618147
38.4216781534 -0.000350292277936 -0.0520077243314
38.4845100065 -0.000349152591601 -0.0519229637872
38.5473418595 -0.000348018453096 -0.0518384788327
38.6101737126 -0.000346889826507 -0.051754268127
38.6730055657 -0.000345766676209 -0.0516703303381
38.7358374188 -0.00034464896686 -0.0515866641425
38.7986692718 -0.000343536663405 -0.0515032682255
38.8615011249 -0.00034242973107 -0.0514201412805
38.924332978 -0.000341328135362 -0.0513372820094
38.987164831 -0.000340231842061 -0.0512546891226
39.0499966841 -0.000339140817225 -0.0511723613385
39.1128285372 -0.000338055027174 -0.051090297384
39.1756603903 -0.000336974438507 -0.051008495994
39.2384922433 -0.000335899018084 -0.0509269559113
39.3013240964 -0.000334828733028 -0.050845675887
39.3641559495 -0.000333763550723 -0.0507646546799
39.4269878026 -0.000332703438811 -0.0506838910568
39.4898196556 -0.000331648365193 -0.0506033837923
39.5526515087 -0.000330598298018 -0.0505231316687
39.6154833618 -0.00032955320569 -0.0504431334759
39.6783152148 -0.000328513056861 -0.0503633880121
39.7411470679 -0.000327477820426 -0.050283894082
39.803978921 -0.000326447465532 -0.0502046504987
39.8668107741 -0.000325421961555 -0.0501256560823
39.9296426271 -0.000324401278128 -0.0500469096602
39.9924744802 -0.000323385385106 -0.0499684100674
40.0553063333 -0.000322374252582 -0.0498901561464
40.1181381863 -0.000321367850885 -0.0498121467466
40.1809700394 -0.000320366150576 -0.0497343807245
40.2438018925 -0.000319369122443 -0.0496568569435
40.3066337456 -0.000318376737494 -0.0495795742751
40.3694655986 -0.000317388966973 -0.0495025315964
40.4322974517 -0.000316405782335 -0.0494257277927
40.4951293048 -0.000315427155261 -0.0493491617554
40.5579611578 -0.000314453057655 -0.0492728323826
40.6207930109 -0.000313483461623 -0.0491967385801
40.683624864 -0.000312518339496 -0.0491208792598
40.7464567171 -0.000311557663817 -0.04904525334
40.8092885701 -0.000310601407334 -0.0489698597465
40.8721204232 -0.000309649543004 -0.048894697411
40.9349522763 -0.000308702044 -0.0488197652717
40.9977841293 -0.000307758883683 -0.0487450622738
41.0606159824 -0.00030682003563 -0.0486705873685
41.1234478355 -0.00030588547361 -0.0485963395137
41.1862796886 -0.000304955171599 -0.0485223176734
41.2491115416 -0.000304029103764 -0.0484485208179
41.3119433947 -0.000303107244472 -0.0483749479236
41.3747752478 -0.000302189568277 -0.0483015979736
41.4376071008 -0.000301276049931 -0.0482284699568
41.5004389539 -0.000300366664373 -0.048155562868
41.563270807 -0.000299461386731 -0.0480828757085
41.6261026601 -0.000298560192323 -0.0480104074852
41.6889345131 -0.000297663056645 -0.0479381572114
41.7517663662 -0.00029676995538 -0.047866123906
41.8145982193 -0.000295880864397 -0.0477943065936
41.8774300724 -0.000294995759736 -0.0477227043052
41.9402619254 -0.000294114617625 -0.0476513160772
42.0030937785 -0.00029323741446 -0.0475801409517
42.0659256316 -0.000292364126823 -0.0475091779766
42.1287574846 -0.000291494731455 -0.0474384262056
42.1915893377 -0.000290629205284 -0.0473678846978
42.2544211908 -0.000289767525397 -0.0472975525182
42.3172530439 -0.00028890966906 -0.0472274287367
42.3800848969 -0.000288055613699 -0.0471575124294
42.44291675 -0.000287205336913 -0.0470878026773
42.5057486031 -0.000286358816457 -0.0470182985672
42.5685804561 -0.000285516030257 -0.0469489991912
42.6314123092 -0.000284676956397 -0.0468799036465
42.6942441623 -0.000283841573123 -0.0468110110359
42.7570760154 -0.000283009858837 -0.0467423204674
42.8199078684 -0.000282181792104 -0.0466738310539
42.8827397215 -0.000281357351643 -0.0466055419137
42.9455715746 -0.000280536516323 -0.0465374521705
43.0084034276 -0.000279719265174 -0.0464695609527
43.0712352807 -0.000278905577374 -0.0464018673939
43.1340671338 -0.000278095432252 -0.0463343706328
43.1968989869 -0.000277288809289 -0.0462670698131
43.2597308399 -0.000276485688109 -0.0461999640833
43.322562693 -0.000275686048491 -0.0461330525969
43.3853945461 -0.00027488987035 -0.0460663345126
43.4482263991 -0.000274097133754 -0.0459998089934
43.5110582522 -0.00027330781891 -0.0459334752075
43.5738901053 -0.000272521906169 -0.0458673323276
43.6367219584 -0.000271739376021 -0.0458013795315
43.6995538114 -0.000270960209093 -0.0457356160015
43.7623856645 -0.000270184386158 -0.0456700409245
43.8252175176 -0.000269411888118 -0.0456046534922
43.8880493706 -0.000268642696016 -0.045539452901
43.9508812237 -0.000267876791031 -0.0454744383514
44.0137130768 -0.000267114154468 -0.0454096090493
44.0765449299 -0.000266354767776 -0.0453449642041
44.1393767829 -0.000265598612519 -0.0452805030307
44.202208636 -0.000264845670413 -0.0452162247475
44.2650404891 -0.000264095923285 -0.045152128578
44.3278723422 -0.000263349353098 -0.0450882137498
44.3907041952 -0.000262605941942 -0.045024479495
44.4535360483 -0.000261865672029 -0.0449609250498
44.5163679014 -0.000261128525703 -0.0448975496548
44.5791997544 -0.000260394485423 -0.044834352555
44.6420316075 -0.000259663533776 -0.0447713329997
44.7048634606 -0.000258935653472 -0.0447084902421
44.7676953137 -0.000258210827341 -0.0446458235395
44.8305271667 -0.000257489038326 -0.044583332154
44.8933590198 -0.0002567702695 -0.0445210153512
44.9561908729 -0.000256054504046 -0.044458872401
45.0190227259 -0.000255341725265 -0.0443969025773
45.081854579 -0.000254631916574 -0.0443351051582
45.1446864321 -0.000253925061509 -0.0442734794256
45.2075182852 -0.000253221143715 -0.0442120246655
45.2703501382 -0.000252520146949 -0.0441507401678
45.3331819913 -0.000251822055087 -0.0440896252263
45.3960138444 -0.000251126852106 -0.0440286791389
45.4588456974 -0.000250434522101 -0.0439679012072
45.5216775505 -0.000249745049276 -0.0439072907365
45.5845094036 -0.000249058417938 -0.0438468470362
45.6473412567 -0.000248374612508 -0.0437865694193
45.7101731097 -0.000247693617508 -0.0437264572027
45.7730049628 -0.000247015417566 -0.043666509707
45.8358368159 -0.000246339997421 -0.0436067262564
45.8986686689 -0.00024566734191 -0.043547106179
45.961500522 -0.000244997435979 -0.0434876488061
46.0243323751 -0.000244330264666 -0.0434283534735
46.0871642282 -0.00024366581312 -0.0433692195196
46.1499960812 -0.000243004066586 -0.0433102462873
46.2128279343 -0.000242345010415 -0.0432514331222
46.2756597874 -0.000241688630048 -0.0431927793743
46.3384916404 -0.000241034911029 -0.0431342843964
46.4013234935 -0.000240383839001 -0.0430759475453
46.4641553466 -0.000239735399701 -0.0430177681808
46.5269871997 -0.000239089578961 -0.0429597456669
46.5898190527 -0.000238446362712 -0.04290187937
46.6526509058 -0.000237805736975 -0.0428441686608
46.7154827589 -0.000237167687868 -0.0427866129128
46.778314612 -0.0002365322016 -0.0427292115031
46.841146465 -0.000235899264473 -0.0426719638122
46.9039783181 -0.000235268862876 -0.042614869224
46.9668101712 -0.000234640983297 -0.0425579271251
47.0296420242 -0.000234015612309 -0.0425011369058
47.0924738773 -0.000233392736575 -0.0424444979597
47.1553057304 -0.000232772342843 -0.0423880096838
47.2181375835 -0.000232154417953 -0.0423316714776
47.2809694365 -0.000231538948831 -0.0422754827445
47.3438012896 -0.000230925922489 -0.0422194428908
47.4066331427 -0.000230315326027 -0.0421635513255
47.4694649957 -0.000229707146624 -0.0421078074616
47.5322968488 -0.000229101371551 -0.0420522107145
47.5951287019 -0.000228497988156 -0.0419967605031
47.657960555 -0.000227896983875 -0.0419414562489
47.720792408 -0.000227298346223 -0.0418862973768
47.7836242611 -0.0002267020628 -0.0418312833147
47.8464561142 -0.000226108121282 -0.0417764134932
47.9092879672 -0.000225516509431 -0.0417216873464
47.9721198203 -0.000224927215086 -0.0416671043108
48.0349516734 -0.000224340226164 -0.0416126638262
48.0977835265 -0.000223755530665 -0.0415583653351
48.1606153795 -0.000223173116661 -0.0415042082832
48.2234472326 -0.000222592972309 -0.0414501921186
48.2862790857 -0.000222015085834 -0.0413963162928
48.3491109387 -0.000221439445542 -0.0413425802599
48.4119427918 -0.000220866039816 -0.0412889834765
48.4747746449 -0.00022029485711 -0.0412355254027
48.537606498 -0.000219725885957 -0.0411822055008
48.600438351 -0.000219159114958 -0.0411290232362
48.6632702041 -0.000218594532791 -0.0410759780769
48.7261020572 -0.00021803212821 -0.0410230694936
48.7889339102 -0.000217471890032 -0.0409702969601
48.8517657633 -0.000216913807152 -0.0409176599523
48.9145976164 -0.000216357868539 -0.0408651579491
48.9774294695 -0.000215804063226 -0.0408127904321
49.0402613225 -0.000215252380315 -0.0407605568857
49.1030931756 -0.000214702808987 -0.0407084567964
49.1659250287 -0.000214155338482 -0.0406564896538
49.2287568818 -0.000213609958112 -0.04060465495
49.2915887348 -0.000213066657258 -0.0405529521798
49.3544205879 -0.000212525425367 -0.0405013808399
49.417252441 -0.000211986251953 -0.0404499404303
49.480084294 -0.000211449126596 -0.0403986304535
49.5429161471 -0.000210914038945 -0.0403474504139
49.6057480002 -0.000210380978704 -0.0402963998194
49.6685798533 -0.000209849935657 -0.0402454781793
49.7314117063 -0.000209320899641 -0.0401946850059
49.7942435594 -0.000208793860561 -0.040144019814
49.8570754125 -0.000208268808387 -0.0400934821208
49.9199072655 -0.000207745733145 -0.0400430714459
49.9827391186 -0.000207224624935 -0.0399927873109
50.0455709717 -0.000206705473907 -0.0399426292407
50.1084028248 -0.000206188270275 -0.0398925967622
50.1712346778 -0.000205673004324 -0.0398426894039
50.2340665309 -0.000205159666388 -0.0397929066975
50.296898384 -0.000204648246866 -0.0397432481769
50.359730237 -0.000204138736213 -0.0396937133785
50.4225620901 -0.000203631124949 -0.0396443018403
50.4853939432 -0.000203125403653 -0.0395950131031
50.5482257963 -0.000202621562954 -0.0395458467101
50.6110576493 -0.000202119593545 -0.0394968022065
50.6738895024 -0.000201619486177 -0.0394478791398
50.7367213555 -0.000201121231656 -0.0393990770598
50.7995532085 -0.000200624820847 -0.0393503955184
50.8623850616 -0.000200130244667 -0.03930183407
50.9252169147 -0.000199637494093 -0.0392533922707
50.9880487678 -0.000199146560158 -0.039205069679
51.0508806208 -0.000198657433943 -0.0391568658561
51.1137124739 -0.000198170106591 -0.0391087803643
51.176544327 -0.000197684569295 -0.0390608127693
51.23937618 -0.000197200813307 -0.0390129626376
51.3022080331 -0.000196718829923 -0.0389652295389
51.3650398862 -0.000196238610504 -0.0389176130443
51.4278717393 -0.000195760146454 -0.0388701127274
51.4907035923 -0.000195283429231 -0.038822728164
51.5535354454 -0.000194808450348 -0.0387754589312
51.6163672985 -0.000194335201367 -0.038728304609
51.6791991516 -0.000193863673906 -0.0386812647789
51.7420310046 -0.000193393859624 -0.0386343390248
51.8048628577 -0.000192925750242 -0.0385875269321
51.8676947108 -0.000192459337518 -0.0385408280891
51.9305265638 -0.000191994613271 -0.0384942420852
51.9933584169 -0.000191531569364 -0.0384477685121
52.05619027 -0.000191070197714 -0.0384014069633
52.1190221231 -0.000190610490275 -0.0383551570348
52.1818539761 -0.00019015243906 -0.038309018324
52.2446858292 -0.000189696036132 -0.0382629904302
52.3075176823 -0.000189241273585 -0.0382170729553
52.3703495353 -0.00018878814358 -0.0381712655023
52.4331813884 -0.000188336638313 -0.0381255676764
52.4960132415 -0.000187886750029 -0.0380799790848
52.5588450946 -0.000187438471024 -0.0380344993365
52.6216769476 -0.000186991793629 -0.0379891280424
52.6845088007 -0.000186546710231 -0.0379438648152
52.7473406538 -0.00018610321326 -0.0378987092693
52.8101725068 -0.000185661295187 -0.037853661021
52.8730043599 -0.000185220948529 -0.0378087196888
52.935836213 -0.000184782165849 -0.0377638848927
52.9986680661 -0.000184344939754 -0.0377191562541
53.0614999191 -0.000183909262892 -0.0376745333971
53.1243317722 -0.00018347512796 -0.0376300159466
53.1871636253 -0.000183042527688 -0.0375856035299
53.2499954783 -0.000182611454857 -0.0375412957761
53.3128273314 -0.000182181902292 -0.0374970923155
53.3756591845 -0.00018175386285 -0.0374529927807
53.4384910376 -0.000181327329436 -0.0374089968058
53.5013228906 -0.000180902295005 -0.0373651040264
53.5641547437 -0.000180478752538 -0.0373213140799
53.6269865968 -0.000180056695061 -0.0372776266062
53.6898184498 -0.00017963611565 -0.0372340412453
53.7526503029 -0.000179217007412 -0.0371905576404
53.815482156 -0.000178799363496 -0.0371471754354
53.8783140091 -0.00017838317709 -0.0371038942765
53.9411458621 -0.000177968441428 -0.0370607138108
54.0039777152 -0.000177555149772 -0.037017633688
54.0668095683 -0.000177143295435 -0.0369746535585
54.1296414214 -0.000176732871761 -0.0369317730749
54.1924732744 -0.000176323872134 -0.036888991891
54.2553051275 -0.000175916289978 -0.0368463096625
54.3181369806 -0.000175510118752 -0.0368037260468
54.3809688336 -0.000175105351954 -0.0367612407027
54.4438006867 -0.000174701983122 -0.0367188532903
54.5066325398 -0.000174300005826 -0.0366765634717
54.5694643929 -0.000173899413678 -0.0366343709103
54.6322962459 -0.000173500200322 -0.0365922752713
54.695128099 -0.000173102359444 -0.036550276221
54.7579599521 -0.000172705884758 -0.0365083734277
54.8207918051 -0.000172310770022 -0.0364665665611
54.8836236582 -0.000171917009025 -0.0364248552919
54.9464555113 -0.000171524595594 -0.0363832392931
55.0092873644 -0.000171133523588 -0.0363417182388
55.0721192174 -0.000170743786902 -0.0363002918044
55.1349510705 -0.000170355379472 -0.0362589596669
55.1977829236 -0.000169968295256 -0.0362177215053
55.2606147766 -0.000169582528256 -0.0361765769991
55.3234466297 -0.000169198072505 -0.0361355258299
55.3862784828 -0.000168814922069 -0.0360945676806
55.4491103359 -0.000168433071049 -0.0360537022357
55.5119421889 -0.000168052513577 -0.0360129291807
55.574774042 -0.000167673243823 -0.0359722482028
55.6376058951 -0.000167295255983 -0.0359316589906
55.7004377481 -0.000166918544288 -0.0358911612344
55.7632696012 -0.000166543103007 -0.0358507546251
55.8261014543 -0.000166168926433 -0.0358104388556
55.8889333074 -0.000165796008894 -0.0357702136203
55.9517651604 -0.000165424344752 -0.0357300786144
56.0145970135 -0.0001650539284 -0.0356900335349
56.0774288666 -0.000164684754258 -0.03565007808
56.1402607196 -0.000164316816783 -0.0356102119493
56.2030925727 -0.000163950110457 -0.0355704348437
56.2659244258 -0.0001635846298 -0.0355307464653
56.3287562789 -0.000163220369354 -0.0354911465181
56.3915881319 -0.000162857323698 -0.0354516347067
56.454419985 -0.000162495487438 -0.0354122107373
56.5172518381 -0.00016213485521 -0.0353728743175
56.5800836912 -0.000161775421681 -0.0353336251561
56.6429155442 -0.000161417181547 -0.035294462963
56.7057473973 -0.000161060129532 -0.0352553874499
56.7685792504 -0.000160704260391 -0.0352163983292
56.8314111034 -0.000160349568907 -0.0351774953149
56.8942429565 -0.000159996049893 -0.0351386781222
56.9570748096 -0.000159643698185 -0.0350999464676
57.0199066627 -0.000159292508656 -0.0350613000687
57.0827385157 -0.0001589424762 -0.0350227386445
57.1455703688 -0.000158593595743 -0.034984261915
57.2084022219 -0.000158245862238 -0.0349458696019
57.2712340749 -0.000157899270664 -0.0349075614274
57.334065928 -0.00015755381603 -0.0348693371156
57.3968977811 -0.000157209493367 -0.0348311963915
57.4597296342 -0.000156866297743 -0.0347931389811
57.5225614872 -0.000156524224242 -0.0347551646122
57.5853933403 -0.000156183267981 -0.0347172730131
57.6482251934 -0.000155843424101 -0.0346794639137
57.7110570464 -0.000155504687772 -0.0346417370451
57.7738888995 -0.000155167054184 -0.0346040921393
57.8367207526 -0.000154830518566 -0.0345665289294
57.8995526057 -0.000154495076158 -0.0345290471501
57.9623844587 -0.000154160722234 -0.034491646537
58.0252163118 -0.000153827452092 -0.0344543268266
58.0880481649 -0.000153495261052 -0.0344170877572
58.1508800179 -0.000153164144467 -0.0343799290674
58.213711871 -0.000152834097705 -0.0343428504977
58.2765437241 -0.00015250511617 -0.0343058517889
58.3393755772 -0.000152177195279 -0.0342689326838
58.4022074302 -0.000151850330483 -0.0342320929257
58.4650392833 -0.000151524517254 -0.034195332259
58.5278711364 -0.000151199751083 -0.0341586504296
58.5907029894 -0.000150876027499 -0.034122047184
58.6535348425 -0.000150553342035 -0.0340855222706
58.7163666956 -0.000150231690268 -0.0340490754377
58.7791985487 -0.000149911067784 -0.0340127064355
58.8420304017 -0.000149591470199 -0.0339764150152
58.9048622548 -0.000149272893152 -0.0339402009287
58.9676941079 -0.000148955332305 -0.0339040639293
59.030525961 -0.000148638783341 -0.0338680037711
59.093357814 -0.000148323241967 -0.0338320202094
59.1561896671 -0.000148008703912 -0.0337961130007
59.2190215202 -0.000147695164934 -0.0337602819019
59.2818533732 -0.0001473826208 -0.0337245266719
59.3446852263 -0.000147071067314 -0.0336888470696
59.4075170794 -0.000146760500288 -0.033653242856
59.4703489325 -0.000146450915573 -0.0336177137915
59.5331807855 -0.000146142309026 -0.0335822596394
59.5960126386 -0.000145834676532 -0.0335468801628
59.6588444917 -0.000145528014001 -0.0335115751263
59.7216763447 -0.000145222317359 -0.0334763442948
59.7845081978 -0.000144917582555 -0.0334411874352
59.8473400509 -0.000144613805561 -0.0334061043146
59.910171904 -0.000144310982368 -0.0333710947015
59.973003757 -0.000144009108988 -0.033336158365
60.0358356101 -0.000143708181457 -0.0333012950756
60.0986674632 -0.000143408195829 -0.0332665046041
60.1614993162 -0.000143109148173 -0.0332317867233
60.2243311693 -0.000142811034593 -0.0331971412058
60.2871630224 -0.000142513851196 -0.0331625678258
60.3499948755 -0.000142217594126 -0.0331280663585
60.4128267285 -0.000141922259531 -0.0330936365798
60.4756585816 -0.000141627843591 -0.0330592782665
60.5384904347 -0.000141334342499 -0.0330249911963
60.6013222877 -0.000141041752472 -0.0329907751481
60.6641541408 -0.000140750069743 -0.0329566299014
60.7269859939 -0.00014045929057 -0.0329225552367
60.789817847 -0.00014016941122 -0.0328885509357
60.8526497 -0.00013988042799 -0.0328546167806
60.9154815531 -0.000139592337188 -0.0328207525547
60.9783134062 -0.000139305135149 -0.0327869580421
61.0411452592 -0.000139018818218 -0.0327532330277
61.1039771123 -0.000138733382766 -0.0327195772976
61.1668089654 -0.000138448825178 -0.0326859906386
61.2296408185 -0.00013816514186 -0.0326524728382
61.2924726715 -0.000137882329236 -0.032619023685
61.3553045246 -0.000137600383747 -0.0325856429685
61.4181363777 -0.000137319301852 -0.0325523304788
61.4809682308 -0.000137039080031 -0.0325190860071
61.5438000838 -0.000136759714778 -0.0324859093454
61.6066319369 -0.000136481202608 -0.0324528002865
61.66946379 -0.000136203540053 -0.0324197586239
61.732295643 -0.000135926723661 -0.0323867841521
61.7951274961 -0.000135650749997 -0.0323538766667
61.8579593492 -0.000135375615648 -0.0323210359637
61.9207912023 -0.000135101317215 -0.0322882618399
61.9836230553 -0.000134827851313 -0.0322555540935
62.0464549084 -0.000134555214579 -0.0322229125228
62.1092867615 -0.000134283403669 -0.0321903369273
62.1721186145 -0.000134012415248 -0.0321578271074
62.2349504676 -0.000133742246004 -0.032125382864
62.2977823207 -0.000133472892638 -0.032093003999
62.3606141738 -0.000133204351874 -0.0320606903147
62.4234460268 -0.000132936620441 -0.0320284416153
62.4862778799 -0.000132669695095 -0.0319962577046
62.549109733 -0.000132403572605 -0.0319641383874
62.611941586 -0.000132138249755 -0.0319320834697
62.6747734391 -0.000131873723345 -0.0319000927581
62.7376052922 -0.000131609990192 -0.0318681660601
62.8004371453 -0.000131347047126 -0.0318363031837
62.8632689983 -0.000131084891003 -0.0318045039376
62.9261008514 -0.000130823518678 -0.0317727681317
62.9889327045 -0.000130562927036 -0.0317410955763
63.0517645575 -0.00013030311297 -0.0317094860824
63.1145964106 -0.00013004407339 -0.0316779394622
63.1774282637 -0.000129785805223 -0.0316464555284
63.2402601168 -0.000129528305411 -0.0316150340941
63.3030919698 -0.00012927157091 -0.0315836749734
63.3659238229 -0.000129015598689 -0.0315523779816
63.428755676 -0.000128760385739 -0.0315211429338
63.491587529 -0.000128505929055 -0.0314899696468
63.5544193821 -0.000128252225658 -0.0314588579374
63.6172512352 -0.000127999272575 -0.0314278076235
63.6800830883 -0.000127747066853 -0.0313968185234
63.7429149413 -0.000127495605551 -0.0313658904568
63.8057467944 -0.000127244885744 -0.031335023243
63.8685786475 -0.00012699490452 -0.0313042167031
63.9314105006 -0.000126745658984 -0.0312734706579
63.9942423536 -0.000126497146248 -0.0312427849302
64.0570742067 -0.000126249363449 -0.0312121593421
64.1199060598 -0.000126002307728 -0.0311815937174
64.1827379128 -0.000125755976247 -0.0311510878799
64.2455697659 -0.000125510366175 -0.0311206416547
64.308401619 -0.000125265474702 -0.0310902548673
64.3712334721 -0.000125021299025 -0.0310599273439
64.4340653251 -0.000124777836365 -0.0310296589108
64.4968971782 -0.000124535083941 -0.0309994493961
64.5597290313 -0.000124293039 -0.030969298628
64.6225608843 -0.000124051698794 -0.030939206435
64.6853927374 -0.000123811060591 -0.0309091726468
64.7482245905 -0.000123571121672 -0.0308791970937
64.8110564436 -0.000123331879331 -0.0308492796063
64.8738882966 -0.000123093330874 -0.0308194200164
64.9367201497 -0.000122855473624 -0.0307896181558
64.9995520028 -0.000122618304911 -0.0307598738575
65.0623838558 -0.000122381822083 -0.030730186955
65.1252157089 -0.000122146022497 -0.0307005572823
65.188047562 -0.000121910903527 -0.030670984674
65.2508794151 -0.000121676462555 -0.0306414689657
65.3137112681 -0.000121442696975 -0.0306120099932
65.3765431212 -0.000121209604201 -0.0305826075932
65.4393749743 -0.000120977181652 -0.0305532616029
65.5022068273 -0.000120745426762 -0.0305239718602
65.5650386804 -0.000120514336977 -0.0304947382036
65.6278705335 -0.000120283909756 -0.030465560472
65.6907023866 -0.000120054142567 -0.0304364385055
65.7535342396 -0.000119825032895 -0.0304073721443
65.8163660927 -0.000119596578235 -0.0303783612291
65.8791979458 -0.00011936877609 -0.0303494056017
65.9420297988 -0.000119141623979 -0.0303205051044
66.0048616519 -0.000118915119435 -0.0302916595794
66.067693505 -0.000118689259996 -0.0302628688706
66.1305253581 -0.000118464043217 -0.0302341328216
66.1933572111 -0.000118239466664 -0.0302054512771
66.2561890642 -0.000118015527912 -0.0301768240822
66.3190209173 -0.000117792224549 -0.0301482510825
66.3818527704 -0.000117569554175 -0.0301197321244
66.4446846234 -0.000117347514399 -0.0300912670548
66.5075164765 -0.000117126102845 -0.030062855721
66.5703483296 -0.000116905317144 -0.0300344979712
66.6331801826 -0.000116685154942 -0.030006193654
66.6960120357 -0.000116465613892 -0.0299779426186
66.7588438888 -0.000116246691664 -0.0299497447143
66.8216757419 -0.000116028385931 -0.0299215997918
66.8845075949 -0.000115810694383 -0.0298935077021
66.947339448 -0.000115593614719 -0.0298654682962
67.0101713011 -0.000115377144649 -0.0298374814264
67.0730031541 -0.000115161281893 -0.029809546945
67.1358350072 -0.000114946024182 -0.0297816647055
67.1986668603 -0.000114731369259 -0.0297538345608
67.2614987134 -0.000114517314872 -0.0297260563658
67.3243305664 -0.000114303858788 -0.0296983299748
67.3871624195 -0.000114090998776 -0.0296706552433
67.4499942726 -0.000113878732627 -0.0296430320268
67.5128261256 -0.000113667058125 -0.029615460182
67.5756579787 -0.000113455973078 -0.0295879395655
67.6384898318 -0.000113245475304 -0.0295604700346
67.7013216849 -0.00011303556262 -0.0295330514477
67.7641535379 -0.000112826232868 -0.0295056836628
67.826985391 -0.000112617483884 -0.0294783665391
67.8898172441 -0.000112409313527 -0.0294510999362
67.9526490971 -0.000112201719661 -0.0294238837138
68.0154809502 -0.000111994700158 -0.0293967177326
68.0783128033 -0.000111788252906 -0.0293696018536
68.1411446564 -0.000111582375793 -0.0293425359386
68.2039765094 -0.000111377066725 -0.0293155198494
68.2668083625 -0.000111172323615 -0.0292885534487
68.3296402156 -0.000110968144385 -0.0292616365994
68.3924720686 -0.000110764526966 -0.0292347691654
68.4553039217 -0.0001105614693 -0.0292079510106
68.5181357748 -0.000110358969338 -0.0291811819995
68.5809676279 -0.000110157025041 -0.0291544619972
68.6437994809 -0.000109955634376 -0.0291277908695
68.706631334 -0.000109754795324 -0.0291011684822
68.7694631871 -0.00010955450587 -0.0290745947022
68.8322950402 -0.000109354764016 -0.0290480693961
68.8951268932 -0.000109155567765 -0.0290215924316
68.9579587463 -0.000108956915131 -0.0289951636768
69.0207905994 -0.000108758804141 -0.028968783
69.0836224524 -0.000108561232826 -0.0289424502703
69.1464543055 -0.00010836419923 -0.0289161653573
69.2092861586 -0.000108167701403 -0.0288899281307
69.2721180117 -0.000107971737406 -0.0288637384606
69.3349498647 -0.000107776305307 -0.0288375962184
69.3977817178 -0.000107581403181 -0.0288115012752
69.4606135709 -0.000107387029119 -0.0287854535026
69.5234454239 -0.00010719318121 -0.0287594527732
69.586277277 -0.000106999857561 -0.0287334989593
69.6491091301 -0.000106807056284 -0.0287075919345
69.7119409832 -0.000106614775497 -0.0286817315722
69.7747728362 -0.00010642301333 -0.0286559177463
69.8376046893 -0.00010623176792 -0.0286301503315
69.9004365424 -0.00010604103741 -0.0286044292033
69.9632683954 -0.00010585081996 -0.028578754236
70.0261002485 -0.000105661113727 -0.0285531253063
70.0889321016 -0.000105471916882 -0.0285275422903
70.1517639547 -0.000105283227604 -0.0285020050648
70.2145958077 -0.000105095044078 -0.0284765135071
70.2774276608 -0.000104907364501 -0.0284510674948
70.3402595139 -0.000104720187074 -0.028425666906
70.4030913669 -0.000104533510011 -0.0284003116187
70.46592322 -0.000104347331527 -0.0283750015123
70.5287550731 -0.000104161649848 -0.0283497364665
70.5915869262 -0.000103976463213 -0.0283245163603
70.6544187792 -0.000103791769859 -0.0282993410749
70.7172506323 -0.000103607568039 -0.0282742104902
70.7800824854 -0.00010342385601 -0.0282491244875
70.8429143384 -0.00010324063204 -0.0282240829483
70.9057461915 -0.000103057894399 -0.0281990857546
70.9685780446 -0.000102875641369 -0.0281741327888
71.0314098977 -0.000102693871237 -0.0281492239333
71.0942417507 -0.000102512582304 -0.0281243590715
71.1570736038 -0.000102331772868 -0.0280995380872
71.2199054569 -0.00010215144124 -0.0280747608641
71.28273731 -0.000101971585742 -0.0280500272868
71.345569163 -0.0001017922047 -0.0280253372397
71.4084010161 -0.000101613296441 -0.0280006906085
71.4712328692 -0.000101434859312 -0.0279760872786
71.5340647222 -0.00010125689166 -0.027951527136
71.5968965753 -0.000101079391833 -0.0279270100673
71.6597284284 -0.000100902358202 -0.027902535959
71.7225602815 -0.000100725789132 -0.0278781046984
71.7853921345 -0.000100549683002 -0.0278537161732
71.8482239876 -0.00010037403819 -0.0278293702715
71.9110558407 -0.000100198853094 -0.0278050668814
71.9738876937 -0.000100024126105 -0.027780805892
72.0367195468 -9.98498556307e-05 -0.0277565871922
72.0995513999 -9.96760400822e-05 -0.0277324106716
72.162383253 -9.95026778748e-05 -0.0277082762206
72.225215106 -9.93297674415e-05 -0.0276841837285
72.2880469591 -9.91573072096e-05 -0.0276601330868
72.3508788122 -9.89852956144e-05 -0.0276361241866
72.4137106652 -9.88137311077e-05 -0.0276121569189
72.4765425183 -9.86426121378e-05 -0.027588231176
72.5393743714 -9.84719371671e-05 -0.0275643468496
72.6022062245 -9.83017046569e-05 -0.0275405038326
72.6650380775 -9.81319130837e-05 -0.0275167020179
72.7278699306 -9.79625609249e-05 -0.0274929412989
72.7907017837 -9.77936466635e-05 -0.0274692215692
72.8535336367 -9.76251687945e-05 -0.027445542723
72.9163654898 -9.74571258172e-05 -0.0274219046543
72.9791973429 -9.72895162336e-05 -0.0273983072583
73.042029196 -9.71223385561e-05 -0.0273747504299
73.104861049 -9.69555913051e-05 -0.0273512340645
73.1676929021 -9.6789273e-05 -0.0273277580584
73.2305247552 -9.66233821739e-05 -0.0273043223076
73.2933566082 -9.64579173621e-05 -0.0272809267085
73.3561884613 -9.62928771079e-05 -0.0272575711583
73.4190203144 -9.61282599628e-05 -0.027234255554
73.4818521675 -9.59640644792e-05 -0.0272109797934
73.5446840205 -9.58002892196e-05 -0.0271877437747
73.6075158736 -9.56369327509e-05 -0.0271645473958
73.6703477267 -9.54739936497e-05 -0.0271413905554
73.7331795798 -9.53114704914e-05 -0.0271182731531
73.7960114328 -9.51493618649e-05 -0.0270951950876
73.8588432859 -9.49876663608e-05 -0.0270721562588
73.921675139 -9.48263825782e-05 -0.0270491565667
73.984506992 -9.46655091192e-05 -0.027026195912
74.0473388451 -9.45050445941e-05 -0.0270032741952
74.1101706982 -9.43449876191e-05 -0.0269803913171
74.1730025513 -9.41853368133e-05 -0.0269575471795
74.2358344043 -9.40260908084e-05 -0.0269347416838
74.2986662574 -9.38672482317e-05 -0.0269119747327
74.3614981105 -9.37088077259e-05 -0.0268892462277
74.4243299635 -9.35507679349e-05 -0.0268665560721
74.4871618166 -9.33931275079e-05 -0.0268439041686
74.5499936697 -9.32358851033e-05 -0.0268212904209
74.6128255228 -9.30790393763e-05 -0.0267987147327
74.6756573758 -9.29225890019e-05 -0.0267761770078
74.7384892289 -9.27665326481e-05 -0.0267536771505
74.801321082 -9.26108689953e-05 -0.0267312150655
74.864152935 -9.24555967256e-05 -0.0267087906579
74.9269847881 -9.23007145273e-05 -0.0266864038333
74.9898166412 -9.21462211e-05 -0.0266640544969
75.0526484943 -9.19921151408e-05 -0.0266417425544
75.1154803473 -9.1838395355e-05 -0.0266194679126
75.1783122004 -9.16850604543e-05 -0.0265972304779
75.2411440535 -9.15321091562e-05 -0.026575030157
75.3039759065 -9.13795401809e-05 -0.0265528668572
75.3668077596 -9.12273522565e-05 -0.0265307404862
75.4296396127 -9.10755441145e-05 -0.0265086509514
75.4924714658 -9.0924114496e-05 -0.0264865981611
75.5553033188 -9.07730621393e-05 -0.0264645820236
75.6181351719 -9.06223857942e-05 -0.026442602448
75.680967025 -9.04720842141e-05 -0.026420659343
75.743798878 -9.03221561597e-05 -0.0263987526179
75.8066307311 -9.01726003907e-05 -0.0263768821825
75.8694625842 -9.00234156784e-05 -0.0263550479464
75.9322944373 -8.98746007943e-05 -0.0263332498204
75.9951262903 -8.97261545219e-05 -0.0263114877144
76.0579581434 -8.95780756425e-05 -0.0262897615394
76.1207899965 -8.94303629439e-05 -0.0262680712067
76.1836218496 -8.92830152183e-05 -0.0262464166277
76.2464537026 -8.91360312704e-05 -0.0262247977138
76.3092855557 -8.89894098996e-05 -0.0262032143774
76.3721174088 -8.8843149915e-05 -0.0261816665302
76.4349492618 -8.86972501327e-05 -0.0261601540852
76.4977811149 -8.85517093688e-05 -0.0261386769552
76.560612968 -8.84065264488e-05 -0.0261172350529
76.6234448211 -8.82617001985e-05 -0.0260958282924
76.6862766741 -8.81172294468e-05 -0.0260744565874
76.7491085272 -8.79731130429e-05 -0.0260531198509
76.8119403803 -8.78293498205e-05 -0.026031817998
76.8747722333 -8.76859386281e-05 -0.0260105509432
76.9376040864 -8.75428783172e-05 -0.0259893186012
77.0004359395 -8.74001677467e-05 -0.025968120887
77.0632677926 -8.72578057772e-05 -0.0259469577161
77.1260996456 -8.71157912726e-05 -0.025925829004
77.1889314987 -8.69741231053e-05 -0.0259047346668
77.2517633518 -8.683280015e-05 -0.0258836746205
77.3145952048 -8.66918212858e-05 -0.0258626487817
77.3774270579 -8.65511853979e-05 -0.0258416570671
77.440258911 -8.64108913705e-05 -0.0258206993941
77.5030907641 -8.62709381024e-05 -0.0257997756794
77.5659226171 -8.61313244888e-05 -0.0257788858406
77.6287544702 -8.59920494314e-05 -0.025758029796
77.6915863233 -8.58531118364e-05 -0.0257372074634
77.7544181763 -8.5714510617e-05 -0.0257164187608
77.8172500294 -8.55762446868e-05 -0.0256956636073
77.8800818825 -8.54383129637e-05 -0.0256749419216
77.9429137356 -8.53007143767e-05 -0.0256542536228
78.0057455886 -8.51634478485e-05 -0.0256335986305
78.0685774417 -8.50265123155e-05 -0.0256129768638
78.1314092948 -8.48899067126e-05 -0.0255923882433
78.1942411478 -8.47536299832e-05 -0.0255718326886
78.2570730009 -8.46176810695e-05 -0.0255513101206
78.319904854 -8.44820589225e-05 -0.0255308204598
78.3827367071 -8.4346762498e-05 -0.0255103636269
78.4455685601 -8.42117907525e-05 -0.0254899395433
78.5084004132 -8.4077142647e-05 -0.0254695481305
78.5712322663 -8.39428171515e-05 -0.0254491893099
78.6340641194 -8.38088132323e-05 -0.0254288630038
78.6968959724 -8.3675129866e-05 -0.0254085691342
78.7597278255 -8.35417660301e-05 -0.0253883076235
78.8225596786 -8.34087207098e-05 -0.0253680783944
78.8853915316 -8.32759928868e-05 -0.0253478813702
78.9482233847 -8.31435815581e-05 -0.0253277164735
79.0110552378 -8.30114857155e-05 -0.0253075836278
79.0738870909 -8.28797043584e-05 -0.025287482757
79.1367189439 -8.27482364872e-05 -0.0252674137852
79.199550797 -8.2617081112e-05 -0.0252473766359
79.2623826501 -8.24862372403e-05 -0.0252273712342
79.3252145031 -8.23557038888e-05 -0.0252073975042
79.3880463562 -8.22254800753e-05 -0.025187455371
79.4508782093 -8.20955648242e-05 -0.0251675447593
79.5137100624 -8.19659571569e-05 -0.025147665595
79.5765419154 -8.18366561071e-05 -0.0251278178036
79.6393737685 -8.1707660707e-05 -0.0251080013107
79.7022056216 -8.15789699946e-05 -0.0250882160423
79.7650374746 -8.14505830132e-05 -0.0250684619247
79.8278693277 -8.13224988032e-05 -0.0250487388849
79.8907011808 -8.11947164198e-05 -0.0250290468486
79.9535330339 -8.10672349102e-05 -0.0250093857436
80.0163648869 -8.09400533321e-05 -0.0249897554971
80.07919674 -8.08131707483e-05 -0.0249701560362
80.1420285931 -8.06865862213e-05 -0.0249505872883
80.2048604461 -8.05602988172e-05 -0.0249310491819
80.2676922992 -8.04343076068e-05 -0.0249115416448
80.3305241523 -8.03086116659e-05 -0.0248920646053
80.3933560054 -8.01832100725e-05 -0.0248726179921
80.4561878584 -8.00581019081e-05 -0.0248532017339
80.5190197115 -7.99332862585e-05 -0.0248338157596
80.5818515646 -7.98087622138e-05 -0.0248144599985
80.6446834176 -7.96845288642e-05 -0.02479513438
80.7075152707 -7.95605853079e-05 -0.0247758388337
80.7703471238 -7.94369306419e-05 -0.0247565732897
80.8331789769 -7.93135639715e-05 -0.0247373376781
80.8960108299 -7.91904844057e-05 -0.0247181319286
80.958842683 -7.90676910477e-05 -0.0246989559726
81.0216745361 -7.89451830176e-05 -0.0246798097402
81.0845063892 -7.88229594271e-05 -0.0246606931628
81.1473382422 -7.87010194002e-05 -0.0246416061713
81.2101700953 -7.85793620585e-05 -0.024622548697
81.2730019484 -7.84579865294e-05 -0.0246035206719
81.3358338014 -7.83368919455e-05 -0.0245845220273
81.3986656545 -7.82160774404e-05 -0.0245655526953
81.4614975076 -7.80955421464e-05 -0.0245466126087
81.5243293607 -7.79752852069e-05 -0.0245277016995
81.5871612137 -7.78553057694e-05 -0.0245088199
81.6499930668 -7.77356029738e-05 -0.0244899671439
81.7128249199 -7.76161759761e-05 -0.0244711433634
81.7756567729 -7.74970239289e-05 -0.0244523484922
81.838488626 -7.7378145987e-05 -0.0244335824638
81.9013204791 -7.72595413111e-05 -0.0244148452117
81.9641523322 -7.71412090658e-05 -0.0243961366698
82.0269841852 -7.70231484165e-05 -0.0243774567723
82.0898160383 -7.6905358532e-05 -0.0243588054536
82.1526478914 -7.67878385871e-05 -0.0243401826477
82.2154797444 -7.66705877568e-05 -0.0243215882895
82.2783115975 -7.65536052196e-05 -0.0243030223142
82.3411434506 -7.64368901603e-05 -0.0242844846563
82.4039753037 -7.63204417596e-05 -0.0242659752517
82.4668071567 -7.62042592102e-05 -0.0242474940355
82.5296390098 -7.60883417009e-05 -0.0242290409434
82.5924708629 -7.59726884293e-05 -0.0242106159111
82.6553027159 -7.58572985894e-05 -0.0241922188752
82.718134569 -7.57421713855e-05 -0.0241738497714
82.7809664221 -7.56273060201e-05 -0.0241555085361
82.8437982752 -7.55127016977e-05 -0.0241371951066
82.9066301282 -7.53983576299e-05 -0.0241189094192
82.9694619813 -7.52842730297e-05 -0.0241006514111
83.0322938344 -7.51704471129e-05 -0.0240824210193
83.0951256875 -7.50568790974e-05 -0.0240642181814
83.1579575405 -7.49435682055e-05 -0.024046042835
83.2207893936 -7.48305136613e-05 -0.0240278949178
83.2836212467 -7.47177146925e-05 -0.0240097743677
83.3464530997 -7.46051705287e-05 -0.0239916811229
83.4092849528 -7.44928804064e-05 -0.0239736151218
83.4721168059 -7.4380843556e-05 -0.0239555763032
83.534948659 -7.42690592224e-05 -0.0239375646051
83.597780512 -7.41575266416e-05 -0.0239195799672
83.6606123651 -7.40462450638e-05 -0.0239016223279
83.7234442182 -7.39352137338e-05 -0.023883691627
83.7862760712 -7.38244319026e-05 -0.0238657878034
83.8491079243 -7.3713898822e-05 -0.0238479107973
83.9119397774 -7.36036137509e-05 -0.023830060548
83.9747716305 -7.3493575947e-05 -0.0238122369957
84.0376034835 -7.33837846698e-05 -0.0237944400806
84.1004353366 -7.3274239185e-05 -0.0237766697431
84.1632671897 -7.31649387614e-05 -0.0237589259235
84.2260990427 -7.30558826664e-05 -0.0237412085626
84.2889308958 -7.29470701699e-05 -0.0237235176015
84.3517627489 -7.28385005546e-05 -0.0237058529807
84.414594602 -7.273017309e-05 -0.0236882146422
84.477426455 -7.2622087063e-05 -0.0236706025266
84.5402583081 -7.2514241752e-05 -0.0236530165763
84.6030901612 -7.24066364475e-05 -0.0236354567321
84.6659220142 -7.22992704341e-05 -0.0236179229368
84.7287538673 -7.21921430055e-05 -0.0236004151319
84.7915857204 -7.20852534543e-05 -0.0235829332598
84.8544175735 -7.19786010773e-05 -0.0235654772631
84.9172494265 -7.18721851705e-05 -0.0235480470846
84.9800812796 -7.1766005042e-05 -0.0235306426664
85.0429131327 -7.16600599907e-05 -0.0235132639519
85.1057449857 -7.15543493235e-05 -0.0234959108843
85.1685768388 -7.14488723527e-05 -0.0234785834066
85.2314086919 -7.13436283892e-05 -0.0234612814622
85.294240545 -7.12386167439e-05 -0.0234440049953
85.357072398 -7.11338367365e-05 -0.0234267539491
85.4199042511 -7.1029287688e-05 -0.0234095282673
85.4827361042 -7.09249689179e-05 -0.0233923278949
85.5455679573 -7.08208797485e-05 -0.0233751527756
85.6083998103 -7.07170195118e-05 -0.0233580028537
85.6712316634 -7.06133875331e-05 -0.0233408780743
85.7340635165 -7.05099831448e-05 -0.0233237783819
85.7968953695 -7.0406805683e-05 -0.0233067037212
85.8597272226 -7.0303854483e-05 -0.0232896540375
85.9225590757 -7.02011288827e-05 -0.023272629276
85.9853909288 -7.00986282248e-05 -0.0232556293823
86.0482227818 -6.99963518546e-05 -0.0232386543016
86.1110546349 -6.98942991159e-05 -0.0232217039801
86.173886488 -6.97924693563e-05 -0.0232047783633
86.236718341 -6.96908619302e-05 -0.0231878773974
86.2995501941 -6.95894761901e-05 -0.0231710010284
86.3623820472 -6.94883114914e-05 -0.0231541492027
86.4252139003 -6.93873671895e-05 -0.0231373218673
86.4880457533 -6.92866426482e-05 -0.0231205189683
86.5508776064 -6.91861372299e-05 -0.0231037404525
86.6137094595 -6.9085850298e-05 -0.0230869862671
86.6765413125 -6.8985781221e-05 -0.0230702563592
86.7393731656 -6.88859293657e-05 -0.0230535506764
86.8022050187 -6.87862941098e-05 -0.0230368691654
86.8650368718 -6.86868748211e-05 -0.0230202117741
86.9278687248 -6.85876708797e-05 -0.0230035784507
86.9907005779 -6.84886816647e-05 -0.0229869691421
87.053532431 -6.83899065512e-05 -0.0229703837977
87.116364284 -6.82913449284e-05 -0.0229538223647
87.1791961371 -6.81929961818e-05 -0.0229372847914
87.2420279902 -6.80948596966e-05 -0.0229207710264
87.3048598433 -6.79969348618e-05 -0.0229042810187
87.3676916963 -6.789922107e-05 -0.0228878147171
87.4305235494 -6.78017177154e-05 -0.02287137207
87.4933554025 -6.77044241957e-05 -0.0228549530268
87.5561872555 -6.7607339908e-05 -0.0228385575367
87.6190191086 -6.75104642539e-05 -0.0228221855488
87.6818509617 -6.7413796635e-05 -0.0228058370129
87.7446828148 -6.73173364545e-05 -0.022789511879
87.8075146678 -6.72210831234e-05 -0.0227732100961
87.8703465209 -6.71250360489e-05 -0.0227569316146
87.933178374 -6.70291946407e-05 -0.0227406763848
87.9960102271 -6.69335583141e-05 -0.0227244443564
88.0588420801 -6.68381264856e-05 -0.0227082354798
88.1216739332 -6.67428985716e-05 -0.022692049706
88.1845057863 -6.6647873988e-05 -0.0226758869852
88.2473376393 -6.65530521607e-05 -0.0226597472686
88.3101694924 -6.64584325124e-05 -0.0226436305069
88.3730013455 -6.63640144715e-05 -0.0226275366507
88.4358331986 -6.62697974586e-05 -0.0226114656523
88.4986650516 -6.61757809074e-05 -0.0225954174624
88.5614969047 -6.60819642543e-05 -0.0225793920322
88.6243287578 -6.59883469258e-05 -0.0225633893139
88.6871606108 -6.58949283649e-05 -0.0225474092585
88.7499924639 -6.58017080021e-05 -0.0225314518188
88.812824317 -6.57086852803e-05 -0.0225155169465
88.8756561701 -6.56158596427e-05 -0.0224996045936
88.9384880231 -6.55232305311e-05 -0.0224837147126
89.0013198762 -6.54307973929e-05 -0.0224678472557
89.0641517293 -6.53385596736e-05 -0.0224520021757
89.1269835823 -6.5246516826e-05 -0.0224361794251
89.1898154354 -6.51546682988e-05 -0.0224203789569
89.2526472885 -6.50630135458e-05 -0.0224046007243
89.3154791416 -6.49715520248e-05 -0.0223888446796
89.3783109946 -6.48802831885e-05 -0.0223731107772
89.4411428477 -6.47892065e-05 -0.0223573989697
89.5039747008 -6.46983214203e-05 -0.0223417092106
89.5668065538 -6.46076274106e-05 -0.0223260414538
89.6296384069 -6.45171239393e-05 -0.0223103956525
89.69247026 -6.44268104657e-05 -0.0222947717615
89.7553021131 -6.43366864663e-05 -0.0222791697342
89.8181339661 -6.42467514082e-05 -0.0222635895247
89.8809658192 -6.41570047649e-05 -0.0222480310873
89.9437976723 -6.40674460072e-05 -0.0222324943772
90.0066295253 -6.39780746128e-05 -0.022216979348
90.0694613784 -6.3888890063e-05 -0.0222014859544
90.1322932315 -6.37998918347e-05 -0.0221860141515
90.1951250846 -6.37110794081e-05 -0.0221705638944
90.2579569376 -6.36224522665e-05 -0.0221551351377
90.3207887907 -6.3534009898e-05 -0.0221397278366
90.3836206438 -6.34457517864e-05 -0.0221243419467
90.4464524969 -6.33576774208e-05 -0.0221089774232
90.5092843499 -6.32697862925e-05 -0.0220936342217
90.572116203 -6.31820778947e-05 -0.0220783122975
90.6349480561 -6.30945517187e-05 -0.022063011607
90.6977799091 -6.30072072627e-05 -0.0220477321053
90.7606117622 -6.29200440214e-05 -0.0220324737493
90.8234436153 -6.28330614955e-05 -0.0220172364948
90.8862754684 -6.27462591859e-05 -0.0220020202977
90.9491073214 -6.26596365959e-05 -0.0219868251147
91.0119391745 -6.25731932258e-05 -0.0219716509026
91.0747710276 -6.2486928585e-05 -0.0219564976178
91.1376028806 -6.24008421857e-05 -0.0219413652163
91.2004347337 -6.23149335287e-05 -0.0219262536559
91.2632665868 -6.22292021288e-05 -0.0219111628936
91.3260984399 -6.21436474995e-05 -0.021896092886
91.3889302929 -6.20582691524e-05 -0.0218810435908
91.451762146 -6.19730666094e-05 -0.0218660149646
91.5145939991 -6.18880393823e-05 -0.0218510069656
91.5774258521 -6.18031869923e-05 -0.0218360195511
91.6402577052 -6.1718508963e-05 -0.0218210526785
91.7030895583 -6.16340048147e-05 -0.021806106306
91.7659214114 -6.1549674071e-05 -0.0217911803915
91.8287532644 -6.14655162587e-05 -0.0217762748931
91.8915851175 -6.13815309066e-05 -0.0217613897684
91.9544169706 -6.12977175412e-05 -0.0217465249764
92.0172488236 -6.12140756983e-05 -0.0217316804746
92.0800806767 -6.11306049044e-05 -0.0217168562224
92.1429125298 -6.1047304696e-05 -0.0217020521778
92.2057443829 -6.09641746095e-05 -0.0216872682998
92.2685762359 -6.08812141816e-05 -0.0216725045472
92.331408089 -6.079842295e-05 -0.0216577608789
92.3942399421 -6.07158004555e-05 -0.0216430372538
92.4570717951 -6.06333462412e-05 -0.0216283336312
92.5199036482 -6.05510598494e-05 -0.0216136499704
92.5827355013 -6.04689408242e-05 -0.0215989862306
92.6455673544 -6.03869887131e-05 -0.0215843423718
92.7083992074 -6.03052030655e-05 -0.0215697183527
92.7712310605 -6.02235834279e-05 -0.021555114134
92.8340629136 -6.01421293542e-05 -0.0215405296749
92.8968947667 -6.00608403925e-05 -0.0215259649358
92.9597266197 -5.99797161033e-05 -0.021511419876
93.0225584728 -5.98987560381e-05 -0.0214968944564
93.0853903259 -5.98179597545e-05 -0.0214823886368
93.1482221789 -5.97373268115e-05 -0.0214679023779
93.211054032 -5.965685677e-05 -0.0214534356398
93.2738858851 -5.95765491901e-05 -0.0214389883832
93.3367177382 -5.94964036359e-05 -0.0214245605691
93.3995495912 -5.94164196725e-05 -0.0214101521576
93.4623814443 -5.9336596863e-05 -0.0213957631105
93.5252132974 -5.92569347766e-05 -0.0213813933881
93.5880451504 -5.91774329831e-05 -0.0213670429517
93.6508770035 -5.90980910529e-05 -0.0213527117622
93.7137088566 -5.90189085555e-05 -0.0213383997816
93.7765407097 -5.89398850654e-05 -0.0213241069709
93.8393725627 -5.8861020158e-05 -0.0213098332915
93.9022044158 -5.87823134076e-05 -0.0212955787053
93.9650362689 -5.8703764392e-05 -0.021281343174
94.0278681219 -5.86253726939e-05 -0.0212671266588
94.090699975 -5.85471378867e-05 -0.0212529291227
94.1535318281 -5.84690595573e-05 -0.0212387505269
94.2163636812 -5.83911372862e-05 -0.0212245908341
94.2791955342 -5.8313370659e-05 -0.021210450006
94.3420273873 -5.82357592621e-05 -0.0211963280049
94.4048592404 -5.81583026805e-05 -0.021182224794
94.4676910934 -5.80810005041e-05 -0.021168140335
94.5305229465 -5.80038523256e-05 -0.0211540745907
94.5933547996 -5.79268577311e-05 -0.0211400275244
94.6561866527 -5.78500163171e-05 -0.0211259990982
94.7190185057 -5.77733276751e-05 -0.0211119892756
94.7818503588 -5.76967914035e-05 -0.0210979980189
94.8446822119 -5.76204070941e-05 -0.0210840252922
94.9075140649 -5.75441743508e-05 -0.0210700710578
94.970345918 -5.74680927674e-05 -0.0210561352798
95.0331777711 -5.73921619496e-05 -0.0210422179207
95.0960096242 -5.73163814976e-05 -0.0210283189448
95.1588414772 -5.72407510118e-05 -0.0210144383156
95.2216733303 -5.71652700996e-05 -0.0210005759964
95.2845051834 -5.70899383676e-05 -0.0209867319515
95.3473370365 -5.70147554229e-05 -0.0209729061442
95.4101688895 -5.69397208691e-05 -0.0209590985395
95.4730007426 -5.68648343218e-05 -0.0209453091001
95.5358325957 -5.67900953883e-05 -0.0209315377915
95.5986644487 -5.67155036865e-05 -0.0209177845768
95.6614963018 -5.6641058823e-05 -0.0209040494213
95.7243281549 -5.65667604179e-05 -0.0208903322889
95.787160008 -5.64926080855e-05 -0.0208766331442
95.849991861 -5.64186014409e-05 -0.0208629519525
95.9128237141 -5.63447401066e-05 -0.0208492886776
95.9756555672 -5.62710236993e-05 -0.0208356432851
96.0384874202 -5.6197451844e-05 -0.0208220157393
96.1013192733 -5.61240241591e-05 -0.0208084060056
96.1641511264 -5.60507402704e-05 -0.020794814049
96.2269829795 -5.59775998032e-05 -0.0207812398346
96.2898148325 -5.59046023808e-05 -0.020767683328
96.3526466856 -5.58317476335e-05 -0.0207541444941
96.4154785387 -5.57590351885e-05 -0.0207406232987
96.4783103917 -5.56864646735e-05 -0.0207271197077
96.5411422448 -5.56140357224e-05 -0.020713633686
96.6039740979 -5.55417479671e-05 -0.0207001651995
96.666805951 -5.54696010384e-05 -0.0206867142146
96.729637804 -5.53975945753e-05 -0.0206732806964
96.7924696571 -5.53257282103e-05 -0.0206598646114
96.8553015102 -5.5254001576e-05 -0.0206464659263
96.9181333632 -5.51824143203e-05 -0.0206330846057
96.9809652163 -5.51109660739e-05 -0.0206197206173
97.0437970694 -5.50396564815e-05 -0.0206063739266
97.1066289225 -5.49684851852e-05 -0.0205930445004
97.1694607755 -5.4897451823e-05 -0.0205797323055
97.2322926286 -5.48265560418e-05 -0.0205664373082
97.2951244817 -5.47557974892e-05 -0.0205531594747
97.3579563347 -5.46851758063e-05 -0.0205398987726
97.4207881878 -5.46146906436e-05 -0.0205266551685
97.4836200409 -5.45443416479e-05 -0.0205134286291
97.546451894 -5.44741284717e-05 -0.0205002191218
97.609283747 -5.44040507581e-05 -0.020487026614
97.6721156001 -5.43341081694e-05 -0.0204738510719
97.7349474532 -5.42643003522e-05 -0.0204606924633
97.7977793063 -5.41946269594e-05 -0.0204475507563
97.8606111593 -5.41250876511e-05 -0.0204344259172
97.9234430124 -5.40556820778e-05 -0.0204213179145
97.9862748655 -5.39864099028e-05 -0.020408226715
98.0491067185 -5.39172707797e-05 -0.020395152287
98.1119385716 -5.38482643683e-05 -0.0203820945985
98.1747704247 -5.37793903335e-05 -0.0203690536165
98.2376022778 -5.37106483329e-05 -0.0203560293095
98.3004341308 -5.3642038031e-05 -0.0203430216457
98.3632659839 -5.35735590902e-05 -0.0203300305932
98.426097837 -5.35052111788e-05 -0.0203170561195
98.48892969 -5.34369939583e-05 -0.0203040981937
98.5517615431 -5.33689070984e-05 -0.0202911567839
98.6145933962 -5.33009502653e-05 -0.0202782318588
98.6774252493 -5.32331231324e-05 -0.0202653233863
98.7402571023 -5.31654253663e-05 -0.0202524313353
98.8030889554 -5.30978566372e-05 -0.020239555675
98.8659208085 -5.30304166212e-05 -0.0202266963733
98.9287526615 -5.29631049902e-05 -0.0202138533995
98.9915845146 -5.28959214146e-05 -0.020201026723
99.0544163677 -5.28288655772e-05 -0.0201882163115
99.1172482208 -5.27619371478e-05 -0.0201754221356
99.1800800738 -5.26951358083e-05 -0.0201626441634
99.2429119269 -5.26284612329e-05 -0.0201498823647
99.30574378 -5.25619131071e-05 -0.0201371367083
99.368575633 -5.2495491106e-05 -0.020124407164
99.4314074861 -5.2429194914e-05 -0.0201116937013
99.4942393392 -5.23630242115e-05 -0.0200989962896
99.5570711923 -5.22969786827e-05 -0.0200863148988
99.6199030453 -5.22310580162e-05 -0.0200736494977
99.6827348984 -5.21652618889e-05 -0.0200610000577
99.7455667515 -5.20995899956e-05 -0.0200483665466
99.8083986045 -5.2034042021e-05 -0.020035748936
99.8712304576 -5.19686176521e-05 -0.0200231471952
99.9340623107 -5.19033165803e-05 -0.0200105612944
99.9968941638 -5.18381384922e-05 -0.019997991204
100.059726017 -5.17730830861e-05 -0.0199854368935
100.12255787 -5.17081500478e-05 -0.0199728983342
100.185389723 -5.16433390729e-05 -0.0199603754959
100.248221576 -5.15786498572e-05 -0.019947868349
100.311053429 -5.15140820949e-05 -0.0199353768642
100.373885282 -5.14496354808e-05 -0.0199229010121
100.436717135 -5.13853097155e-05 -0.0199104407631
100.499548988 -5.13211044937e-05 -0.0198979960885
100.562380841 -5.12570195143e-05 -0.0198855669588
100.625212694 -5.11930544796e-05 -0.0198731533447
100.688044548 -5.11292090893e-05 -0.0198607552176
100.750876401 -5.10654830465e-05 -0.0198483725482
100.813708254 -5.10018760519e-05 -0.0198360053078
100.876540107 -5.09383878095e-05 -0.0198236534676
100.93937196 -5.08750180252e-05 -0.0198113169988
101.002203813 -5.08117664029e-05 -0.0197989958726
101.065035666 -5.07486326539e-05 -0.0197866900603
101.127867519 -5.0685616479e-05 -0.0197743995339
101.190699372 -5.06227175895e-05 -0.0197621242641
101.253531225 -5.05599356928e-05 -0.0197498642238
101.316363078 -5.04972705018e-05 -0.0197376193834
101.379194931 -5.04347217268e-05 -0.0197253897153
101.442026784 -5.03722890761e-05 -0.0197131751913
101.504858637 -5.03099722687e-05 -0.0197009757829
101.567690491 -5.02477710127e-05 -0.0196887914625
101.630522344 -5.01856850246e-05 -0.0196766222021
101.693354197 -5.012371402e-05 -0.0196644679735
101.75618605 -5.00618577169e-05 -0.019652328749
101.819017903 -5.00001158296e-05 -0.0196402045008
101.881849756 -4.99384880784e-05 -0.0196280952013
101.944681609 -4.98769741797e-05 -0.0196160008231
102.007513462 -4.98155738534e-05 -0.019603921338
102.070345315 -4.97542868236e-05 -0.0195918567191
102.133177168 -4.96931128083e-05 -0.0195798069389
102.196009021 -4.96320515313e-05 -0.0195677719701
102.258840874 -4.95711027147e-05 -0.019555751785
102.321672727 -4.95102660846e-05 -0.0195437463564
102.38450458 -4.94495413623e-05 -0.0195317556578
102.447336434 -4.93889282758e-05 -0.0195197796619
102.510168287 -4.93284265546e-05 -0.0195078183408
102.57300014 -4.92680359221e-05 -0.0194958716682
102.635831993 -4.92077561067e-05 -0.0194839396176
102.698663846 -4.91475868389e-05 -0.0194720221615
102.761495699 -4.90875278468e-05 -0.0194601192737
102.824327552 -4.90275788669e-05 -0.0194482309268
102.887159405 -4.89677396214e-05 -0.0194363570952
102.949991258 -4.89080098507e-05 -0.0194244977512
103.012823111 -4.88483892815e-05 -0.0194126528691
103.075654964 -4.87888776546e-05 -0.019400822422
103.138486817 -4.87294746982e-05 -0.019389006384
103.20131867 -4.86701801531e-05 -0.0193772047284
103.264150523 -4.86109937503e-05 -0.0193654174294
103.326982377 -4.85519152348e-05 -0.01935364446
103.38981423 -4.84929443374e-05 -0.0193418857951
103.452646083 -4.84340807979e-05 -0.019330141408
103.515477936 -4.83753243595e-05 -0.019318411273
103.578309789 -4.83166747612e-05 -0.0193066953637
103.641141642 -4.82581317437e-05 -0.0192949936547
103.703973495 -4.81996950476e-05 -0.0192833061203
103.766805348 -4.81413644166e-05 -0.0192716327345
103.829637201 -4.8083139595e-05 -0.0192599734716
103.892469054 -4.80250203264e-05 -0.0192483283061
103.955300907 -4.79670063537e-05 -0.0192366972128
104.01813276 -4.79090974305e-05 -0.0192250801648
104.080964613 -4.78512932942e-05 -0.0192134771385
104.143796467 -4.77935936946e-05 -0.0192018881077
104.20662832 -4.77359983832e-05 -0.0191903130468
104.269460173 -4.76785071072e-05 -0.0191787519311
104.332292026 -4.76211196132e-05 -0.0191672047354
104.395123879 -4.75638356555e-05 -0.0191556714344
104.457955732 -4.75066549844e-05 -0.0191441520027
104.520787585 -4.74495773499e-05 -0.019132646416
104.583619438 -4.73926025062e-05 -0.0191211546486
104.646451291 -4.73357302068e-05 -0.0191096766764
104.709283144 -4.72789602035e-05 -0.0190982124744
104.772114997 -4.72222922559e-05 -0.0190867620169
104.83494685 -4.71657261158e-05 -0.0190753252802
104.897778703 -4.71092615389e-05 -0.0190639022396
104.960610556 -4.70528982868e-05 -0.0190524928699
105.02344241 -4.69966361119e-05 -0.0190410971472
105.086274263 -4.69404747753e-05 -0.0190297150468
105.149106116 -4.68844140355e-05 -0.0190183465444
105.211937969 -4.68284536534e-05 -0.0190069916154
105.274769822 -4.67725933868e-05 -0.0189956502361
105.337601675 -4.67168330021e-05 -0.0189843223813
105.400433528 -4.66611722573e-05 -0.0189730080273
105.463265381 -4.66056109173e-05 -0.0189617071501
105.526097234 -4.65501487442e-05 -0.0189504197258
105.588929087 -4.6494785501e-05 -0.0189391457302
105.65176094 -4.64395209568e-05 -0.0189278851388
105.714592793 -4.63843548723e-05 -0.0189166379287
105.777424646 -4.63292870169e-05 -0.0189054040754
105.840256499 -4.62743171557e-05 -0.0188941835555
105.903088353 -4.62194450576e-05 -0.018882976345
105.965920206 -4.61646704907e-05 -0.0188717824204
106.028752059 -4.61099932263e-05 -0.0188606017578
106.091583912 -4.60554130289e-05 -0.018849434334
106.154415765 -4.60009296729e-05 -0.0188382801253
106.217247618 -4.5946542929e-05 -0.0188271391083
106.280079471 -4.58922525674e-05 -0.0188160112598
106.342911324 -4.58380583624e-05 -0.018804896556
106.405743177 -4.57839600844e-05 -0.0187937949745
106.46857503 -4.57299575091e-05 -0.018782706491
106.531406883 -4.56760504121e-05 -0.018771631083
106.594238736 -4.56222385641e-05 -0.0187605687275
106.657070589 -4.55685217453e-05 -0.018749519401
106.719902442 -4.5514899732e-05 -0.0187384830804
106.782734296 -4.54613722977e-05 -0.0187274597432
106.845566149 -4.54079392223e-05 -0.0187164493666
106.908398002 -4.53546002858e-05 -0.0187054519274
106.971229855 -4.53013552664e-05 -0.0186944674025
107.034061708 -4.5248203941e-05 -0.0186834957699
107.096893561 -4.51951460914e-05 -0.0186725370067
107.159725414 -4.51421814996e-05 -0.01866159109
107.222557267 -4.50893099463e-05 -0.0186506579975
107.28538912 -4.50365312145e-05 -0.0186397377065
107.348220973 -4.49838450853e-05 -0.0186288301949
107.411052826 -4.49312513435e-05 -0.0186179354399
107.473884679 -4.48787497756e-05 -0.0186070534188
107.536716532 -4.48263401625e-05 -0.01859618411
107.599548385 -4.47740222926e-05 -0.0185853274909
107.662380239 -4.47217959489e-05 -0.0185744835393
107.725212092 -4.46696609198e-05 -0.0185636522333
107.788043945 -4.46176169901e-05 -0.0185528335508
107.850875798 -4.45656639551e-05 -0.018542027469
107.913707651 -4.45138015951e-05 -0.0185312339669
107.976539504 -4.44620297032e-05 -0.0185204530215
108.039371357 -4.44103480681e-05 -0.0185096846121
108.10220321 -4.43587564792e-05 -0.0184989287159
108.165035063 -4.4307254731e-05 -0.0184881853114
108.227866916 -4.425584261e-05 -0.0184774543772
108.290698769 -4.42045199116e-05 -0.0184667358912
108.353530622 -4.415328643e-05 -0.0184560298317
108.416362475 -4.41021419537e-05 -0.0184453361774
108.479194328 -4.40510862805e-05 -0.0184346549067
108.542026182 -4.40001192051e-05 -0.0184239859976
108.604858035 -4.39492405193e-05 -0.0184133294297
108.667689888 -4.3898450023e-05 -0.0184026851805
108.730521741 -4.38477475104e-05 -0.0183920532292
108.793353594 -4.37971327761e-05 -0.0183814335547
108.856185447 -4.37466056234e-05 -0.0183708261352
108.9190173 -4.36961658451e-05 -0.0183602309499
108.981849153 -4.36458132428e-05 -0.0183496479774
109.044681006 -4.35955476136e-05 -0.0183390771969
109.107512859 -4.35453687592e-05 -0.0183285185872
109.170344712 -4.34952764821e-05 -0.018317972127
109.233176565 -4.34452705773e-05 -0.0183074377959
109.296008418 -4.33953508497e-05 -0.0182969155728
109.358840271 -4.33455171042e-05 -0.0182864054362
109.421672125 -4.32957691371e-05 -0.0182759073663
109.484503978 -4.3246106756e-05 -0.018265421342
109.547335831 -4.31965297666e-05 -0.0182549473419
109.610167684 -4.31470379651e-05 -0.0182444853467
109.672999537 -4.3097631167e-05 -0.0182340353342
109.73583139 -4.30483091707e-05 -0.0182235972848
109.798663243 -4.29990717844e-05 -0.0182131711777
109.861495096 -4.29499188158e-05 -0.0182027569924
109.924326949 -4.29008500685e-05 -0.0181923547091
109.987158802 -4.2851865352e-05 -0.0181819643064
110.049990655 -4.28029644775e-05 -0.0181715857645
110.112822508 -4.27541472517e-05 -0.0181612190629
110.175654361 -4.27054134819e-05 -0.0181508641817
110.238486214 -4.26567629781e-05 -0.0181405211005
110.301318068 -4.26081955555e-05 -0.0181301897987
110.364149921 -4.25597110197e-05 -0.0181198702571
110.426981774 -4.25113091866e-05 -0.0181095624547
110.489813627 -4.24629898664e-05 -0.018099266372
110.55264548 -4.24147528695e-05 -0.018088981989
110.615477333 -4.23665980124e-05 -0.0180787092857
110.678309186 -4.23185251052e-05 -0.0180684482423
110.741141039 -4.22705339649e-05 -0.0180581988389
110.803972892 -4.2222624403e-05 -0.0180479610561
110.866804745 -4.21747962409e-05 -0.0180377348731
110.929636598 -4.21270492892e-05 -0.018027520271
110.992468451 -4.20793833666e-05 -0.01801731723
111.055300304 -4.20317982872e-05 -0.0180071257305
111.118132157 -4.19842938698e-05 -0.017996945753
111.180964011 -4.19368699339e-05 -0.0179867772778
111.243795864 -4.1889526294e-05 -0.0179766202856
111.306627717 -4.18422627724e-05 -0.0179664747566
111.36945957 -4.17950791869e-05 -0.017956340672
111.432291423 -4.17479753563e-05 -0.0179462180122
111.495123276 -4.17009511048e-05 -0.0179361067572
111.557955129 -4.16540062493e-05 -0.017926006889
111.620786982 -4.16071406142e-05 -0.0179159183872
111.683618835 -4.15603540201e-05 -0.0179058412332
111.746450688 -4.15136462878e-05 -0.017895775408
111.809282541 -4.14670172396e-05 -0.0178857208927
111.872114394 -4.14204667041e-05 -0.017875677667
111.934946247 -4.13739944992e-05 -0.0178656457137
111.9977781 -4.13276004545e-05 -0.0178556250123
112.060609954 -4.12812843907e-05 -0.0178456155447
112.123441807 -4.12350461338e-05 -0.017835617292
112.18627366 -4.11888855119e-05 -0.0178256302349
112.249105513 -4.11428023505e-05 -0.0178156543547
112.311937366 -4.10967964741e-05 -0.0178056896331
112.374769219 -4.10508677143e-05 -0.017795736051
112.437601072 -4.10050158945e-05 -0.01778579359
112.500432925 -4.09592408449e-05 -0.0177758622314
112.563264778 -4.09135423952e-05 -0.0177659419564
112.626096631 -4.08679203732e-05 -0.0177560327465
112.688928484 -4.08223746075e-05 -0.0177461345837
112.751760337 -4.07769049303e-05 -0.0177362474489
112.81459219 -4.07315111742e-05 -0.0177263713236
112.877424043 -4.06861931641e-05 -0.0177165061901
112.940255897 -4.06409507366e-05 -0.0177066520297
113.00308775 -4.0595783723e-05 -0.0176968088241
113.065919603 -4.0550691954e-05 -0.017686976555
113.128751456 -4.05056752637e-05 -0.0176771552046
113.191583309 -4.04607334871e-05 -0.0176673447537
113.254415162 -4.04158664549e-05 -0.0176575451853
113.317247015 -4.0371074003e-05 -0.0176477564808
113.380078868 -4.03263559663e-05 -0.0176379786222
113.442910721 -4.02817121818e-05 -0.0176282115914
113.505742574 -4.02371424816e-05 -0.0176184553705
113.568574427 -4.01926467063e-05 -0.0176087099413
113.63140628 -4.01482246887e-05 -0.0175989752863
113.694238133 -4.01038762671e-05 -0.0175892513876
113.757069986 -4.00596012771e-05 -0.0175795382276
113.81990184 -4.00153995606e-05 -0.0175698357881
113.882733693 -3.99712709542e-05 -0.0175601440511
113.945565546 -3.99272152961e-05 -0.0175504629998
114.008397399 -3.98832324273e-05 -0.0175407926156
114.071229252 -3.98393221859e-05 -0.0175311328813
114.134061105 -3.97954844129e-05 -0.0175214837795
114.196892958 -3.97517189493e-05 -0.0175118452923
114.259724811 -3.97080256352e-05 -0.0175022174025
114.322556664 -3.96644043108e-05 -0.0174926000928
114.385388517 -3.96208548201e-05 -0.0174829933454
114.44822037 -3.95773770074e-05 -0.0174733971426
114.511052223 -3.95339707117e-05 -0.0174638114677
114.573884076 -3.94906357776e-05 -0.017454236303
114.636715929 -3.94473720506e-05 -0.0174446716316
114.699547783 -3.940417937e-05 -0.0174351174361
114.762379636 -3.93610575879e-05 -0.0174255736986
114.825211489 -3.93180065411e-05 -0.0174160404031
114.888043342 -3.92750260807e-05 -0.0174065175318
114.950875195 -3.92321160504e-05 -0.0173970050675
115.013707048 -3.91892762958e-05 -0.0173875029939
115.076538901 -3.91465066629e-05 -0.0173780112934
115.139370754 -3.91038070026e-05 -0.0173685299488
115.202202607 -3.90611771607e-05 -0.0173590589434
115.26503446 -3.90186169825e-05 -0.0173495982605
115.327866313 -3.89761263173e-05 -0.0173401478833
115.390698166 -3.89337050172e-05 -0.0173307077944
115.453530019 -3.88913529256e-05 -0.0173212779779
115.516361872 -3.8849069897e-05 -0.0173118584163
115.579193726 -3.88068557799e-05 -0.0173024490929
115.642025579 -3.87647104232e-05 -0.0172930499915
115.704857432 -3.87226336807e-05 -0.0172836610948
115.767689285 -3.86806254004e-05 -0.017274282387
115.830521138 -3.86386854339e-05 -0.0172649138511
115.893352991 -3.85968136355e-05 -0.0172555554704
115.956184844 -3.85550098573e-05 -0.0172462072286
116.019016697 -3.85132739495e-05 -0.017236869109
116.08184855 -3.84716057674e-05 -0.0172275410955
116.144680403 -3.84300051632e-05 -0.0172182231719
116.207512256 -3.83884719947e-05 -0.017208915321
116.270344109 -3.83470061092e-05 -0.0171996175275
116.333175962 -3.83056073678e-05 -0.0171903297743
116.396007816 -3.82642756253e-05 -0.0171810520452
116.458839669 -3.82230107314e-05 -0.0171717843248
116.521671522 -3.81818125493e-05 -0.0171625265957
116.584503375 -3.81406809314e-05 -0.0171532788428
116.647335228 -3.80996157336e-05 -0.0171440410496
116.710167081 -3.80586168128e-05 -0.0171348132001
116.772998934 -3.80176840298e-05 -0.0171255952781
116.835830787 -3.79768172428e-05 -0.017116387267
116.89866264 -3.79360163064e-05 -0.0171071891519
116.961494493 -3.78952810794e-05 -0.0170980009167
117.024326346 -3.78546114219e-05 -0.0170888225451
117.087158199 -3.78140071944e-05 -0.0170796540214
117.149990052 -3.77734682553e-05 -0.0170704953296
117.212821905 -3.77329944675e-05 -0.0170613464536
117.275653759 -3.76925856859e-05 -0.0170522073785
117.338485612 -3.7652241776e-05 -0.0170430780878
117.401317465 -3.7611962596e-05 -0.0170339585665
117.464149318 -3.75717480106e-05 -0.0170248487982
117.526981171 -3.75315978804e-05 -0.0170157487676
117.589813024 -3.74915120653e-05 -0.0170066584595
117.652644877 -3.74514904326e-05 -0.0169975778573
117.71547673 -3.74115328419e-05 -0.0169885069465
117.778308583 -3.73716391587e-05 -0.016979445711
117.841140436 -3.73318092446e-05 -0.0169703941356
117.903972289 -3.7292042967e-05 -0.0169613522045
117.966804142 -3.72523401879e-05 -0.0169523199025
118.029635995 -3.72127007719e-05 -0.0169432972148
118.092467848 -3.71731245856e-05 -0.016934284125
118.155299702 -3.71336114943e-05 -0.0169252806187
118.218131555 -3.70941613629e-05 -0.0169162866804
118.280963408 -3.70547740598e-05 -0.0169073022942
118.343795261 -3.70154494505e-05 -0.0168983274457
118.406627114 -3.69761874038e-05 -0.0168893621191
118.469458967 -3.69369877796e-05 -0.0168804063003
118.53229082 -3.6897850457e-05 -0.016871459973
118.595122673 -3.68587752958e-05 -0.0168625231225
118.657954526 -3.68197621684e-05 -0.0168535957341
118.720786379 -3.67808109414e-05 -0.0168446777922
118.783618232 -3.67419214851e-05 -0.0168357692825
118.846450085 -3.67030936699e-05 -0.0168268701893
118.909281938 -3.66643273628e-05 -0.0168179804983
118.972113791 -3.66256224336e-05 -0.0168091001949
119.034945645 -3.65869787583e-05 -0.0168002292628
119.097777498 -3.65483962024e-05 -0.0167913676886
119.160609351 -3.6509874639e-05 -0.016782515457
119.223441204 -3.64714139389e-05 -0.0167736725532
119.286273057 -3.64330139764e-05 -0.0167648389622
119.34910491 -3.63946746213e-05 -0.0167560146697
119.411936763 -3.63563957458e-05 -0.016747199661
119.474768616 -3.63181772251e-05 -0.0167383939214
119.537600469 -3.62800189284e-05 -0.0167295974363
119.600432322 -3.62419207335e-05 -0.0167208101913
119.663264175 -3.6203882513e-05 -0.0167120321711
119.726096028 -3.6165904141e-05 -0.0167032633616
119.788927881 -3.61279854905e-05 -0.016694503749
119.851759734 -3.60901264364e-05 -0.016685753318
119.914591588 -3.60523268562e-05 -0.0166770120547
119.977423441 -3.60145866237e-05 -0.0166682799445
120.040255294 -3.59769056167e-05 -0.0166595569724
120.103087147 -3.59392837094e-05 -0.016650843125
120.165919 -3.59017207784e-05 -0.0166421383876
120.228750853 -3.58642166998e-05 -0.0166334427461
120.291582706 -3.58267713539e-05 -0.0166247561858
120.354414559 -3.57893846151e-05 -0.0166160786929
120.417246412 -3.57520563619e-05 -0.0166074102532
120.480078265 -3.57147864731e-05 -0.0165987508524
120.542910118 -3.56775748264e-05 -0.0165901004763
120.605741971 -3.56404212999e-05 -0.0165814591111
120.668573824 -3.56033257751e-05 -0.0165728267427
120.731405677 -3.55662881295e-05 -0.0165642033564
120.794237531 -3.55293082426e-05 -0.0165555889388
120.857069384 -3.5492385995e-05 -0.0165469834759
120.919901237 -3.54555212673e-05 -0.0165383869536
120.98273309 -3.54187139367e-05 -0.0165297993583
121.045564943 -3.53819638895e-05 -0.0165212206758
121.108396796 -3.53452710031e-05 -0.0165126508921
121.171228649 -3.53086351617e-05 -0.0165040899935
121.234060502 -3.52720562452e-05 -0.0164955379662
121.296892355 -3.52355341359e-05 -0.0164869947965
121.359724208 -3.51990687173e-05 -0.0164784604705
121.422556061 -3.51626598704e-05 -0.0164699349748
121.485387914 -3.51263074807e-05 -0.0164614182951
121.548219767 -3.50900114295e-05 -0.0164529104182
121.61105162 -3.50537716014e-05 -0.0164444113303
121.673883474 -3.50175878778e-05 -0.0164359210185
121.736715327 -3.49814601483e-05 -0.0164274394677
121.79954718 -3.49453882926e-05 -0.0164189666656
121.862379033 -3.49093721995e-05 -0.0164105025981
121.925210886 -3.48734117488e-05 -0.0164020472522
121.988042739 -3.48375068308e-05 -0.0163936006138
122.050874592 -3.48016573292e-05 -0.0163851626701
122.113706445 -3.47658631318e-05 -0.0163767334067
122.176538298 -3.47301241207e-05 -0.0163683128115
122.239370151 -3.46944401874e-05 -0.0163599008701
122.302202004 -3.46588112155e-05 -0.01635149757
122.365033857 -3.4623237094e-05 -0.0163431028971
122.42786571 -3.45877177085e-05 -0.0163347168387
122.490697563 -3.45522529499e-05 -0.0163263393812
122.553529417 -3.45168427038e-05 -0.0163179705114
122.61636127 -3.448148686e-05 -0.0163096102163
122.679193123 -3.44461853042e-05 -0.0163012584827
122.742024976 -3.44109379293e-05 -0.0162929152972
122.804856829 -3.43757446212e-05 -0.0162845806471
122.867688682 -3.43406052716e-05 -0.0162762545191
122.930520535 -3.43055197685e-05 -0.0162679369001
122.993352388 -3.42704880047e-05 -0.016259627777
123.056184241 -3.42355098668e-05 -0.0162513271369
123.119016094 -3.42005852477e-05 -0.0162430349668
123.181847947 -3.4165714038e-05 -0.0162347512536
123.2446798 -3.41308961291e-05 -0.0162264759849
123.307511653 -3.40961314133e-05 -0.0162182091469
123.370343506 -3.40614197796e-05 -0.0162099507274
123.43317536 -3.40267611198e-05 -0.0162017007137
123.496007213 -3.39921553313e-05 -0.0161934590923
123.558839066 -3.39576023006e-05 -0.016185225851
123.621670919 -3.39231019252e-05 -0.0161770009764
123.684502772 -3.3888654093e-05 -0.0161687844568
123.747334625 -3.38542587028e-05 -0.0161605762783
123.810166478 -3.38199156466e-05 -0.0161523764287
123.872998331 -3.37856248158e-05 -0.0161441848954
123.935830184 -3.37513861081e-05 -0.0161360016657
123.998662037 -3.37171994141e-05 -0.0161278267272
124.06149389 -3.36830646296e-05 -0.0161196600673
124.124325743 -3.36489816539e-05 -0.0161115016725
124.187157596 -3.36149503769e-05 -0.0161033515315
124.249989449 -3.35809706956e-05 -0.0160952096312
124.312821303 -3.35470425076e-05 -0.016087075959
124.375653156 -3.35131657068e-05 -0.0160789505027
124.438485009 -3.34793401913e-05 -0.0160708332497
124.501316862 -3.34455658548e-05 -0.0160627241879
124.564148715 -3.34118425983e-05 -0.0160546233044
124.626980568 -3.33781703145e-05 -0.0160465305873
124.689812421 -3.33445489022e-05 -0.016038446024
124.752644274 -3.33109782606e-05 -0.0160303696021
124.815476127 -3.32774582854e-05 -0.0160223013097
124.87830798 -3.32439888756e-05 -0.0160142411344
124.941139833 -3.32105699317e-05 -0.0160061890634
125.003971686 -3.31772013494e-05 -0.0159981450848
125.066803539 -3.31438830288e-05 -0.0159901091868
125.129635392 -3.31106148667e-05 -0.0159820813573
125.192467246 -3.30773967658e-05 -0.0159740615832
125.255299099 -3.30442286231e-05 -0.0159660498536
125.318130952 -3.30111103416e-05 -0.0159580461553
125.380962805 -3.29780418194e-05 -0.015950050477
125.443794658 -3.29450229557e-05 -0.0159420628064
125.506626511 -3.29120536525e-05 -0.0159340831313
125.569458364 -3.28791338112e-05 -0.01592611144
125.632290217 -3.28462633334e-05 -0.0159181477203
