# Status file for ctqmc. Used to save all times t_s, t_e.
2
62
2.12514604868675 0.079168008387839 0 0
3.067253772079816 2.127361956758559 0 0
9.279256084399442 4.12852632099984 0 0
11.31294838214944 11.3081008349907 0 0
11.98905168920875 11.6709848737314 0 0
13.02784811779302 12.49933142549258 0 0
14.46146198988245 13.48040161255266 0 0
15.05911339909614 14.87332921315671 0 0
16.17878457533514 15.79607137734995 0 0
17.483683645935 16.71229866424335 0 0
17.69517163316696 17.61430106245489 0 0
21.20304058058874 18.28438511409077 0 0
21.39793785528432 21.33585033647898 0 0
22.15315828715221 21.94236404446974 0 0
24.70657576979971 24.13206244617246 0 0
26.11887522845129 25.58158127281424 0 0
28.43660926999536 26.40448756952676 0 0
29.48796335128445 29.05709124313127 0 0
33.68238291961371 32.78781951035438 0 0
33.74470305137449 33.73462887592341 0 0
35.25180116376254 34.63397269280033 0 0
35.53844784411634 35.52617712568092 0 0
35.901093766983 35.61734007670714 0 0
36.94455438645272 36.7478946419117 0 0
38.2948138205042 37.76695545537415 0 0
40.65903413782125 38.30937620091709 0 0
43.43522119540767 41.1973001040439 0 0
44.98692755293837 44.80346247586229 0 0
45.50004408638821 45.42214794180246 0 0
46.05055935252437 45.97966591448554 0 0
47.1924878963118 47.09124564436551 0 0
49.75771211100988 49.44796500895447 0 0
50.95080140343787 50.66994696010511 0 0
53.95907348454191 52.51514559499059 0 0
57.50282650562674 55.26067152244436 0 0
59.76866609114437 57.95758478898967 0 0
60.47806809517051 60.19291724500457 0 0
61.28535061907022 60.68475243090848 0 0
64.06119307765638 61.69337157496594 0 0
66.15795295726383 65.18602345478121 0 0
66.8354746061483 66.76459316488635 0 0
68.41426612539783 66.94878099194493 0 0
70.72935904469398 69.31807832379302 0 0
71.61384768444886 71.06238871471116 0 0
72.52675169970044 72.00834832354784 0 0
75.16192427205581 74.20196786977438 0 0
77.30404852015596 76.29326110359568 0 0
78.0839556265352 78.01195264053376 0 0
78.81740604467274 78.48534005732887 0 0
80.95702780727575 80.71242603871717 0 0
82.64612586458131 81.9769667104795 0 0
85.33849217453675 84.3066736413935 0 0
88.38931309049278 85.58581598758428 0 0
88.83460318288785 88.39849105882357 0 0
92.29771051101393 90.52681368245538 0 0
94.07260929185209 92.3297962140136 0 0
95.74863344537845 95.43364302707067 0 0
96.37448833279771 96.10650795914839 0 0
96.89059611333792 96.39523146673721 0 0
97.77691628170474 96.9021180686325 0 0
99.72539124690749 97.91292523372836 0 0
99.86617886530399 99.84303602125338 0 0
54
0.802732815285075 0.9622706145470822 0 0
1.63156822648593 1.81133355276409 0 0
2.161203689014322 4.38176120225273 0 0
4.838008735191586 5.631045495088363 0 0
6.073669570353307 7.259028881073016 0 0
7.593805325011451 8.181510432748727 0 0
8.294912652712101 8.380837212722371 0 0
8.745889085310735 9.306314617069344 0 0
9.852033923752066 11.77867088953816 0 0
13.76056095238428 15.71254519570696 0 0
15.73273127218381 15.91335540251611 0 0
16.27521185999281 16.93885761791946 0 0
20.87962150083948 23.13746321389103 0 0
26.61361382965347 26.76217582378873 0 0
26.88956840752142 27.10030419942104 0 0
27.41453842212468 27.58161774338232 0 0
28.30144470275413 29.00273382304764 0 0
29.68695208002001 29.92291561997514 0 0
31.5624002407231 32.57229999733392 0 0
33.15723367901764 33.36497916556024 0 0
34.43585667393695 34.66022460311007 0 0
34.81241599318606 35.2182941647309 0 0
35.29844408059899 37.00805755732005 0 0
37.52925000863927 40.05362036973674 0 0
40.27304836721521 40.71172542524788 0 0
41.86647176271523 42.09940498642325 0 0
44.31623153642193 44.56692656077808 0 0
44.77645111887968 47.80510965971602 0 0
48.92950270319883 49.14370875933774 0 0
49.41843791303528 50.05854622579309 0 0
50.10083553736061 50.11548144790081 0 0
53.25113312613348 53.54670913975612 0 0
54.01527296290752 54.30011682033446 0 0
54.41647138679971 54.96327807727456 0 0
55.24593208127826 59.46946047563959 0 0
59.73935789313794 59.78217507222469 0 0
62.06566044797943 63.27903362906921 0 0
67.82506020347743 68.6804650824334 0 0
68.84203225950851 69.09470106886978 0 0
69.86488732655639 70.91836546088466 0 0
71.10218764722626 74.12443670107668 0 0
77.66589309509367 77.75481725184108 0 0
78.21053206800266 79.28009044881185 0 0
80.68744107655858 82.16384047056161 0 0
82.91096693760242 87.9223200460933 0 0
88.08355967716899 89.35294192644572 0 0
89.73475534533414 90.20461435538292 0 0
90.57877811116862 93.91027910050221 0 0
94.21184467435037 94.66252705506299 0 0
95.55217629365879 95.74039654386272 0 0
97.05110438090848 97.53990288832233 0 0
98.14493427072105 98.21581745715565 0 0
98.36230492872185 98.87993194271904 0 0
99.15125439500427 99.90035569168427 0 0
