# Status file for ctqmc. Used to save all times t_s, t_e.
2
50
0.7563646448284658 0.8101520004323931 0 0
1.419279510860716 2.214706082720833 0 0
2.923969961493159 3.87336476018411 0 0
4.087384338132267 4.439353470011643 0 0
8.48129901668467 8.909913929878309 0 0
10.60614336582391 10.67733184138159 0 0
12.78354137090293 13.63904675235979 0 0
14.53958200547938 15.18465098482458 0 0
15.94200136638764 16.60130668913446 0 0
17.53139089033213 17.79465221369624 0 0
19.08372143564192 20.46062604213056 0 0
20.53736091735819 20.90171864192705 0 0
21.68894784455857 22.64080391480091 0 0
22.86452157539012 23.16029567887293 0 0
23.68696096635936 24.48570057168392 0 0
25.66083442140207 27.20582785861832 0 0
27.2556099513673 32.04553058272697 0 0
32.14318345110978 32.2817361401134 0 0
33.73922764908645 33.81820138491531 0 0
36.73245526729922 36.96227762817523 0 0
41.88335205153874 41.94403262698079 0 0
42.20949301258808 44.48635503262341 0 0
45.5933195200674 45.78228950637158 0 0
46.41262406268577 46.42576741058176 0 0
47.42662666886878 49.1867884731907 0 0
51.06618055841641 51.38117214873304 0 0
51.42495752405115 51.81382087706344 0 0
53.96098363468259 56.93999462904721 0 0
56.96003215299359 57.065792483709 0 0
57.19569797096218 57.75974751121937 0 0
58.60965953839813 60.08372574652761 0 0
62.68258891160851 62.99295817052747 0 0
65.3584929431902 65.55505259645805 0 0
68.22297287062253 69.48489930798912 0 0
69.69013868014999 70.27782651998194 0 0
70.45238169249349 70.59089124658185 0 0
70.70098999555198 71.84811129439069 0 0
72.59972751767759 72.75461829238817 0 0
74.00170228205478 74.04215445577768 0 0
74.05841563626142 74.96854020979715 0 0
75.91999795901782 81.18353165398119 0 0
81.19097382294801 81.19260852969549 0 0
82.55153547812625 83.76506047752719 0 0
83.86340669998359 84.66331330427083 0 0
85.14722016944053 86.24958999614468 0 0
87.57105002279611 89.93061550072308 0 0
90.23264974738721 92.05558239127264 0 0
92.31689114140381 94.01853977002732 0 0
96.64923581212379 96.97037714575347 0 0
97.25617814455875 97.27114279011306 0 0
58
0.008150029868289721 0.6113143997085104 0 0
2.64374469319271 3.215289285461511 0 0
3.447425728440797 3.692545265424446 0 0
3.746464719188978 4.198995033492571 0 0
4.371908113482998 4.422890244314639 0 0
4.597626808940823 9.441691616483785 0 0
9.594778681939388 9.8462972577711 0 0
10.91437699358169 11.05605543117859 0 0
11.36498655894232 12.04517985632187 0 0
12.73759278253256 12.76912099615591 0 0
17.6399715172617 17.7291535411665 0 0
18.02195876111964 19.04912368690674 0 0
19.39087944859884 19.50280774047618 0 0
20.30316445799187 22.2109723379898 0 0
24.09074690401716 24.14955626786161 0 0
24.26743399582105 28.27837749586804 0 0
29.0953026349696 29.80809691460467 0 0
30.09190886427403 30.6417333093594 0 0
32.23873487986834 32.35070948766546 0 0
32.61469919457542 33.12537468942549 0 0
33.56515173871896 34.36677138813018 0 0
35.08275137768035 35.96221566165912 0 0
35.97242966772922 36.16225009007916 0 0
36.6427202173 36.79116860394463 0 0
36.82415336266887 38.65003090258335 0 0
40.3014219436078 40.88901260008762 0 0
41.13137918165664 42.61805824782788 0 0
43.94851766413657 44.44711678741049 0 0
44.71537591608755 44.72927216203582 0 0
45.01825990258025 45.15958303265787 0 0
45.16337264981733 46.81267179071573 0 0
50.99977669720405 51.05753708998981 0 0
51.34359487429209 52.26000445793524 0 0
52.2612624594059 52.62264391206049 0 0
53.42459730347208 53.73789924552681 0 0
54.21777771453804 54.39902003620029 0 0
54.80019625108743 56.29284671508911 0 0
56.33127515987788 56.47725628954604 0 0
57.28179161730108 59.28876829080455 0 0
60.02775870216037 62.93811659638778 0 0
64.60945066953198 64.67629718320346 0 0
66.30599946038255 67.26699202845427 0 0
67.54736090425257 70.11506641363418 0 0
70.46572759447534 70.83143578897456 0 0
71.23266649230455 71.28186068014065 0 0
72.44507642302813 72.83281069378576 0 0
74.10394459581762 75.40467653877855 0 0
79.40615329768298 79.49136711705334 0 0
81.34263033772936 81.38764343729591 0 0
81.43514788736711 81.47220434307334 0 0
82.1878052982329 84.15625198088264 0 0
84.34576879773675 84.64930974852005 0 0
88.76693724181906 88.84329426409769 0 0
89.70077337557947 90.84575252865922 0 0
91.47315541919143 92.09319226809278 0 0
92.80199024596919 93.09527250298977 0 0
93.40643480799791 99.17353905866349 0 0
99.83345009976264 99.90363546673767 0 0
