# Status file for ctqmc. Used to save all times t_s, t_e.
2
64
0.3721133327786816 0.04419480929060171 0 0
4.584737965286621 0.7634511097746213 0 0
5.615032324273066 4.730416639962535 0 0
5.91565885178644 5.76868240313745 0 0
7.373885250462193 7.166183936713359 0 0
9.629695121510508 9.626771602632925 0 0
10.73865402738633 10.27700123211066 0 0
12.51367432201532 12.02477828136755 0 0
14.28894591600926 13.1954357922105 0 0
14.6783207557458 14.67585352573146 0 0
16.13252745560693 15.1316291143963 0 0
16.72126053150803 16.33704691239751 0 0
21.0202500071191 16.84238604805502 0 0
21.61446714812207 21.44788415199039 0 0
22.4085708184285 22.40293944727545 0 0
26.2574297553823 24.46098109375204 0 0
26.77509438162897 26.70351405053011 0 0
27.13089454535605 27.03162147635316 0 0
28.17048048852508 27.24315794628643 0 0
30.12191650604047 29.23830345285853 0 0
30.47511434333436 30.40672594878211 0 0
31.18796351948066 30.89646572501962 0 0
33.69990897233918 32.22368932447795 0 0
35.04419023869747 33.76808549433893 0 0
36.53406089733193 35.65188631598227 0 0
39.55087568965226 38.32642029230523 0 0
40.16424314784646 39.98872839270183 0 0
40.4785658589556 40.18094686050226 0 0
42.10780414368994 41.27842891706855 0 0
44.14536771674681 44.13365268345252 0 0
44.82018048782543 44.20058539529126 0 0
46.69658638269777 44.83629191874451 0 0
48.08105761091177 47.25572700551188 0 0
49.11652868291189 48.12811324329225 0 0
50.67253337253091 49.74628636879908 0 0
52.42999141025325 52.32595160291297 0 0
53.77031910228137 53.67573213282326 0 0
56.15355763149214 55.30368509081867 0 0
57.76664909342021 56.54621544236587 0 0
62.59151958572337 59.9440175948394 0 0
63.34807397903455 62.76682431312813 0 0
65.0650475545995 63.57838065952267 0 0
65.42038536375712 65.10603999267228 0 0
65.68351474424585 65.6442464138804 0 0
66.80974183596828 65.84006049512043 0 0
69.23117822067206 68.59160360588231 0 0
70.65151733376419 69.72664665179066 0 0
71.26708756679973 71.09853159451652 0 0
71.8713040540175 71.73116639535081 0 0
75.15854622362043 73.46939871210704 0 0
75.81035475985567 75.22051766107529 0 0
79.65234660386668 77.43077541360515 0 0
81.21116654163146 80.22636519469837 0 0
81.40741920417875 81.21563425698496 0 0
81.81843303045255 81.5486569793229 0 0
82.60501511822306 82.03681361110418 0 0
86.65224733528504 85.24281272018963 0 0
87.97204544727144 87.37850239109547 0 0
91.30738264455454 91.00502881704857 0 0
91.86891231989259 91.47640946201918 0 0
93.32348777685566 92.73432885090128 0 0
93.98095879624634 93.65411457006304 0 0
98.25157597546257 95.77582600660877 0 0
99.47794590835207 99.39942933673805 0 0
61
1.996908784897429 1.046408579853534 0 0
2.807218717173058 2.196861345722458 0 0
4.670633321201174 4.166562139872233 0 0
7.328178080000544 4.791593973112672 0 0
7.724855305713284 7.385212451598644 0 0
7.879611950310734 7.740391466861091 0 0
9.857309016279471 8.468880226521833 0 0
10.75176607905435 10.09148147369474 0 0
11.80068447985099 11.77043044601183 0 0
14.81518858142724 13.30193435075038 0 0
17.33938977361398 15.51333824962501 0 0
19.61377385781911 18.08172676841769 0 0
19.73380005188623 19.68927120634589 0 0
20.74820251306069 20.64378058582228 0 0
22.73240241490158 21.1312450044733 0 0
24.03969658460085 23.41135223040956 0 0
28.47219825995255 27.77533434298669 0 0
30.60299289343752 29.1292366475825 0 0
32.8506412582901 30.68199367596115 0 0
35.57438246777227 35.23015273112869 0 0
36.31140453751971 35.95265878970638 0 0
36.68005263411895 36.59407545913542 0 0
38.47953273776586 36.89984978049545 0 0
39.14293603845601 38.6257449807519 0 0
41.63740983798049 40.91595477561317 0 0
42.06216581654468 41.92730180286578 0 0
42.67137946228413 42.19399962771548 0 0
45.85772048812435 43.79438153062457 0 0
46.33445626377602 46.25732601090778 0 0
47.0998029514783 46.95954416427683 0 0
50.79577549181932 48.62581106542032 0 0
51.80198851714312 51.71530898688837 0 0
53.23115818312291 53.17546664496762 0 0
54.18054414671794 53.36422814776902 0 0
56.96762602373757 55.63275395034103 0 0
57.20109227711338 57.0833096989243 0 0
59.12299215553553 57.69549333648578 0 0
61.13809812100469 59.2054138093526 0 0
61.51297944310459 61.33362330679535 0 0
65.17824457429859 63.87480916623587 0 0
66.40769539427984 66.05526696383579 0 0
67.08924245021073 67.06291238009503 0 0
68.42561940249173 67.31188430152967 0 0
72.59702579237076 70.75459480001973 0 0
75.30537959591499 73.10795522730135 0 0
77.29759271846149 76.57070886401524 0 0
78.38795302828268 78.1934155855165 0 0
78.79490007028001 78.66121535808618 0 0
80.10940205965129 79.20663621666039 0 0
80.93279032608025 80.15443512697965 0 0
82.22387596376463 81.3960711179764 0 0
83.85002252818317 82.82106529541515 0 0
85.39274139985429 84.26208962872256 0 0
87.13262057330374 86.91540064167899 0 0
89.21544213281109 87.32065960838652 0 0
90.58055711028244 89.37268160013953 0 0
92.84322480644731 92.8284663416664 0 0
94.21260432082791 92.86202981764886 0 0
95.63805934105815 94.3277108525788 0 0
96.57030396096087 95.74559376543202 0 0
99.72643569999356 98.60056743541674 0 0
