# Status file for ctqmc. Used to save all times t_s, t_e.
2
42
1.098644222472795 1.464811764356639 0 0
1.555562513865396 3.400354154838323 0 0
3.73944493436831 3.866023590869659 0 0
4.832514517493644 4.972864483139808 0 0
6.79814975569273 6.858551228113132 0 0
18.46656543892651 19.17286071260727 0 0
19.79615924016668 19.95890602909494 0 0
20.77895012698549 20.83693985557374 0 0
22.72751613338019 23.20360880152578 0 0
23.2152372727047 23.68849910725877 0 0
27.56178197473069 27.68460077662817 0 0
28.42201896861885 29.10256327001035 0 0
33.37382121974124 33.84466278414807 0 0
34.03455978485005 34.98799080894965 0 0
35.85206721406109 35.87023583018674 0 0
36.07626916384211 38.14435753131191 0 0
39.45272895654103 39.48148217989774 0 0
44.2587563153096 44.44518799572816 0 0
44.69124468858524 46.00135708193761 0 0
47.47832809298885 47.83566137617549 0 0
48.00310812307404 48.06357311631827 0 0
50.45065986259208 52.74454597441681 0 0
53.55325102570566 53.74683005795696 0 0
55.17490276555719 59.16986268788498 0 0
62.37719889217795 63.74606592874499 0 0
64.34483003791877 64.64891136174779 0 0
64.69593522408647 65.3338241392894 0 0
66.22723511586985 66.37571175723302 0 0
68.01092169348948 68.38533513414657 0 0
70.50663900612297 71.62902551170342 0 0
72.52022459489584 72.52709319751538 0 0
77.72914388776503 79.72663068493291 0 0
79.91767982156544 80.69765963684345 0 0
83.80372125923614 83.96881537945342 0 0
84.12263360347855 86.50506989068995 0 0
86.87901959677019 86.96501726580139 0 0
88.5835613419633 91.20214440203581 0 0
91.30177851654862 92.74253397853296 0 0
92.77672729070075 93.08348595025988 0 0
95.22373185885634 98.33182078895354 0 0
98.42459454582097 98.45933853945715 0 0
98.8688005441407 99.36514557864309 0 0
40
3.951693074343568 1.198799788812668 0 0
6.745367737501896 6.442214137774701 0 0
9.818921179165955 9.448740212250694 0 0
10.05130806908389 9.866523857977947 0 0
19.30552072546316 18.51400344534235 0 0
20.32132491315689 19.50165765750957 0 0
23.86968574321787 22.53797151816517 0 0
24.32775588903348 24.24093831696363 0 0
25.26959375019687 24.9546457008706 0 0
29.02282166860194 26.01492080425852 0 0
35.0033107675605 33.34735006063988 0 0
36.85168817811261 35.67853133770077 0 0
37.79703763630645 37.36637947157833 0 0
38.92017790179133 38.00860535608535 0 0
41.46851128457781 41.1472218411071 0 0
42.60626752867883 42.58068280997074 0 0
44.10102987734198 44.10056298693124 0 0
46.78385072769272 44.29044754786239 0 0
47.87419715382101 47.37299104027981 0 0
49.76471479925976 49.73285061003057 0 0
52.57027874004415 50.50082159220459 0 0
59.27741170525752 55.08626395095947 0 0
65.58549181957736 61.38986324201534 0 0
66.20971801913375 66.11940695839913 0 0
66.8037607418384 66.78345694400748 0 0
68.37153805261197 67.44950594847143 0 0
71.550543363694 69.91162864134454 0 0
78.30601183609092 77.72350780074036 0 0
80.87651868548868 78.3630387083052 0 0
81.76254372495021 80.96738302417663 0 0
83.17224664644479 83.08346218599971 0 0
86.49263525940982 83.57047062540582 0 0
89.48034243622938 88.75143188654393 0 0
92.08472776689484 89.60151173245833 0 0
92.4425819890336 92.40178465630558 0 0
93.52124987574771 93.03119625608352 0 0
96.65216566820415 95.18898543384671 0 0
97.13971466162002 96.77100375716398 0 0
99.09709121506079 97.39891727883106 0 0
99.28960609371968 99.09786767558525 0 0
