# Status file for ctqmc. Used to save all times t_s, t_e.
2
42
0.539982917782396 0.829802486473028 0 0
1.044165541123703 1.664186143034725 0 0
2.929275739633298 3.702701990123221 0 0
6.376210554890328 6.403208589258784 0 0
10.22329802672635 10.54828034273538 0 0
16.28203606558587 19.82001131392567 0 0
20.24057993277797 20.24628836902173 0 0
20.83260298890078 21.35442415644808 0 0
22.78239043530184 23.87918591554464 0 0
24.02399689215598 25.28438852282813 0 0
25.43795965382308 26.23165884565185 0 0
26.26223320251109 27.99892793366644 0 0
28.01018999787182 32.77216447942033 0 0
36.39113384837069 37.22522104621507 0 0
37.57545168396464 40.27470699928714 0 0
40.37406563798098 40.79711252547697 0 0
41.56004500676688 41.63175525610502 0 0
41.73391858884621 42.92617796392911 0 0
43.01015588034604 45.23785146356139 0 0
45.92427143521731 50.86721954629382 0 0
56.6245537950618 56.82361844462132 0 0
57.2133813859801 57.34184403053758 0 0
58.6551750021713 60.2051297201143 0 0
60.98661366216675 61.94982176631186 0 0
62.12159955791133 63.181043218208 0 0
63.70627120364129 64.64888811477915 0 0
64.657845229931 68.30046360521683 0 0
68.44192211369649 68.59612955714088 0 0
73.01859206670984 73.20405078132325 0 0
74.10331145257062 74.21147668788115 0 0
76.85740703913065 76.90526598142171 0 0
79.48242790888082 79.61190409239829 0 0
80.70065621326155 81.43352137363649 0 0
85.74822004040558 86.35073237133044 0 0
87.10038891470003 87.40129310954255 0 0
87.43149003159789 87.65098964782842 0 0
88.1805532978142 88.18549689713554 0 0
88.43566910204868 88.45443455187727 0 0
90.63925171282227 92.01646241076003 0 0
92.86708194655746 92.99804230087679 0 0
94.00423764491045 98.0190253577487 0 0
98.45304974845163 98.48904341104219 0 0
25
1.961161237273729 2.916075970581568 0 0
4.45459182998893 6.567933784425432 0 0
6.61396721184363 16.57899050307559 0 0
16.88693208617717 17.14690749520896 0 0
22.29344116222145 22.45138382365932 0 0
33.11668138543241 34.44395662646915 0 0
34.62886449372579 36.58869553204375 0 0
37.41460683499654 37.75448963491963 0 0
38.90070965550706 38.99256914927485 0 0
41.33550272949626 41.868805911022 0 0
51.03154109515064 51.03824529085783 0 0
51.75250131077879 56.57168020871739 0 0
57.79094122501311 58.20688033412623 0 0
63.68725553467436 63.7272335722231 0 0
64.44541312283026 64.48050778940373 0 0
68.66592357185739 68.94403857699348 0 0
69.24496407131541 71.15805381329908 0 0
71.19383673096632 80.55766367727826 0 0
80.66487223079905 82.21143758832945 0 0
82.37600942961089 82.39460537671198 0 0
82.54750468066779 82.91375138447722 0 0
83.36190757258981 85.75093605111974 0 0
86.67262385121823 90.40844980453919 0 0
91.94803822046686 93.49460716714158 0 0
98.60470090123067 98.63811489765881 0 0
