0.0314159265359 -6.1723131628e-06 -1.32103525622
0.0942477796077 0.000135005839144 -1.23011136096
0.157079632679 0.000227997176686 -1.1115639381
0.219911485751 -0.000851559258862 -1.00772203079
0.282743338823 -0.000572243022715 -0.92322816645
0.345575191895 -5.61177612539e-05 -0.855165264943
0.408407044967 4.16344667862e-05 -0.79922224297
0.471238898038 -0.000118563665583 -0.752311643452
0.53407075111 -0.000269627943247 -0.71265596694
0.596902604182 -0.000294673312932 -0.679130109373
0.659734457254 -0.000203854623323 -0.650841204715
0.722566310326 -5.75298667069e-05 -0.626985319391
0.785398163397 8.54755341306e-05 -0.606833528581
0.848230016469 0.000188183903813 -0.589748785599
0.911061869541 0.000236781548745 -0.575195768187
0.973893722613 0.000234245959198 -0.562737553197
1.03672557568 0.000192771765159 -0.552023478805
1.09955742876 0.000127698776622 -0.542773644776
1.16238928183 5.35808756679e-05 -0.534763728577
1.2252211349 -1.78742546986e-05 -0.527811942129
1.28805298797 -7.85220886801e-05 -0.521768684356
1.35088484104 -0.000123670721235 -0.516508752834
1.41371669412 -0.000151535057435 -0.511925683151
1.47654854719 -0.000162529558285 -0.50792772964
1.53938040026 -0.000158560613703 -0.504435033085
1.60221225333 -0.0001424066454 -0.501377621357
1.6650441064 -0.000117222629433 -0.498693964147
1.72787595947 -8.61729956707e-05 -0.496329893052
1.79070781255 -5.21818093908e-05 -0.494237754063
1.85353966562 -1.77810686619e-05 -0.492375708791
1.91637151869 1.49652691928e-05 -0.490707131595
1.97920337176 4.44803920852e-05 -0.489200070267
2.04203522483 6.96552598036e-05 -0.487826755618
2.10486707791 8.98043406243e-05 -0.486563148815
2.16769893098 0.000104607571641 -0.485388523797
2.23053078405 0.0001140468964 -0.484285082334
2.29336263712 0.000118342520272 -0.483237601224
2.35619449019 0.000117893036911 -0.482233110913
2.41902634326 0.000113221608785 -0.481260605265
2.48185819634 0.000104929326812 -0.480310780808
2.54469004941 9.36560905034e-05 -0.479375804783
2.60752190248 8.00489777903e-05 -0.478449109412
2.67035375555 6.47374438874e-05 -0.477525211577
2.73318560862 4.83148215968e-05 -0.47659955468
2.79601746169 3.13251194006e-05 -0.475668371494
2.85884931477 1.42545423545e-05 -0.474728565506
2.92168116784 -2.47333012382e-06 -0.473777608784
2.98451302091 -1.84991684744e-05 -0.472813454326
3.04734487398 -3.35272633363e-05 -0.471834461492
3.11017672705 -4.73229490696e-05 -0.470839332382
3.17300858013 -5.97088273038e-05 -0.469827058049
3.2358404332 -7.05600523094e-05 -0.468796872939
3.29867228627 -7.97990536494e-05 -0.467748216641
3.36150413934 -8.73900226255e-05 -0.466680701486
3.42433599241 -9.33333292634e-05 -0.465594085617
3.48716784548 -9.7660086948e-05 -0.464488250167
3.54999969856 -0.000100426925253 -0.463363180322
3.61283155163 -0.000101711109764 -0.462218949318
3.6756634047 -0.000101606056768 -0.4610557051
3.73849525777 -0.000100217263299 -0.459873659157
3.80132711084 -9.76586881123e-05 -0.458673077005
3.86415896392 -9.40495307091e-05 -0.457454270292
3.92699081699 -8.95114981248e-05 -0.456217590043
3.98982267006 -8.41664211775e-05 -0.454963420906
4.05265452313 -7.81342838048e-05 -0.453692176277
4.1154863762 -7.15315838571e-05 -0.452404294014
4.17831822927 -6.44700313677e-05 -0.451100232847
4.24115008235 -5.70555247563e-05 -0.449780469115
4.30398193542 -4.93873732337e-05 -0.448445493936
4.36681378849 -4.15577654707e-05 -0.447095810753
4.42964564156 -3.36514169472e-05 -0.445731933036
4.49247749463 -2.57453880712e-05 -0.444354382301
4.55530934771 -1.79090498902e-05 -0.442963686263
4.61814120078 -1.02041594534e-05 -0.441560377176
4.68097305385 -2.6850415189e-06 -0.440144990297
4.74380490692 4.60116126977e-06 -0.438718062509
4.80663675999 1.1614171056e-05 -0.437280130997
4.86946861306 1.83202109252e-05 -0.435831732086
4.93230046614 2.46916083446e-05 -0.434373400138
4.99513231921 3.07063816196e-05 -0.432905666525
5.05796417228 3.63478042926e-05 -0.43142905871
5.12079602535 4.16039721056e-05 -0.429944099378
5.18362787842 4.64673703036e-05 -0.428451305651
5.24645973149 5.0934446354e-05 -0.426951188365
5.30929158457 5.50051964545e-05 -0.425444251404
5.37212343764 5.8682768671e-05 -0.423930991114
5.43495529071 6.19730782825e-05 -0.422411895755
5.49778714378 6.48844532209e-05 -0.420887445014
5.56061899685 6.74272925654e-05 -0.419358109578
5.62345084993 6.96137489049e-05 -0.417824350761
5.686282703 7.14574366869e-05 -0.416286620157
5.74911455607 7.29731614566e-05 -0.41474535936
5.81194640914 7.41766696208e-05 -0.413200999729
5.87477826221 7.50844240418e-05 -0.411653962174
5.93761011528 7.57133981164e-05 -0.410104657001
6.00044196836 7.60808909845e-05 -0.408553483782
6.06327382143 7.62043633022e-05 -0.407000831267
6.1261056745 7.61012907908e-05 -0.405447077323
6.18893752757 7.57890351704e-05 -0.403892588898
6.25176938064 7.52847300109e-05 -0.402337722028
6.31460123372 7.46051874065e-05 -0.400782821849
6.37743308679 7.37668092166e-05 -0.399228222657
6.44026493986 7.27855213007e-05 -0.397674247964
6.50309679293 7.16767115154e-05 -0.396121210593
6.565928646 7.04551854076e-05 -0.39456941278
6.62876049907 6.91351259485e-05 -0.393019146299
6.69159235215 6.77300653322e-05 -0.391470692597
6.75442420522 6.62528648032e-05 -0.389924322943
6.81725605829 6.47157002014e-05 -0.388380298592
6.88008791136 6.31300555431e-05 -0.386838870952
6.94291976443 6.15067201775e-05 -0.385300281769
7.00575161751 5.98557928209e-05 -0.38376476331
7.06858347058 5.81866891753e-05 -0.382232538561
7.13141532365 5.65081519497e-05 -0.380703821427
7.19424717672 5.48282673369e-05 -0.379178816933
7.25707902979 5.31544803604e-05 -0.377657721433
7.31991088286 5.14936142704e-05 -0.376140722824
7.38274273594 4.98518926157e-05 -0.374628000753
7.44557458901 4.82349609046e-05 -0.373119726832
7.50840644208 4.66479100725e-05 -0.371616064854
7.57123829515 4.50953019957e-05 -0.370117171004
7.63407014822 4.35811933981e-05 -0.368623194076
7.69690200129 4.21091619334e-05 -0.36713427568
7.75973385437 4.06823309484e-05 -0.365650550458
7.82256570744 3.93033953001e-05 -0.364172146289
7.88539756051 3.79746465651e-05 -0.362699184491
7.94822941358 3.66979970474e-05 -0.361231780039
8.01106126665 3.54750057534e-05 -0.359770041748
8.07389311973 3.43069001874e-05 -0.358314072481
8.1367249728 3.31946007419e-05 -0.356863969342
8.19955682587 3.21387431566e-05 -0.355419823863
8.26238867894 3.11396991766e-05 -0.353981722191
8.32522053201 3.01975981998e-05 -0.352549745278
8.38805238508 2.93123470296e-05 -0.351123969048
8.45088423816 2.84836493254e-05 -0.349704464582
8.51371609123 2.77110232538e-05 -0.348291298284
8.5765479443 2.69938193584e-05 -0.346884532047
8.63937979737 2.63312365982e-05 -0.34548422342
8.70221165044 2.57223387941e-05 -0.34409042576
8.76504350352 2.51660686619e-05 -0.34270318839
8.82787535659 2.46612618797e-05 -0.341322556746
8.89070720966 2.42066605463e-05 -0.339948572529
8.95353906273 2.38009248603e-05 -0.338581273836
9.0163709158 2.34426453449e-05 -0.337220695307
9.07920276887 2.3130353096e-05 -0.335866868253
9.14203462195 2.28625296579e-05 -0.334519820785
9.20486647502 2.26376168504e-05 -0.333179577944
9.26769832809 2.24540249265e-05 -0.331846161816
9.33053018116 2.23101406602e-05 -0.330519591656
9.39336203423 2.22043348215e-05 -0.329199883996
9.45619388731 2.21349688569e-05 -0.327887052759
9.51902574038 2.21004007583e-05 -0.326581109365
9.58185759345 2.2098991205e-05 -0.325282062832
9.64468944652 2.21291084452e-05 -0.323989919881
9.70752129959 2.21891330048e-05 -0.322704685024
9.77035315266 2.22774616514e-05 -0.321426360663
9.83318500574 2.23925116947e-05 -0.32015494718
9.89601685881 2.25327239631e-05 -0.318890443021
9.95884871188 2.2696565793e-05 -0.317632844782
10.021680565 2.28825338828e-05 -0.316382147285
10.084512418 2.3089156719e-05 -0.315138343666
10.1473442711 2.331499606e-05 -0.313901425439
10.2101761242 2.35586492003e-05 -0.312671382576
10.2730079772 2.38187504786e-05 -0.311448203573
10.3358398303 2.40939717893e-05 -0.31023187552
10.3986716834 2.43830246216e-05 -0.309022384164
10.4615035365 2.46846599241e-05 -0.307819713972
10.5243353895 2.49976691595e-05 -0.306623848194
10.5871672426 2.53208847472e-05 -0.305434768917
10.6499990957 2.5653180213e-05 -0.304252457122
10.7128309487 2.59934701683e-05 -0.303076892741
10.7756628018 2.63407105345e-05 -0.301908054703
10.8384946549 2.66938980502e-05 -0.300745920993
10.901326508 2.70520709096e-05 -0.299590468688
10.964158361 2.74143061993e-05 -0.298441674017
11.0269902141 2.77797238679e-05 -0.297299512385
11.0898220672 2.81474780843e-05 -0.29616395845
11.1526539202 2.85167710521e-05 -0.295034986115
11.2154857733 2.88868276339e-05 -0.293912568634
11.2783176264 2.92569347007e-05 -0.292796678559
11.3411494795 2.96263796429e-05 -0.291687287893
11.4039813325 2.99945351196e-05 -0.290584368003
11.4668131856 3.03607472105e-05 -0.289487889736
11.5296450387 3.07244649065e-05 -0.288397823474
11.5924768917 3.10851040242e-05 -0.287314138975
11.6553087448 3.14421648389e-05 -0.286236805794
11.7181405979 3.17951522399e-05 -0.285165792748
11.780972451 3.21435983874e-05 -0.28410106857
11.843804304 3.24870929012e-05 -0.283042601428
11.9066361571 3.28252163913e-05 -0.281990359153
11.9694680102 3.3157606218e-05 -0.280944309454
12.0322998632 3.34839172673e-05 -0.279904419449
12.0951317163 3.38038213163e-05 -0.278870656221
12.1579635694 3.41170290463e-05 -0.277842986573
12.2207954225 3.4423268624e-05 -0.276821376889
12.2836272755 3.47222878068e-05 -0.275805793617
12.3464591286 3.50138601393e-05 -0.274796202868
12.4092909817 3.52977857503e-05 -0.273792570497
12.4721228348 3.55738739657e-05 -0.272794862439
12.5349546878 3.58419557909e-05 -0.271803044325
12.5977865409 3.52113338042e-05 -0.270812861015
12.660618394 3.45939599455e-05 -0.269828663169
12.723450247 3.3989508875e-05 -0.268850409702
12.7862821001 3.33976645459e-05 -0.267878059733
12.8491139532 3.2818119692e-05 -0.266911572583
12.9119458063 3.22505756607e-05 -0.265950907772
12.9747776593 3.16947421304e-05 -0.264996025025
13.0376095124 3.11503368371e-05 -0.264046884273
13.1004413655 3.06170853248e-05 -0.26310344565
13.1632732185 3.00947206551e-05 -0.262165669498
13.2261050716 2.9582983287e-05 -0.261233516366
13.2889369247 2.90816206849e-05 -0.260306947011
13.3517687778 2.85903872816e-05 -0.259385922401
13.4146006308 2.81090441501e-05 -0.258470403712
13.4774324839 2.76373587367e-05 -0.257560352334
13.540264337 2.71751048739e-05 -0.256655729869
13.60309619 2.67220623833e-05 -0.25575649813
13.6659280431 2.62780170104e-05 -0.254862619147
13.7287598962 2.58427602109e-05 -0.253974055162
13.7915917493 2.54160889321e-05 -0.253090768637
13.8544236023 2.49978055518e-05 -0.252212722247
13.9172554554 2.45877176184e-05 -0.251339878884
13.9800873085 2.41856377796e-05 -0.25047220166
14.0429191615 2.37913835264e-05 -0.249609653906
14.1057510146 2.34047771688e-05 -0.248752199169
14.1685828677 2.30256456026e-05 -0.247899801217
14.2314147208 2.26538201851e-05 -0.24705242404
14.2942465738 2.22891366972e-05 -0.246210031847
14.3570784269 2.19314350991e-05 -0.245372589068
14.41991028 2.15805594337e-05 -0.244540060355
14.482742133 2.12363577834e-05 -0.24371241058
14.5455739861 2.08986820578e-05 -0.24288960484
14.6084058392 2.05673879341e-05 -0.24207160845
14.6712376923 2.0242334811e-05 -0.241258386952
14.7340695453 1.99233854712e-05 -0.240449906106
14.7969013984 1.96104063344e-05 -0.239646131899
14.8597332515 1.93032670381e-05 -0.238847030535
14.9225651046 1.90018404771e-05 -0.238052568447
14.9853969576 1.87060027947e-05 -0.237262712285
15.0482288107 1.84156331304e-05 -0.236477428924
15.1110606638 1.8130613662e-05 -0.235696685462
15.1738925168 1.78508294315e-05 -0.234920449217
15.2367243699 1.75761683217e-05 -0.234148687729
15.299556223 1.73065209728e-05 -0.233381368761
15.3623880761 1.70417806782e-05 -0.232618460298
15.4252199291 1.67818433034e-05 -0.231859930542
15.4880517822 1.65266073155e-05 -0.23110574792
15.5508836353 1.62759735343e-05 -0.230355881077
15.6137154883 1.60298452725e-05 -0.229610298878
15.6765473414 1.57881280956e-05 -0.228868970405
15.7393791945 1.55507298771e-05 -0.228131864965
15.8022110476 1.53175606297e-05 -0.227398952077
15.8650429006 1.50885325896e-05 -0.226670201479
15.9278747537 1.48635600112e-05 -0.225945583126
15.9907066068 1.46425591687e-05 -0.225225067193
16.0535384598 1.44254483923e-05 -0.224508624065
16.1163703129 1.42121478728e-05 -0.223796224345
16.179202166 1.4002579678e-05 -0.22308783885
16.2420340191 1.37966676856e-05 -0.22238343861
16.3048658721 1.35943375783e-05 -0.221682994868
16.3676977252 1.33955167412e-05 -0.220986479078
16.4305295783 1.3200134271e-05 -0.220293862907
16.4933614313 1.30081208303e-05 -0.219605118229
16.5561932844 1.28194088154e-05 -0.218920217131
16.6190251375 1.26339320428e-05 -0.218239131906
16.6818569906 1.24516258566e-05 -0.217561835055
16.7446888436 1.22724271643e-05 -0.216888299286
16.8075206967 1.2096274256e-05 -0.216218497512
16.8703525498 1.19231067677e-05 -0.215552402852
16.9331844028 1.1752865829e-05 -0.214889988627
16.9960162559 1.15854937377e-05 -0.21423122836
17.058848109 1.14209342774e-05 -0.213576095779
17.1216799621 1.12591323411e-05 -0.21292456481
17.1845118151 1.11000341176e-05 -0.21227660958
17.2473436682 1.09435869362e-05 -0.211632204411
17.3101755213 1.0789739382e-05 -0.210991323827
17.3730073744 1.06384412053e-05 -0.210353942546
17.4358392274 1.0489643099e-05 -0.209720035484
17.4986710805 1.03432970047e-05 -0.209089577744
17.5615029336 1.01993558523e-05 -0.208462544631
17.6243347866 1.00577736548e-05 -0.207838911636
17.6871666397 9.91850532284e-06 -0.207218654443
17.7499984928 9.78150689335e-06 -0.206601748923
17.8128303459 9.64673526038e-06 -0.205988171142
17.8756621989 9.51414825501e-06 -0.205377897345
17.938494052 9.38370468351e-06 -0.204770903968
18.0013259051 9.25536417196e-06 -0.204167167633
18.0641577581 9.12908728079e-06 -0.203566665141
18.1269896112 9.00483533961e-06 -0.202969373479
18.1898214643 8.88257057419e-06 -0.202375269818
18.2526533174 8.76225598656e-06 -0.201784331502
18.3154851704 8.64385536747e-06 -0.201196536061
18.3783170235 8.52733323597e-06 -0.200611861197
18.4411488766 8.41265494778e-06 -0.200030284795
18.5039807296 8.29978654426e-06 -0.199451784911
18.5668125827 8.1886947223e-06 -0.198876339775
18.6296444358 8.07934700209e-06 -0.198303927794
18.6924762889 7.97171150424e-06 -0.197734527544
18.7553081419 7.8657570084e-06 -0.197168117769
18.818139995 7.76145295678e-06 -0.196604677388
18.8809718481 7.65876946485e-06 -0.196044185486
18.9438037011 7.55767722005e-06 -0.195486621313
19.0066355542 7.45814752356e-06 -0.194931964288
19.0694674073 7.36015229741e-06 -0.194380193992
19.1322992604 7.2636639894e-06 -0.193831290171
19.1951311134 7.16865564332e-06 -0.193285232732
19.2579629665 7.07510087494e-06 -0.192742001745
19.3207948196 6.9829737992e-06 -0.192201577438
19.3836266726 6.89224910033e-06 -0.191663940199
19.4464585257 6.80290188626e-06 -0.191129070571
19.5092903788 6.71490788395e-06 -0.190596949255
19.5721222319 6.62824325026e-06 -0.190067557108
19.6349540849 6.54288461366e-06 -0.18954087514
19.697785938 6.458809092e-06 -0.189016884512
19.7606177911 6.37599424191e-06 -0.188495566538
19.8234496442 6.29441810762e-06 -0.187976902685
19.8862814972 6.21405912593e-06 -0.187460874563
19.9491133503 6.13489619994e-06 -0.186947463934
20.0119452034 6.05690863242e-06 -0.186436652709
20.0747770564 5.98007611874e-06 -0.18592842294
20.1376089095 5.90437875303e-06 -0.185422756825
20.2004407626 5.82979710195e-06 -0.184919636706
20.2632726157 5.75631198796e-06 -0.184419045068
20.3261044687 5.68390472022e-06 -0.183920964536
20.3889363218 5.61255689835e-06 -0.183425377876
20.4517681749 5.54225051008e-06 -0.18293226799
20.5146000279 5.47296787801e-06 -0.182441617922
20.577431881 5.40469172172e-06 -0.181953410849
20.6402637341 5.33740499264e-06 -0.181467630085
20.7030955872 5.27109109605e-06 -0.180984259079
20.7659274402 5.20573362639e-06 -0.180503281413
20.8287592933 5.14131660001e-06 -0.180024680799
20.8915911464 5.07782428549e-06 -0.179548441083
20.9544229994 5.01524127117e-06 -0.179074546242
21.0172548525 4.95355241004e-06 -0.178602980377
21.0800867056 4.89274286775e-06 -0.178133727721
21.1429185587 4.83279813324e-06 -0.177666772633
21.2057504117 4.77370385088e-06 -0.177202099596
21.2685822648 4.71544607361e-06 -0.176739693222
21.3314141179 4.65801100002e-06 -0.176279538243
21.3942459709 4.60138518754e-06 -0.175821619515
21.457077824 4.54555536678e-06 -0.175365922013
21.5199096771 4.49050855167e-06 -0.174912430838
21.5827415302 4.43623200663e-06 -0.174461131205
21.6455733832 4.38271320835e-06 -0.174012008452
21.7084052363 4.32993988486e-06 -0.173565048032
21.7712370894 4.27789999335e-06 -0.173120235516
21.8340689424 4.22658170418e-06 -0.172677556589
21.8969007955 4.17597337865e-06 -0.172236997052
21.9597326486 4.12606362588e-06 -0.17179854282
22.0225645017 4.07684131254e-06 -0.171362179919
22.0853963547 4.02829539148e-06 -0.170927894488
22.1482282078 3.98041510152e-06 -0.170495672775
22.2110600609 3.93318984671e-06 -0.170065501144
22.273891914 3.88660924067e-06 -0.169637366058
22.336723767 3.84066310488e-06 -0.169211254096
22.3995556201 3.79534137096e-06 -0.168787151941
22.4623874732 3.75063422187e-06 -0.168365046381
22.5252193262 3.70653199777e-06 -0.167944924312
22.5880511793 3.66302522981e-06 -0.167526772732
22.6508830324 3.62010451838e-06 -0.167110578743
22.7137148855 3.5777607712e-06 -0.166696329552
22.7765467385 3.53598501146e-06 -0.166284012463
22.8393785916 3.49476838224e-06 -0.165873614883
22.9022104447 3.45410221225e-06 -0.165465124321
22.9650422977 3.41397799364e-06 -0.165058528382
23.0278741508 3.37438736331e-06 -0.164653814771
23.0907060039 3.33532205321e-06 -0.16425097129
23.153537857 3.29677402089e-06 -0.163849985834
23.21636971 3.2587353811e-06 -0.163450846398
23.2792015631 3.22119826102e-06 -0.163053541073
23.3420334162 3.18415501788e-06 -0.16265805804
23.4048652692 3.1475981519e-06 -0.162264385573
23.4676971223 3.11152024857e-06 -0.161872512041
23.5305289754 3.07591403725e-06 -0.161482425905
23.5933608285 3.04077239921e-06 -0.161094115712
23.6561926815 3.00608833559e-06 -0.160707570107
23.7190245346 2.97185486708e-06 -0.160322777814
23.7818563877 2.93806528173e-06 -0.159939727656
23.8446882407 2.90471293241e-06 -0.159558408535
23.9075200938 2.87179124037e-06 -0.159178809444
23.9703519469 2.83929376099e-06 -0.158800919464
24.0331838 2.80721418733e-06 -0.158424727755
24.096015653 2.77554631634e-06 -0.158050223568
24.1588475061 2.74428403113e-06 -0.157677396236
24.2216793592 2.71342128322e-06 -0.157306235171
24.2845112122 2.68295219197e-06 -0.156936729874
24.3473430653 2.65287097712e-06 -0.156568869925
24.4101749184 2.62317190547e-06 -0.156202644984
24.4730067715 2.59384939305e-06 -0.155838044789
24.5358386245 2.56489785233e-06 -0.155475059166
24.5986704776 2.53631190184e-06 -0.15511367801
24.6615023307 2.50808622404e-06 -0.1547538913
24.7243341838 2.4802155334e-06 -0.154395689093
24.7871660368 2.45269468468e-06 -0.15403906152
24.8499978899 2.42551863483e-06 -0.153683998787
24.912829743 2.39868232832e-06 -0.153330491181
24.975661596 2.37218094057e-06 -0.152978529058
25.0384934491 2.34600956794e-06 -0.152628102853
25.1013253022 2.32016348978e-06 -0.152279203072
25.1641571553 2.29463806622e-06 -0.151931820292
25.2269890083 2.26942867965e-06 -0.151585945169
25.2898208614 2.24453078523e-06 -0.15124156842
25.3526527145 2.2199399794e-06 -0.150898680845
25.4154845675 2.19565187187e-06 -0.150557273307
25.4783164206 2.17166218164e-06 -0.150217336739
25.5411482737 2.1479666632e-06 -0.149878862145
25.6039801268 2.12456114834e-06 -0.149541840599
25.6668119798 2.10144154611e-06 -0.14920626324
25.7296438329 2.07860382773e-06 -0.148872121276
25.792475686 2.05604405057e-06 -0.148539405982
25.855307539 2.03375828534e-06 -0.148208108696
25.9181393921 2.0117427102e-06 -0.147878220826
25.9809712452 1.98999353618e-06 -0.147549733846
26.0438030983 1.96850704093e-06 -0.147222639288
26.1066349513 1.94727957847e-06 -0.146896928754
26.1694668044 1.92630755347e-06 -0.146572593908
26.2322986575 1.90558741853e-06 -0.146249626474
26.2951305105 1.88511570087e-06 -0.145928018242
26.3579623636 1.86488894194e-06 -0.145607761061
26.4207942167 1.8449037622e-06 -0.145288846846
26.4836260698 1.82515689051e-06 -0.144971267565
26.5464579228 1.8056450104e-06 -0.144655015251
26.6092897759 1.78636490844e-06 -0.144340082
26.672121629 1.76731339252e-06 -0.144026459958
26.734953482 1.7484873851e-06 -0.143714141337
26.7977853351 1.72988378644e-06 -0.143403118407
26.8606171882 1.71149959982e-06 -0.143093383492
26.9234490413 1.69333180278e-06 -0.142784928973
26.9862808943 1.6753775034e-06 -0.142477747293
27.0491127474 1.65763378934e-06 -0.142171830946
27.1119446005 1.6400978371e-06 -0.141867172481
27.1747764536 1.62276686222e-06 -0.141563764507
27.2376083066 1.6056380634e-06 -0.141261599685
27.3004401597 1.58870878053e-06 -0.14096067073
27.3632720128 1.57197626827e-06 -0.14066097041
27.4261038658 1.55543800506e-06 -0.140362491551
27.4889357189 1.53909130862e-06 -0.140065227024
27.551767572 1.5229336503e-06 -0.139769169761
27.6145994251 1.50696255297e-06 -0.139474312737
27.6774312781 1.49117550396e-06 -0.139180648986
27.7402631312 1.47557006969e-06 -0.138888171591
27.8030949843 1.46014386893e-06 -0.138596873685
27.8659268373 1.44489454978e-06 -0.13830674845
27.9287586904 1.42981972395e-06 -0.138017789119
27.9915905435 1.41491716121e-06 -0.137729988975
28.0544223966 1.40018455763e-06 -0.137443341348
28.1172542496 1.38561973007e-06 -0.137157839621
28.1800861027 1.37122046873e-06 -0.136873477217
28.2429179558 1.35698461534e-06 -0.136590247616
28.3057498088 1.34291001341e-06 -0.136308144339
28.3685816619 1.32899460947e-06 -0.136027160956
28.431413515 1.31523632962e-06 -0.135747291084
28.4942453681 1.30163310974e-06 -0.135468528383
28.5570772211 1.28818298073e-06 -0.135190866564
28.6199090742 1.27488394597e-06 -0.134914299379
28.6827409273 1.26173410386e-06 -0.134638820627
28.7455727803 1.24873145957e-06 -0.134364424151
28.8084046334 1.23587418877e-06 -0.134091103837
28.8712364865 1.22316039697e-06 -0.133818853616
28.9340683396 1.21058828384e-06 -0.133547667464
28.9969001926 1.19815599753e-06 -0.133277539398
29.0597320457 1.1858617972e-06 -0.133008463478
29.1225638988 1.17370388875e-06 -0.132740433805
29.1853957518 1.16168058284e-06 -0.132473444526
29.2482276049 1.1497901431e-06 -0.132207489826
29.311059458 1.13803091573e-06 -0.131942563932
29.3738913111 1.12640122207e-06 -0.131678661113
29.4367231641 1.11489942434e-06 -0.131415775678
29.4995550172 1.10352393801e-06 -0.131153901976
29.5623868703 1.09227315814e-06 -0.130893034398
29.6252187234 1.08114553043e-06 -0.130633167372
29.6880505764 1.07013951656e-06 -0.130374295365
29.7508824295 1.0592535995e-06 -0.130116412884
29.8137142826 1.04848628713e-06 -0.129859514479
29.8765461356 1.0378360642e-06 -0.129603594729
29.9393779887 1.02730152651e-06 -0.129348648257
30.0022098418 1.0168812139e-06 -0.129094669726
30.0650416949 1.00657369817e-06 -0.128841653831
30.1278735479 9.96377607976e-07 -0.128589595302
30.190705401 9.8629157641e-07 -0.128338488916
30.2535372541 9.76314235679e-07 -0.128088329478
30.3163691071 9.66444227757e-07 -0.127839111833
30.3792009602 9.56680263897e-07 -0.127590830858
30.4420328133 9.47021048248e-07 -0.127343481469
30.5048646664 9.37465280515e-07 -0.127097058613
30.5676965194 9.28011687051e-07 -0.126851557281
30.6305283725 9.18659058158e-07 -0.126606972488
30.6933602256 9.09406139726e-07 -0.126363299291
30.7561920786 9.00251718505e-07 -0.126120532776
30.8190239317 8.91194623875e-07 -0.125878668068
30.8818557848 8.8223365502e-07 -0.125637700319
30.9446876379 8.73367637766e-07 -0.125397624717
31.0075194909 8.64595474326e-07 -0.125158436491
31.070351344 8.55915996745e-07 -0.12492013089
31.1331831971 8.47328088582e-07 -0.124682703201
31.1960150501 8.38830670702e-07 -0.124446148746
31.2588469032 8.3042261334e-07 -0.124210462876
31.3216787563 8.22102932396e-07 -0.123975640971
31.3845106094 8.13870472349e-07 -0.123741678448
31.4473424624 8.05724286401e-07 -0.123508570753
31.5101743155 7.97663258112e-07 -0.12327631336
31.5730061686 7.89686440683e-07 -0.123044901778
31.6358380216 7.81792820703e-07 -0.122814331544
31.6986698747 7.73981394531e-07 -0.122584598227
31.7615017278 7.66251186946e-07 -0.122355697423
31.8243335809 7.58601278683e-07 -0.122127624762
31.8871654339 7.51030665214e-07 -0.121900375897
31.949997287 7.43538453918e-07 -0.121673946517
32.0128291401 7.36123729084e-07 -0.121448332335
32.0756609932 7.28785525261e-07 -0.121223529098
32.1384928462 7.2152303332e-07 -0.120999532575
32.2013246993 7.14335304686e-07 -0.120776338568
32.2641565524 7.07221476048e-07 -0.120553942908
32.3269884054 7.00180675217e-07 -0.120332341447
32.3898202585 6.93212092173e-07 -0.12011153007
32.4526521116 6.86314858278e-07 -0.119891504693
32.5154839647 6.79488138644e-07 -0.119672261253
32.5783158177 6.72731141904e-07 -0.119453795712
32.6411476708 6.66043053599e-07 -0.119236104064
32.7039795239 6.5942305838e-07 -0.11901918233
32.7668113769 6.52870391527e-07 -0.118803026557
32.82964323 6.46384268777e-07 -0.118587632811
32.8924750831 6.39963937843e-07 -0.118372997193
32.9553069362 6.3360862157e-07 -0.118159115826
33.0181387892 6.27317602309e-07 -0.117945984857
33.0809706423 6.21090105568e-07 -0.11773360046
33.1438024954 6.1492546255e-07 -0.117521958835
33.2066343484 6.0882290942e-07 -0.117311056207
33.2694662015 6.02781781822e-07 -0.117100888823
33.3322980546 5.96801308816e-07 -0.116891452957
33.3951299077 5.90880878448e-07 -0.116682744903
33.4579617607 5.85019765076e-07 -0.116474760989
33.5207936138 5.79217330099e-07 -0.116267497556
33.5836254669 5.73472865639e-07 -0.116060950974
33.6464573199 5.67785758854e-07 -0.115855117635
33.709289173 5.62155349826e-07 -0.115649993959
33.7721210261 5.56580986633e-07 -0.115445576382
33.8349528792 5.51062073306e-07 -0.115241861368
33.8977847322 5.45597958812e-07 -0.115038845401
33.9606165853 5.40188036524e-07 -0.11483652499
34.0234484384 5.34831706034e-07 -0.114634896667
34.0862802914 5.29528384696e-07 -0.114433956983
34.1491121445 5.24277422365e-07 -0.114233702513
34.2119439976 5.1907830656e-07 -0.114034129853
34.2747758507 5.13930419999e-07 -0.113835235625
34.3376077037 5.08833224444e-07 -0.113637016466
34.4004395568 5.03786131034e-07 -0.113439469042
34.4632714099 4.98788601533e-07 -0.113242590032
34.526103263 4.93840071059e-07 -0.113046376141
34.588935116 4.88940012922e-07 -0.112850824098
34.6517669691 4.84087895103e-07 -0.112655930644
34.7145988222 4.79283190025e-07 -0.112461692548
34.7774306752 4.7452536478e-07 -0.1122681066
34.8402625283 4.69813928206e-07 -0.112075169606
34.9030943814 4.65148342066e-07 -0.11188287839
34.9659262345 4.60528137403e-07 -0.111691229806
35.0287580875 4.55952787526e-07 -0.111500220717
35.0915899406 4.51421827918e-07 -0.111309848012
35.1544217937 4.46934755871e-07 -0.111120108601
35.2172536467 4.42491126407e-07 -0.110930999406
35.2800854998 4.38090421717e-07 -0.110742517376
35.3429173529 4.33732217253e-07 -0.110554659474
35.405749206 4.29416050274e-07 -0.110367422685
35.468581059 4.25141428728e-07 -0.110180804012
35.5314129121 4.20907925403e-07 -0.109994800477
35.5942447652 4.1671512907e-07 -0.109809409117
35.6570766182 4.12562552121e-07 -0.109624626994
35.7199084713 4.08449793987e-07 -0.109440451184
35.7827403244 4.04376423901e-07 -0.109256878781
35.8455721775 4.00342000439e-07 -0.109073906898
35.9084040305 3.96346147014e-07 -0.108891532667
35.9712358836 3.92388408876e-07 -0.108709753237
36.0340677367 3.88468387236e-07 -0.108528565772
36.0968995897 3.84585728597e-07 -0.108347967456
36.1597314428 3.80739939132e-07 -0.108167955494
36.2225632959 3.76930730184e-07 -0.107988527099
36.285395149 3.73157639899e-07 -0.10780967951
36.348227002 3.6942033077e-07 -0.107631409978
36.4110588551 3.65718401341e-07 -0.107453715772
36.4738907082 3.62051501668e-07 -0.10727659418
36.5367225612 3.58419204538e-07 -0.1071000425
36.5995544143 3.54821216852e-07 -0.106924058056
36.6623862674 3.51257139819e-07 -0.106748638181
36.7252181205 3.47726617278e-07 -0.106573780226
36.7880499735 3.44229325044e-07 -0.106399481561
36.8508818266 3.40764874096e-07 -0.106225739566
36.9137136797 3.37332952682e-07 -0.106052551644
36.9765455328 3.33933204644e-07 -0.105879915208
37.0393773858 3.30565292472e-07 -0.105707827691
37.1022092389 3.27228915076e-07 -0.105536286539
37.165041092 3.23923700307e-07 -0.105365289214
37.227872945 3.20649338192e-07 -0.105194833189
37.2907047981 3.17405534744e-07 -0.105024915965
37.3535366512 3.14191947126e-07 -0.104855535042
37.4163685043 3.11008266252e-07 -0.104686687944
37.4792003573 3.07854171488e-07 -0.104518372209
37.5420322104 3.04729407929e-07 -0.104350585391
37.6048640635 3.01633615862e-07 -0.104183325053
37.6676959165 2.98566503965e-07 -0.10401658878
37.7305277696 2.95527827987e-07 -0.103850374164
37.7933596227 2.92517246869e-07 -0.103684678817
37.8561914758 2.89534456854e-07 -0.103519500363
37.9190233288 2.86579234121e-07 -0.103354836442
37.9818551819 2.83651262478e-07 -0.103190684702
38.044687035 2.80750257708e-07 -0.103027042813
38.107518888 2.77875936483e-07 -0.102863908454
38.1703507411 2.75028075869e-07 -0.102701279319
38.2331825942 2.72206365892e-07 -0.102539153114
38.2960144473 2.69410557863e-07 -0.102377527561
38.3588463003 2.66640382662e-07 -0.102216400396
38.4216781534 2.63895568509e-07 -0.102055769364
38.4845100065 2.61175869376e-07 -0.101895632227
38.5473418595 2.58481020587e-07 -0.101735986759
38.6101737126 2.55810794769e-07 -0.101576830749
38.6730055657 2.53164940567e-07 -0.101418161993
38.7358374188 2.50543211955e-07 -0.101259978308
38.7986692718 2.47945330933e-07 -0.101102277517
38.8615011249 2.45371097662e-07 -0.100945057459
38.924332978 2.42820282104e-07 -0.100788315986
38.987164831 2.40292601816e-07 -0.10063205096
39.0499966841 2.3778786673e-07 -0.100476260258
39.1128285372 2.3530582105e-07 -0.100320941767
39.1756603903 2.32846289805e-07 -0.10016609339
39.2384922433 2.30408980784e-07 -0.100011713036
39.3013240964 2.27993709245e-07 -0.0998577986315
39.3641559495 2.25600261139e-07 -0.0997043481129
39.4269878026 2.23228399321e-07 -0.0995513594316
39.4898196556 2.20877921286e-07 -0.0993988305427
39.5526515087 2.18548616537e-07 -0.0992467594203
39.6154833618 2.16240274575e-07 -0.0990951440502
39.6783152148 2.13952684014e-07 -0.0989439824252
39.7411470679 2.11685635243e-07 -0.0987932725532
39.803978921 2.09438956844e-07 -0.0986430124516
39.8668107741 2.07212398351e-07 -0.0984932001526
39.9296426271 2.05005807885e-07 -0.0983438336923
39.9924744802 2.02818959849e-07 -0.0981949111273
40.0553063333 2.0065168016e-07 -0.098046430516
40.1181381863 1.98503753879e-07 -0.0978983899343
40.1809700394 1.96375035344e-07 -0.0977507874698
40.2438018925 1.94265285636e-07 -0.0976036212155
40.3066337456 1.92174342217e-07 -0.097456889279
40.3694655986 1.90102031894e-07 -0.0973105897761
40.4322974517 1.88048158378e-07 -0.0971647208369
40.4951293048 1.86012527159e-07 -0.0970192805985
40.5579611578 1.83995021885e-07 -0.0968742672105
40.6207930109 1.8199541163e-07 -0.0967296788312
40.683624864 1.80013548956e-07 -0.096585513632
40.7464567171 1.7804921093e-07 -0.0964417697945
40.8092885701 1.76102313176e-07 -0.0962984455039
40.8721204232 1.74172611445e-07 -0.0961555389638
40.9349522763 1.7225998139e-07 -0.0960130483861
40.9977841293 1.70364266694e-07 -0.0958709719871
41.0606159824 1.68485268404e-07 -0.0957293080017
41.1234478355 1.66622851516e-07 -0.0955880546655
41.1862796886 1.64776838396e-07 -0.0954472102336
41.2491115416 1.6294708427e-07 -0.0953067729626
41.3119433947 1.61133444365e-07 -0.0951667411235
41.3747752478 1.59335745487e-07 -0.0950271129931
41.4376071008 1.5755384819e-07 -0.094887886862
41.5004389539 1.55787585499e-07 -0.0947490610282
41.563270807 1.54036827738e-07 -0.0946106337985
41.6261026601 1.52301426581e-07 -0.0944726034894
41.6889345131 1.50581199954e-07 -0.094334968427
41.7517663662 1.48876062589e-07 -0.0941977269473
41.8145982193 1.47185836852e-07 -0.0940608773945
41.8774300724 1.4551039218e-07 -0.0939244181216
41.9402619254 1.43849566925e-07 -0.0937883474948
42.0030937785 1.42203242071e-07 -0.0936526638792
42.0659256316 1.40571271956e-07 -0.0935173656605
42.1287574846 1.38953549111e-07 -0.0933824512245
42.1915893377 1.37349890572e-07 -0.0932479189721
42.2544211908 1.35760192421e-07 -0.0931137673094
42.3172530439 1.34184348077e-07 -0.0929799946503
42.3800848969 1.32622171023e-07 -0.0928465994216
42.44291675 1.31073583987e-07 -0.0927135800543
42.5057486031 1.29538436866e-07 -0.0925809349891
42.5685804561 1.2801660354e-07 -0.092448662675
42.6314123092 1.26507949005e-07 -0.0923167615736
42.6942441623 1.25012369345e-07 -0.0921852301496
42.7570760154 1.23529735774e-07 -0.0920540668758
42.8199078684 1.22059943486e-07 -0.0919232702364
42.8827397215 1.20602841491e-07 -0.0917928387227
42.9455715746 1.19158324097e-07 -0.0916627708352
43.0084034276 1.17726310478e-07 -0.0915330650781
43.0712352807 1.16306621223e-07 -0.0914037199668
43.1340671338 1.14899211034e-07 -0.0912747340278
43.1968989869 1.13503900501e-07 -0.0911461057918
43.2597308399 1.12120594586e-07 -0.0910178337931
43.322562693 1.10749227566e-07 -0.0908899165828
43.3853945461 1.09389636904e-07 -0.0907623527142
43.4482263991 1.08041730229e-07 -0.0906351407485
43.5110582522 1.0670543471e-07 -0.0905082792597
43.5738901053 1.05380591364e-07 -0.09038176682
43.6367219584 1.04067110485e-07 -0.090255602016
43.6995538114 1.0276489526e-07 -0.0901297834418
43.7623856645 1.01473845326e-07 -0.0900043096969
43.8252175176 1.00193863872e-07 -0.0898791793873
43.8880493706 9.89248176708e-08 -0.0897543911291
43.9508812237 9.76666436614e-08 -0.0896299435438
44.0137130768 9.64192325981e-08 -0.089505835263
44.0765449299 9.51824699058e-08 -0.0893820649201
44.1393767829 9.39562889712e-08 -0.0892586311597
44.202208636 9.27405610085e-08 -0.0891355326302
44.2650404891 9.15352167397e-08 -0.0890127679932
44.3278723422 9.03401327079e-08 -0.088890335916
44.3907041952 8.91552609517e-08 -0.0887682350634
44.4535360483 8.79804584741e-08 -0.0886464641214
44.5163679014 8.68156693201e-08 -0.0885250217709
44.5791997544 8.56607789146e-08 -0.0884039067044
44.6420316075 8.45157366314e-08 -0.0882831176247
44.7048634606 8.33804092437e-08 -0.0881626532363
44.7676953137 8.22547248092e-08 -0.0880425122511
44.8305271667 8.11386131616e-08 -0.0879226933908
44.8933590198 8.00319650551e-08 -0.0878031953795
44.9561908729 7.89347085473e-08 -0.0876840169517
45.0190227259 7.78467459384e-08 -0.0875651568476
45.081854579 7.6768015056e-08 -0.0874466138102
45.1446864321 7.56984253059e-08 -0.0873283865926
45.2075182852 7.46378985284e-08 -0.0872104739564
45.2703501382 7.35863290302e-08 -0.0870928746638
45.3331819913 7.25436670734e-08 -0.0869755874873
45.3960138444 7.15098051884e-08 -0.0868586112056
45.4588456974 7.04847105126e-08 -0.0867419446034
45.5216775505 6.94682471547e-08 -0.0866255864677
45.5845094036 6.84603795875e-08 -0.0865095355976
45.6473412567 6.74609994533e-08 -0.0863937907948
45.7101731097 6.64700774422e-08 -0.0862783508688
45.7730049628 6.54875211836e-08 -0.0861632146356
45.8358368159 6.45131965626e-08 -0.0860483809119
45.8986686689 6.35471195665e-08 -0.0859338485317
45.961500522 6.25891809491e-08 -0.0858196163216
46.0243323751 6.1639302551e-08 -0.0857056831242
46.0871642282 6.06973893369e-08 -0.0855920477807
46.1499960812 5.97634288724e-08 -0.0854787091449
46.2128279343 5.88373136878e-08 -0.0853656660714
46.2756597874 5.79189984862e-08 -0.0852529174209
46.3384916404 5.70083820151e-08 -0.0851404620669
46.4013234935 5.61054287473e-08 -0.0850282988793
46.4641553466 5.52100356543e-08 -0.0849164267368
46.5269871997 5.43221663207e-08 -0.0848048445229
46.5898190527 5.34417550213e-08 -0.0846935511318
46.6526509058 5.25687084973e-08 -0.0845825454571
46.7154827589 5.17030001035e-08 -0.0844718264009
46.778314612 5.084455168e-08 -0.0843613928719
46.841146465 4.99932832909e-08 -0.0842512437817
46.9039783181 4.91491434218e-08 -0.0841413780487
46.9668101712 4.8312069012e-08 -0.0840317945943
47.0296420242 4.74819907836e-08 -0.0839224923484
47.0924738773 4.6658880315e-08 -0.0838134702464
47.1553057304 4.58426736571e-08 -0.0837047272273
47.2181375835 4.50332544588e-08 -0.0835962622347
47.2809694365 4.423061295e-08 -0.0834880742181
47.3438012896 4.34347064981e-08 -0.0833801621342
47.4066331427 4.26454080937e-08 -0.0832725249436
47.4694649957 4.18627115195e-08 -0.0831651616097
47.5322968488 4.1086569702e-08 -0.0830580711034
47.5951287019 4.03168955998e-08 -0.0829512524012
47.657960555 3.95536421394e-08 -0.082844704484
47.720792408 3.87967595827e-08 -0.082738426338
47.7836242611 3.80461839811e-08 -0.0826324169507
47.8464561142 3.73018913535e-08 -0.0825266753204
47.9092879672 3.6563771566e-08 -0.0824212004515
47.9721198203 3.58318192895e-08 -0.0823159913399
48.0349516734 3.51059785686e-08 -0.0822110470026
48.0977835265 3.43861863428e-08 -0.0821063664561
48.1606153795 3.36723822159e-08 -0.0820019487132
48.2234472326 3.29644995745e-08 -0.0818977928061
48.2862790857 3.22625268723e-08 -0.0817938977613
48.3491109387 3.1566417924e-08 -0.0816902626117
48.4119427918 3.08760972345e-08 -0.0815868863972
48.4747746449 3.01914795386e-08 -0.0814837681623
48.537606498 2.95126039163e-08 -0.0813809069545
48.600438351 2.88393531278e-08 -0.0812783018282
48.6632702041 2.81716978634e-08 -0.0811759518386
48.7261020572 2.75096150304e-08 -0.0810738560459
48.7889339102 2.68530051528e-08 -0.0809720135211
48.8517657633 2.62018886588e-08 -0.0808704233347
48.9145976164 2.55561678486e-08 -0.0807690845602
48.9774294695 2.49158098597e-08 -0.0806679962751
49.0402613225 2.42807791651e-08 -0.0805671575706
49.1030931756 2.36510162566e-08 -0.08046656753
49.1659250287 2.3026490048e-08 -0.0803662252455
49.2287568818 2.24071579069e-08 -0.0802661298204
49.2915887348 2.17929807533e-08 -0.0801662803509
49.3544205879 2.11838750985e-08 -0.0800666759463
49.417252441 2.05798524888e-08 -0.0799673157158
49.480084294 1.99808392054e-08 -0.0798681987729
49.5429161471 1.93867730758e-08 -0.079769324238
49.6057480002 1.87976638699e-08 -0.0796706912359
49.6685798533 1.8213428099e-08 -0.0795722988907
49.7314117063 1.76340471114e-08 -0.0794741463335
49.7942435594 1.70594738336e-08 -0.0793762327002
49.8570754125 1.64896913901e-08 -0.0792785571329
49.9199072655 1.59246154041e-08 -0.0791811187711
49.9827391186 1.53642165657e-08 -0.0790839167667
50.0455709717 1.48084975393e-08 -0.0789869502697
50.1084028248 1.42573615136e-08 -0.0788902184329
50.1712346778 1.37108209231e-08 -0.0787937204213
50.2340665309 1.31688189242e-08 -0.0786974553949
50.296898384 1.26313057791e-08 -0.0786014225215
50.359730237 1.20982495133e-08 -0.0785056209721
50.4225620901 1.15696092706e-08 -0.0784100499255
50.4853939432 1.10453752811e-08 -0.0783147085547
50.5482257963 1.05254720495e-08 -0.0782195960491
50.6110576493 1.00098969114e-08 -0.0781247115929
50.6738895024 9.49858769417e-09 -0.0780300543758
50.7367213555 8.99153995704e-09 -0.0779356235939
50.7995532085 8.48867021119e-09 -0.0778414184449
50.8623850616 7.99000599017e-09 -0.0777474381311
50.9252169147 7.49547890422e-09 -0.0776536818563
50.9880487678 7.00503832718e-09 -0.077560148833
51.0508806208 6.51866916002e-09 -0.077466838271
51.1137124739 6.03633676377e-09 -0.0773737493891
51.176544327 5.55802515123e-09 -0.0772808814069
51.23937618 5.08365971541e-09 -0.0771882335469
51.3022080331 4.61325377898e-09 -0.0770958050418
51.3650398862 4.14675938032e-09 -0.0770035951162
51.4278717393 3.68412411689e-09 -0.0769116030068
51.4907035923 3.22533644237e-09 -0.0768198279521
51.5535354454 2.77037237595e-09 -0.076728269196
51.6163672985 2.31918484417e-09 -0.0766369259802
51.6791991516 1.87173920807e-09 -0.0765457975532
51.7420310046 1.42800526959e-09 -0.0764548831702
51.8048628577 9.87992798684e-10 -0.0763641820833
51.8676947108 5.5160054302e-10 -0.0762736935545
51.9305265638 1.18850707054e-10 -0.0761834168447
51.9933584169 -3.10298453599e-10 -0.0760933512175
52.05619027 -7.35867367041e-10 -0.0760034959431
52.1190221231 -1.15791110034e-09 -0.0759138502954
52.1818539761 -1.57642432441e-09 -0.0758244135498
52.2446858292 -1.99148342261e-09 -0.075735184984
52.3075176823 -2.40306174959e-09 -0.0756461638802
52.3703495353 -2.81121970147e-09 -0.0755573495224
52.4331813884 -3.21596971276e-09 -0.0754687412019
52.4960132415 -3.61734908694e-09 -0.0753803382133
52.5588450946 -4.01538002848e-09 -0.0752921398433
52.6216769476 -4.41013092711e-09 -0.0752041453973
52.6845088007 -4.80154671578e-09 -0.0751163541742
52.7473406538 -5.18969578422e-09 -0.0750287654773
52.8101725068 -5.57462431772e-09 -0.074941378618
52.8730043599 -5.95632787537e-09 -0.074854192906
52.935836213 -6.33487751145e-09 -0.0747672076547
52.9986680661 -6.71023236976e-09 -0.0746804221747
53.0614999191 -7.08248037995e-09 -0.0745938357962
53.1243317722 -7.45157535675e-09 -0.0745074478397
53.1871636253 -7.81762476976e-09 -0.0744212576268
53.2499954783 -8.18058509822e-09 -0.0743352644928
53.3128273314 -8.54053094912e-09 -0.0742494677641
53.3756591845 -8.89744367072e-09 -0.0741638667798
53.4384910376 -9.25139520547e-09 -0.0740784608789
53.5013228906 -9.60236423708e-09 -0.0739932493972
53.5641547437 -9.95039428631e-09 -0.0739082316832
53.6269865968 -1.02954968995e-08 -0.0738234070815
53.6898184498 -1.06377235909e-08 -0.0737387749424
53.7526503029 -1.09770770251e-08 -0.0736543346211
53.815482156 -1.13135740776e-08 -0.0735700854724
53.8783140091 -1.16472591571e-08 -0.0734860268521
53.9411458621 -1.19781384811e-08 -0.0734021581218
54.0039777152 -1.23062324775e-08 -0.073318478647
54.0668095683 -1.26315722326e-08 -0.0732349877944
54.1296414214 -1.29541648519e-08 -0.0731516849327
54.1924732744 -1.32740547443e-08 -0.0730685694361
54.2553051275 -1.35912756605e-08 -0.0729856406807
54.3181369806 -1.39057707571e-08 -0.0729028980384
54.3809688336 -1.4217643951e-08 -0.0728203408969
54.4438006867 -1.45268872487e-08 -0.072737968635
54.5066325398 -1.48335281835e-08 -0.0726557806413
54.5694643929 -1.51375765256e-08 -0.0725737763045
54.6322962459 -1.54390571439e-08 -0.0724919550142
54.695128099 -1.57379691501e-08 -0.0724103161651
54.7579599521 -1.60343907041e-08 -0.0723288591558
54.8207918051 -1.63282649623e-08 -0.0722475833848
54.8836236582 -1.66196949536e-08 -0.0721664882507
54.9464555113 -1.6908641598e-08 -0.0720855731648
55.0092873644 -1.71951271e-08 -0.0720048375267
55.0721192174 -1.74791709995e-08 -0.0719242807541
55.1349510705 -1.7760850568e-08 -0.0718439022502
55.1977829236 -1.80400920868e-08 -0.0717637014382
55.2606147766 -1.83170065782e-08 -0.0716836777314
55.3234466297 -1.85915407513e-08 -0.0716038305491
55.3862784828 -1.88637239162e-08 -0.0715241593179
55.4491103359 -1.91336155808e-08 -0.0714446634564
55.5119421889 -1.94012077515e-08 -0.0713653423971
55.574774042 -1.96665048691e-08 -0.0712861955663
55.6376058951 -1.99295415726e-08 -0.0712072224012
55.7004377481 -2.01903400665e-08 -0.0711284223307
55.7632696012 -2.04489225553e-08 -0.0710497947945
55.8261014543 -2.0705265058e-08 -0.0709713392329
55.8889333074 -2.095944307e-08 -0.0708930550862
55.9517651604 -2.12114112941e-08 -0.0708149418001
56.0145970135 -2.14612416727e-08 -0.070736998824
56.0774288666 -2.17089493049e-08 -0.0706592256008
56.1402607196 -2.19545057689e-08 -0.0705816215848
56.2030925727 -2.21979492565e-08 -0.070504186233
56.2659244258 -2.24393037485e-08 -0.0704269189944
56.3287562789 -2.26786092128e-08 -0.070349819336
56.3915881319 -2.29158167997e-08 -0.0702728867118
56.454419985 -2.31510135507e-08 -0.0701961205881
56.5172518381 -2.33841648267e-08 -0.0701195204269
56.5800836912 -2.36152768451e-08 -0.0700430857004
56.6429155442 -2.3844434871e-08 -0.0699668158747
56.7057473973 -2.40715891664e-08 -0.0698907104239
56.7685792504 -2.42967894692e-08 -0.0698147688208
56.8314111034 -2.45200357796e-08 -0.0697389905412
56.8942429565 -2.4741320992e-08 -0.0696633750653
56.9570748096 -2.49607170488e-08 -0.0695879218765
57.0199066627 -2.51782008576e-08 -0.0695126304556
57.0827385157 -2.53937857408e-08 -0.0694375002836
57.1455703688 -2.56075001204e-08 -0.0693625308538
57.2084022219 -2.58193511016e-08 -0.0692877216536
57.2712340749 -2.60293591126e-08 -0.0692130721741
57.334065928 -2.62375214888e-08 -0.0691385819114
57.3968977811 -2.64438995146e-08 -0.0690642503579
57.4597296342 -2.66484327938e-08 -0.0689900770133
57.5225614872 -2.6851169288e-08 -0.0689160613785
57.5853933403 -2.70521383072e-08 -0.0688422029563
57.6482251934 -2.72513496213e-08 -0.0687685012465
57.7110570464 -2.7448826323e-08 -0.0686949557616
57.7738888995 -2.76445346614e-08 -0.0686215660044
57.8367207526 -2.78385519081e-08 -0.0685483314929
57.8995526057 -2.80308167788e-08 -0.0684752517297
57.9623844587 -2.8221406545e-08 -0.0684023262369
58.0252163118 -2.84103247594e-08 -0.068329554527
58.0880481649 -2.85975607639e-08 -0.0682569361198
58.1508800179 -2.87831083412e-08 -0.0681844705382
58.213711871 -2.89670678555e-08 -0.0681121572983
58.2765437241 -2.91493451599e-08 -0.0680399959313
58.3393755772 -2.93300255194e-08 -0.0679679859617
58.4022074302 -2.95091018288e-08 -0.0678961269146
58.4650392833 -2.96865563243e-08 -0.0678244183236
58.5278711364 -2.98624547312e-08 -0.067752859718
58.5907029894 -3.0036764187e-08 -0.0676814506362
58.6535348425 -3.02095308768e-08 -0.0676101906128
58.7163666956 -3.03807228264e-08 -0.0675390791819
58.7791985487 -3.05503906617e-08 -0.0674681158876
58.8420304017 -3.07185255011e-08 -0.0673973002713
58.9048622548 -3.08851664244e-08 -0.0673266318742
58.9676941079 -3.10502965561e-08 -0.0672561102444
59.030525961 -3.121394343e-08 -0.0671857349258
59.093357814 -3.13761043813e-08 -0.0671155054724
59.1561896671 -3.15368007264e-08 -0.0670454214275
59.2190215202 -3.16960413471e-08 -0.0669754823529
59.2818533732 -3.18538466715e-08 -0.066905687797
59.3446852263 -3.20101731788e-08 -0.0668360373178
59.4075170794 -3.21651087987e-08 -0.0667665304777
59.4703489325 -3.2318657972e-08 -0.0666971668281
59.5331807855 -3.24707505328e-08 -0.06662794594
59.5960126386 -3.26214930624e-08 -0.0665588673699
59.6588444917 -3.27708349346e-08 -0.0664899306856
59.7216763447 -3.29188143411e-08 -0.0664211354538
59.7845081978 -3.30654144065e-08 -0.0663524812444
59.8473400509 -3.32107035206e-08 -0.0662839676302
59.910171904 -3.33546186226e-08 -0.0662155941762
59.973003757 -3.34972201088e-08 -0.0661473604624
60.0358356101 -3.36384955446e-08 -0.0660792660663
60.0986674632 -3.37784724636e-08 -0.0660113105574
60.1614993162 -3.3917137543e-08 -0.0659434935224
60.2243311693 -3.40545192046e-08 -0.0658758145379
60.2871630224 -3.41906414292e-08 -0.0658082731855
60.3499948755 -3.43254473734e-08 -0.0657408690534
60.4128267285 -3.44590347368e-08 -0.0656736017245
60.4756585816 -3.45913528932e-08 -0.0656064707864
60.5384904347 -3.47224302644e-08 -0.0655394758316
60.6013222877 -3.48522588567e-08 -0.0654726164431
60.6641541408 -3.49809017308e-08 -0.065405892221
60.7269859939 -3.5108300267e-08 -0.0653393027565
60.789817847 -3.5234503315e-08 -0.0652728476432
60.8526497 -3.53595170921e-08 -0.0652065264814
60.9154815531 -3.5483339822e-08 -0.0651403388693
60.9783134062 -3.56059768336e-08 -0.065074284403
61.0411452592 -3.57274529961e-08 -0.0650083626905
61.1039771123 -3.58477612039e-08 -0.0649425733304
61.1668089654 -3.59669263261e-08 -0.0648769159319
61.2296408185 -3.60849483627e-08 -0.0648113901
61.2924726715 -3.62018450772e-08 -0.0647459954418
61.3553045246 -3.63175871598e-08 -0.0646807315664
61.4181363777 -3.64322394475e-08 -0.0646155980892
61.4809682308 -3.6545761084e-08 -0.0645505946188
61.5438000838 -3.6658194702e-08 -0.06448572077
61.6066319369 -3.67695358605e-08 -0.0644209761587
61.66946379 -3.68797987704e-08 -0.0643563604066
61.732295643 -3.69889736618e-08 -0.0642918731263
61.7951274961 -3.70970898445e-08 -0.0642275139414
61.8579593492 -3.72041437657e-08 -0.0641632824739
61.9207912023 -3.73101345374e-08 -0.0640991783421
61.9836230553 -3.74150896931e-08 -0.0640352011768
62.0464549084 -3.75190118973e-08 -0.0639713506043
62.1092867615 -3.76219091436e-08 -0.0639076262483
62.1721186145 -3.77237734384e-08 -0.0638440277388
62.2349504676 -3.78246358679e-08 -0.0637805547099
62.2977823207 -3.79244795568e-08 -0.0637172067873
62.3606141738 -3.80233329267e-08 -0.0636539836096
62.4234460268 -3.81211799905e-08 -0.0635908848084
62.4862778799 -3.82180571634e-08 -0.0635279100213
62.549109733 -3.83139733273e-08 -0.0634650588871
62.611941586 -3.84089062777e-08 -0.0634023310428
62.6747734391 -3.850286312e-08 -0.0633397261308
62.7376052922 -3.85959006977e-08 -0.0632772437903
62.8004371453 -3.86879506209e-08 -0.0632148836671
62.8632689983 -3.87790768386e-08 -0.0631526454025
62.9261008514 -3.88692837916e-08 -0.0630905286465
62.9889327045 -3.89585546046e-08 -0.0630285330435
63.0517645575 -3.90469034883e-08 -0.0629666582432
63.1145964106 -3.91343242256e-08 -0.0629049038933
63.1774282637 -3.92208674427e-08 -0.062843269651
63.2402601168 -3.93064798487e-08 -0.0627817551633
63.3030919698 -3.93912529262e-08 -0.0627203600846
63.3659238229 -3.94750880872e-08 -0.0626590840718
63.428755676 -3.95580563861e-08 -0.0625979267804
63.491587529 -3.96401622638e-08 -0.0625368878716
63.5544193821 -3.97213781866e-08 -0.0624759670022
63.6172512352 -3.98017618863e-08 -0.0624151638306
63.6800830883 -3.98812929348e-08 -0.0623544780217
63.7429149413 -3.99599580092e-08 -0.0622939092364
63.8057467944 -4.0037793525e-08 -0.0622334571416
63.8685786475 -4.01147914886e-08 -0.0621731214032
63.9314105006 -4.0190972328e-08 -0.0621129016839
63.9942423536 -4.02663085097e-08 -0.0620527976552
64.0570742067 -4.03408462191e-08 -0.061992808984
64.1199060598 -4.04145765742e-08 -0.061932935345
64.1827379128 -4.04874898052e-08 -0.0618731764074
64.2455697659 -4.05596143338e-08 -0.0618135318443
64.308401619 -4.06309368373e-08 -0.0617540013294
64.3712334721 -4.07014582038e-08 -0.0616945845436
64.4340653251 -4.07712201778e-08 -0.0616352811561
64.4968971782 -4.08402103247e-08 -0.0615760908475
64.5597290313 -4.090843575e-08 -0.0615170132992
64.6225608843 -4.09758946773e-08 -0.0614580481916
64.6853927374 -4.10425800013e-08 -0.0613991952039
64.7482245905 -4.11085263607e-08 -0.0613404540217
64.8110564436 -4.11737337558e-08 -0.061281824325
64.8738882966 -4.12381826465e-08 -0.0612233058056
64.9367201497 -4.13018987899e-08 -0.0611648981426
64.9995520028 -4.13648786335e-08 -0.061106601027
65.0623838558 -4.14271541516e-08 -0.0610484141459
65.1252157089 -4.14887111333e-08 -0.0609903371937
65.188047562 -4.15495469142e-08 -0.0609323698591
65.2508794151 -4.16096668232e-08 -0.06087451183
65.3137112681 -4.16690921767e-08 -0.060816762804
65.3765431212 -4.17278149811e-08 -0.060759122477
65.4393749743 -4.17858370128e-08 -0.0607015905384
65.5022068273 -4.18431742588e-08 -0.0606441666942
65.5650386804 -4.18998276075e-08 -0.0605868506329
65.6278705335 -4.19558094933e-08 -0.0605296420585
65.6907023866 -4.20111376798e-08 -0.0604725406708
65.7535342396 -4.20657588762e-08 -0.0604155461673
65.8163660927 -4.21197228206e-08 -0.060358658255
65.8791979458 -4.21730685929e-08 -0.060301876638
65.9420297988 -4.22257224741e-08 -0.060245201015
66.0048616519 -4.22777546305e-08 -0.0601886310951
66.067693505 -4.23291028895e-08 -0.0601321665854
66.1305253581 -4.23798480753e-08 -0.0600758071926
66.1933572111 -4.2429965319e-08 -0.0600195526259
66.2561890642 -4.24794350806e-08 -0.0599634025945
66.3190209173 -4.2528281341e-08 -0.0599073568098
66.3818527704 -4.25765191991e-08 -0.059851414985
66.4446846234 -4.26241060225e-08 -0.059795576831
66.5075164765 -4.26711084245e-08 -0.0597398420619
66.5703483296 -4.27175068651e-08 -0.0596842103952
66.6331801826 -4.27633066735e-08 -0.0596286815436
66.6960120357 -4.28084927506e-08 -0.059573255227
66.7588438888 -4.28530917418e-08 -0.0595179311647
66.8216757419 -4.28971098643e-08 -0.0594627090711
66.8845075949 -4.29405409008e-08 -0.059407588672
66.947339448 -4.29833830751e-08 -0.0593525696817
67.0101713011 -4.30256683615e-08 -0.0592976518306
67.0730031541 -4.30673603447e-08 -0.059242834837
67.1358350072 -4.31085007691e-08 -0.059188118426
67.1986668603 -4.31490621011e-08 -0.0591335023241
67.2614987134 -4.31890736508e-08 -0.0590789862562
67.3243305664 -4.32285194307e-08 -0.0590245699519
67.3871624195 -4.32674331918e-08 -0.0589702531368
67.4499942726 -4.33057678606e-08 -0.05891603554
67.5128261256 -4.33436024849e-08 -0.0588619168951
67.5756579787 -4.33808748923e-08 -0.0588078969266
67.6384898318 -4.3417625939e-08 -0.0587539753756
67.7013216849 -4.34538254268e-08 -0.0587001519658
67.7641535379 -4.34895222057e-08 -0.0586464264391
67.826985391 -4.35246754193e-08 -0.0585927985282
67.8898172441 -4.35593179304e-08 -0.0585392679682
67.9526490971 -4.35934293108e-08 -0.0584858344916
68.0154809502 -4.36270664039e-08 -0.0584324978436
68.0783128033 -4.36601510501e-08 -0.0583792577625
68.1411446564 -4.36927951597e-08 -0.0583261139825
68.2039765094 -4.37248672824e-08 -0.0582730662491
68.2668083625 -4.37564846578e-08 -0.0582201143006
68.3296402156 -4.37876028769e-08 -0.0581672578845
68.3924720686 -4.38182246043e-08 -0.0581144967396
68.4553039217 -4.38483604981e-08 -0.058061830607
68.5181357748 -4.38780247691e-08 -0.0580092592399
68.5809676279 -4.39071889957e-08 -0.0579567823819
68.6437994809 -4.39358949222e-08 -0.0579043997752
68.706631334 -4.39641247851e-08 -0.0578521111742
68.7694631871 -4.39918901307e-08 -0.0577999163235
68.8322950402 -4.40191820772e-08 -0.057747814977
68.8951268932 -4.40460103945e-08 -0.0576958068811
68.9579587463 -4.40724026163e-08 -0.0576438917884
69.0207905994 -4.40983205507e-08 -0.0575920694537
69.0836224524 -4.41238157123e-08 -0.0575403396247
69.1464543055 -4.4148833922e-08 -0.0574887020618
69.2092861586 -4.41734266943e-08 -0.0574371565165
69.2721180117 -4.41975416265e-08 -0.0573857027444
69.3349498647 -4.42212586549e-08 -0.0573343405024
69.3977817178 -4.4244531594e-08 -0.0572830695503
69.4606135709 -4.42673542267e-08 -0.0572318896441
69.5234454239 -4.42897807318e-08 -0.0571808005414
69.586277277 -4.43117622595e-08 -0.0571298020094
69.6491091301 -4.43333378897e-08 -0.0570788938032
69.7119409832 -4.43544889706e-08 -0.0570280756809
69.7747728362 -4.43752057322e-08 -0.0569773474146
69.8376046893 -4.43955228135e-08 -0.05692670876
69.9004365424 -4.44154331092e-08 -0.0568761594849
69.9632683954 -4.44349375073e-08 -0.0568256993548
70.0261002485 -4.44540226852e-08 -0.0567753281331
70.0889321016 -4.44727303872e-08 -0.0567250455853
70.1517639547 -4.44910108754e-08 -0.0566748514859
70.2145958077 -4.45089449741e-08 -0.0566247455993
70.2774276608 -4.45264456417e-08 -0.0565747276926
70.3402595139 -4.45435794916e-08 -0.0565247975362
70.4030913669 -4.45603083321e-08 -0.0564749549005
70.46592322 -4.45766588086e-08 -0.0564251995576
70.5287550731 -4.4592645132e-08 -0.0563755312827
70.5915869262 -4.46082468741e-08 -0.056325949846
70.6544187792 -4.46234844631e-08 -0.0562764550205
70.7172506323 -4.46383117136e-08 -0.0562270465813
70.7800824854 -4.46528156672e-08 -0.056177724307
70.8429143384 -4.46669261578e-08 -0.0561284879711
70.9057461915 -4.46806751597e-08 -0.0560793373502
70.9685780446 -4.46940671139e-08 -0.0560302722199
71.0314098977 -4.47071135667e-08 -0.0559812923698
71.0942417507 -4.47197994191e-08 -0.0559323975643
71.1570736038 -4.47321371055e-08 -0.0558835875907
71.2199054569 -4.47441079743e-08 -0.0558348622289
71.28273731 -4.4755735118e-08 -0.055786221263
71.345569163 -4.47670274184e-08 -0.0557376644699
71.4084010161 -4.4777957342e-08 -0.0556891916352
71.4712328692 -4.47885772914e-08 -0.0556408025433
71.5340647222 -4.47988304231e-08 -0.0555924969803
71.5968965753 -4.48087744687e-08 -0.0555442747282
71.6597284284 -4.48183579138e-08 -0.0554961355718
71.7225602815 -4.48276322729e-08 -0.0554480793025
71.7853921345 -4.48365700123e-08 -0.0554001057048
71.8482239876 -4.48451782376e-08 -0.0553522145656
71.9110558407 -4.48534853703e-08 -0.0553044056759
71.9738876937 -4.48614843052e-08 -0.0552566788241
72.0367195468 -4.48691270805e-08 -0.0552090338033
72.0995513999 -4.48764669869e-08 -0.0551614704011
72.162383253 -4.48834995836e-08 -0.0551139884083
72.225215106 -4.48902319761e-08 -0.0550665876217
72.2880469591 -4.48966446243e-08 -0.055019267831
72.3508788122 -4.49027508509e-08 -0.0549720288293
72.4137106652 -4.49085577614e-08 -0.0549248704163
72.4765425183 -4.49140538095e-08 -0.0548777923805
72.5393743714 -4.49192469887e-08 -0.0548307945215
72.6022062245 -4.4924156839e-08 -0.0547838766371
72.6650380775 -4.49287798077e-08 -0.0547370385231
72.7278699306 -4.49330936902e-08 -0.0546902799714
72.7907017837 -4.49371224676e-08 -0.0546436007902
72.8535336367 -4.49408465997e-08 -0.054597000772
72.9163654898 -4.49443167128e-08 -0.0545504797195
72.9791973429 -4.49474581998e-08 -0.0545040374368
73.042029196 -4.4950381195e-08 -0.0544576737185
73.104861049 -4.49529951041e-08 -0.0544113883731
73.1676929021 -4.49552999271e-08 -0.0543651811921
73.2305247552 -4.49573818173e-08 -0.0543190519939
73.2933566082 -4.49591661678e-08 -0.0542730005716
73.3561884613 -4.49606831765e-08 -0.0542270267321
73.4190203144 -4.49619159681e-08 -0.0541811302834
73.4818521675 -4.49628725363e-08 -0.0541353110276
73.5446840205 -4.49636106126e-08 -0.0540895687727
73.6075158736 -4.4964060919e-08 -0.0540439033298
73.6703477267 -4.49642483247e-08 -0.0539983144984
73.7331795798 -4.49641825995e-08 -0.053952802094
73.7960114328 -4.49638424271e-08 -0.0539073659248
73.8588432859 -4.49632775457e-08 -0.053862005795
73.921675139 -4.49624497634e-08 -0.0538167215224
73.984506992 -4.49613581921e-08 -0.0537715129136
74.0473388451 -4.49600348063e-08 -0.053726379781
74.1101706982 -4.49584529605e-08 -0.0536813219322
74.1730025513 -4.49566082139e-08 -0.0536363391909
74.2358344043 -4.49545494163e-08 -0.0535914313625
74.2986662574 -4.49522392643e-08 -0.0535465982627
74.3614981105 -4.49496777577e-08 -0.0535018397036
74.4243299635 -4.49468862129e-08 -0.0534571555052
74.4871618166 -4.49438743999e-08 -0.0534125454816
74.5499936697 -4.4940594357e-08 -0.0533680094493
74.6128255228 -4.49371020395e-08 -0.0533235472219
74.6756573758 -4.49333699137e-08 -0.0532791586215
74.7384892289 -4.4929438836e-08 -0.0532348434687
74.801321082 -4.49252510748e-08 -0.0531906015738
74.864152935 -4.49208394926e-08 -0.0531464327635
74.9269847881 -4.49162111948e-08 -0.053102336855
74.9898166412 -4.49113430889e-08 -0.0530583136656
75.0526484943 -4.49062804719e-08 -0.0530143630273
75.1154803473 -4.49009958103e-08 -0.0529704847527
75.1783122004 -4.48954828869e-08 -0.0529266786655
75.2411440535 -4.48897603533e-08 -0.0528829445895
75.3039759065 -4.4883814887e-08 -0.0528392823494
75.3668077596 -4.48776615869e-08 -0.0527956917667
75.4296396127 -4.4871310223e-08 -0.0527521726675
75.4924714658 -4.48647359264e-08 -0.052708724879
75.5553033188 -4.48579680068e-08 -0.0526653482237
75.6181351719 -4.48509753781e-08 -0.0526220425294
75.680967025 -4.48437900147e-08 -0.0525788076209
75.743798878 -4.48363959293e-08 -0.0525356433311
75.8066307311 -4.48288233201e-08 -0.0524925494835
75.8694625842 -4.48210224491e-08 -0.0524495259094
75.9322944373 -4.48130439423e-08 -0.0524065724335
75.9951262903 -4.48048478319e-08 -0.0523636888925
76.0579581434 -4.47964687567e-08 -0.0523208751098
76.1207899965 -4.47879138221e-08 -0.052278130921
76.1836218496 -4.47791430602e-08 -0.0522354561541
76.2464537026 -4.47702088735e-08 -0.0521928506435
76.3092855557 -4.47610624121e-08 -0.0521503142189
76.3721174088 -4.47517285451e-08 -0.0521078467185
76.4349492618 -4.47422072725e-08 -0.0520654479713
76.4977811149 -4.47325216868e-08 -0.0520231178123
76.560612968 -4.47226202738e-08 -0.0519808560703
76.6234448211 -4.47125652059e-08 -0.051938662593
76.6862766741 -4.47023236205e-08 -0.0518965372078
76.7491085272 -4.46919035113e-08 -0.0518544797498
76.8119403803 -4.46813110955e-08 -0.0518124900619
76.8747722333 -4.4670541044e-08 -0.0517705679739
76.9376040864 -4.46595880277e-08 -0.0517287133262
77.0004359395 -4.46484600403e-08 -0.0516869259609
77.0632677926 -4.46371730689e-08 -0.0516452057146
77.1260996456 -4.46256906983e-08 -0.0516035524234
77.1889314987 -4.46140688837e-08 -0.0515619659309
77.2517633518 -4.46022658807e-08 -0.0515204460764
77.3145952048 -4.45903074464e-08 -0.0514789926969
77.3774270579 -4.45781953573e-08 -0.0514376056378
77.440258911 -4.45658789872e-08 -0.0513962847429
77.5030907641 -4.45534151794e-08 -0.0513550298502
77.5659226171 -4.45408057104e-08 -0.0513138408026
77.6287544702 -4.45280488037e-08 -0.0512727174458
77.6915863233 -4.45150778461e-08 -0.0512316596233
77.7544181763 -4.45019825435e-08 -0.0511906671744
77.8172500294 -4.44887469087e-08 -0.0511497399511
77.8800818825 -4.44753371909e-08 -0.0511088777933
77.9429137356 -4.44617835882e-08 -0.0510680805525
78.0057455886 -4.44480736661e-08 -0.0510273480669
78.0685774417 -4.44342083128e-08 -0.050986680189
78.1314092948 -4.44202097327e-08 -0.0509460767668
78.1942411478 -4.44060459515e-08 -0.0509055376439
78.2570730009 -4.43917489434e-08 -0.0508650626712
78.319904854 -4.43772760761e-08 -0.0508246516999
78.3827367071 -4.43626868574e-08 -0.0507843045689
78.4455685601 -4.43479528656e-08 -0.0507440211355
78.5084004132 -4.43330572253e-08 -0.0507038012509
78.5712322663 -4.43180381282e-08 -0.0506636447602
78.6340641194 -4.43028511654e-08 -0.0506235515208
78.6968959724 -4.42875620621e-08 -0.0505835213809
78.7597278255 -4.42721237448e-08 -0.050543554192
78.8225596786 -4.42565495362e-08 -0.0505036498041
78.8853915316 -4.42408065737e-08 -0.0504638080712
78.9482233847 -4.42249703525e-08 -0.0504240288568
79.0110552378 -4.42089849173e-08 -0.0503843120006
79.0738870909 -4.41928786898e-08 -0.0503446573599
79.1367189439 -4.41766339065e-08 -0.0503050647922
79.199550797 -4.41602496792e-08 -0.050265534153
79.2623826501 -4.41437419951e-08 -0.0502260653005
79.3252145031 -4.41271073015e-08 -0.0501866580795
79.3880463562 -4.41103482629e-08 -0.0501473123562
79.4508782093 -4.40934329049e-08 -0.0501080279871
79.5137100624 -4.40764571508e-08 -0.0500688048244
79.5765419154 -4.40593144191e-08 -0.0500296427327
79.6393737685 -4.40420491188e-08 -0.0499905415624
79.7022056216 -4.40246559208e-08 -0.049951501177
79.7650374746 -4.40071366015e-08 -0.0499125214368
79.8278693277 -4.39895195825e-08 -0.0498736021942
79.8907011808 -4.39717746659e-08 -0.0498347433178
79.9535330339 -4.39539258323e-08 -0.049795944664
80.0163648869 -4.39359322257e-08 -0.0497572060892
80.07919674 -4.39178426959e-08 -0.0497185274648
80.1420285931 -4.38996314855e-08 -0.0496799086447
80.2048604461 -4.38813190229e-08 -0.0496413494929
80.2676922992 -4.38628768862e-08 -0.0496028498699
80.3305241523 -4.3844337938e-08 -0.0495644096434
80.3933560054 -4.38256693158e-08 -0.0495260286744
80.4561878584 -4.38069109876e-08 -0.0494877068222
80.5190197115 -4.37880149917e-08 -0.0494494439597
80.5818515646 -4.37690346189e-08 -0.0494112399443
80.6446834176 -4.37499210193e-08 -0.0493730946445
80.7075152707 -4.37307319245e-08 -0.0493350079248
80.7703471238 -4.37114433538e-08 -0.0492969796479
80.8331789769 -4.36919922464e-08 -0.0492590096828
80.8960108299 -4.36724771902e-08 -0.0492210978999
80.958842683 -4.36528893033e-08 -0.0491832441599
81.0216745361 -4.36331522025e-08 -0.0491454483338
81.0845063892 -4.36133360537e-08 -0.0491077102854
81.1473382422 -4.35934159881e-08 -0.0490700298905
81.2101700953 -4.35733928938e-08 -0.0490324070093
81.2730019484 -4.35532863108e-08 -0.0489948415158
81.3358338014 -4.35330580473e-08 -0.0489573332792
81.3986656545 -4.35127409659e-08 -0.0489198821642
81.4614975076 -4.34923270731e-08 -0.0488824880479
81.5243293607 -4.34718243625e-08 -0.0488451508014
81.5871612137 -4.34512283931e-08 -0.048807870285
81.6499930668 -4.34305302832e-08 -0.0487706463828
81.7128249199 -4.34097522373e-08 -0.048733478959
81.7756567729 -4.33888622808e-08 -0.0486963678921
81.838488626 -4.33678941647e-08 -0.0486593130458
81.9013204791 -4.33468470007e-08 -0.0486223142974
81.9641523322 -4.33256914789e-08 -0.0485853715198
82.0269841852 -4.33044586856e-08 -0.0485484845911
82.0898160383 -4.32831370745e-08 -0.0485116533775
82.1526478914 -4.32617097701e-08 -0.0484748777578
82.2154797444 -4.32402158523e-08 -0.04843815761
82.2783115975 -4.32186189059e-08 -0.0484014928048
82.3411434506 -4.31969597869e-08 -0.0483648832146
82.4039753037 -4.31752082974e-08 -0.0483283287207
82.4668071567 -4.31533688783e-08 -0.0482918291997
82.5296390098 -4.31314495231e-08 -0.0482553845253
82.5924708629 -4.31094591136e-08 -0.0482189945781
82.6553027159 -4.30873807744e-08 -0.0481826592308
82.718134569 -4.30652091765e-08 -0.048146378361
82.7809664221 -4.30429585307e-08 -0.0481101518521
82.8437982752 -4.30206679169e-08 -0.0480739795795
82.9066301282 -4.299826184e-08 -0.0480378614242
82.9694619813 -4.29757767151e-08 -0.0480017972606
83.0322938344 -4.29532214241e-08 -0.0479657869715
83.0951256875 -4.29306012961e-08 -0.0479298304389
83.1579575405 -4.29078887976e-08 -0.0478939275362
83.2207893936 -4.28851354428e-08 -0.0478580781503
83.2836212467 -4.28622728421e-08 -0.0478222821597
83.3464530997 -4.28393400753e-08 -0.0477865394453
83.4092849528 -4.28163566824e-08 -0.0477508498907
83.4721168059 -4.27932693725e-08 -0.0477152133778
83.534948659 -4.27701332129e-08 -0.0476796297876
83.597780512 -4.27469339925e-08 -0.0476440990051
83.6606123651 -4.27236619416e-08 -0.047608620908
83.7234442182 -4.27003135073e-08 -0.047573195387
83.7862760712 -4.26768895778e-08 -0.0475378223171
83.8491079243 -4.26534008113e-08 -0.0475025015917
83.9119397774 -4.26298489842e-08 -0.0474672330881
83.9747716305 -4.26062367609e-08 -0.0474320166941
84.0376034835 -4.25825401607e-08 -0.0473968522965
84.1004353366 -4.25588009278e-08 -0.0473617397733
84.1632671897 -4.2534971989e-08 -0.0473266790219
84.2260990427 -4.25111146285e-08 -0.0472916699213
84.2889308958 -4.24871693383e-08 -0.0472567123562
84.3517627489 -4.2463163652e-08 -0.0472218062187
84.414594602 -4.24390957932e-08 -0.0471869513876
84.477426455 -4.24149586564e-08 -0.0471521477614
84.5402583081 -4.23907664526e-08 -0.0471173952203
84.6030901612 -4.23665289517e-08 -0.0470826936538
84.6659220142 -4.2342212403e-08 -0.0470480429527
84.7287538673 -4.23178496689e-08 -0.047013443002
84.7915857204 -4.22934300914e-08 -0.0469788936972
84.8544175735 -4.2268941236e-08 -0.0469443949157
84.9172494265 -4.22444017545e-08 -0.0469099465618
84.9800812796 -4.22197938832e-08 -0.0468755485131
85.0429131327 -4.21951407148e-08 -0.0468412006691
85.1057449857 -4.21704395848e-08 -0.0468069029125
85.1685768388 -4.21456824995e-08 -0.0467726551425
85.2314086919 -4.212084459e-08 -0.0467384572451
85.294240545 -4.2095984476e-08 -0.0467043091117
85.357072398 -4.20710550841e-08 -0.0466702106349
85.4199042511 -4.20460741779e-08 -0.0466361617064
85.4827361042 -4.20210479746e-08 -0.0466021622207
85.5455679573 -4.19959578224e-08 -0.0465682120697
85.6083998103 -4.19708250377e-08 -0.04653431115
85.6712316634 -4.19456336331e-08 -0.0465004593455
85.7340635165 -4.1920394267e-08 -0.0464666565599
85.7968953695 -4.1895115821e-08 -0.046432902684
85.8597272226 -4.18697903015e-08 -0.0463991976101
85.9225590757 -4.18443883987e-08 -0.0463655412355
85.9853909288 -4.18189767259e-08 -0.0463319334545
86.0482227818 -4.17934886698e-08 -0.0462983741621
86.1110546349 -4.17679668629e-08 -0.046264863247
86.173886488 -4.17423908772e-08 -0.0462314006187
86.236718341 -4.17167660416e-08 -0.0461979861644
86.2995501941 -4.16911207779e-08 -0.0461646197831
86.3623820472 -4.16654115654e-08 -0.0461313013702
86.4252139003 -4.16396446212e-08 -0.0460980308241
86.4880457533 -4.16138430381e-08 -0.0460648080427
86.5508776064 -4.15880148097e-08 -0.0460316329228
86.6137094595 -4.15621368433e-08 -0.0459985053584
86.6765413125 -4.1536210027e-08 -0.0459654252531
86.7393731656 -4.15102352491e-08 -0.045932392504
86.8022050187 -4.1484219615e-08 -0.045899407009
86.8650368718 -4.14581817765e-08 -0.0458664686692
86.9278687248 -4.14320799891e-08 -0.0458335773828
86.9907005779 -4.14059453391e-08 -0.0458007330465
87.053532431 -4.13797875964e-08 -0.045767935567
87.116364284 -4.13535765631e-08 -0.0457351848371
87.1791961371 -4.13273086863e-08 -0.045702480759
87.2420279902 -4.13010337041e-08 -0.0456698232383
87.3048598433 -4.12747027667e-08 -0.045637212173
87.3676916963 -4.12483274204e-08 -0.0456046474652
87.4305235494 -4.12219138823e-08 -0.0455721290116
87.4933554025 -4.1195503897e-08 -0.04553965672
87.5561872555 -4.11690388447e-08 -0.0455072304925
87.6190191086 -4.11425089553e-08 -0.0454748502253
87.6818509617 -4.11159692959e-08 -0.0454425158264
87.7446828148 -4.10893941094e-08 -0.0454102272015
87.8075146678 -4.10627789549e-08 -0.04537798425
87.8703465209 -4.10361149505e-08 -0.0453457868741
87.933178374 -4.10094438408e-08 -0.04531363498
87.9960102271 -4.0982732763e-08 -0.045281528471
88.0588420801 -4.09559932635e-08 -0.0452494672486
88.1216739332 -4.09292137959e-08 -0.0452174512257
88.1845057863 -4.09023845904e-08 -0.0451854802966
88.2473376393 -4.08755473913e-08 -0.0451535543744
88.3101694924 -4.08486782177e-08 -0.0451216733632
88.3730013455 -4.08217575298e-08 -0.0450898371625
88.4358331986 -4.07948395065e-08 -0.0450580456866
88.4986650516 -4.07678646397e-08 -0.0450262988395
88.5614969047 -4.07408595748e-08 -0.0449945965209
88.6243287578 -4.07138598391e-08 -0.044962938645
88.6871606108 -4.06868005953e-08 -0.0449313251218
88.7499924639 -4.06597173708e-08 -0.0448997558467
88.812824317 -4.06326101654e-08 -0.0448682307324
88.8756561701 -4.06054576629e-08 -0.0448367496952
88.9384880231 -4.05782936141e-08 -0.0448053126323
89.0013198762 -4.05511109136e-08 -0.0447739194537
89.0641517293 -4.05238873569e-08 -0.0447425700756
89.1269835823 -4.04966540302e-08 -0.0447112643934
89.1898154354 -4.046937363e-08 -0.0446800023275
89.2526472885 -4.04420870126e-08 -0.0446487837855
89.3154791416 -4.04147444399e-08 -0.044617608672
89.3783109946 -4.03874125254e-08 -0.0445864769023
89.4411428477 -4.03600397547e-08 -0.0445553883797
89.5039747008 -4.03326438914e-08 -0.0445243430209
89.5668065538 -4.03052187181e-08 -0.0444933407361
89.6296384069 -4.02778068676e-08 -0.0444623814301
89.69247026 -4.02503292918e-08 -0.0444314650208
89.7553021131 -4.02228588214e-08 -0.0444005914172
89.8181339661 -4.01953341722e-08 -0.0443697605278
89.8809658192 -4.01677935358e-08 -0.0443389722657
89.9437976723 -4.01402537875e-08 -0.0443082265453
90.0066295253 -4.01126714067e-08 -0.0442775232783
90.0694613784 -4.00850774795e-08 -0.0442468623748
90.1322932315 -4.00574524662e-08 -0.044216243746
90.1951250846 -4.00298274528e-08 -0.0441856673143
90.2579569376 -4.00021678004e-08 -0.0441551329825
90.3207887907 -3.99744894963e-08 -0.0441246406665
90.3836206438 -3.99467943168e-08 -0.0440941902826
90.4464524969 -3.99190680511e-08 -0.0440637817449
90.5092843499 -3.98913462263e-08 -0.0440334149671
90.572116203 -3.98635915388e-08 -0.0440030898599
90.6349480561 -3.98358368514e-08 -0.0439728063396
90.6977799091 -3.98080555186e-08 -0.0439425643219
90.7606117622 -3.97802430996e-08 -0.0439123637247
90.8234436153 -3.97524200224e-08 -0.0438822044579
90.8862754684 -3.97245818462e-08 -0.0438520864407
90.9491073214 -3.96967179128e-08 -0.0438220095859
91.0119391745 -3.96688735194e-08 -0.0437919738142
91.0747710276 -3.96409545189e-08 -0.0437619790351
91.1376028806 -3.96130754865e-08 -0.043732025171
91.2004347337 -3.9585136058e-08 -0.0437021121367
91.2632665868 -3.95572259393e-08 -0.0436722398479
91.3260984399 -3.95292767408e-08 -0.0436424082229
91.3889302929 -3.95012946797e-08 -0.0436126171779
91.451762146 -3.94733392639e-08 -0.0435828666335
91.5145939991 -3.94453554264e-08 -0.0435531565008
91.5774258521 -3.94173476082e-08 -0.0435234867088
91.6402577052 -3.93893273554e-08 -0.0434938571636
91.7030895583 -3.93612777927e-08 -0.0434642677907
91.7659214114 -3.9333253099e-08 -0.0434347185057
91.8287532644 -3.93051893255e-08 -0.0434052092307
91.8915851175 -3.92771228874e-08 -0.0433757398839
91.9544169706 -3.9249044903e-08 -0.0433463103829
92.0172488236 -3.92209509315e-08 -0.0433169206482
92.0800806767 -3.9192852519e-08 -0.0432875705988
92.1429125298 -3.91647390074e-08 -0.0432582601557
92.2057443829 -3.91366334895e-08 -0.043228989236
92.2685762359 -3.91084773455e-08 -0.0431997577674
92.331408089 -3.9080334524e-08 -0.0431705656603
92.3942399421 -3.90521748272e-08 -0.0431414128454
92.4570717951 -3.90240009196e-08 -0.0431122992376
92.5199036482 -3.89958234592e-08 -0.0430832247604
92.5827355013 -3.89676451107e-08 -0.043054189335
92.6455673544 -3.8939456104e-08 -0.0430251928817
92.7083992074 -3.89112519983e-08 -0.0429962353246
92.7712310605 -3.88830407871e-08 -0.0429673165841
92.8340629136 -3.8854814477e-08 -0.0429384365841
92.8968947667 -3.88265917195e-08 -0.0429095952465
92.9597266197 -3.8798344093e-08 -0.0428807924931
93.0225584728 -3.87700929139e-08 -0.0428520282445
93.0853903259 -3.87418452874e-08 -0.0428233024252
93.1482221789 -3.87136047664e-08 -0.0427946149662
93.211054032 -3.86853304946e-08 -0.0427659657803
93.2738858851 -3.86570588873e-08 -0.0427373547957
93.3367177382 -3.86287739573e-08 -0.042708781936
93.3995495912 -3.86004934683e-08 -0.0426802471258
93.4623814443 -3.85721943275e-08 -0.042651750289
93.5252132974 -3.85438791994e-08 -0.0426232913507
93.5880451504 -3.85155773941e-08 -0.0425948702351
93.6508770035 -3.84872906878e-08 -0.0425664868658
93.7137088566 -3.84589791125e-08 -0.0425381411678
93.7765407097 -3.84306462209e-08 -0.0425098330701
93.8393725627 -3.84023124411e-08 -0.0424815624949
93.9022044158 -3.83740044185e-08 -0.0424533293728
93.9650362689 -3.83456688624e-08 -0.0424251336223
94.0278681219 -3.83173341945e-08 -0.0423969751721
94.090699975 -3.82890075201e-08 -0.0423688539492
94.1535318281 -3.8260647095e-08 -0.0423407698846
94.2163636812 -3.82322893344e-08 -0.0423127228923
94.2791955342 -3.82039528901e-08 -0.0422847129125
94.3420273873 -3.81755898005e-08 -0.0422567398675
94.4048592404 -3.81472400335e-08 -0.0422288036861
94.4676910934 -3.81188849374e-08 -0.0422009042869
94.5305229465 -3.80905182951e-08 -0.0421730416104
94.5933547996 -3.80621463236e-08 -0.0421452155758
94.6561866527 -3.80337930039e-08 -0.0421174261191
94.7190185057 -3.80054308025e-08 -0.0420896731557
94.7818503588 -3.79770623837e-08 -0.0420619566269
94.8446822119 -3.79486806423e-08 -0.0420342764537
94.9075140649 -3.79203104472e-08 -0.042006632566
94.970345918 -3.78919322586e-08 -0.0419790248956
95.0331777711 -3.78635593989e-08 -0.0419514533662
95.0960096242 -3.78351865393e-08 -0.0419239179157
95.1588414772 -3.78068092388e-08 -0.0418964184641
95.2216733303 -3.77784346028e-08 -0.0418689549457
95.2845051834 -3.77500573023e-08 -0.0418415272923
95.3473370365 -3.77216862191e-08 -0.041814135429
95.4101688895 -3.76933142476e-08 -0.0417867792928
95.4730007426 -3.76649458289e-08 -0.0417594588092
95.5358325957 -3.76365569821e-08 -0.0417321739076
95.5986644487 -3.76081885634e-08 -0.0417049245206
95.6614963018 -3.75798014929e-08 -0.0416777105788
95.7243281549 -3.75514481732e-08 -0.041650532017
95.787160008 -3.75230788663e-08 -0.0416233887601
95.849991861 -3.74947131121e-08 -0.0415962807438
95.9128237141 -3.74663304825e-08 -0.0415692078987
95.9756555672 -3.74379576229e-08 -0.0415421701582
96.0384874202 -3.74096051914e-08 -0.0415151674499
96.1013192733 -3.73812421017e-08 -0.0414881997109
96.1641511264 -3.73528932229e-08 -0.0414612668731
96.2269829795 -3.73245168106e-08 -0.0414343688616
96.2898148325 -3.72961865835e-08 -0.0414075056222
96.3526466856 -3.72678368166e-08 -0.0413806770782
96.4154785387 -3.72394817205e-08 -0.0413538831602
96.4783103917 -3.72111381708e-08 -0.04132712381
96.5411422448 -3.71828106083e-08 -0.0413003989567
96.6039740979 -3.71544413014e-08 -0.0412737085337
96.666805951 -3.71261199561e-08 -0.0412470524729
96.729637804 -3.70978012754e-08 -0.0412204307121
96.7924696571 -3.70694603902e-08 -0.0411938431898
96.8553015102 -3.70411514794e-08 -0.0411672898271
96.9181333632 -3.70128230287e-08 -0.0411407705659
96.9809652163 -3.69845132298e-08 -0.0411142853429
97.0437970694 -3.69562149771e-08 -0.0410878340901
97.1066289225 -3.69278900791e-08 -0.0410614167421
97.1694607755 -3.68996087019e-08 -0.0410350332362
97.2322926286 -3.68713104493e-08 -0.0410086834994
97.2951244817 -3.68430121966e-08 -0.0409823674812
97.3579563347 -3.68147272667e-08 -0.0409560851053
97.4207881878 -3.67864538831e-08 -0.0409298363115
97.4836200409 -3.67581778349e-08 -0.0409036210342
97.546451894 -3.6729913333e-08 -0.0408774392155
97.609283747 -3.67016621539e-08 -0.0408512907849
97.6721156001 -3.66734038693e-08 -0.0408251756819
97.7349474532 -3.66451518019e-08 -0.0407990938411
97.7977793063 -3.66168997346e-08 -0.0407730452005
97.8606111593 -3.65886689835e-08 -0.0407470296993
97.9234430124 -3.65604417851e-08 -0.0407210472691
97.9862748655 -3.65321914941e-08 -0.0406950978479
98.0491067185 -3.6504005152e-08 -0.04066918138
98.1119385716 -3.64758019344e-08 -0.040643297795
98.1747704247 -3.64476031578e-08 -0.0406174470365
98.2376022778 -3.64193821767e-08 -0.0405916290333
98.3004341308 -3.63912118218e-08 -0.0405658437354
98.3632659839 -3.63630165978e-08 -0.0405400910693
98.426097837 -3.63348560128e-08 -0.040514370981
98.48892969 -3.63067025333e-08 -0.0404886834067
98.5517615431 -3.62785277375e-08 -0.0404630282828
98.6145933962 -3.62503920215e-08 -0.0404374055586
98.6774252493 -3.62222261074e-08 -0.0404118151562
98.7402571023 -3.61941037141e-08 -0.0403862570259
98.8030889554 -3.61659830972e-08 -0.0403607311033
98.8659208085 -3.61378598157e-08 -0.040335237329
98.9287526615 -3.61097427515e-08 -0.0403097756434
98.9915845146 -3.60816470035e-08 -0.0402843459822
99.0544163677 -3.60535628019e-08 -0.0402589482877
99.1172482208 -3.60254936993e-08 -0.0402335825017
99.1800800738 -3.59974174913e-08 -0.0402082485591
99.2429119269 -3.59693430596e-08 -0.0401829464086
99.30574378 -3.59412872797e-08 -0.0401576759789
99.368575633 -3.59132350525e-08 -0.040132437225
99.4314074861 -3.58852192406e-08 -0.0401072300731
99.4942393392 -3.58571856651e-08 -0.0400820544758
99.5570711923 -3.58291796232e-08 -0.0400569103603
99.6199030453 -3.58011780222e-08 -0.0400317976823
99.6827348984 -3.57731817502e-08 -0.0400067163769
99.7455667515 -3.57452014654e-08 -0.0399816663898
99.8083986045 -3.57172043053e-08 -0.0399566476531
99.8712304576 -3.56892417841e-08 -0.039931660118
99.9340623107 -3.56612881447e-08 -0.0399067037169
99.9968941638 -3.56333496043e-08 -0.0398817784032
100.059726017 -3.56054137285e-08 -0.0398568841075
100.12255787 -3.55774991689e-08 -0.039832020782
100.185389723 -3.55495943793e-08 -0.0398071883626
100.248221576 -3.55216895898e-08 -0.0397823867954
100.311053429 -3.54937954583e-08 -0.0397576160192
100.373885282 -3.54659226431e-08 -0.0397328759793
100.436717135 -3.54380542689e-08 -0.0397081666207
100.499548988 -3.54101814537e-08 -0.0396834878857
100.562380841 -3.53823512711e-08 -0.0396588397158
100.625212694 -3.53545157594e-08 -0.0396342220553
100.688044548 -3.53266722541e-08 -0.0396096348473
100.750876401 -3.52988864805e-08 -0.0395850780377
100.813708254 -3.52710838314e-08 -0.0395605515628
100.876540107 -3.52433069395e-08 -0.0395360553759
100.93937196 -3.52155140604e-08 -0.0395115894185
101.002203813 -3.51877602611e-08 -0.0394871536339
101.065035666 -3.51600135673e-08 -0.0394627479633
101.127867519 -3.51322810843e-08 -0.0394383723567
101.190699372 -3.5104546825e-08 -0.0394140267542
101.253531225 -3.50768436519e-08 -0.0393897111058
101.316363078 -3.50491369261e-08 -0.0393654253553
101.379194931 -3.50214666156e-08 -0.0393411694391
101.442026784 -3.49937643307e-08 -0.0393169433136
101.504858637 -3.49661295473e-08 -0.0392927469192
101.567690491 -3.49384645659e-08 -0.0392685802001
101.630522344 -3.4910827118e-08 -0.0392444431025
101.693354197 -3.48832092101e-08 -0.0392203355773
101.75618605 -3.48555975194e-08 -0.0391962575651
101.819017903 -3.48280044804e-08 -0.0391722090126
101.881849756 -3.48004123296e-08 -0.0391481898641
101.944681609 -3.47728486005e-08 -0.0391242000748
102.007513462 -3.47452937532e-08 -0.0391002395752
102.070345315 -3.47177451232e-08 -0.0390763083276
102.133177168 -3.46902240267e-08 -0.0390524062697
102.196009021 -3.46627064829e-08 -0.0390285333498
102.258840874 -3.4635208479e-08 -0.0390046895196
102.321672727 -3.46077024815e-08 -0.038980874723
102.38450458 -3.45802533275e-08 -0.0389570889016
102.447336434 -3.45527793044e-08 -0.0389333320062
102.510168287 -3.45253248213e-08 -0.0389096039879
102.57300014 -3.44979111944e-08 -0.0388859047945
102.635831993 -3.44704780275e-08 -0.0388622343669
102.698663846 -3.44430848287e-08 -0.0388385926611
102.761495699 -3.44156827481e-08 -0.0388149796146
102.824327552 -3.43883224119e-08 -0.0387913951869
102.887159405 -3.43609549702e-08 -0.0387678393173
102.949991258 -3.43336203912e-08 -0.0387443119575
103.012823111 -3.43062840358e-08 -0.0387208130632
103.075654964 -3.42789689967e-08 -0.0386973425716
103.138486817 -3.42516690566e-08 -0.0386739004383
103.20131867 -3.42243753337e-08 -0.0386504866064
103.264150523 -3.41971064799e-08 -0.0386271010258
103.326982377 -3.41698589423e-08 -0.038603743651
103.38981423 -3.4142602523e-08 -0.0385804144275
103.452646083 -3.41153967298e-08 -0.0385571133053
103.515477936 -3.40881731731e-08 -0.0385338402338
103.578309789 -3.40609753735e-08 -0.0385105951593
103.641141642 -3.40338157656e-08 -0.0384873780339
103.703973495 -3.4006627736e-08 -0.0384641888131
103.766805348 -3.39794850035e-08 -0.0384410274358
103.829637201 -3.39523467119e-08 -0.0384178938573
103.892469054 -3.39252403947e-08 -0.038394788034
103.955300907 -3.3898136742e-08 -0.0383717099078
104.01813276 -3.38710499648e-08 -0.0383486594255
104.080964613 -3.38439685166e-08 -0.0383256365496
104.143796467 -3.38169172664e-08 -0.0383026412272
104.20662832 -3.3789889109e-08 -0.0382796734005
104.269460173 -3.37628609515e-08 -0.0382567330267
104.332292026 -3.37358603275e-08 -0.0382338200631
104.395123879 -3.37088623681e-08 -0.0382109344453
104.457955732 -3.36818999358e-08 -0.0381880761362
104.520787585 -3.36549428326e-08 -0.0381652450846
104.583619438 -3.3627999052e-08 -0.0381424412405
104.646451291 -3.36010730351e-08 -0.0381196645587
104.709283144 -3.35741479063e-08 -0.0380969149897
104.772114997 -3.35472662982e-08 -0.0380741924766
104.83494685 -3.35203846902e-08 -0.0380514969888
104.897778703 -3.34935430502e-08 -0.0380288284568
104.960610556 -3.34666943047e-08 -0.0380061868525
105.02344241 -3.34398722046e-08 -0.037983572118
105.086274263 -3.34130563218e-08 -0.0379609842037
105.149106116 -3.33862679724e-08 -0.0379384230676
105.211937969 -3.33594991631e-08 -0.0379158886634
105.274769822 -3.33327543345e-08 -0.0378933809384
105.337601675 -3.33059873014e-08 -0.0378708998467
105.400433528 -3.32792637892e-08 -0.0378484453416
105.463265381 -3.32525562641e-08 -0.0378260173739
105.526097234 -3.32258851543e-08 -0.0378036159071
105.588929087 -3.31992060509e-08 -0.0377812408782
105.65176094 -3.31725447111e-08 -0.0377588922521
105.714592793 -3.31459144576e-08 -0.0377365699832
105.777424646 -3.31192815395e-08 -0.0377142740162
105.840256499 -3.30926983594e-08 -0.0376920043133
105.903088353 -3.30660858694e-08 -0.0376697608203
105.965920206 -3.30395124593e-08 -0.0376475434974
106.028752059 -3.30129799053e-08 -0.0376253522964
106.091583912 -3.29864500159e-08 -0.0376031871694
106.154415765 -3.29599139093e-08 -0.0375810480764
106.217247618 -3.29334230997e-08 -0.0375589349624
106.280079471 -3.29069358429e-08 -0.037536847795
106.342911324 -3.2880458356e-08 -0.037514786516
106.405743177 -3.28540288308e-08 -0.0374927510821
106.46857503 -3.28276037465e-08 -0.0374707414562
106.531406883 -3.28011857675e-08 -0.0374487575861
106.594238736 -3.27747926576e-08 -0.037426799426
106.657070589 -3.27484297458e-08 -0.0374048669364
106.719902442 -3.27220668339e-08 -0.0373829600698
106.782734296 -3.26957163566e-08 -0.0373610787783
106.845566149 -3.2669414729e-08 -0.037339223023
106.908398002 -3.26430917852e-08 -0.0373173927555
106.971229855 -3.26168239084e-08 -0.037295587931
107.034061708 -3.25905613607e-08 -0.0372738085077
107.096893561 -3.25642917076e-08 -0.0372520544381
107.159725414 -3.2538074457e-08 -0.0372303256801
107.222557267 -3.25118740818e-08 -0.037208622192
107.28538912 -3.24856772593e-08 -0.0371869439269
107.348220973 -3.24594893186e-08 -0.0371652908404
107.411052826 -3.24333573332e-08 -0.0371436628908
107.473884679 -3.24072084723e-08 -0.0371220600339
107.536716532 -3.23810853686e-08 -0.0371004822269
107.599548385 -3.23549809167e-08 -0.0370789294223
107.662380239 -3.2328897781e-08 -0.0370574015836
107.725212092 -3.23028528371e-08 -0.0370358986553
107.788043945 -3.22767972349e-08 -0.0370144206121
107.850875798 -3.22507753836e-08 -0.0369929673945
107.913707651 -3.22247615259e-08 -0.0369715389704
107.976539504 -3.21987645435e-08 -0.0369501352976
108.039371357 -3.21728084174e-08 -0.0369287563216
108.10220321 -3.2146846074e-08 -0.0369074020097
108.165035063 -3.21209272514e-08 -0.0368860723187
108.227866916 -3.20950066524e-08 -0.0368647672041
108.290698769 -3.20691055933e-08 -0.036843486619
108.353530622 -3.20432320677e-08 -0.0368222305299
108.416362475 -3.20173683122e-08 -0.0368009988906
108.479194328 -3.19915436364e-08 -0.0367797916589
108.542026182 -3.19657322834e-08 -0.0367586087909
108.604858035 -3.19399120485e-08 -0.0367374502528
108.667689888 -3.19141362226e-08 -0.0367163159857
108.730521741 -3.18883737194e-08 -0.0366952059693
108.793353594 -3.18626183216e-08 -0.0366741201516
108.856185447 -3.18369179908e-08 -0.0366530584859
108.9190173 -3.18111998965e-08 -0.0366320209417
108.981849153 -3.17855199938e-08 -0.0366110074698
109.044681006 -3.17598534139e-08 -0.0365900180274
109.107512859 -3.17341912748e-08 -0.0365690525805
109.170344712 -3.17085726564e-08 -0.0365481110887
109.233176565 -3.16829877889e-08 -0.0365271935027
109.296008418 -3.16573842696e-08 -0.0365062997946
109.358840271 -3.16318224947e-08 -0.0364854299043
109.421672125 -3.16062607197e-08 -0.036464583812
109.484503978 -3.15807469065e-08 -0.0364437614597
109.547335831 -3.1555217106e-08 -0.0364229628178
109.610167684 -3.1529724609e-08 -0.0364021878459
109.672999537 -3.15042445465e-08 -0.0363814364992
109.73583139 -3.14787973466e-08 -0.0363607087374
109.798663243 -3.14533741275e-08 -0.0363400045201
109.861495096 -3.14279544611e-08 -0.036319323811
109.924326949 -3.14025596637e-08 -0.0362986665709
109.987158802 -3.13771835181e-08 -0.0362780327548
110.049990655 -3.13518322415e-08 -0.036257422326
110.112822508 -3.13264978402e-08 -0.0362368352516
110.175654361 -3.13011900843e-08 -0.0362162714759
110.238486214 -3.12758858811e-08 -0.0361957309728
110.301318068 -3.12506047706e-08 -0.0361752136951
110.364149921 -3.12253565227e-08 -0.0361547196113
110.426981774 -3.12001198211e-08 -0.0361342486767
110.489813627 -3.11748973303e-08 -0.0361138008512
110.55264548 -3.11497032612e-08 -0.0360933761011
110.615477333 -3.11245402784e-08 -0.0360729743836
110.678309186 -3.1099369302e-08 -0.0360525956566
110.741141039 -3.10742409582e-08 -0.036032239893
110.803972892 -3.10491028443e-08 -0.03601190704
110.866804745 -3.10240135803e-08 -0.0359915970697
110.929636598 -3.09989447445e-08 -0.0359713099353
110.992468451 -3.09739025539e-08 -0.0359510456082
111.055300304 -3.09488665806e-08 -0.0359308040386
111.118132157 -3.09238252783e-08 -0.0359105852014
111.180964011 -3.08988212794e-08 -0.0358903890471
111.243795864 -3.08738767885e-08 -0.0358702155397
111.306627717 -3.08488843359e-08 -0.0358500646449
111.36945957 -3.08239718194e-08 -0.0358299363265
111.432291423 -3.07990362103e-08 -0.0358098305351
111.495123276 -3.0774149451e-08 -0.0357897472472
111.557955129 -3.07492653562e-08 -0.0357696864214
111.620786982 -3.07244087949e-08 -0.0357496480101
111.683618835 -3.06995762145e-08 -0.0357296319925
111.746450688 -3.06747507395e-08 -0.0357096383198
111.809282541 -3.06499563507e-08 -0.0356896669568
111.872114394 -3.06251859428e-08 -0.0356697178577
111.934946247 -3.06004146466e-08 -0.0356497910065
111.9977781 -3.05756886476e-08 -0.0356298863463
112.060609954 -3.05509759713e-08 -0.0356100038528
112.123441807 -3.05262748412e-08 -0.0355901434772
112.18627366 -3.05016083502e-08 -0.0355703051972
112.249105513 -3.04769436354e-08 -0.0355504889672
112.311937366 -3.04523126715e-08 -0.0355306947437
112.374769219 -3.04277030239e-08 -0.0355109225067
112.437601072 -3.04031040343e-08 -0.0354911722073
112.500432925 -3.03785423483e-08 -0.0354714438158
112.563264778 -3.03539833268e-08 -0.0354517372885
112.626096631 -3.03294447335e-08 -0.0354320525997
112.688928484 -3.03049194628e-08 -0.035412389703
112.751760337 -3.02804572527e-08 -0.0353927485634
112.81459219 -3.02559586274e-08 -0.0353731291568
112.877424043 -3.02315124046e-08 -0.0353535314357
112.940255897 -3.02070981562e-08 -0.0353339553608
113.00308775 -3.01826705851e-08 -0.0353144009071
113.065919603 -3.01582909756e-08 -0.0352948680345
113.128751456 -3.01339220243e-08 -0.0352753567058
113.191583309 -3.01095584021e-08 -0.0352558668848
113.254415162 -3.0085230307e-08 -0.0352363985444
113.317247015 -3.00609270809e-08 -0.035216951636
113.380078868 -3.0036624743e-08 -0.0351975261372
113.442910721 -3.0012357044e-08 -0.0351781220018
113.505742574 -2.99881319776e-08 -0.0351587392003
113.568574427 -2.99638873713e-08 -0.0351393776955
113.63140628 -2.9939692503e-08 -0.0351200374581
113.694238133 -2.99155029637e-08 -0.0351007184452
113.757069986 -2.98913320762e-08 -0.0350814206296
113.81990184 -2.98671904986e-08 -0.0350621439684
113.882733693 -2.98430755663e-08 -0.0350428884335
113.945565546 -2.98189597459e-08 -0.035023653986
114.008397399 -2.9794876788e-08 -0.0350044405958
114.071229252 -2.97708266928e-08 -0.0349852482252
114.134061105 -2.97467819266e-08 -0.0349660768354
114.196892958 -2.97227620294e-08 -0.0349469264051
114.259724811 -2.96987625603e-08 -0.0349277968868
114.322556664 -2.96747764139e-08 -0.0349086882504
114.385388517 -2.96508186892e-08 -0.0348896004657
114.44822037 -2.96268796163e-08 -0.0348705334963
114.511052223 -2.96029476488e-08 -0.0348514873067
114.573884076 -2.9579049432e-08 -0.034832461866
114.636715929 -2.95551876306e-08 -0.0348134571355
114.699547783 -2.95313409282e-08 -0.0347944730871
114.762379636 -2.95074995549e-08 -0.034775509689
114.825211489 -2.94836830506e-08 -0.034756566891
114.888043342 -2.94598923034e-08 -0.0347376446803
114.950875195 -2.94361193198e-08 -0.0347187430115
115.013707048 -2.9412364988e-08 -0.0346998618581
115.076538901 -2.9388624867e-08 -0.0346810011825
115.139370754 -2.93649184968e-08 -0.0346621609505
115.202202607 -2.93412281138e-08 -0.034643341132
115.26503446 -2.93175546062e-08 -0.0346245416928
115.327866313 -2.92938810986e-08 -0.0346057626034
115.390698166 -2.92702715399e-08 -0.0345870038216
115.453530019 -2.92466681984e-08 -0.0345682653203
115.516361872 -2.92230870613e-08 -0.0345495470671
115.579193726 -2.91995148061e-08 -0.0345308490329
115.642025579 -2.91759620907e-08 -0.0345121711778
115.704857432 -2.91524377971e-08 -0.0344935134717
115.767689285 -2.91289312671e-08 -0.0344748758851
115.830521138 -2.91054433887e-08 -0.0344562583834
115.893352991 -2.90819794913e-08 -0.034437660933
115.956184844 -2.90585324692e-08 -0.0344190835009
116.019016697 -2.90351183097e-08 -0.0344005260601
116.08184855 -2.90117077029e-08 -0.0343819885692
116.144680403 -2.89883361759e-08 -0.0343634710092
116.207512256 -2.89649806362e-08 -0.0343449733354
116.270344109 -2.8941637531e-08 -0.0343264955241
116.333175962 -2.89183192947e-08 -0.03430803754
116.396007816 -2.88950294802e-08 -0.0342895993509
116.458839669 -2.88717405539e-08 -0.034271180922
116.521671522 -2.88484818256e-08 -0.0342527822295
116.584503375 -2.88252550718e-08 -0.0342344032429
116.647335228 -2.8802033647e-08 -0.0342160439162
116.710167081 -2.87788379794e-08 -0.0341977042331
116.772998934 -2.87556662926e-08 -0.0341793841526
116.835830787 -2.87325310211e-08 -0.0341610836477
116.89866264 -2.87093708806e-08 -0.0341428026868
116.961494493 -2.86862764654e-08 -0.0341245412369
117.024326346 -2.866319182e-08 -0.0341062992736
117.087158199 -2.86401160565e-08 -0.034088076758
117.149990052 -2.86170624975e-08 -0.0340698736564
117.212821905 -2.85940338074e-08 -0.034051689952
117.275653759 -2.85710290981e-08 -0.0340335255988
117.338485612 -2.85480457052e-08 -0.034015380574
117.401317465 -2.8525086293e-08 -0.0339972548393
117.464149318 -2.85021339863e-08 -0.0339791483819
117.526981171 -2.84791976668e-08 -0.0339610611449
117.589813024 -2.84563110853e-08 -0.0339429931176
117.652644877 -2.84334129574e-08 -0.0339249442688
117.71547673 -2.84105450277e-08 -0.0339069145586
117.778308583 -2.8387722395e-08 -0.0338889039599
117.841140436 -2.83648962096e-08 -0.033870912442
117.903972289 -2.83420842351e-08 -0.0338529399841
117.966804142 -2.83193131168e-08 -0.0338349865384
118.029635995 -2.82965624265e-08 -0.0338170520896
118.092467848 -2.82738081836e-08 -0.0337991366046
118.155299702 -2.82510912442e-08 -0.0337812400435
118.218131555 -2.82284000619e-08 -0.0337633623908
118.280963408 -2.82057301959e-08 -0.0337455036018
118.343795261 -2.81830647708e-08 -0.0337276636636
118.406627114 -2.81604286556e-08 -0.0337098425353
118.469458967 -2.81378289557e-08 -0.0336920401888
118.53229082 -2.81152283677e-08 -0.0336742565926
118.595122673 -2.80926375495e-08 -0.0336564917207
118.657954526 -2.80701009103e-08 -0.0336387455409
118.720786379 -2.80475598302e-08 -0.0336210180326
118.783618232 -2.80250542772e-08 -0.0336033091611
118.846450085 -2.80025620469e-08 -0.0335856188849
118.909281938 -2.79801009029e-08 -0.0335679471961
118.972113791 -2.79576521933e-08 -0.0335502940448
119.034945645 -2.79352176946e-08 -0.033532659421
119.097777498 -2.79128098413e-08 -0.0335150432792
119.160609351 -2.78904206397e-08 -0.0334974455981
119.223441204 -2.78680554189e-08 -0.0334798663517
119.286273057 -2.78457052971e-08 -0.0334623055057
119.34910491 -2.78233835971e-08 -0.0334447630393
119.411936763 -2.78010920951e-08 -0.0334272389109
119.474768616 -2.77787925995e-08 -0.0334097330992
119.537600469 -2.77565197493e-08 -0.0333922455764
119.600432322 -2.77342833144e-08 -0.0333747763121
119.663264175 -2.77120699721e-08 -0.0333573252804
119.726096028 -2.76898601825e-08 -0.0333398924448
119.788927881 -2.76676850319e-08 -0.0333224777857
119.851759734 -2.76455152104e-08 -0.0333050812743
119.914591588 -2.76233826924e-08 -0.0332877028775
119.977423441 -2.76012697142e-08 -0.0332703425735
120.040255294 -2.75791434134e-08 -0.0332530003239
120.103087147 -2.75570881669e-08 -0.0332356761073
120.165919 -2.75350222623e-08 -0.0332183698979
120.228750853 -2.75129776739e-08 -0.0332010816634
120.291582706 -2.7490980159e-08 -0.0331838113782
120.354414559 -2.74689639923e-08 -0.0331665590087
120.417246412 -2.74470099981e-08 -0.0331493245426
120.480078265 -2.74250426813e-08 -0.0331321079317
120.542910118 -2.7403108227e-08 -0.0331149091634
120.605741971 -2.73811933127e-08 -0.0330977282049
120.668573824 -2.73592899447e-08 -0.0330805650218
120.731405677 -2.7337438091e-08 -0.0330634195989
120.794237531 -2.73155826847e-08 -0.033046291903
120.857069384 -2.72937628054e-08 -0.0330291819033
120.919901237 -2.72719304917e-08 -0.0330120895808
120.98273309 -2.7250138146e-08 -0.0329950148934
121.045564943 -2.72283680047e-08 -0.0329779578343
121.108396796 -2.72066280615e-08 -0.0329609183653
121.171228649 -2.71848925593e-08 -0.0329438964519
121.234060502 -2.71631774851e-08 -0.0329268920769
121.296892355 -2.71414855035e-08 -0.0329099052167
121.359724208 -2.71198370427e-08 -0.0328929358366
121.422556061 -2.70981610484e-08 -0.0328759839083
121.485387914 -2.7076544562e-08 -0.0328590494126
121.548219767 -2.70549440629e-08 -0.0328421323152
121.61105162 -2.70333506691e-08 -0.0328252325938
121.673883474 -2.70117794798e-08 -0.0328083502196
121.736715327 -2.69902233896e-08 -0.0327914851703
121.79954718 -2.69687259191e-08 -0.0327746374141
121.862379033 -2.69472018033e-08 -0.0327578069219
121.925210886 -2.69257061092e-08 -0.0327409936775
121.988042739 -2.69042663703e-08 -0.0327241976441
122.050874592 -2.68828124206e-08 -0.0327074188044
122.113706445 -2.68613948862e-08 -0.0326906571256
122.176538298 -2.68399764636e-08 -0.0326739125839
122.239370151 -2.68186104435e-08 -0.0326571851508
122.302202004 -2.67972248835e-08 -0.0326404748022
122.365033857 -2.67758935024e-08 -0.0326237815146
122.42786571 -2.67545541277e-08 -0.0326071052575
122.490697563 -2.67332485038e-08 -0.0325904460032
122.553529417 -2.67119704134e-08 -0.0325738037264
122.61636127 -2.66907216329e-08 -0.0325571784138
122.679193123 -2.66694630824e-08 -0.0325405700227
122.742024976 -2.66482453881e-08 -0.0325239785366
122.804856829 -2.66270516747e-08 -0.0325074039255
122.867688682 -2.66058508558e-08 -0.0324908461639
122.930520535 -2.65846891168e-08 -0.0324743052337
122.993352388 -2.65635682339e-08 -0.0324577811005
123.056184241 -2.65424482393e-08 -0.0324412737445
123.119016094 -2.65213433437e-08 -0.032424783128
123.181847947 -2.65002464417e-08 -0.0324083092446
123.2446798 -2.64791992777e-08 -0.0323918520568
123.307511653 -2.64581601073e-08 -0.0323754115395
123.370343506 -2.64371449177e-08 -0.0323589876683
123.43317536 -2.64161457153e-08 -0.0323425804214
123.496007213 -2.63951491775e-08 -0.0323261897741
123.558839066 -2.63741926076e-08 -0.0323098156902
123.621670919 -2.6353252025e-08 -0.0322934581662
123.684502772 -2.63323274297e-08 -0.0322771171558
123.747334625 -2.63114161569e-08 -0.0322607926445
123.810166478 -2.62905581749e-08 -0.0322444846022
123.872998331 -2.62696833175e-08 -0.0322281930056
123.935830184 -2.62488519809e-08 -0.0322119178394
123.998662037 -2.62280286378e-08 -0.0321956590657
124.06149389 -2.62072319401e-08 -0.0321794166664
124.124325743 -2.61864459006e-08 -0.0321631906158
124.187157596 -2.61656891709e-08 -0.0321469808868
124.249989449 -2.61449555339e-08 -0.0321307874549
124.312821303 -2.61242290023e-08 -0.0321146103032
124.375653156 -2.61035424387e-08 -0.0320984493926
124.438485009 -2.60828389997e-08 -0.0320823047126
124.501316862 -2.60621835224e-08 -0.0320661762373
124.564148715 -2.60415404796e-08 -0.032050063936
124.626980568 -2.60209338521e-08 -0.0320339677826
124.689812421 -2.60003236718e-08 -0.0320178877648
124.752644274 -2.59797481306e-08 -0.032001823848
124.815476127 -2.59591779184e-08 -0.0319857760099
124.87830798 -2.59386494506e-08 -0.0319697442267
124.941139833 -2.59181076601e-08 -0.0319537284774
125.003971686 -2.58976182721e-08 -0.0319377287385
125.066803539 -2.58771386541e-08 -0.031921744981
125.129635392 -2.58566759115e-08 -0.0319057771872
125.192467246 -2.58362247152e-08 -0.031889825324
125.255299099 -2.58158179278e-08 -0.0318738893749
125.318130952 -2.57954209104e-08 -0.0318579693159
125.380962805 -2.57750194521e-08 -0.0318420651153
125.443794658 -2.57546606264e-08 -0.0318261767648
125.506626511 -2.57343328869e-08 -0.0318103042267
125.569458364 -2.57139918247e-08 -0.0317944474864
125.632290217 -2.56936800724e-08 -0.0317786065157
