# Status file for ctqmc. Used to save all times t_s, t_e.
2
37
0.1801811390517969 1.950295559008179 0 0
2.238043405123718 4.388828606550893 0 0
4.430584692852135 6.535297644914425 0 0
6.598114475699853 9.823287257441498 0 0
11.01679533079597 11.91319724906299 0 0
15.30451965458706 15.40852378523298 0 0
17.22307487095932 17.22816500880652 0 0
23.39639922428995 23.4482906451433 0 0
23.89587998974223 23.89854580428144 0 0
28.80842878934129 28.93576510432148 0 0
29.76646194848612 31.40298943071414 0 0
31.5377361616705 32.35778962558691 0 0
32.38997381111223 32.61348074164416 0 0
33.07637031812806 36.41765121556714 0 0
36.62756502453318 40.23768405122347 0 0
40.35238909653966 41.03532648171297 0 0
44.24191830026118 44.40778915044621 0 0
46.0133802257402 46.1165310149236 0 0
53.11173939329832 53.24027184758354 0 0
53.59445003278977 53.61028638782253 0 0
53.71248339377533 53.84916141196214 0 0
59.0812188788017 59.3731850551843 0 0
63.19446670907682 63.68351498923313 0 0
65.84428949883458 65.88768114026526 0 0
66.2910146865453 66.4686292288833 0 0
67.11572434672141 67.5395990574668 0 0
73.15245532376564 73.18578109491087 0 0
79.80149695271533 79.80825873993268 0 0
80.47424177056683 80.58801713322423 0 0
81.37538127481258 81.4578020624313 0 0
87.80922169338918 89.7581240072377 0 0
89.83021783954197 95.23422805211557 0 0
95.26223682829044 95.85501261687645 0 0
95.94851541381873 96.62403219248738 0 0
97.2273476445588 97.66540678059737 0 0
97.70052212992105 99.26090682681826 0 0
99.36102297705756 99.68283669403662 0 0
35
2.19510808317915 2.492996426293121 0 0
2.645943161082215 2.777358967792134 0 0
3.789247988566745 3.804474424208566 0 0
6.507205655964352 6.580085830694754 0 0
7.900750351236405 7.934786642399001 0 0
9.576394463994989 9.775877989501478 0 0
9.796699269589064 11.04710951548307 0 0
11.8008097341663 13.6207251676615 0 0
13.79746353163574 16.41172708910088 0 0
16.57148846911338 16.78530236045873 0 0
17.25129012277507 23.37905610302164 0 0
23.4853856835374 30.29219403778941 0 0
30.5645242486815 30.56631311766684 0 0
32.15697395760934 32.20417299172713 0 0
33.85294125783222 33.87390908852843 0 0
36.49226509706016 36.53760260949151 0 0
36.9314378320484 36.93737656324598 0 0
36.997635834942 37.03957320169478 0 0
41.0554760972483 43.96468548513855 0 0
44.02684764545884 56.16885893371387 0 0
56.39449175709415 61.60082321899161 0 0
61.84127266372275 64.72170237984534 0 0
64.78487530178948 67.09750605052638 0 0
67.46423131770943 69.16000364337168 0 0
69.36340689561565 69.93172249486025 0 0
69.998153775471 71.17297112757939 0 0
71.25248425247264 78.27572504521041 0 0
78.4904804992136 78.70379459013111 0 0
78.83847506048448 80.51278323924743 0 0
80.70636070476847 85.35894702369286 0 0
85.46271286212847 87.74795539793575 0 0
88.62339616948623 89.50759154892705 0 0
89.60341203729411 89.72593288822192 0 0
94.14399819624384 94.35216454984369 0 0
99.16531222245247 99.19314149918348 0 0
