# Status file for ctqmc. Used to save all times t_s, t_e.
2
32
0.9002431628682315 0.7324915233888278 0 0
0.9594586647414911 0.9367813312428395 0 0
12.75986892537681 9.6713595071187 0 0
13.97004306335734 13.02413251718968 0 0
18.21583810660972 14.00023682695293 0 0
18.7110183001878 18.5466064071187 0 0
28.40018635700572 25.20685995335818 0 0
29.92794278654869 28.40656217395993 0 0
30.38889683482462 30.28411539122823 0 0
34.60442672589801 34.43555747795541 0 0
34.96693688178853 34.67191556144033 0 0
35.4902015909502 35.47428319713667 0 0
36.97136985570658 36.96428912946669 0 0
37.25348308408199 37.1887819826776 0 0
38.81391314565589 38.67312254676754 0 0
45.46773636875241 45.41913294480675 0 0
46.30980822503137 46.27615640111406 0 0
63.40041430265252 62.55502715166507 0 0
63.86659372011074 63.52188551191954 0 0
69.16532648575651 69.15541533706039 0 0
70.2037857284493 69.99453925561255 0 0
70.67468987421168 70.5990754309328 0 0
71.38398357547854 70.94512720700068 0 0
72.01382316942907 71.40579066589186 0 0
80.54760603277681 80.48036406441001 0 0
81.46322265850407 81.24284812970772 0 0
85.71505037650715 84.44094031838607 0 0
87.06822175385395 86.90940202087037 0 0
95.2083839270734 94.78788633013842 0 0
96.53801578097368 96.40514560688602 0 0
99.26731266470942 99.14201314358505 0 0
99.76994480926327 99.46329617549236 0 0
31
0.5921402286900426 0.9592633766904726 0 0
3.713574667536089 3.776983500583696 0 0
7.516207289301239 7.579358759617358 0 0
9.62522219179249 13.10416098492924 0 0
13.13974888254846 14.12846235183197 0 0
14.18813430283482 15.59788784416149 0 0
15.74835277465902 16.05056559486158 0 0
16.06646372871705 18.18334169177397 0 0
19.03354629123392 19.12042431993555 0 0
20.1166731988858 20.35283634014734 0 0
20.7222531180247 20.98388625238303 0 0
24.73080807454213 25.01095920996952 0 0
25.32217396384193 26.61679310242881 0 0
26.64166243581986 29.49503761507134 0 0
29.59440940388101 29.93574073088806 0 0
33.79689406475757 33.85557093230306 0 0
34.40486085903203 34.89680952569709 0 0
35.11237979072964 35.11735561286965 0 0
36.83200359853509 36.92954567664401 0 0
40.26496897936985 40.30767796425499 0 0
62.28570728362058 62.33782522962078 0 0
62.42534753628299 63.89356649848146 0 0
71.21182341879106 71.94109748349773 0 0
80.48994275784871 80.71295970781462 0 0
83.08775776332375 83.09159921691932 0 0
84.83662040249986 85.2609070607259 0 0
85.4715342095693 85.70695549944203 0 0
98.15625035189952 98.2542235435636 0 0
98.47847320932001 98.52943368044988 0 0
98.80108815231127 98.80849341002305 0 0
99.47906723391478 99.76679696072733 0 0
