# Status file for ctqmc. Used to save all times t_s, t_e.
2
30
0.8136518207041135 1.371141047932119 0 0
2.580415714027196 4.588535393617852 0 0
4.646605582772435 6.064836323806664 0 0
6.466725885216642 6.606059661321023 0 0
6.717604365931845 6.817459855530499 0 0
7.906372612889049 8.069913013457766 0 0
8.126763874352905 12.32230844912912 0 0
12.35693755336041 14.63050214442675 0 0
14.97863572031337 16.70150325661185 0 0
16.74094593916967 16.74095430949148 0 0
16.87743677560744 17.10381595724349 0 0
18.29841198714375 23.31683378487613 0 0
23.36154047209521 33.87950330381936 0 0
34.0092665538177 34.91110484852197 0 0
34.97866944380076 38.53405734327413 0 0
38.63009077244872 38.95842489828955 0 0
39.02097134058352 43.62247895659451 0 0
43.70233594306116 51.9823911666911 0 0
52.72171990585475 56.22230296979721 0 0
56.335499635844 60.4585144914933 0 0
60.48302498198849 62.70547076046261 0 0
62.7724216098578 69.52373114929658 0 0
69.52741001756463 74.30377572208945 0 0
74.31679853269694 78.30155934280106 0 0
78.34236542427894 81.91693222721 0 0
82.21715271488635 89.18169735774659 0 0
89.19517079833132 90.29527353842202 0 0
90.35105361960382 93.33090767372119 0 0
94.69220857653342 94.70813086033843 0 0
98.71174350028829 98.79671164606508 0 0
31
1.336279417083283 0.9959371884913912 0 0
5.864499585219781 2.514388179986901 0 0
7.951192803438092 7.415748219804198 0 0
12.27205227996938 8.085795795329304 0 0
17.79227591796466 12.41888783042566 0 0
21.29681441637195 18.159472142786 0 0
23.5084481411077 21.42315502807226 0 0
29.58509322808108 23.5450402883581 0 0
30.19303841911346 29.86393599921918 0 0
33.94089442583237 30.33796282703364 0 0
35.31296784270558 33.9471266684413 0 0
38.46875328030598 35.33301096184576 0 0
42.2514951569833 39.24640198670055 0 0
44.84887864613017 42.28979969476195 0 0
47.51691715140604 44.89728174749763 0 0
49.34880919624671 47.6842977036327 0 0
51.03338332747956 49.37589517774995 0 0
52.08452359193586 51.19630580914912 0 0
52.95204185871077 52.62939910928355 0 0
53.24325359346923 53.07606199406435 0 0
60.57659661347268 53.40405512850516 0 0
61.80166221785009 60.58197275996324 0 0
62.06069769932456 61.81285867538494 0 0
73.00027165224182 62.325504156899 0 0
80.47495602901637 73.02909414740168 0 0
82.06929742368401 80.52098207025367 0 0
85.90223384833642 82.25758018551586 0 0
92.26909137594545 86.27945146818264 0 0
92.89091051583995 92.35799268670311 0 0
93.41047205997664 93.3947386463223 0 0
96.79991141283631 96.72827694399319 0 0
