# Status file for ctqmc. Used to save all times t_s, t_e.
2
34
0.4841486143531597 0.3139473991526387 0 0
2.948130054436847 1.145413163065615 0 0
3.997226567566733 2.980746389955146 0 0
6.4708891503192 4.018968409422671 0 0
10.44060603461622 6.611865374865346 0 0
10.67038590448164 10.47682029525758 0 0
12.08475150589718 10.78705022495575 0 0
13.03381563428966 13.01671128571219 0 0
14.22805761788691 14.13591088506272 0 0
31.48817252012527 31.4844670146866 0 0
33.86688936791627 33.83819610444366 0 0
36.80479433622062 36.39922951619716 0 0
39.46146549397186 39.29660968651749 0 0
44.87797049577004 44.61282458433555 0 0
47.19999609503577 47.1118665062623 0 0
50.02561439004282 50.01983129309039 0 0
51.42788105909328 51.28901610177274 0 0
53.69536923428308 53.65032983322746 0 0
54.12602271234937 54.06209585071126 0 0
54.75178436513198 54.16152211284719 0 0
57.16750286361483 56.88293181074471 0 0
59.25547498170097 59.20771025510393 0 0
61.75449657493519 61.60806710788042 0 0
69.4722558321924 62.50324268996347 0 0
71.97552990360144 69.50424015621759 0 0
73.84293345421801 72.16006734831637 0 0
76.39600510153095 73.99993176738587 0 0
79.03474484541914 76.4286750761473 0 0
79.30700431640919 79.04626556286964 0 0
79.92155450795042 79.66918345690256 0 0
88.39158835501949 80.0631186291306 0 0
88.4990913937803 88.46638590623995 0 0
89.61840760979462 88.93743134569708 0 0
93.07401685003393 92.69070803622682 0 0
29
1.176308737537796 3.029448746889508 0 0
3.130728716782116 5.605963353387507 0 0
5.723540692747718 5.968616039254027 0 0
6.030444516106877 12.10180300762448 0 0
12.84224612641456 12.91506705544951 0 0
16.41381238458031 16.6691619252999 0 0
21.08070159668387 21.41400697061983 0 0
21.6251369310121 22.39823587131351 0 0
27.48875418219073 27.50886426793084 0 0
32.03615122513501 32.07323611613157 0 0
34.83195924328437 34.93133649257467 0 0
35.90106835471104 35.96098577591388 0 0
39.46357858336014 39.94922680169388 0 0
42.39663892085019 42.45246200163169 0 0
47.10819526192737 47.11430611999561 0 0
53.02752263730105 53.10765047212453 0 0
54.49506700761007 54.90036523758553 0 0
54.93558205590127 55.00700654230012 0 0
59.95694556188976 59.9580179488639 0 0
62.55728595536099 65.62201223637034 0 0
65.64594807498855 65.9925752296331 0 0
66.02073669377285 66.89490782577579 0 0
67.13378422444835 68.50110257552495 0 0
68.54474049762653 70.29707522373792 0 0
70.41279248108484 73.06270193102327 0 0
73.21077671781144 84.11475544980195 0 0
85.15346524395846 85.52915783817571 0 0
85.6835561779025 89.7066645831154 0 0
90.72707633440186 91.09074277978731 0 0
