# Status file for ctqmc. Used to save all times t_s, t_e.
2
39
2.525499585496033 2.410867616387316 0 0
9.714030884524615 9.304389081646329 0 0
10.34710615338323 10.27828319334852 0 0
13.66045228327381 13.53010583647544 0 0
17.47370459870774 16.53138347244033 0 0
17.477339663079 17.47575082951976 0 0
24.24902047286755 23.23126775500575 0 0
32.23260738023259 24.51808719295179 0 0
35.57371193184435 33.00653076557327 0 0
37.98666872643926 36.13054008917193 0 0
42.78544198159211 38.03447559016874 0 0
47.89974775960824 44.68338531300645 0 0
47.97627984937329 47.95856457846741 0 0
49.40761555455589 49.33995922971753 0 0
52.83658227851148 49.84634578846988 0 0
53.50101373009498 52.84240903008013 0 0
54.48186346946758 54.34678127136217 0 0
55.01143006566171 54.56116004754707 0 0
55.71657896075561 55.09636144104255 0 0
56.33183746616542 56.29998347927935 0 0
56.83684378825727 56.65744546019582 0 0
57.77251882290444 56.92989237689351 0 0
62.68778201798547 57.86563175877692 0 0
63.43886079968108 62.70084897083068 0 0
64.92733856771662 64.91997760684808 0 0
68.74939390464877 68.6124830997298 0 0
69.09479787311453 69.07978688510663 0 0
77.1993976782677 77.16086769490136 0 0
79.67142605063889 79.35330859875067 0 0
79.88942632654786 79.82803702791395 0 0
80.23268209445889 79.98464307652296 0 0
80.73232732754568 80.66212381322043 0 0
87.62283505824627 81.53426361896643 0 0
87.95178352982168 87.63802533329618 0 0
88.28804246122415 87.95511638904823 0 0
91.51710305680787 88.46961988680569 0 0
94.0620312134871 93.11621865179238 0 0
94.21495330290817 94.08241629979955 0 0
99.06303688871222 96.85262205804443 0 0
29
11.6837085516347 11.69327292400813 0 0
12.15273987825601 12.15740557052282 0 0
16.3539790028665 16.40871397489964 0 0
24.00334863522828 24.18185598968516 0 0
24.40322965464655 24.42457846533831 0 0
24.78949205554999 24.89975787139227 0 0
24.91656289865035 29.31562623619112 0 0
29.40838155948805 32.21293351552163 0 0
33.2215034278067 35.26792365136417 0 0
35.68634480601906 35.70738722014674 0 0
36.1392661505781 40.42243285024355 0 0
40.43249771908556 41.21872353736148 0 0
41.22312641214908 42.66186879811175 0 0
43.79430654736966 43.90291040980856 0 0
44.81500811049462 44.91367507258074 0 0
45.79156236728392 46.29690223519809 0 0
46.31573134356133 47.38062863671336 0 0
49.99718483773516 53.38700444871302 0 0
55.11103409414449 55.74725291955376 0 0
57.32625715831347 57.7337345969766 0 0
58.66512270244523 59.75981438994489 0 0
59.84646381708367 62.95958999763889 0 0
65.29253180374509 65.30613889394839 0 0
74.56715669034787 74.78448866088273 0 0
82.02619123084563 83.4888973200797 0 0
83.77949521656699 87.99979835736698 0 0
89.44169857256892 89.45345014003283 0 0
89.81733608311534 91.26822727420053 0 0
96.78796715881475 99.15240236558466 0 0
