0.0314159265359 -1.40813569846 -1.33342694465
0.0942477796077 -1.32092860917 -1.26171264686
0.157079632679 -1.23797381111 -1.20152381867
0.219911485751 -1.16093915813 -1.15102072381
0.282743338823 -1.08958672834 -1.10801098921
0.345575191895 -1.02410558007 -1.07069738387
0.408407044967 -0.964246814576 -1.03799806743
0.471238898038 -0.909588455803 -1.00888771884
0.53407075111 -0.85961529588 -0.982517860525
0.596902604182 -0.813801688598 -0.958265883529
0.659734457254 -0.771664802492 -0.935697103606
0.722566310326 -0.732784491989 -0.91450894552
0.785398163397 -0.696803282954 -0.894485634408
0.848230016469 -0.663418179619 -0.875467545989
0.911061869541 -0.632370798193 -0.857332031924
0.973893722613 -0.603438554514 -0.839981760114
1.03672557568 -0.576427649207 -0.823337587388
1.09955742876 -0.551167752147 -0.80733405945
1.16238928183 -0.527508026176 -0.791916412147
1.2252211349 -0.505314123302 -0.777038443033
1.28805298797 -0.484465862487 -0.762660911787
1.35088484104 -0.46485538013 -0.748750282926
1.41371669412 -0.446385613352 -0.735277709048
1.47654854719 -0.428969025207 -0.722218196642
1.53938040026 -0.412526512208 -0.709549916419
1.60221225333 -0.396986456748 -0.697253634892
1.6650441064 -0.382283897312 -0.68531224554
1.72787595947 -0.368359798974 -0.67371038531
1.79070781255 -0.355160410081 -0.662434122192
1.85353966562 -0.342636694397 -0.651470702456
1.91637151869 -0.330743829788 -0.640808347668
1.97920337176 -0.319440765387 -0.630436092012
2.04203522483 -0.308689830832 -0.620343653394
2.10486707791 -0.298456391199 -0.610521331227
2.16769893098 -0.288708542385 -0.600959925996
2.23053078405 -0.279416842073 -0.591650676066
2.29336263712 -0.270554071902 -0.582585208017
2.35619449019 -0.26209502706 -0.573755497626
2.41902634326 -0.254016329902 -0.565153839146
2.48185819634 -0.246296264543 -0.556772820865
2.54469004941 -0.238914629855 -0.54860530555
2.60752190248 -0.231852608485 -0.540644414451
2.67035375555 -0.22509264997 -0.532883514155
2.73318560862 -0.218618366097 -0.525316205349
2.79601746169 -0.212414437061 -0.517936313134
2.85884931477 -0.206466527067 -0.51073787844
2.92168116784 -0.200761208223 -0.503715150201
2.98451302091 -0.195285891743 -0.496862578107
3.04734487398 -0.190028765605 -0.490174805814
3.11017672705 -0.184978737903 -0.48364666443
3.17300858013 -0.180125385263 -0.477273166262
3.2358404332 -0.175458905748 -0.471049498734
3.29867228627 -0.170970075781 -0.464971018497
3.36150413934 -0.166650210637 -0.459033245626
3.42433599241 -0.162491128164 -0.453231858016
3.48716784548 -0.158485115384 -0.447562685841
3.54999969856 -0.154624897699 -0.442021706198
3.61283155163 -0.150903610457 -0.436605037842
3.6756634047 -0.14731477265 -0.431308936079
3.73849525777 -0.143852262552 -0.426129787801
3.80132711084 -0.140510295122 -0.421064106636
3.86415896392 -0.137283401028 -0.416108528275
3.92699081699 -0.134166407142 -0.411259805928
3.98982267006 -0.131154418391 -0.406514805929
4.05265452313 -0.128242800854 -0.401870503496
4.1154863762 -0.125427166 -0.397323978625
4.17831822927 -0.122703355988 -0.392872412153
4.24115008235 -0.12006742994 -0.388513081937
4.30398193542 -0.11751565111 -0.384243359194
4.36681378849 -0.115044474903 -0.380060704975
4.42964564156 -0.112650537649 -0.375962666766
4.49247749463 -0.110330646113 -0.371946875232
4.55530934771 -0.108081767664 -0.36801104108
4.61814120078 -0.105901021062 -0.364152952048
4.68097305385 -0.103785667838 -0.360370470011
4.74380490692 -0.101733104191 -0.356661528207
4.80663675999 -0.0997408534079 -0.353024128564
4.86946861306 -0.0978065587396 -0.349456339143
4.93230046614 -0.0959279767166 -0.345956291679
4.99513231921 -0.0941029708748 -0.342522179218
5.05796417228 -0.0923295058623 -0.339152253852
5.12079602535 -0.0906056419017 -0.33584482454
5.18362787842 -0.0889295295873 -0.332598255023
5.24645973149 -0.087299404994 -0.32941096181
5.30929158457 -0.0857135850773 -0.326281412257
5.37212343764 -0.0841704633484 -0.32320812271
5.43495529071 -0.0826685058042 -0.320189656731
5.49778714378 -0.0812062470974 -0.317224623385
5.56061899685 -0.0797822869314 -0.314311675601
5.62345084993 -0.0783952866661 -0.311449508596
5.686282703 -0.077043966121 -0.308636858354
5.74911455607 -0.0757271005631 -0.305872500172
5.81194640914 -0.0744435178693 -0.303155247259
5.87477826221 -0.0731920958507 -0.300483949388
5.93761011528 -0.0719717597309 -0.297857491602
6.00044196836 -0.0707814797667 -0.29527479297
6.06327382143 -0.069620269004 -0.292734805388
6.1261056745 -0.0684871811605 -0.290236512428
6.18893752757 -0.0673813086261 -0.287778928232
6.25176938064 -0.0663017805759 -0.285361096441
6.31460123372 -0.0652477611871 -0.28298208918
6.37743308679 -0.0642184479551 -0.280641006061
6.44026493986 -0.0632130701013 -0.278336973242
6.50309679293 -0.0622308870689 -0.27606914251
6.565928646 -0.061271187099 -0.273836690404
6.62876049907 -0.0603332858856 -0.271638817369
6.69159235215 -0.0594165253008 -0.269474746939
6.75442420522 -0.0585202721897 -0.267343724962
6.81725605829 -0.0576439172285 -0.265245018834
6.88008791136 -0.056786873843 -0.263177916784
6.94291976443 -0.0559485771845 -0.261141727166
7.00575161751 -0.0551284831582 -0.259135777794
7.06858347058 -0.0543260675023 -0.257159415286
7.13141532365 -0.0535408249153 -0.255212004445
7.19424717672 -0.0527722682269 -0.253292927657
7.25707902979 -0.0520199276118 -0.251401584309
7.31991088286 -0.0512833498428 -0.249537390237
7.38274273594 -0.0505620975822 -0.24769977718
7.44557458901 -0.0498557487076 -0.245888192273
7.50840644208 -0.0491638956715 -0.244102097539
7.57123829515 -0.048486144893 -0.242340969412
7.63407014822 -0.0478221161784 -0.240604298276
7.69690200129 -0.0471714421705 -0.238891588016
7.75973385437 -0.0465337678242 -0.237202355586
7.82256570744 -0.0459087499075 -0.235536130598
7.88539756051 -0.0452960565261 -0.233892454922
7.94822941358 -0.0446953666705 -0.232270882297
8.01106126665 -0.0441063697845 -0.230670977962
8.07389311973 -0.0435287653533 -0.229092318297
8.1367249728 -0.0429622625116 -0.227534490477
8.19955682587 -0.0424065796691 -0.22599709214
8.26238867894 -0.0418614441528 -0.224479731062
8.32522053201 -0.0413265918665 -0.222982024849
8.38805238508 -0.0408017669647 -0.221503600639
8.45088423816 -0.0402867215418 -0.220044094809
8.51371609123 -0.0397812153345 -0.2186031527
8.5765479443 -0.0392850154377 -0.217180428344
8.63937979737 -0.0387978960327 -0.215775584207
8.70221165044 -0.0383196381274 -0.21438829094
8.76504350352 -0.0378500293077 -0.213018227129
8.82787535659 -0.037388863499 -0.21166507907
8.89070720966 -0.0369359407391 -0.210328540536
8.95353906273 -0.0364910669591 -0.209008312564
9.0163709158 -0.036054053775 -0.207704103241
9.07920276887 -0.0356247182871 -0.206415627501
9.14203462195 -0.0352028828881 -0.205142606927
9.20486647502 -0.0347883750787 -0.203884769564
9.26769832809 -0.0343810272916 -0.20264184973
9.33053018116 -0.0339806767215 -0.201413587844
9.39336203423 -0.0335871651629 -0.200199730248
9.45619388731 -0.033200338854 -0.199000029046
9.51902574038 -0.0328200483269 -0.19781424194
9.58185759345 -0.0324461482635 -0.196642132075
9.64468944652 -0.0320784973576 -0.195483467888
9.70752129959 -0.0317169581822 -0.194338022966
9.77035315266 -0.0313613970612 -0.1932055759
9.83318500574 -0.0310116839474 -0.192085910151
9.89601685881 -0.0306676923039 -0.190978813919
9.95884871188 -0.0303292989912 -0.189884080012
10.021680565 -0.0299963841574 -0.188801505728
10.084512418 -0.0296688311333 -0.187730892727
10.1473442711 -0.0293465263316 -0.186672046924
10.2101761242 -0.0290293591487 -0.185624778368
10.2730079772 -0.0287172218719 -0.184588901141
10.3358398303 -0.028410009588 -0.183564233245
10.3986716834 -0.0281076200974 -0.182550596506
10.4615035365 -0.0278099538289 -0.181547816471
10.5243353895 -0.0275169137602 -0.180555722315
10.5871672426 -0.027228405339 -0.179574146743
10.6499990957 -0.026944336408 -0.178602925906
10.7128309487 -0.0266646171329 -0.177641899308
10.7756628018 -0.0263891599319 -0.176690909724
10.8384946549 -0.0261178794086 -0.175749803118
10.901326508 -0.0258506922866 -0.17481842856
10.964158361 -0.025587517347 -0.173896638153
11.0269902141 -0.0253282753669 -0.172984286953
11.0898220672 -0.0250728890629 -0.172081232898
11.1526539202 -0.0248212830305 -0.17118733674
11.2154857733 -0.0245733836958 -0.17030246197
11.2783176264 -0.024329119253 -0.169426474758
11.3411494795 -0.0240884196281 -0.16855924388
11.4039813325 -0.023851216408 -0.167700640668
11.4668131856 -0.0236174428225 -0.166850538928
11.5296450387 -0.02338703366 -0.166008814911
11.5924768917 -0.0231599252686 -0.165175347212
11.6553087448 -0.0229360554632 -0.164350016771
11.7181405979 -0.0227153635314 -0.163532706753
11.780972451 -0.0224977901562 -0.162723302556
11.843804304 -0.0222832773949 -0.161921691719
11.9066361571 -0.0220717686471 -0.161127763879
11.9694680102 -0.0218632085908 -0.160341410751
12.0322998632 -0.0216575431851 -0.15956252603
12.0951317163 -0.0214547196044 -0.158791005388
12.1579635694 -0.0212546862135 -0.158026746421
12.2207954225 -0.0210573925554 -0.157269648574
12.2836272755 -0.0208627892845 -0.156519613147
12.3464591286 -0.020670828163 -0.155776543225
12.4092909817 -0.0204814620344 -0.155040343622
12.4721228348 -0.0202946447646 -0.154310920892
12.5349546878 -0.0201103312474 -0.153588183247
12.5977865409 -0.019930676401 -0.152871529371
12.660618394 -0.0197533333142 -0.152161417402
12.723450247 -0.0195782640553 -0.15145775851
12.7862821001 -0.0194054314291 -0.150760465484
12.8491139532 -0.0192347989617 -0.150069452696
12.9119458063 -0.0190663308846 -0.14938463606
12.9747776593 -0.0188999921195 -0.148705933004
13.0376095124 -0.0187357482634 -0.148033262429
13.1004413655 -0.0185735655742 -0.147366544677
13.1632732185 -0.018413410956 -0.1467057015
13.2261050716 -0.018255251946 -0.146050656027
13.2889369247 -0.0180990567 -0.145401332733
13.3517687778 -0.0179447939799 -0.144757657408
13.4146006308 -0.01779243314 -0.144119557133
13.4774324839 -0.0176419441149 -0.143486960243
13.540264337 -0.0174932974068 -0.142859796307
13.60309619 -0.0173464640735 -0.142237996099
13.6659280431 -0.0172014157164 -0.141621491569
13.7287598962 -0.0170581244688 -0.14101021582
13.7915917493 -0.0169165629853 -0.140404103084
13.8544236023 -0.0167767044299 -0.139803088697
13.9172554554 -0.0166385224656 -0.139207109075
13.9800873085 -0.0165019912438 -0.13861610169
14.0429191615 -0.0163670853939 -0.138030005052
14.1057510146 -0.0162337800136 -0.137448758682
14.1685828677 -0.0161020506583 -0.136872303095
14.2314147208 -0.0159718733324 -0.136300579778
14.2942465738 -0.015843224479 -0.135733531169
14.3570784269 -0.0157160809715 -0.135171100639
14.41991028 -0.015590420104 -0.134613232471
14.482742133 -0.015466219583 -0.134059871843
14.5455739861 -0.0153434575184 -0.13351096481
14.6084058392 -0.0152221124155 -0.132966458286
14.6712376923 -0.0151021631666 -0.132426300026
14.7340695453 -0.0149835890431 -0.131890438609
14.7969013984 -0.0148663696874 -0.131358823423
14.8597332515 -0.0147504851058 -0.130831404649
14.9225651046 -0.0146359156605 -0.130308133244
14.9853969576 -0.0145226420627 -0.129788960927
15.0482288107 -0.014410645365 -0.129273840161
15.1110606638 -0.0142999069551 -0.128762724146
15.1738925168 -0.0141904085483 -0.128255566794
15.2367243699 -0.0140821321811 -0.127752322727
15.299556223 -0.0139750602051 -0.127252947252
15.3623880761 -0.0138691752797 -0.126757396357
15.4252199291 -0.013764460367 -0.126265626694
15.4880517822 -0.0136608987247 -0.125777595564
15.5508836353 -0.0135584739009 -0.125293260911
15.6137154883 -0.0134571697277 -0.124812581305
15.6765473414 -0.0133569703162 -0.124335515931
15.7393791945 -0.0132578600502 -0.12386202458
15.8022110476 -0.0131598235812 -0.123392067634
15.8650429006 -0.0130628458231 -0.122925606059
15.9278747537 -0.0129669119468 -0.122462601391
15.9907066068 -0.0128720073753 -0.122003015728
16.0535384598 -0.0127781177786 -0.121546811717
16.1163703129 -0.012685229069 -0.121093952547
16.179202166 -0.012593327396 -0.120644401937
16.2420340191 -0.0125023991421 -0.120198124128
16.3048658721 -0.0124124309181 -0.119755083873
16.3676977252 -0.0123234095585 -0.119315246426
16.4305295783 -0.0122353221172 -0.118878577537
16.4933614313 -0.0121481558634 -0.118445043438
16.5561932844 -0.0120618982774 -0.118014610841
16.6190251375 -0.0119765370462 -0.117587246923
16.6818569906 -0.0118920600602 -0.117162919321
16.7446888436 -0.0118084554085 -0.116741596125
16.8075206967 -0.0117257113758 -0.116323245869
16.8703525498 -0.0116438164381 -0.115907837521
16.9331844028 -0.0115627592595 -0.115495340479
16.9960162559 -0.0114825286883 -0.115085724563
17.058848109 -0.0114031137536 -0.114678960004
17.1216799621 -0.0113245036621 -0.114275017442
17.1845118151 -0.0112466877943 -0.113873867918
17.2473436682 -0.0111696557018 -0.113475482862
17.3101755213 -0.0110933971036 -0.113079834095
17.3730073744 -0.0110179018832 -0.112686893814
17.4358392274 -0.0109431600854 -0.112296634592
17.4986710805 -0.0108691619134 -0.111909029369
17.5615029336 -0.010795897726 -0.111524051445
17.6243347866 -0.0107233580342 -0.111141674475
17.6871666397 -0.0106515334991 -0.110761872465
17.7499984928 -0.0105804149285 -0.110384619763
17.8128303459 -0.0105099932745 -0.110009891055
17.8756621989 -0.0104402596309 -0.109637661358
17.938494052 -0.0103712052304 -0.109267906019
18.0013259051 -0.0103028214423 -0.108900600703
18.0641577581 -0.0102350997698 -0.108535721394
18.1269896112 -0.0101680318477 -0.108173244384
18.1898214643 -0.0101016094398 -0.107813146275
18.2526533174 -0.0100358244371 -0.107455403966
18.3154851704 -0.00997066885476 -0.107099994657
18.3783170235 -0.00990613483046 -0.106746895835
18.4411488766 -0.00984221462195 -0.106396085276
18.5039807296 -0.00977890060489 -0.10604754104
18.5668125827 -0.00971618527084 -0.105701241462
18.6296444358 -0.00965406122512 -0.105357165152
18.6924762889 -0.00959252118484 -0.10501529099
18.7553081419 -0.00953155797686 -0.10467559812
18.818139995 -0.0094711645359 -0.104338065946
18.8809718481 -0.00941133390263 -0.104002674132
18.9438037011 -0.00935205922176 -0.103669402591
19.0066355542 -0.00929333374029 -0.103338231487
19.0694674073 -0.00923515080567 -0.103009141229
19.1322992604 -0.009177503864 -0.102682112468
19.1951311134 -0.00912038645846 -0.102357126091
19.2579629665 -0.00906379222742 -0.10203416322
19.3207948196 -0.00900771490299 -0.101713205207
19.3836266726 -0.00895214830925 -0.101394233632
19.4464585257 -0.00889708636072 -0.101077230297
19.5092903788 -0.00884252306083 -0.100762177224
19.5721222319 -0.00878845250035 -0.100449056655
19.6349540849 -0.0087348688559 -0.100137851041
19.697785938 -0.00868176638852 -0.0998285430468
19.7606177911 -0.00862913944218 -0.0995211155428
19.8234496442 -0.00857698244242 -0.0992155516041
19.8862814972 -0.0085252898949 -0.098911834507
19.9491133503 -0.00847405638413 -0.0986099477257
20.0119452034 -0.00842327657205 -0.0983098749299
20.0747770564 -0.00837294519686 -0.0980115999814
20.1376089095 -0.00832305707151 -0.0977151069319
20.2004407626 -0.00827360708273 -0.0974203800197
20.2632726157 -0.00822459018959 -0.097127403667
20.3261044687 -0.00817600142234 -0.0968361624778
20.3889363218 -0.00812783588129 -0.0965466412347
20.4517681749 -0.00808008873557 -0.0962588248965
20.5146000279 -0.00803275522206 -0.0959726985957
20.577431881 -0.0079858306442 -0.0956882476359
20.6402637341 -0.00793931037096 -0.0954054574894
20.7030955872 -0.00789318983571 -0.0951243137951
20.7659274402 -0.00784746453519 -0.0948448023556
20.8287592933 -0.0078021300285 -0.0945669091352
20.8915911464 -0.00775718193603 -0.0942906202575
20.9544229994 -0.00771261593846 -0.0940159220033
21.0172548525 -0.00766842777587 -0.0937428008083
21.0800867056 -0.00762461324666 -0.0934712432607
21.1429185587 -0.00758116820668 -0.0932012360998
21.2057504117 -0.00753808856832 -0.0929327662126
21.2685822648 -0.00749537029951 -0.0926658206332
21.3314141179 -0.00745300942291 -0.09240038654
21.3942459709 -0.00741100201505 -0.0921364512533
21.457077824 -0.00736934420537 -0.0918740022344
21.5199096771 -0.00732803217548 -0.0916130270829
21.5827415302 -0.00728706215827 -0.0913535135348
21.6455733832 -0.0072464304371 -0.0910954494613
21.7084052363 -0.00720613334507 -0.0908388228659
21.7712370894 -0.00716616726411 -0.0905836218838
21.8340689424 -0.00712652862437 -0.0903298347789
21.8969007955 -0.0070872139033 -0.0900774499431
21.9597326486 -0.007048219625 -0.0898264558941
22.0225645017 -0.00700954235952 -0.0895768412736
22.0853963547 -0.00697117872206 -0.0893285948457
22.1482282078 -0.00693312537232 -0.0890817054956
22.2110600609 -0.00689537901376 -0.0888361622276
22.273891914 -0.00685793639305 -0.0885919541636
22.336723767 -0.00682079429921 -0.0883490705415
22.3995556201 -0.00678394956312 -0.0881075007139
22.4623874732 -0.00674739905679 -0.0878672341465
22.5252193262 -0.00671113969272 -0.0876282604164
22.5880511793 -0.00667516842339 -0.0873905692108
22.6508830324 -0.00663948224054 -0.0871541503253
22.7137148855 -0.00660407817457 -0.0869189936631
22.7765467385 -0.00656895329402 -0.086685089233
22.8393785916 -0.00653410470494 -0.0864524271483
22.9022104447 -0.00649952955038 -0.0862209976253
22.9650422977 -0.00646522500972 -0.0859907909823
23.0278741508 -0.00643118829827 -0.0857617976374
23.0907060039 -0.00639741666659 -0.0855340081087
23.153537857 -0.00636390740009 -0.0853074130115
23.21636971 -0.00633065781837 -0.0850820030582
23.2792015631 -0.00629766527485 -0.0848577690561
23.3420334162 -0.00626492715616 -0.0846347019069
23.4048652692 -0.00623244088169 -0.0844127926055
23.4676971223 -0.00620020390312 -0.084192032238
23.5305289754 -0.0061682137039 -0.0839724119818
23.5933608285 -0.00613646779884 -0.0837539231033
23.6561926815 -0.00610496373354 -0.0835365569575
23.7190245346 -0.00607369908409 -0.0833203049865
23.7818563877 -0.00604267145647 -0.0831051587189
23.8446882407 -0.00601187848627 -0.0828911097678
23.9075200938 -0.0059813178381 -0.0826781498307
23.9703519469 -0.00595098720526 -0.0824662706881
24.0331838 -0.00592088430931 -0.0822554642023
24.096015653 -0.00589100689963 -0.0820457223166
24.1588475061 -0.0058613527531 -0.0818370370543
24.2216793592 -0.00583191967357 -0.0816294005174
24.2845112122 -0.00580270549162 -0.0814228048862
24.3473430653 -0.00577370806399 -0.0812172424179
24.4101749184 -0.00574492527346 -0.0810127054457
24.4730067715 -0.00571635502823 -0.0808091863779
24.5358386245 -0.00568799526168 -0.0806066776974
24.5986704776 -0.005659843932 -0.0804051719601
24.6615023307 -0.00563189902187 -0.0802046617944
24.7243341838 -0.00560415853797 -0.0800051399005
24.7871660368 -0.00557662051083 -0.079806599049
24.8499978899 -0.00554928299441 -0.0796090320804
24.912829743 -0.00552214406569 -0.0794124319047
24.975661596 -0.00549520182446 -0.0792167914996
25.0384934491 -0.005468454393 -0.0790221039102
25.1013253022 -0.00544189991566 -0.0788283622484
25.1641571553 -0.00541553655866 -0.0786355596919
25.2269890083 -0.00538936250972 -0.0784436894834
25.2898208614 -0.0053633759778 -0.0782527449296
25.3526527145 -0.0053375751928 -0.0780627194008
25.4154845675 -0.0053119584052 -0.0778736063305
25.4783164206 -0.00528652388592 -0.0776853992135
25.5411482737 -0.00526126992588 -0.0774980916062
25.6039801268 -0.00523619483583 -0.0773116771257
25.6668119798 -0.00521129694606 -0.0771261494486
25.7296438329 -0.00518657460605 -0.0769415023113
25.792475686 -0.00516202618437 -0.0767577295078
25.855307539 -0.00513765006823 -0.0765748248906
25.9181393921 -0.00511344466342 -0.0763927823689
25.9809712452 -0.00508940839383 -0.0762115959087
26.0438030983 -0.00506553970148 -0.0760312595315
26.1066349513 -0.005041837046 -0.0758517673143
26.1694668044 -0.00501829890457 -0.0756731133885
26.2322986575 -0.00499492377166 -0.0754952919393
26.2951305105 -0.00497171015872 -0.0753182972052
26.3579623636 -0.00494865659404 -0.0751421234778
26.4207942167 -0.00492576162245 -0.0749667651003
26.4836260698 -0.00490302380518 -0.0747922164677
26.5464579228 -0.00488044171955 -0.074618472026
26.6092897759 -0.00485801395885 -0.0744455262712
26.672121629 -0.00483573913203 -0.0742733737495
26.734953482 -0.00481361586359 -0.074102009056
26.7977853351 -0.0047916427933 -0.0739314268347
26.8606171882 -0.00476981857601 -0.0737616217778
26.9234490413 -0.00474814188153 -0.0735925886247
26.9862808943 -0.00472661139429 -0.0734243221623
27.0491127474 -0.00470522581329 -0.0732568172239
27.1119446005 -0.00468398385181 -0.0730900686888
27.1747764536 -0.0046628842373 -0.0729240714817
27.2376083066 -0.00464192571111 -0.0727588205726
27.3004401597 -0.0046211070284 -0.0725943109758
27.3632720128 -0.00460042695789 -0.0724305377498
27.4261038658 -0.0045798842817 -0.0722674959965
27.4889357189 -0.00455947779524 -0.072105180861
27.551767572 -0.00453920630689 -0.0719435875309
27.6145994251 -0.00451906863804 -0.0717827112361
27.6774312781 -0.00449906362276 -0.0716225472479
27.7402631312 -0.00447919010765 -0.0714630908792
27.8030949843 -0.0044594469518 -0.0713043374833
27.8659268373 -0.00443983302648 -0.0711462824542
27.9287586904 -0.00442034721509 -0.0709889212256
27.9915905435 -0.00440098841294 -0.0708322492708
28.0544223966 -0.00438175552719 -0.0706762621019
28.1172542496 -0.00436264747655 -0.0705209552701
28.1800861027 -0.00434366319129 -0.0703663243644
28.2429179558 -0.00432480161299 -0.0702123650119
28.3057498088 -0.00430606169446 -0.0700590728767
28.3685816619 -0.00428744239954 -0.0699064436606
28.431413515 -0.00426894270302 -0.0697544731014
28.4942453681 -0.00425056159046 -0.0696031569735
28.5570772211 -0.0042322980581 -0.0694524910869
28.6199090742 -0.00421415111263 -0.0693024712875
28.6827409273 -0.00419611977123 -0.0691530934557
28.7455727803 -0.00417820306126 -0.0690043535071
28.8084046334 -0.00416040002021 -0.0688562473916
28.8712364865 -0.00414270969564 -0.068708771093
28.9340683396 -0.00412513114493 -0.0685619206288
28.9969001926 -0.00410766343525 -0.0684156920499
29.0597320457 -0.0040903056434 -0.06827008144
29.1225638988 -0.00407305685571 -0.0681250849156
29.1853957518 -0.00405591616788 -0.0679806986254
29.2482276049 -0.004038882685 -0.0678369187499
29.311059458 -0.0040219555212 -0.0676937415016
29.3738913111 -0.00400513379978 -0.0675511631239
29.4367231641 -0.00398841665294 -0.0674091798914
29.4995550172 -0.00397180322175 -0.0672677881095
29.5623868703 -0.00395529265599 -0.0671269841135
29.6252187234 -0.00393888411412 -0.0669867642692
29.6880505764 -0.0039225767631 -0.0668471249718
29.7508824295 -0.0039063697783 -0.0667080626461
29.8137142826 -0.00389026234344 -0.0665695737461
29.8765461356 -0.00387425365046 -0.0664316547544
29.9393779887 -0.00385834289943 -0.0662943021822
30.0022098418 -0.00384252929843 -0.0661575125693
30.0650416949 -0.0038268120635 -0.066021282483
30.1278735479 -0.00381119041847 -0.0658856085187
30.190705401 -0.00379566359496 -0.0657504872989
30.2535372541 -0.00378023083227 -0.0656159154733
30.3163691071 -0.00376489137718 -0.0654818897186
30.3792009602 -0.003749644484 -0.0653484067381
30.4420328133 -0.00373448941443 -0.0652154632613
30.5048646664 -0.00371942543742 -0.065083056044
30.5676965194 -0.00370445182919 -0.0649511818675
30.6305283725 -0.00368956787304 -0.0648198375388
30.6933602256 -0.00367477285936 -0.0646890198905
30.7561920786 -0.00366006608545 -0.0645587257798
30.8190239317 -0.00364544685553 -0.064428952089
30.8818557848 -0.0036309144806 -0.064299695725
30.9446876379 -0.0036164682784 -0.0641709536189
31.0075194909 -0.00360210757329 -0.0640427227258
31.070351344 -0.00358783169621 -0.0639150000249
31.1331831971 -0.00357363998459 -0.063787782519
31.1960150501 -0.00355953178227 -0.0636610672341
31.2588469032 -0.00354550643944 -0.0635348512195
31.3216787563 -0.00353156331255 -0.0634091315476
31.3845106094 -0.00351770176425 -0.0632839053133
31.4473424624 -0.00350392116332 -0.0631591696339
31.5101743155 -0.00349022088458 -0.0630349216494
31.5730061686 -0.00347660030885 -0.0629111585216
31.6358380216 -0.00346305882289 -0.0627878774341
31.6986698747 -0.00344959581924 -0.0626650755924
31.7615017278 -0.00343621069631 -0.0625427502232
31.8243335809 -0.00342290285818 -0.0624208985746
31.8871654339 -0.00340967171458 -0.0622995179158
31.949997287 -0.00339651668085 -0.0621786055366
32.0128291401 -0.00338343717786 -0.0620581587478
32.0756609932 -0.00337043263193 -0.0619381748801
32.1384928462 -0.00335750247478 -0.0618186512851
32.2013246993 -0.0033446461435 -0.061699585334
32.2641565524 -0.00333186308042 -0.0615809744183
32.3269884054 -0.00331915273316 -0.0614628159484
32.3898202585 -0.00330651455444 -0.0613451073553
32.4526521116 -0.0032939480021 -0.0612278460884
32.5154839647 -0.00328145253907 -0.0611110296168
32.5783158177 -0.00326902763325 -0.0609946554282
32.6411476708 -0.00325667275747 -0.0608787210293
32.7039795239 -0.00324438738947 -0.0607632239455
32.7668113769 -0.00323217101179 -0.0606481617203
32.82964323 -0.00322002311178 -0.0605335319158
32.8924750831 -0.00320794318152 -0.0604193321121
32.9553069362 -0.00319593071771 -0.0603055599072
33.0181387892 -0.00318398522173 -0.0601922129168
33.0809706423 -0.00317210619952 -0.0600792887742
33.1438024954 -0.00316029316153 -0.0599667851305
33.2066343484 -0.00314854562268 -0.0598546996537
33.2694662015 -0.00313686310232 -0.0597430300289
33.3322980546 -0.00312524512419 -0.0596317739584
33.3951299077 -0.00311369121634 -0.0595209291613
33.4579617607 -0.00310220091112 -0.0594104933732
33.5207936138 -0.0030907737451 -0.0593004643463
33.5836254669 -0.00307940925902 -0.0591908398493
33.6464573199 -0.00306810699783 -0.0590816176668
33.709289173 -0.00305686651052 -0.0589727955997
33.7721210261 -0.00304568735015 -0.0588643714647
33.8349528792 -0.0030345690738 -0.0587563430945
33.8977847322 -0.00302351124254 -0.0586487083372
33.9606165853 -0.00301251342133 -0.0585414650563
34.0234484384 -0.00300157517902 -0.0584346111313
34.0862802914 -0.00299069608834 -0.0583281444561
34.1491121445 -0.00297987572581 -0.0582220629399
34.2119439976 -0.00296911367165 -0.0581163645074
34.2747758507 -0.00295840950991 -0.0580110470975
34.3376077037 -0.00294776282825 -0.0579061086641
34.4004395568 -0.00293717321799 -0.0578015471754
34.4632714099 -0.00292664027406 -0.0576973606143
34.526103263 -0.00291616359498 -0.057593546978
34.588935116 -0.00290574278277 -0.0574901042777
34.6517669691 -0.00289537744295 -0.0573870305385
34.7145988222 -0.0028850671845 -0.0572843238
34.7774306752 -0.00287481161985 -0.0571819821149
34.8402625283 -0.00286461036477 -0.0570800035502
34.9030943814 -0.00285446303841 -0.0569783861861
34.9659262345 -0.00284436926322 -0.0568771281164
35.0287580875 -0.00283432866495 -0.0567762274481
35.0915899406 -0.0028243408726 -0.0566756823014
35.1544217937 -0.00281440551832 -0.05657549081
35.2172536467 -0.00280452223754 -0.05647565112
35.2800854998 -0.00279469066878 -0.0563761613907
35.3429173529 -0.00278491045366 -0.0562770197943
35.405749206 -0.00277518123694 -0.0561782245151
35.468581059 -0.00276550266638 -0.0560797737507
35.5314129121 -0.00275587439276 -0.0559816657106
35.5942447652 -0.00274629606993 -0.0558838986165
35.6570766182 -0.00273676735459 -0.055786470703
35.7199084713 -0.00272728790643 -0.0556893802163
35.7827403244 -0.00271785738804 -0.0555926254146
35.8455721775 -0.00270847546486 -0.0554962045682
35.9084040305 -0.00269914180515 -0.0554001159593
35.9712358836 -0.00268985608007 -0.0553043578813
36.0340677367 -0.00268061796345 -0.05520892864
36.0968995897 -0.00267142713196 -0.0551138265521
36.1597314428 -0.00266228326494 -0.055019049946
36.2225632959 -0.0026531860445 -0.0549245971612
36.285395149 -0.00264413515532 -0.0548304665487
36.348227002 -0.00263513028484 -0.0547366564705
36.4110588551 -0.00262617112305 -0.0546431652994
36.4738907082 -0.00261725736254 -0.0545499914196
36.5367225612 -0.00260838869848 -0.0544571332258
36.5995544143 -0.00259956482859 -0.0543645891237
36.6623862674 -0.00259078545308 -0.0542723575296
36.7252181205 -0.00258205027471 -0.0541804368702
36.7880499735 -0.00257335899862 -0.0540888255828
36.8508818266 -0.00256471133246 -0.0539975221155
36.9137136797 -0.00255610698627 -0.0539065249261
36.9765455328 -0.0025475456725 -0.0538158324829
37.0393773858 -0.00253902710597 -0.0537254432645
37.1022092389 -0.00253055100382 -0.0536353557594
37.165041092 -0.00252211708557 -0.053545568466
37.227872945 -0.00251372507298 -0.0534560798929
37.2907047981 -0.00250537469012 -0.0533668885585
37.3535366512 -0.00249706566334 -0.0532779929904
37.4163685043 -0.00248879772118 -0.0531893917266
37.4792003573 -0.00248057059441 -0.0531010833143
37.5420322104 -0.00247238401602 -0.0530130663101
37.6048640635 -0.00246423772113 -0.0529253392804
37.6676959165 -0.00245613144704 -0.0528379008005
37.7305277696 -0.00244806493315 -0.0527507494553
37.7933596227 -0.002440037921 -0.052663883839
37.8561914758 -0.00243205015419 -0.0525773025545
37.9190233288 -0.00242410137839 -0.0524910042142
37.9818551819 -0.00241619134135 -0.0524049874392
38.044687035 -0.00240831979281 -0.0523192508595
38.107518888 -0.00240048648455 -0.0522337931142
38.1703507411 -0.0023926911703 -0.0521486128509
38.2331825942 -0.00238493360582 -0.052063708726
38.2960144473 -0.00237721354874 -0.0519790794045
38.3588463003 -0.00236953075872 -0.05189472356
38.4216781534 -0.00236188499723 -0.0518106398746
38.4845100065 -0.00235427602775 -0.0517268270386
38.5473418595 -0.00234670361553 -0.0516432837511
38.6101737126 -0.00233916752776 -0.051560008719
38.6730055657 -0.00233166753343 -0.0514770006578
38.7358374188 -0.00232420340336 -0.051394258291
38.7986692718 -0.0023167749102 -0.0513117803502
38.8615011249 -0.00230938182838 -0.0512295655749
38.924332978 -0.00230202393409 -0.0511476127129
38.987164831 -0.0022947010053 -0.0510659205195
39.0499966841 -0.00228741282171 -0.0509844877583
39.1128285372 -0.00228015916477 -0.0509033132001
39.1756603903 -0.00227293981757 -0.0508223956241
39.2384922433 -0.00226575456498 -0.0507417338164
39.3013240964 -0.00225860319349 -0.0506613265715
39.3641559495 -0.00225148549127 -0.0505811726908
39.4269878026 -0.00224440124813 -0.0505012709836
39.4898196556 -0.00223735025555 -0.0504216202662
39.5526515087 -0.00223033230654 -0.0503422193627
39.6154833618 -0.00222334719581 -0.0502630671042
39.6783152148 -0.00221639471958 -0.0501841623294
39.7411470679 -0.00220947467569 -0.0501055038838
39.803978921 -0.0022025868635 -0.0500270906201
39.8668107741 -0.00219573108394 -0.0499489213985
39.9296426271 -0.00218890713945 -0.0498709950857
39.9924744802 -0.00218211483402 -0.0497933105557
40.0553063333 -0.0021753539731 -0.0497158666893
40.1181381863 -0.00216862436363 -0.0496386623742
40.1809700394 -0.00216192581405 -0.049561696505
40.2438018925 -0.00215525813424 -0.0494849679828
40.3066337456 -0.00214862113555 -0.0494084757159
40.3694655986 -0.00214201463071 -0.0493322186187
40.4322974517 -0.00213543843394 -0.0492561956127
40.4951293048 -0.00212889236083 -0.0491804056254
40.5579611578 -0.00212237622835 -0.0491048475916
40.6207930109 -0.00211588985489 -0.0490295204518
40.683624864 -0.0021094330602 -0.0489544231533
40.7464567171 -0.00210300566534 -0.04887955465
40.8092885701 -0.00209660749279 -0.0488049139015
40.8721204232 -0.00209023836633 -0.0487304998741
40.9349522763 -0.00208389811105 -0.0486563115401
40.9977841293 -0.00207758655336 -0.0485823478783
41.0606159824 -0.00207130352096 -0.0485086078735
41.1234478355 -0.00206504884287 -0.0484350905161
41.1862796886 -0.00205882234933 -0.0483617948033
41.2491115416 -0.00205262387188 -0.0482887197381
41.3119433947 -0.0020464532433 -0.048215864329
41.3747752478 -0.00204031029763 -0.0481432275908
41.4376071008 -0.00203419487013 -0.0480708085441
41.5004389539 -0.00202810679725 -0.0479986062154
41.563270807 -0.00202204591669 -0.0479266196368
41.6261026601 -0.00201601206733 -0.0478548478461
41.6889345131 -0.00201000508924 -0.047783289887
41.7517663662 -0.00200402482366 -0.0477119448089
41.8145982193 -0.001998071113 -0.0476408116665
41.8774300724 -0.00199214380085 -0.0475698895201
41.9402619254 -0.00198624273187 -0.047499177436
42.0030937785 -0.00198036775198 -0.0474286744855
42.0659256316 -0.00197451870811 -0.0473583797453
42.1287574846 -0.00196869544838 -0.0472882922979
42.1915893377 -0.00196289782197 -0.0472184112309
42.2544211908 -0.00195712567918 -0.0471487356374
42.3172530439 -0.00195137887139 -0.0470792646155
42.3800848969 -0.00194565725107 -0.047009997269
42.44291675 -0.00193996067177 -0.0469409327061
42.5057486031 -0.00193428898804 -0.0468720700414
42.5685804561 -0.00192864205554 -0.0468034083936
42.6314123092 -0.00192301973097 -0.0467349468867
42.6942441623 -0.00191742187202 -0.0466666846504
42.7570760154 -0.00191184833742 -0.0465986208185
42.8199078684 -0.00190629898697 -0.0465307545304
42.8827397215 -0.00190077368137 -0.0464630849303
42.9455715746 -0.0018952722824 -0.0463956111675
43.0084034276 -0.00188979465281 -0.0463283323957
43.0712352807 -0.00188434065632 -0.0462612477739
43.1340671338 -0.00187891015762 -0.0461943564658
43.1968989869 -0.00187350302238 -0.0461276576397
43.2597308399 -0.00186811911721 -0.0460611504689
43.322562693 -0.00186275830968 -0.0459948341313
43.3853945461 -0.00185742046828 -0.0459287078096
43.4482263991 -0.00185210546245 -0.0458627706907
43.5110582522 -0.00184681316254 -0.045797021967
43.5738901053 -0.00184154343984 -0.0457314608344
43.6367219584 -0.00183629616652 -0.045666086494
43.6995538114 -0.00183107121565 -0.0456008981516
43.7623856645 -0.00182586846123 -0.0455358950167
43.8252175176 -0.00182068777809 -0.0454710763043
43.8880493706 -0.00181552904199 -0.0454064412328
43.9508812237 -0.00181039212953 -0.0453419890256
44.0137130768 -0.00180527691818 -0.0452777189104
44.0765449299 -0.00180018328626 -0.0452136301189
44.1393767829 -0.00179511111296 -0.0451497218875
44.202208636 -0.00179006027829 -0.0450859934567
44.2650404891 -0.00178503066309 -0.0450224440713
44.3278723422 -0.00178002214906 -0.0449590729802
44.3907041952 -0.00177503461869 -0.0448958794365
44.4535360483 -0.00177006795528 -0.0448328626977
44.5163679014 -0.00176512204298 -0.0447700220248
44.5791997544 -0.00176019676669 -0.0447073566838
44.6420316075 -0.00175529201215 -0.0446448659441
44.7048634606 -0.00175040766585 -0.0445825490791
44.7676953137 -0.00174554361506 -0.0445204053668
44.8305271667 -0.00174069974788 -0.0444584340884
44.8933590198 -0.0017358759531 -0.0443966345299
44.9561908729 -0.00173107212034 -0.0443350059805
45.0190227259 -0.00172628813993 -0.0442735477337
45.081854579 -0.00172152390296 -0.0442122590869
45.1446864321 -0.00171677930129 -0.0441511393409
45.2075182852 -0.00171205422749 -0.044090187801
45.2703501382 -0.00170734857485 -0.0440294037759
45.3331819913 -0.00170266223741 -0.0439687865781
45.3960138444 -0.00169799510995 -0.0439083355235
45.4588456974 -0.0016933470879 -0.0438480499326
45.5216775505 -0.00168871806747 -0.0437879291287
45.5845094036 -0.00168410794551 -0.0437279724394
45.6473412567 -0.0016795166196 -0.0436681791956
45.7101731097 -0.00167494398799 -0.0436085487321
45.7730049628 -0.00167038994969 -0.0435490803866
45.8358368159 -0.00166585440425 -0.0434897735015
45.8986686689 -0.00166133725204 -0.0434306274216
45.961500522 -0.00165683839398 -0.0433716414963
46.0243323751 -0.00165235773172 -0.0433128150776
46.0871642282 -0.00164789516758 -0.0432541475213
46.1499960812 -0.00164345060449 -0.0431956381868
46.2128279343 -0.00163902394606 -0.0431372864368
46.2756597874 -0.0016346150965 -0.0430790916375
46.3384916404 -0.00163022396071 -0.0430210531583
46.4013234935 -0.00162585044419 -0.0429631703722
46.4641553466 -0.00162149445307 -0.0429054426552
46.5269871997 -0.00161715589411 -0.0428478693873
46.5898190527 -0.00161283467469 -0.0427904499507
46.6526509058 -0.0016085307028 -0.0427331837319
46.7154827589 -0.00160424388704 -0.0426760701201
46.778314612 -0.00159997413659 -0.0426191085078
46.841146465 -0.00159572136126 -0.0425622982914
46.9039783181 -0.00159148547145 -0.042505638869
46.9668101712 -0.00158726637811 -0.0424491296435
47.0296420242 -0.00158306399283 -0.0423927700198
47.0924738773 -0.00157887822774 -0.0423365594065
47.1553057304 -0.00157470899557 -0.0422804972149
47.2181375835 -0.00157055620961 -0.0422245828597
47.2809694365 -0.00156641978369 -0.042168815759
47.3438012896 -0.00156229963225 -0.0421131953331
47.4066331427 -0.00155819567027 -0.0420577210057
47.4694649957 -0.00155410781325 -0.0420023922039
47.5322968488 -0.00155003597729 -0.0419472083572
47.5951287019 -0.001545980079 -0.0418921688984
47.657960555 -0.00154194003554 -0.0418372732632
47.720792408 -0.00153791576462 -0.0417825208902
47.7836242611 -0.00153390718444 -0.0417279112209
47.8464561142 -0.00152991421377 -0.0416734436996
47.9092879672 -0.0015259367719 -0.0416191177737
47.9721198203 -0.00152197477864 -0.041564932893
48.0349516734 -0.00151802815426 -0.0415108885113
48.0977835265 -0.00151409681964 -0.0414569840833
48.1606153795 -0.00151018069608 -0.0414032190682
48.2234472326 -0.00150627970543 -0.0413495929273
48.2862790857 -0.00150239377001 -0.0412961051249
48.3491109387 -0.0014985228127 -0.0412427551273
48.4119427918 -0.00149466675679 -0.0411895424046
48.4747746449 -0.00149082552611 -0.041136466429
48.537606498 -0.00148699904496 -0.0410835266752
48.600438351 -0.0014831872381 -0.0410307226214
48.6632702041 -0.00147939003083 -0.0409780537475
48.7261020572 -0.00147560734886 -0.0409255195367
48.7889339102 -0.00147183911839 -0.0408731194746
48.8517657633 -0.00146808526612 -0.0408208530493
48.9145976164 -0.00146434571914 -0.0407687197518
48.9774294695 -0.00146062040508 -0.0407167190752
49.0402613225 -0.00145690925197 -0.0406648505159
49.1030931756 -0.00145321218833 -0.0406131135719
49.1659250287 -0.00144952914309 -0.0405615077447
49.2287568818 -0.00144586004568 -0.0405100325375
49.2915887348 -0.00144220482593 -0.0404586874562
49.3544205879 -0.0014385634141 -0.0404074720098
49.417252441 -0.00143493574094 -0.0403563857087
49.480084294 -0.00143132173759 -0.0403054280667
49.5429161471 -0.00142772133561 -0.0402545985997
49.6057480002 -0.00142413446703 -0.0402038968259
49.6685798533 -0.00142056106427 -0.0401533222658
49.7314117063 -0.00141700106018 -0.0401028744428
49.7942435594 -0.00141345438802 -0.0400525528823
49.8570754125 -0.00140992098149 -0.0400023571119
49.9199072655 -0.00140640077465 -0.039952286662
49.9827391186 -0.00140289370203 -0.0399023410648
50.0455709717 -0.00139939969854 -0.0398525198552
50.1084028248 -0.00139591869945 -0.0398028225704
50.1712346778 -0.00139245064048 -0.03975324875
50.2340665309 -0.00138899545774 -0.0397037979352
50.296898384 -0.00138555308771 -0.0396544696704
50.359730237 -0.00138212346731 -0.0396052635013
50.4225620901 -0.00137870653376 -0.0395561789767
50.4853939432 -0.00137530222474 -0.0395072156472
50.5482257963 -0.00137191047827 -0.0394583730654
50.6110576493 -0.0013685312328 -0.0394096507865
50.6738895024 -0.0013651644271 -0.0393610483675
50.7367213555 -0.00136181000032 -0.0393125653682
50.7995532085 -0.00135846789202 -0.0392642013497
50.8623850616 -0.00135513804211 -0.0392159558756
50.9252169147 -0.00135182039081 -0.0391678285122
50.9880487678 -0.00134851487881 -0.0391198188269
51.0508806208 -0.00134522144705 -0.0390719263901
51.1137124739 -0.00134194003692 -0.0390241507735
51.176544327 -0.0013386705901 -0.0389764915515
51.23937618 -0.00133541304864 -0.0389289483002
51.3022080331 -0.00133216735497 -0.038881520598
51.3650398862 -0.00132893345181 -0.0388342080251
51.4278717393 -0.00132571128226 -0.038787010164
51.4907035923 -0.00132250078979 -0.0387399265988
51.5535354454 -0.00131930191815 -0.0386929569159
51.6163672985 -0.00131611461146 -0.0386461007038
51.6791991516 -0.00131293881417 -0.0385993575527
51.7420310046 -0.00130977447105 -0.038552727055
51.8048628577 -0.00130662152724 -0.0385062088047
51.8676947108 -0.00130347992815 -0.0384598023982
51.9305265638 -0.00130034961956 -0.0384135074336
51.9933584169 -0.00129723054756 -0.0383673235106
52.05619027 -0.00129412265856 -0.0383212502315
52.1190221231 -0.00129102589926 -0.0382752872001
52.1818539761 -0.00128794021675 -0.0382294340218
52.2446858292 -0.00128486555835 -0.0381836903044
52.3075176823 -0.00128180187173 -0.0381380556576
52.3703495353 -0.00127874910488 -0.0380925296923
52.4331813884 -0.00127570720607 -0.0380471120219
52.4960132415 -0.00127267612391 -0.0380018022611
52.5588450946 -0.00126965580728 -0.0379566000269
52.6216769476 -0.00126664620538 -0.0379115049379
52.6845088007 -0.0012636472677 -0.0378665166144
52.7473406538 -0.00126065894406 -0.0378216346784
52.8101725068 -0.00125768118448 -0.0377768587544
52.8730043599 -0.00125471393937 -0.0377321884677
52.935836213 -0.0012517571594 -0.0376876234459
52.9986680661 -0.00124881079552 -0.0376431633182
53.0614999191 -0.00124587479898 -0.0375988077154
53.1243317722 -0.0012429491213 -0.0375545562706
53.1871636253 -0.00124003371427 -0.0375104086179
53.2499954783 -0.00123712853001 -0.0374663643932
53.3128273314 -0.00123423352085 -0.037422423235
53.3756591845 -0.00123134863946 -0.0373785847821
53.4384910376 -0.00122847383876 -0.0373348486759
53.5013228906 -0.00122560907193 -0.0372912145592
53.5641547437 -0.00122275429244 -0.0372476820766
53.6269865968 -0.00121990945401 -0.037204250874
53.6898184498 -0.00121707451065 -0.0371609205994
53.7526503029 -0.00121424941658 -0.0371176909022
53.815482156 -0.00121143412637 -0.0370745614335
53.8783140091 -0.00120862859481 -0.0370315318454
53.9411458621 -0.00120583277693 -0.0369886017927
54.0039777152 -0.00120304662803 -0.036945770931
54.0668095683 -0.00120027010368 -0.0369030389177
54.1296414214 -0.00119750315971 -0.0368604054116
54.1924732744 -0.00119474575216 -0.0368178700736
54.2553051275 -0.00119199783737 -0.0367754325655
54.3181369806 -0.00118925937189 -0.0367330925511
54.3809688336 -0.00118653031257 -0.0366908496954
54.4438006867 -0.00118381061644 -0.0366487036651
54.5066325398 -0.00118110024083 -0.0366066541285
54.5694643929 -0.00117839914328 -0.0365647007553
54.6322962459 -0.00117570728155 -0.0365228432169
54.695128099 -0.00117302461372 -0.0364810811858
54.7579599521 -0.00117035109802 -0.0364394143363
54.8207918051 -0.00116768669297 -0.0363978423441
54.8836236582 -0.00116503135731 -0.0363563648863
54.9464555113 -0.00116238504999 -0.0363149816416
55.0092873644 -0.00115974773024 -0.03627369229
55.0721192174 -0.00115711935747 -0.0362324965129
55.1349510705 -0.00115449989135 -0.0361913939935
55.1977829236 -0.00115188929175 -0.0361503844161
55.2606147766 -0.0011492875188 -0.0361094674662
55.3234466297 -0.00114669453282 -0.0360686428316
55.3862784828 -0.00114411029437 -0.0360279102005
55.4491103359 -0.00114153476425 -0.0359872692627
55.5119421889 -0.00113896790343 -0.03594671971
55.574774042 -0.00113640967312 -0.0359062612352
55.6376058951 -0.00113386003479 -0.0358658935319
55.7004377481 -0.00113131895005 -0.0358256162962
55.7632696012 -0.00112878638075 -0.0357854292248
55.8261014543 -0.00112626228899 -0.0357453320159
55.8889333074 -0.00112374663703 -0.035705324369
55.9517651604 -0.00112123938738 -0.0356654059849
56.0145970135 -0.00111874050271 -0.0356255765661
56.0774288666 -0.00111624994594 -0.0355858358161
56.1402607196 -0.00111376768021 -0.0355461834394
56.2030925727 -0.00111129366877 -0.0355066191428
56.2659244258 -0.00110882787519 -0.0354671426331
56.3287562789 -0.00110637026316 -0.0354277536196
56.3915881319 -0.0011039207966 -0.0353884518117
56.454419985 -0.00110147943962 -0.0353492369214
56.5172518381 -0.00109904615653 -0.035310108661
56.5800836912 -0.00109662091185 -0.0352710667443
56.6429155442 -0.00109420367027 -0.0352321108864
56.7057473973 -0.0010917943967 -0.0351932408036
56.7685792504 -0.00108939305619 -0.0351544562137
56.8314111034 -0.00108699961407 -0.0351157568354
56.8942429565 -0.00108461403574 -0.035077142389
56.9570748096 -0.00108223628693 -0.0350386125954
57.0199066627 -0.00107986633344 -0.0350001671771
57.0827385157 -0.00107750414131 -0.034961805858
57.1455703688 -0.0010751496767 -0.0349235283633
57.2084022219 -0.00107280290608 -0.0348853344186
57.2712340749 -0.00107046379599 -0.0348472237514
57.334065928 -0.0010681323132 -0.0348091960902
57.3968977811 -0.00106580842463 -0.0347712511647
57.4597296342 -0.00106349209742 -0.0347333887056
57.5225614872 -0.00106118329885 -0.0346956084451
57.5853933403 -0.00105888199638 -0.0346579101161
57.6482251934 -0.00105658815768 -0.034620293453
57.7110570464 -0.00105430175055 -0.0345827581913
57.7738888995 -0.001052022743 -0.0345453040674
57.8367207526 -0.00104975110318 -0.0345079308193
57.8995526057 -0.00104748679943 -0.0344706381858
57.9623844587 -0.00104522980025 -0.0344334259066
58.0252163118 -0.00104298007432 -0.0343962937231
58.0880481649 -0.00104073759048 -0.0343592413772
58.1508800179 -0.00103850231773 -0.0343222686125
58.213711871 -0.00103627422525 -0.0342853751733
58.2765437241 -0.00103405328238 -0.0342485608047
58.3393755772 -0.0010318394586 -0.0342118252538
58.4022074302 -0.00102963272358 -0.0341751682681
58.4650392833 -0.00102743304716 -0.0341385895962
58.5278711364 -0.0010252403993 -0.034102088988
58.5907029894 -0.00102305475017 -0.0340656661942
58.6535348425 -0.00102087607004 -0.0340293209668
58.7163666956 -0.00101870432938 -0.0339930530589
58.7791985487 -0.00101653949881 -0.0339568622244
58.8420304017 -0.0010143815491 -0.0339207482181
58.9048622548 -0.00101223045115 -0.0338847107966
58.9676941079 -0.00101008617606 -0.0338487497166
59.030525961 -0.00100794869505 -0.0338128647364
59.093357814 -0.0010058179795 -0.0337770556151
59.1561896671 -0.00100369400093 -0.0337413221129
59.2190215202 -0.00100157673103 -0.0337056639911
59.2818533732 -0.000999466141644 -0.0336700810114
59.3446852263 -0.000997362204696 -0.0336345729378
59.4075170794 -0.000995264892355 -0.0335991395338
59.4703489325 -0.000993174176877 -0.0335637805646
59.5331807855 -0.000991090030662 -0.0335284957967
59.5960126386 -0.000989012426264 -0.0334932849971
59.6588444917 -0.000986941336408 -0.0334581479335
59.7216763447 -0.000984876733909 -0.0334230843753
59.7845081978 -0.00098281859175 -0.0333880940927
59.8473400509 -0.000980766883056 -0.0333531768563
59.910171904 -0.000978721581095 -0.0333183324382
59.973003757 -0.000976682659263 -0.0332835606112
60.0358356101 -0.000974650091097 -0.0332488611492
60.0986674632 -0.000972623850283 -0.0332142338267
60.1614993162 -0.000970603910598 -0.0331796784199
60.2243311693 -0.000968590246016 -0.033145194705
60.2871630224 -0.000966582830608 -0.0331107824595
60.3499948755 -0.000964581638593 -0.0330764414621
60.4128267285 -0.000962586644306 -0.033042171492
60.4756585816 -0.000960597822239 -0.0330079723295
60.5384904347 -0.00095861514698 -0.0329738437558
60.6013222877 -0.000956638593301 -0.0329397855528
60.6641541408 -0.000954668136024 -0.032905797504
60.7269859939 -0.00095270375019 -0.0328718793925
60.789817847 -0.000950745410907 -0.0328380310035
60.8526497 -0.00094879309341 -0.0328042521227
60.9154815531 -0.000946846773095 -0.0327705425365
60.9783134062 -0.000944906425464 -0.0327369020322
61.0411452592 -0.000942972026144 -0.032703330398
61.1039771123 -0.000941043550891 -0.032669827423
61.1668089654 -0.000939120975572 -0.0326363928974
61.2296408185 -0.00093720427618 -0.0326030266119
61.2924726715 -0.000935293428859 -0.032569728358
61.3553045246 -0.000933388409817 -0.0325364979284
61.4181363777 -0.000931489195451 -0.0325033351163
61.4809682308 -0.000929595762204 -0.0324702397162
61.5438000838 -0.000927708086709 -0.0324372115227
61.6066319369 -0.000925826145658 -0.032404250332
61.66946379 -0.000923949915902 -0.0323713559406
61.732295643 -0.000922079374386 -0.0323385281459
61.7951274961 -0.000920214498171 -0.0323057667466
61.8579593492 -0.000918355264462 -0.0322730715412
61.9207912023 -0.000916501650521 -0.0322404423304
61.9836230553 -0.000914653633784 -0.0322078789145
62.0464549084 -0.000912811191767 -0.032175381095
62.1092867615 -0.000910974302114 -0.0321429486744
62.1721186145 -0.000909142942568 -0.0321105814556
62.2349504676 -0.00090731709099 -0.0320782792428
62.2977823207 -0.000905496725353 -0.0320460418405
62.3606141738 -0.000903681823723 -0.0320138690543
62.4234460268 -0.000901872364309 -0.0319817606903
62.4862778799 -0.00090006832539 -0.0319497165559
62.549109733 -0.000898269685392 -0.0319177364584
62.611941586 -0.000896476422809 -0.0318858202067
62.6747734391 -0.00089468851628 -0.0318539676099
62.7376052922 -0.00089290594451 -0.0318221784783
62.8004371453 -0.000891128686337 -0.0317904526227
62.8632689983 -0.000889356720716 -0.0317587898544
62.9261008514 -0.000887590026653 -0.0317271899861
62.9889327045 -0.000885828583316 -0.0316956528307
63.0517645575 -0.000884072369954 -0.0316641782019
63.1145964106 -0.000882321365881 -0.0316327659146
63.1774282637 -0.000880575550588 -0.0316014157836
63.2402601168 -0.000878834903608 -0.0315701276253
63.3030919698 -0.000877099404598 -0.0315389012562
63.3659238229 -0.000875369033298 -0.0315077364938
63.428755676 -0.00087364376957 -0.0314766331563
63.491587529 -0.000871923593358 -0.0314455910628
63.5544193821 -0.00087020848471 -0.0314146100325
63.6172512352 -0.000868498423772 -0.0313836898858
63.6800830883 -0.000866793390797 -0.0313528304439
63.7429149413 -0.000865093366114 -0.0313220315282
63.8057467944 -0.000863398330156 -0.0312912929613
63.8685786475 -0.000861708263446 -0.0312606145665
63.9314105006 -0.000860023146618 -0.0312299961672
63.9942423536 -0.0008583429604 -0.031199437588
64.0570742067 -0.000856667685584 -0.031168938654
64.1199060598 -0.000854997303105 -0.031138499191
64.1827379128 -0.000853331793928 -0.0311081190256
64.2455697659 -0.000851671139157 -0.0310777979852
64.308401619 -0.000850015319972 -0.0310475358973
64.3712334721 -0.000848364317653 -0.0310173325904
64.4340653251 -0.000846718113555 -0.030987187894
64.4968971782 -0.000845076689132 -0.0309571016377
64.5597290313 -0.000843440025931 -0.030927073652
64.6225608843 -0.000841808105583 -0.0308971037681
64.6853927374 -0.000840180909796 -0.0308671918178
64.7482245905 -0.000838558420395 -0.0308373376335
64.8110564436 -0.00083694061926 -0.0308075410484
64.8738882966 -0.000835327488387 -0.0307778018961
64.9367201497 -0.000833719009827 -0.0307481200111
64.9995520028 -0.000832115165743 -0.0307184952284
65.0623838558 -0.000830515938375 -0.0306889273835
65.1252157089 -0.00082892131005 -0.0306594163127
65.188047562 -0.000827331263165 -0.0306299618531
65.2508794151 -0.000825745780221 -0.030600563842
65.3137112681 -0.000824164843802 -0.0305712221175
65.3765431212 -0.000822588436542 -0.0305419365187
65.4393749743 -0.000821016541213 -0.0305127068844
65.5022068273 -0.000819449140619 -0.0304835330551
65.5650386804 -0.00081788621765 -0.0304544148715
65.6278705335 -0.000816327755334 -0.0304253521741
65.6907023866 -0.000814773736701 -0.0303963448052
65.7535342396 -0.000813224144918 -0.030367392607
65.8163660927 -0.000811678963196 -0.0303384954227
65.8791979458 -0.000810138174849 -0.0303096530959
65.9420297988 -0.000808601763258 -0.0302808654706
66.0048616519 -0.000807069711898 -0.0302521323915
66.067693505 -0.000805542004299 -0.0302234537042
66.1305253581 -0.000804018624079 -0.0301948292544
66.1933572111 -0.00080249955493 -0.0301662588889
66.2561890642 -0.000800984780638 -0.0301377424545
66.3190209173 -0.000799474285024 -0.0301092797992
66.3818527704 -0.00079796805204 -0.030080870771
66.4446846234 -0.000796466065674 -0.0300525152187
66.5075164765 -0.000794968310008 -0.0300242129917
66.5703483296 -0.000793474769165 -0.0299959639402
66.6331801826 -0.000791985427404 -0.0299677679143
66.6960120357 -0.000790500268994 -0.0299396247654
66.7588438888 -0.000789019278305 -0.029911534345
66.8216757419 -0.000787542439794 -0.0298834965053
66.8845075949 -0.000786069737973 -0.0298555110988
66.947339448 -0.000784601157418 -0.0298275779791
67.0101713011 -0.000783136682793 -0.0297996969999
67.0730031541 -0.000781676298829 -0.0297718680156
67.1358350072 -0.000780219990333 -0.029744090881
67.1986668603 -0.000778767742161 -0.0297163654516
67.2614987134 -0.00077731953926 -0.0296886915835
67.3243305664 -0.00077587536665 -0.0296610691329
67.3871624195 -0.000774435209388 -0.0296334979573
67.4499942726 -0.000772999052655 -0.0296059779138
67.5128261256 -0.000771566881652 -0.0295785088606
67.5756579787 -0.000770138681644 -0.0295510906569
67.6384898318 -0.000768714438012 -0.0295237231611
67.7013216849 -0.00076729413618 -0.0294964062331
67.7641535379 -0.000765877761593 -0.0294691397335
67.826985391 -0.000764465299858 -0.0294419235223
67.8898172441 -0.000763056736552 -0.0294147574613
67.9526490971 -0.000761652057398 -0.0293876414118
68.0154809502 -0.000760251248133 -0.0293605752361
68.0783128033 -0.000758854294554 -0.0293335587973
68.1411446564 -0.000757461182577 -0.0293065919581
68.2039765094 -0.000756071898126 -0.0292796745825
68.2668083625 -0.000754686427208 -0.029252806535
68.3296402156 -0.000753304755924 -0.0292259876796
68.3924720686 -0.000751926870388 -0.0291992178822
68.4553039217 -0.000750552756807 -0.0291724970081
68.5181357748 -0.000749182401435 -0.0291458249239
68.5809676279 -0.000747815790614 -0.029119201496
68.6437994809 -0.000746452910728 -0.0290926265914
68.706631334 -0.000745093748213 -0.0290661000783
68.7694631871 -0.000743738289592 -0.0290396218244
68.8322950402 -0.000742386521437 -0.0290131916984
68.8951268932 -0.000741038430381 -0.0289868095692
68.9579587463 -0.000739694003108 -0.0289604753069
69.0207905994 -0.000738353226391 -0.0289341887809
69.0836224524 -0.000737016087013 -0.0289079498623
69.1464543055 -0.000735682571878 -0.0288817584216
69.2092861586 -0.000734352667896 -0.0288556143304
69.2721180117 -0.000733026362048 -0.0288295174608
69.3349498647 -0.000731703641413 -0.0288034676848
69.3977817178 -0.000730384493091 -0.0287774648753
69.4606135709 -0.000729068904225 -0.0287515089059
69.5234454239 -0.000727756862057 -0.0287255996499
69.586277277 -0.000726448353859 -0.0286997369817
69.6491091301 -0.000725143366972 -0.0286739207757
69.7119409832 -0.000723841888774 -0.0286481509075
69.7747728362 -0.000722543906721 -0.0286224272523
69.8376046893 -0.000721249408338 -0.028596749686
69.9004365424 -0.000719958381166 -0.028571118085
69.9632683954 -0.000718670812822 -0.0285455323265
70.0261002485 -0.000717386690979 -0.0285199922873
70.0889321016 -0.000716106003367 -0.0284944978455
70.1517639547 -0.000714828737762 -0.0284690488791
70.2145958077 -0.000713554882002 -0.0284436452668
70.2774276608 -0.000712284423972 -0.0284182868876
70.3402595139 -0.00071101735163 -0.0283929736209
70.4030913669 -0.000709753652944 -0.0283677053468
70.46592322 -0.000708493315977 -0.0283424819453
70.5287550731 -0.000707236328842 -0.0283173032973
70.5915869262 -0.000705982679685 -0.0282921692839
70.6544187792 -0.000704732356696 -0.0282670797869
70.7172506323 -0.000703485348166 -0.0282420346879
70.7800824854 -0.000702241642375 -0.0282170338698
70.8429143384 -0.000701001227706 -0.0281920772149
70.9057461915 -0.000699764092558 -0.0281671646068
70.9685780446 -0.000698530225398 -0.0281422959291
71.0314098977 -0.000697299614726 -0.028117471066
71.0942417507 -0.000696072249158 -0.0280926899012
71.1570736038 -0.000694848117251 -0.0280679523208
71.2199054569 -0.000693627207685 -0.0280432582092
71.28273731 -0.000692409509187 -0.0280186074523
71.345569163 -0.000691195010529 -0.027993999936
71.4084010161 -0.000689983700492 -0.0279694355472
71.4712328692 -0.000688775567954 -0.0279449141725
71.5340647222 -0.00068757060182 -0.0279204356993
71.5968965753 -0.000686368791069 -0.0278960000149
71.6597284284 -0.000685170124679 -0.0278716070078
71.7225602815 -0.000683974591722 -0.0278472565661
71.7853921345 -0.000682782181283 -0.0278229485791
71.8482239876 -0.000681592882541 -0.0277986829352
71.9110558407 -0.00068040668465 -0.0277744595249
71.9738876937 -0.000679223576894 -0.0277502782375
72.0367195468 -0.000678043548511 -0.027726138964
72.0995513999 -0.0006768665889 -0.0277020415945
72.162383253 -0.000675692687394 -0.0276779860204
72.225215106 -0.000674521833436 -0.0276539721334
72.2880469591 -0.000673354016488 -0.0276299998253
72.3508788122 -0.000672189226097 -0.0276060689879
72.4137106652 -0.00067102745181 -0.0275821795143
72.4765425183 -0.000669868683226 -0.0275583312973
72.5393743714 -0.00066871291001 -0.0275345242303
72.6022062245 -0.000667560121851 -0.027510758207
72.6650380775 -0.000666410308493 -0.0274870331215
72.7278699306 -0.000665263459734 -0.0274633488682
72.7907017837 -0.000664119565386 -0.027439705342
72.8535336367 -0.000662978615323 -0.0274161024382
72.9163654898 -0.000661840599477 -0.027392540052
72.9791973429 -0.000660705507794 -0.0273690180794
73.042029196 -0.000659573330281 -0.0273455364169
73.104861049 -0.000658444056978 -0.0273220949608
73.1676929021 -0.00065731767797 -0.0272986936082
73.2305247552 -0.000656194183387 -0.0272753322565
73.2933566082 -0.000655073563424 -0.0272520108029
73.3561884613 -0.000653955808253 -0.0272287291461
73.4190203144 -0.000652840908161 -0.0272054871838
73.4818521675 -0.000651728853433 -0.0271822848151
73.5446840205 -0.000650619634402 -0.027159121939
73.6075158736 -0.000649513241457 -0.0271359984547
73.6703477267 -0.000648409665016 -0.0271129142619
73.7331795798 -0.000647308895528 -0.0270898692609
73.7960114328 -0.000646210923488 -0.0270668633522
73.8588432859 -0.000645115739455 -0.027043896436
73.921675139 -0.000644023333992 -0.0270209684139
73.984506992 -0.000642933697728 -0.026998079187
74.0473388451 -0.000641846821334 -0.026975228657
74.1101706982 -0.000640762695481 -0.0269524167264
74.1730025513 -0.000639681310916 -0.0269296432971
74.2358344043 -0.000638602658418 -0.0269069082724
74.2986662574 -0.000637526728808 -0.0268842115546
74.3614981105 -0.000636453512936 -0.0268615530476
74.4243299635 -0.000635383001686 -0.0268389326551
74.4871618166 -0.000634315185999 -0.0268163502809
74.5499936697 -0.000633250056841 -0.0267938058295
74.6128255228 -0.000632187605199 -0.0267712992056
74.6756573758 -0.000631127822146 -0.0267488303141
74.7384892289 -0.000630070698741 -0.0267263990604
74.801321082 -0.000629016226106 -0.0267040053501
74.864152935 -0.000627964395404 -0.026681649089
74.9269847881 -0.000626915197828 -0.0266593301834
74.9898166412 -0.000625868624587 -0.0266370485399
75.0526484943 -0.000624824666958 -0.0266148040657
75.1154803473 -0.00062378331625 -0.0265925966673
75.1783122004 -0.0006227445638 -0.0265704262527
75.2411440535 -0.000621708400957 -0.0265482927296
75.3039759065 -0.000620674819167 -0.026526196006
75.3668077596 -0.000619643809821 -0.0265041359907
75.4296396127 -0.000618615364461 -0.0264821125917
75.4924714658 -0.000617589474566 -0.0264601257186
75.5553033188 -0.000616566131682 -0.0264381752806
75.6181351719 -0.000615545327409 -0.0264162611872
75.680967025 -0.000614527053374 -0.0263943833481
75.743798878 -0.000613511301206 -0.0263725416741
75.8066307311 -0.000612498062597 -0.0263507360754
75.8694625842 -0.000611487329285 -0.0263289664627
75.9322944373 -0.000610479093028 -0.026307232747
75.9951262903 -0.000609473345585 -0.0262855348405
76.0579581434 -0.000608470078834 -0.0262638726536
76.1207899965 -0.000607469284599 -0.0262422460989
76.1836218496 -0.000606470954747 -0.0262206550892
76.2464537026 -0.000605475081243 -0.0261990995362
76.3092855557 -0.000604481656043 -0.0261775793529
76.3721174088 -0.000603490671099 -0.026156094453
76.4349492618 -0.000602502118477 -0.0261346447492
76.4977811149 -0.0006015159902 -0.0261132301556
76.560612968 -0.000600532278379 -0.0260918505859
76.6234448211 -0.000599550975126 -0.0260705059544
76.6862766741 -0.000598572072581 -0.0260491961759
76.7491085272 -0.000597595562951 -0.0260279211648
76.8119403803 -0.000596621438428 -0.0260066808365
76.8747722333 -0.000595649691275 -0.0259854751062
76.9376040864 -0.000594680313755 -0.0259643038897
77.0004359395 -0.00059371329819 -0.0259431671028
77.0632677926 -0.000592748636921 -0.0259220646614
77.1260996456 -0.000591786322316 -0.0259009964824
77.1889314987 -0.000590826346781 -0.0258799624823
77.2517633518 -0.000589868702746 -0.025858962578
77.3145952048 -0.000588913382687 -0.0258379966869
77.3774270579 -0.000587960379051 -0.025817064727
77.440258911 -0.000587009684442 -0.025796166615
77.5030907641 -0.000586061291358 -0.0257753022697
77.5659226171 -0.000585115192393 -0.0257544716092
77.6287544702 -0.000584171380177 -0.0257336745521
77.6915863233 -0.000583229847336 -0.0257129110175
77.7544181763 -0.000582290586556 -0.0256921809241
77.8172500294 -0.000581353590526 -0.0256714841917
77.8800818825 -0.000580418851996 -0.0256508207395
77.9429137356 -0.000579486363718 -0.0256301904877
78.0057455886 -0.000578556118484 -0.0256095933562
78.0685774417 -0.000577628109103 -0.0255890292656
78.1314092948 -0.000576702328439 -0.0255684981367
78.1942411478 -0.000575778769371 -0.0255479998897
78.2570730009 -0.000574857424787 -0.0255275344462
78.319904854 -0.000573938287629 -0.025507101728
78.3827367071 -0.000573021350864 -0.025486701656
78.4455685601 -0.00057210660747 -0.0254663341525
78.5084004132 -0.000571194050453 -0.0254459991401
78.5712322663 -0.00057028367288 -0.0254256965405
78.6340641194 -0.000569375467841 -0.0254054262764
78.6968959724 -0.000568469428392 -0.0253851882711
78.7597278255 -0.000567565547673 -0.0253649824476
78.8225596786 -0.000566663818856 -0.0253448087291
78.8853915316 -0.000565764235112 -0.0253246670393
78.9482233847 -0.000564866789653 -0.025304557302
79.0110552378 -0.000563971475696 -0.0252844794418
79.0738870909 -0.000563078286528 -0.0252644333826
79.1367189439 -0.000562187215434 -0.0252444190487
79.199550797 -0.000561298255713 -0.0252244363656
79.2623826501 -0.000560411400734 -0.0252044852576
79.3252145031 -0.000559526643831 -0.0251845656508
79.3880463562 -0.000558643978413 -0.0251646774705
79.4508782093 -0.000557763397909 -0.0251448206421
79.5137100624 -0.000556884895744 -0.0251249950922
79.5765419154 -0.000556008465404 -0.0251052007464
79.6393737685 -0.000555134100387 -0.0250854375315
79.7022056216 -0.000554261794219 -0.025065705374
79.7650374746 -0.000553391540426 -0.0250460042012
79.8278693277 -0.000552523332599 -0.0250263339399
79.8907011808 -0.000551657164328 -0.0250066945177
79.9535330339 -0.000550793029246 -0.0249870858621
80.0163648869 -0.000549930920993 -0.0249675079011
80.07919674 -0.000549070833251 -0.0249479605622
80.1420285931 -0.000548212759692 -0.0249284437746
80.2048604461 -0.000547356694063 -0.024908957466
80.2676922992 -0.000546502630097 -0.0248895015657
80.3305241523 -0.000545650561577 -0.0248700760022
80.3933560054 -0.000544800482294 -0.0248506807048
80.4561878584 -0.000543952386049 -0.0248313156032
80.5190197115 -0.000543106266713 -0.0248119806266
80.5818515646 -0.000542262118127 -0.0247926757052
80.6446834176 -0.000541419934204 -0.0247734007687
80.7075152707 -0.000540579708832 -0.0247541557478
80.7703471238 -0.000539741435978 -0.0247349405724
80.8331789769 -0.000538905109586 -0.0247157551736
80.8960108299 -0.000538070723633 -0.0246965994825
80.958842683 -0.000537238272133 -0.0246774734299
81.0216745361 -0.000536407749137 -0.0246583769468
81.0845063892 -0.000535579148671 -0.0246393099654
81.1473382422 -0.000534752464826 -0.0246202724171
81.2101700953 -0.000533927691688 -0.0246012642343
81.2730019484 -0.000533104823391 -0.0245822853485
81.3358338014 -0.000532283854065 -0.0245633356928
81.3986656545 -0.0005314647779 -0.0245444151992
81.4614975076 -0.000530647589071 -0.0245255238006
81.5243293607 -0.00052983228179 -0.0245066614303
81.5871612137 -0.000529018850294 -0.0244878280215
81.6499930668 -0.000528207288837 -0.0244690235073
81.7128249199 -0.00052739759169 -0.0244502478216
81.7756567729 -0.00052658975316 -0.0244315008981
81.838488626 -0.000525783767576 -0.0244127826707
81.9013204791 -0.00052497962927 -0.0243940930739
81.9641523322 -0.000524177332601 -0.0243754320419
82.0269841852 -0.000523376871971 -0.0243567995095
82.0898160383 -0.000522578241764 -0.0243381954117
82.1526478914 -0.000521781436431 -0.0243196196832
82.2154797444 -0.00052098645041 -0.0243010722594
82.2783115975 -0.000520193278186 -0.0242825530752
82.3411434506 -0.000519401914219 -0.0242640620672
82.4039753037 -0.00051861235306 -0.0242455991704
82.4668071567 -0.000517824589228 -0.0242271643209
82.5296390098 -0.000517038617259 -0.0242087574555
82.5924708629 -0.000516254431758 -0.0241903785098
82.6553027159 -0.000515472027291 -0.0241720274211
82.718134569 -0.000514691398493 -0.0241537041256
82.7809664221 -0.000513912539998 -0.0241354085607
82.8437982752 -0.000513135446456 -0.0241171406631
82.9066301282 -0.000512360112539 -0.0240989003707
82.9694619813 -0.000511586532954 -0.0240806876205
83.0322938344 -0.000510814702412 -0.0240625023508
83.0951256875 -0.000510044615663 -0.0240443444987
83.1579575405 -0.000509276267428 -0.0240262140033
83.2207893936 -0.00050850965251 -0.0240081108025
83.2836212467 -0.000507744765698 -0.0239900348344
83.3464530997 -0.000506981601818 -0.0239719860377
83.4092849528 -0.000506220155686 -0.0239539643516
83.4721168059 -0.000505460422152 -0.0239359697151
83.534948659 -0.000504702396116 -0.0239180020673
83.597780512 -0.000503946072444 -0.0239000613475
83.6606123651 -0.000503191446058 -0.0238821474953
83.7234442182 -0.00050243851189 -0.0238642604503
83.7862760712 -0.00050168726488 -0.0238464001528
83.8491079243 -0.000500937699999 -0.0238285665428
83.9119397774 -0.000500189812222 -0.0238107595607
83.9747716305 -0.000499443596589 -0.0237929791463
84.0376034835 -0.000498699048077 -0.0237752252411
84.1004353366 -0.000497956161763 -0.0237574977854
84.1632671897 -0.000497214932692 -0.0237397967204
84.2260990427 -0.000496475355955 -0.0237221219871
84.2889308958 -0.000495737426624 -0.0237044735271
84.3517627489 -0.000495001139853 -0.0236868512815
84.414594602 -0.000494266490741 -0.0236692551924
84.477426455 -0.000493533474447 -0.0236516852015
84.5402583081 -0.000492802086155 -0.0236341412507
84.6030901612 -0.000492072321035 -0.0236166232824
84.6659220142 -0.000491344174282 -0.0235991312394
84.7287538673 -0.000490617641147 -0.0235816650635
84.7915857204 -0.00048989271684 -0.023564224698
84.8544175735 -0.000489169396658 -0.0235468100851
84.9172494265 -0.000488447675831 -0.0235294211685
84.9800812796 -0.000487727549701 -0.0235120578907
85.0429131327 -0.000487009013536 -0.0234947201959
85.1057449857 -0.000486292062679 -0.0234774080272
85.1685768388 -0.000485576692454 -0.0234601213288
85.2314086919 -0.000484862898265 -0.0234428600438
85.294240545 -0.000484150675432 -0.0234256241172
85.357072398 -0.000483440019423 -0.023408413492
85.4199042511 -0.000482730925577 -0.0233912281138
85.4827361042 -0.000482023389374 -0.0233740679264
85.5455679573 -0.000481317406226 -0.0233569328748
85.6083998103 -0.000480612971604 -0.0233398229039
85.6712316634 -0.000479910081018 -0.0233227379582
85.7340635165 -0.000479208729912 -0.0233056779836
85.7968953695 -0.000478508913831 -0.0232886429252
85.8597272226 -0.000477810628288 -0.0232716327283
85.9225590757 -0.000477113868843 -0.0232546473385
85.9853909288 -0.000476418631037 -0.0232376867021
86.0482227818 -0.00047572491045 -0.0232207507648
86.1110546349 -0.000475032702676 -0.0232038394729
86.173886488 -0.000474342003341 -0.0231869527721
86.236718341 -0.000473652808032 -0.0231700906098
86.2995501941 -0.000472965112417 -0.0231532529319
86.3623820472 -0.000472278912164 -0.023136439685
86.4252139003 -0.000471594202904 -0.0231196508169
86.4880457533 -0.000470910980357 -0.0231028862739
86.5508776064 -0.000470229240207 -0.0230861460034
86.6137094595 -0.000469548978177 -0.0230694299531
86.6765413125 -0.000468870190018 -0.0230527380698
86.7393731656 -0.00046819287145 -0.023036070302
86.8022050187 -0.000467517018257 -0.023019426597
86.8650368718 -0.000466842626223 -0.0230028069028
86.9278687248 -0.000466169691109 -0.0229862111679
86.9907005779 -0.000465498208763 -0.0229696393402
87.053532431 -0.000464828175001 -0.0229530913681
87.116364284 -0.000464159585641 -0.0229365672007
87.1791961371 -0.000463492436566 -0.0229200667861
87.2420279902 -0.000462826723626 -0.0229035900734
87.3048598433 -0.000462162442718 -0.0228871370116
87.3676916963 -0.000461499589727 -0.0228707075501
87.4305235494 -0.000460838160587 -0.0228543016377
87.4933554025 -0.00046017815121 -0.0228379192242
87.5561872555 -0.00045951955755 -0.0228215602591
87.6190191086 -0.00045886237554 -0.0228052246924
87.6818509617 -0.000458206601183 -0.0227889124735
87.7446828148 -0.00045755223045 -0.0227726235528
87.8075146678 -0.00045689925933 -0.0227563578804
87.8703465209 -0.000456247683872 -0.0227401154063
87.933178374 -0.00045559750007 -0.0227238960815
87.9960102271 -0.000454948703991 -0.0227076998559
88.0588420801 -0.000454301291673 -0.0226915266809
88.1216739332 -0.000453655259199 -0.0226753765069
88.1845057863 -0.000453010602641 -0.0226592492853
88.2473376393 -0.000452367318113 -0.022643144967
88.3101694924 -0.000451725401718 -0.0226270635033
88.3730013455 -0.000451084849586 -0.0226110048457
88.4358331986 -0.00045044565786 -0.0225949689456
88.4986650516 -0.000449807822693 -0.0225789557548
88.5614969047 -0.000449171340223 -0.0225629652256
88.6243287578 -0.000448536206687 -0.022546997309
88.6871606108 -0.000447902418235 -0.0225310519579
88.7499924639 -0.000447269971087 -0.0225151291243
88.812824317 -0.000446638861472 -0.0224992287603
88.8756561701 -0.000446009085607 -0.0224833508191
88.9384880231 -0.000445380639756 -0.0224674952526
89.0013198762 -0.000444753520175 -0.0224516620139
89.0641517293 -0.000444127723117 -0.0224358510562
89.1269835823 -0.000443503244907 -0.022420062332
89.1898154354 -0.000442880081824 -0.0224042957946
89.2526472885 -0.000442258230168 -0.0223885513978
89.3154791416 -0.000441637686281 -0.0223728290946
89.3783109946 -0.00044101844651 -0.0223571288384
89.4411428477 -0.000440400507192 -0.0223414505832
89.5039747008 -0.000439783864685 -0.022325794283
89.5668065538 -0.000439168515382 -0.0223101598912
89.6296384069 -0.000438554455658 -0.0222945473625
89.69247026 -0.000437941681934 -0.0222789566504
89.7553021131 -0.000437330190601 -0.0222633877101
89.8181339661 -0.0004367199781 -0.0222478404954
89.8809658192 -0.00043611104087 -0.022232314961
89.9437976723 -0.000435503375352 -0.0222168110621
90.0066295253 -0.000434896978038 -0.0222013287527
90.0694613784 -0.000434291845361 -0.0221858679887
90.1322932315 -0.000433687973847 -0.0221704287246
90.1951250846 -0.000433085359979 -0.0221550109157
90.2579569376 -0.000432484000265 -0.0221396145176
90.3207887907 -0.000431883891248 -0.0221242394854
90.3836206438 -0.000431285029447 -0.0221088857751
90.4464524969 -0.000430687411434 -0.0220935533418
90.5092843499 -0.000430091033742 -0.0220782421421
90.572116203 -0.000429495892971 -0.0220629521313
90.6349480561 -0.000428901985671 -0.0220476832661
90.6977799091 -0.000428309308474 -0.0220324355022
90.7606117622 -0.000427717857963 -0.0220172087961
90.8234436153 -0.000427127630772 -0.0220020031043
90.8862754684 -0.000426538623514 -0.0219868183836
90.9491073214 -0.000425950832864 -0.0219716545898
91.0119391745 -0.000425364255449 -0.0219565116806
91.0747710276 -0.000424778887941 -0.0219413896126
91.1376028806 -0.000424194727027 -0.0219262883428
91.2004347337 -0.00042361176939 -0.0219112078283
91.2632665868 -0.000423030011725 -0.0218961480267
91.3260984399 -0.000422449450747 -0.021881108895
91.3889302929 -0.000421870083166 -0.0218660903912
91.451762146 -0.000421291905743 -0.0218510924725
91.5145939991 -0.000420714915211 -0.0218361150963
91.5774258521 -0.000420139108303 -0.0218211582217
91.6402577052 -0.000419564481824 -0.0218062218053
91.7030895583 -0.000418991032513 -0.0217913058065
91.7659214114 -0.000418418757216 -0.0217764101817
91.8287532644 -0.000417847652677 -0.0217615348907
91.8915851175 -0.000417277715729 -0.0217466798918
91.9544169706 -0.000416708943186 -0.0217318451431
92.0172488236 -0.000416141331886 -0.0217170306035
92.0800806767 -0.000415574878679 -0.0217022362315
92.1429125298 -0.000415009580403 -0.0216874619866
92.2057443829 -0.000414445433947 -0.0216727078268
92.2685762359 -0.000413882436172 -0.0216579737119
92.331408089 -0.000413320583963 -0.0216432596008
92.3942399421 -0.00041275987421 -0.0216285654533
92.4570717951 -0.000412200303837 -0.0216138912282
92.5199036482 -0.000411641869751 -0.0215992368855
92.5827355013 -0.000411084568868 -0.0215846023849
92.6455673544 -0.000410528398149 -0.0215699876858
92.7083992074 -0.00040997335454 -0.021555392748
92.7712310605 -0.000409419434989 -0.0215408175318
92.8340629136 -0.000408866636453 -0.0215262619976
92.8968947667 -0.00040831495594 -0.0215117261049
92.9597266197 -0.000407764390407 -0.0214972098146
93.0225584728 -0.0004072149369 -0.0214827130864
93.0853903259 -0.000406666592392 -0.0214682358813
93.1482221789 -0.000406119353911 -0.0214537781598
93.211054032 -0.000405573218483 -0.0214393398828
93.2738858851 -0.000405028183159 -0.0214249210108
93.3367177382 -0.00040448424498 -0.021410521505
93.3995495912 -0.000403941401 -0.0213961413264
93.4623814443 -0.000403399648302 -0.0213817804362
93.5252132974 -0.000402858983942 -0.0213674387957
93.5880451504 -0.000402319405047 -0.0213531163657
93.6508770035 -0.000401780908688 -0.0213388131083
93.7137088566 -0.000401243491981 -0.0213245289846
93.7765407097 -0.000400707152026 -0.0213102639571
93.8393725627 -0.000400171885982 -0.0212960179863
93.9022044158 -0.000399637690959 -0.0212817910351
93.9650362689 -0.000399104564122 -0.0212675830648
94.0278681219 -0.000398572502611 -0.0212533940383
94.090699975 -0.00039804150361 -0.0212392239165
94.1535318281 -0.000397511564288 -0.0212250726626
94.2163636812 -0.000396982681812 -0.021210940239
94.2791955342 -0.000396454853395 -0.0211968266078
94.3420273873 -0.00039592807624 -0.0211827317315
94.4048592404 -0.000395402347548 -0.0211686555733
94.4676910934 -0.000394877664531 -0.0211545980957
94.5305229465 -0.000394354024434 -0.0211405592617
94.5933547996 -0.000393831424515 -0.0211265390335
94.6561866527 -0.00039330986199 -0.0211125373751
94.7190185057 -0.000392789334146 -0.0210985542492
94.7818503588 -0.000392269838218 -0.0210845896192
94.8446822119 -0.000391751371508 -0.0210706434485
94.9075140649 -0.0003912339313 -0.0210567157001
94.970345918 -0.000390717514863 -0.0210428063384
95.0331777711 -0.000390202119536 -0.021028915326
95.0960096242 -0.000389687742603 -0.0210150426277
95.1588414772 -0.000389174381387 -0.0210011882065
95.2216733303 -0.000388662033236 -0.0209873520269
95.2845051834 -0.000388150695463 -0.0209735340526
95.3473370365 -0.000387640365431 -0.0209597342479
95.4101688895 -0.000387131040495 -0.0209459525766
95.4730007426 -0.000386622718021 -0.0209321890036
95.5358325957 -0.000386115395368 -0.020918443493
95.5986644487 -0.000385609069922 -0.0209047160094
95.6614963018 -0.000385103739093 -0.020891006517
95.7243281549 -0.000384599400264 -0.020877314981
95.787160008 -0.000384096050835 -0.0208636413658
95.849991861 -0.000383593688226 -0.0208499856366
95.9128237141 -0.000383092309864 -0.0208363477583
95.9756555672 -0.000382591913193 -0.0208227276953
96.0384874202 -0.000382092495615 -0.0208091254141
96.1013192733 -0.000381594054627 -0.0207955408784
96.1641511264 -0.000381096587651 -0.0207819740546
96.2269829795 -0.000380600092176 -0.0207684249075
96.2898148325 -0.00038010456566 -0.020754893403
96.3526466856 -0.000379610005599 -0.0207413795062
96.4154785387 -0.000379116409469 -0.0207278831834
96.4783103917 -0.00037862377477 -0.0207144044001
96.5411422448 -0.000378132099005 -0.0207009431223
96.6039740979 -0.000377641379717 -0.0206874993151
96.666805951 -0.00037715161439 -0.0206740729458
96.729637804 -0.000376662800598 -0.0206606639794
96.7924696571 -0.000376174935833 -0.0206472723829
96.8553015102 -0.000375688017657 -0.0206338981224
96.9181333632 -0.000375202043633 -0.0206205411643
96.9809652163 -0.000374717011334 -0.0206072014746
97.0437970694 -0.00037423291828 -0.0205938790209
97.1066289225 -0.000373749762127 -0.0205805737685
97.1694607755 -0.00037326754039 -0.0205672856851
97.2322926286 -0.000372786250712 -0.020554014737
97.2951244817 -0.000372305890661 -0.0205407608914
97.3579563347 -0.000371826457866 -0.0205275241152
97.4207881878 -0.000371347949918 -0.0205143043758
97.4836200409 -0.000370870364482 -0.0205011016396
97.546451894 -0.000370393699142 -0.0204879158746
97.609283747 -0.000369917951573 -0.0204747470478
97.6721156001 -0.000369443119417 -0.0204615951263
97.7349474532 -0.000368969200313 -0.020448460078
97.7977793063 -0.00036849619194 -0.0204353418704
97.8606111593 -0.00036802409196 -0.0204222404711
97.9234430124 -0.000367552898041 -0.0204091558482
97.9862748655 -0.000367082607895 -0.0203960879686
98.0491067185 -0.000366613219177 -0.0203830368012
98.1119385716 -0.000366144729606 -0.0203700023135
98.1747704247 -0.000365677136891 -0.0203569844736
98.2376022778 -0.000365210438743 -0.0203439832497
98.3004341308 -0.000364744632887 -0.0203309986099
98.3632659839 -0.000364279717038 -0.0203180305229
98.426097837 -0.000363815688939 -0.0203050789567
98.48892969 -0.000363352546338 -0.0202921438798
98.5517615431 -0.000362890286989 -0.0202792252606
98.6145933962 -0.000362428908633 -0.0202663230682
98.6774252493 -0.00036196840903 -0.0202534372714
98.7402571023 -0.000361508785976 -0.0202405678383
98.8030889554 -0.000361050037228 -0.0202277147382
98.8659208085 -0.000360592160588 -0.02021487794
98.9287526615 -0.000360135153825 -0.0202020574131
98.9915845146 -0.000359679014761 -0.0201892531259
99.0544163677 -0.000359223741204 -0.0201764650478
99.1172482208 -0.000358769330946 -0.0201636931483
99.1800800738 -0.000358315781829 -0.0201509373965
99.2429119269 -0.000357863091646 -0.0201381977624
99.30574378 -0.000357411258267 -0.0201254742146
99.368575633 -0.000356960279523 -0.0201127667232
99.4314074861 -0.000356510153249 -0.0201000752578
99.4942393392 -0.000356060877323 -0.0200873997877
99.5570711923 -0.000355612449575 -0.0200747402837
99.6199030453 -0.000355164867902 -0.0200620967146
99.6827348984 -0.000354718130159 -0.0200494690509
99.7455667515 -0.000354272234233 -0.0200368572625
99.8083986045 -0.000353827178018 -0.0200242613194
99.8712304576 -0.000353382959389 -0.0200116811921
99.9340623107 -0.000352939576266 -0.0199991168507
99.9968941638 -0.000352497026556 -0.0199865682652
100.059726017 -0.000352055308146 -0.0199740354068
100.12255787 -0.000351614418991 -0.019961518245
100.185389723 -0.000351174357004 -0.0199490167511
100.248221576 -0.00035073512012 -0.0199365308951
100.311053429 -0.000350296706275 -0.0199240606482
100.373885282 -0.000349859113414 -0.019911605981
100.436717135 -0.0003494223395 -0.0198991668644
100.499548988 -0.000348986382489 -0.019886743269
100.562380841 -0.000348551240339 -0.0198743351662
100.625212694 -0.000348116911027 -0.0198619425267
100.688044548 -0.000347683392524 -0.0198495653221
100.750876401 -0.00034725068282 -0.0198372035234
100.813708254 -0.00034681877991 -0.0198248571013
100.876540107 -0.000346387681787 -0.019812526028
100.93937196 -0.000345957386444 -0.0198002102747
101.002203813 -0.000345527891913 -0.0197879098124
101.065035666 -0.000345099196182 -0.0197756246135
101.127867519 -0.000344671297304 -0.0197633546486
101.190699372 -0.000344244193271 -0.0197510998903
101.253531225 -0.000343817882154 -0.0197388603097
101.316363078 -0.000343392361947 -0.0197266358794
101.379194931 -0.00034296763074 -0.0197144265705
101.442026784 -0.000342543686565 -0.0197022323554
101.504858637 -0.00034212052748 -0.0196900532062
101.567690491 -0.000341698151549 -0.0196778890948
101.630522344 -0.000341276556853 -0.0196657399933
101.693354197 -0.00034085574145 -0.0196536058743
101.75618605 -0.000340435703436 -0.0196414867099
101.819017903 -0.000340016440897 -0.0196293824723
101.881849756 -0.000339597951916 -0.0196172931345
101.944681609 -0.000339180234596 -0.0196052186688
102.007513462 -0.000338763287065 -0.0195931590472
102.070345315 -0.000338347107388 -0.0195811142434
102.133177168 -0.000337931693709 -0.0195690842296
102.196009021 -0.000337517044157 -0.0195570689784
102.258840874 -0.000337103156854 -0.0195450684629
102.321672727 -0.000336690029924 -0.0195330826559
102.38450458 -0.000336277661526 -0.0195211115303
102.447336434 -0.000335866049792 -0.0195091550597
102.510168287 -0.000335455192865 -0.0194972132168
102.57300014 -0.000335045088924 -0.0194852859746
102.635831993 -0.000334635736103 -0.0194733733069
102.698663846 -0.000334227132603 -0.0194614751865
102.761495699 -0.000333819276579 -0.0194495915869
102.824327552 -0.000333412166187 -0.0194377224824
102.887159405 -0.000333005799657 -0.019425867845
102.949991258 -0.000332600175165 -0.0194140276492
103.012823111 -0.000332195290894 -0.0194022018684
103.075654964 -0.00033179114504 -0.0193903904767
103.138486817 -0.000331387735823 -0.0193785934476
103.20131867 -0.000330985061454 -0.0193668107547
103.264150523 -0.000330583120151 -0.0193550423722
103.326982377 -0.000330181910134 -0.0193432882739
103.38981423 -0.000329781429636 -0.0193315484338
103.452646083 -0.000329381676873 -0.0193198228265
103.515477936 -0.000328982650112 -0.0193081114252
103.578309789 -0.00032858434756 -0.0192964142052
103.641141642 -0.000328186767493 -0.0192847311403
103.703973495 -0.000327789908192 -0.0192730622039
103.766805348 -0.000327393767868 -0.0192614073717
103.829637201 -0.000326998344787 -0.0192497666181
103.892469054 -0.000326603637257 -0.0192381399168
103.955300907 -0.000326209643515 -0.0192265272432
104.01813276 -0.000325816361874 -0.0192149285713
104.080964613 -0.000325423790602 -0.0192033438763
104.143796467 -0.000325031927992 -0.0191917731327
104.20662832 -0.000324640772342 -0.0191802163156
104.269460173 -0.00032425032197 -0.0191686733991
104.332292026 -0.000323860575158 -0.019157144359
104.395123879 -0.000323471530223 -0.01914562917
104.457955732 -0.00032308318548 -0.0191341278075
104.520787585 -0.00032269553925 -0.0191226402464
104.583619438 -0.000322308589893 -0.0191111664612
104.646451291 -0.000321922335686 -0.0190997064285
104.709283144 -0.000321536774999 -0.0190882601225
104.772114997 -0.000321151906178 -0.0190768275188
104.83494685 -0.000320767727558 -0.019065408593
104.897778703 -0.000320384237491 -0.0190540033207
104.960610556 -0.000320001434329 -0.0190426116774
105.02344241 -0.000319619316434 -0.0190312336386
105.086274263 -0.000319237882186 -0.0190198691798
105.149106116 -0.000318857129934 -0.0190085182771
105.211937969 -0.000318477058085 -0.0189971809055
105.274769822 -0.000318097664992 -0.018985857042
105.337601675 -0.00031771894905 -0.0189745466616
105.400433528 -0.000317340908664 -0.0189632497404
105.463265381 -0.000316963542204 -0.0189519662545
105.526097234 -0.000316586848086 -0.0189406961801
105.588929087 -0.000316210824693 -0.0189294394934
105.65176094 -0.000315835470462 -0.0189181961702
105.714592793 -0.0003154607838 -0.018906966187
105.777424646 -0.000315086763117 -0.01889574952
105.840256499 -0.000314713406849 -0.0188845461454
105.903088353 -0.000314340713394 -0.0188733560402
105.965920206 -0.000313968681229 -0.0188621791798
106.028752059 -0.000313597308769 -0.0188510155414
106.091583912 -0.000313226594463 -0.0188398651015
106.154415765 -0.000312856536738 -0.0188287278367
106.217247618 -0.000312487134061 -0.0188176037239
106.280079471 -0.000312118384886 -0.0188064927395
106.342911324 -0.000311750287675 -0.0187953948604
106.405743177 -0.00031138284089 -0.0187843100633
106.46857503 -0.000311016043 -0.0187732383253
106.531406883 -0.000310649892481 -0.0187621796235
106.594238736 -0.000310284387803 -0.0187511339344
106.657070589 -0.000309919527473 -0.0187401012353
106.719902442 -0.000309555309951 -0.0187290815036
106.782734296 -0.000309191733729 -0.0187180747161
106.845566149 -0.000308828797326 -0.0187070808502
106.908398002 -0.000308466499229 -0.018696099883
106.971229855 -0.000308104837949 -0.0186851317919
107.034061708 -0.000307743811977 -0.0186741765545
107.096893561 -0.000307383419839 -0.018663234148
107.159725414 -0.000307023660063 -0.0186523045498
107.222557267 -0.000306664531167 -0.0186413877374
107.28538912 -0.000306306031647 -0.0186304836892
107.348220973 -0.000305948160085 -0.0186195923815
107.411052826 -0.000305590914973 -0.0186087137933
107.473884679 -0.000305234294879 -0.0185978479014
107.536716532 -0.000304878298333 -0.0185869946841
107.599548385 -0.000304522923882 -0.018576154119
107.662380239 -0.000304168170088 -0.0185653261841
107.725212092 -0.000303814035492 -0.0185545108574
107.788043945 -0.00030346051867 -0.018543708117
107.850875798 -0.000303107618182 -0.0185329179404
107.913707651 -0.000302755332583 -0.0185221403066
107.976539504 -0.000302403660472 -0.0185113751929
108.039371357 -0.000302052600407 -0.0185006225781
108.10220321 -0.000301702150969 -0.0184898824402
108.165035063 -0.000301352310763 -0.0184791547574
108.227866916 -0.00030100307835 -0.0184684395083
108.290698769 -0.000300654452337 -0.0184577366714
108.353530622 -0.000300306431345 -0.0184470462245
108.416362475 -0.000299959013928 -0.0184363681472
108.479194328 -0.000299612198731 -0.0184257024169
108.542026182 -0.000299265984342 -0.0184150490131
108.604858035 -0.000298920369383 -0.018404407914
108.667689888 -0.00029857535248 -0.0183937790986
108.730521741 -0.000298230932248 -0.0183831625452
108.793353594 -0.0002978871073 -0.018372558233
108.856185447 -0.000297543876282 -0.0183619661406
108.9190173 -0.000297201237816 -0.0183513862473
108.981849153 -0.000296859190549 -0.0183408185317
109.044681006 -0.000296517733124 -0.0183302629727
109.107512859 -0.000296176864186 -0.0183197195493
109.170344712 -0.000295836582364 -0.0183091882414
109.233176565 -0.000295496886333 -0.0182986690273
109.296008418 -0.000295157774748 -0.0182881618863
109.358840271 -0.000294819246263 -0.018277666798
109.421672125 -0.000294481299539 -0.0182671837416
109.484503978 -0.000294143933261 -0.0182567126962
109.547335831 -0.000293807146088 -0.0182462536412
109.610167684 -0.000293470936689 -0.0182358065563
109.672999537 -0.000293135303757 -0.0182253714206
109.73583139 -0.000292800245982 -0.0182149482138
109.798663243 -0.000292465762035 -0.0182045369155
109.861495096 -0.000292131850592 -0.0181941375059
109.924326949 -0.000291798510402 -0.0181837499634
109.987158802 -0.000291465740116 -0.0181733742687
110.049990655 -0.000291133538463 -0.0181630104008
110.112822508 -0.000290801904124 -0.0181526583403
110.175654361 -0.000290470835829 -0.0181423180665
110.238486214 -0.000290140332288 -0.0181319895593
110.301318068 -0.000289810392202 -0.0181216727993
110.364149921 -0.000289481014297 -0.0181113677658
110.426981774 -0.000289152197312 -0.0181010744389
110.489813627 -0.000288823939972 -0.0180907927987
110.55264548 -0.000288496240998 -0.0180805228257
110.615477333 -0.000288169099132 -0.0180702644994
110.678309186 -0.000287842513099 -0.0180600178009
110.741141039 -0.000287516481665 -0.0180497827097
110.803972892 -0.000287191003562 -0.0180395592062
110.866804745 -0.000286866077535 -0.0180293472709
110.929636598 -0.00028654170234 -0.0180191468843
110.992468451 -0.000286217876737 -0.0180089580267
111.055300304 -0.000285894599484 -0.0179987806785
111.118132157 -0.000285571869344 -0.0179886148203
111.180964011 -0.000285249685086 -0.0179784604327
111.243795864 -0.000284928045481 -0.0179683174961
111.306627717 -0.000284606949301 -0.0179581859913
111.36945957 -0.000284286395308 -0.0179480658994
111.432291423 -0.000283966382303 -0.0179379572006
111.495123276 -0.000283646909063 -0.0179278598757
111.557955129 -0.000283327974389 -0.0179177739056
111.620786982 -0.000283009577034 -0.0179076992716
111.683618835 -0.000282691715838 -0.0178976359538
111.746450688 -0.000282374389574 -0.0178875839337
111.809282541 -0.000282057597034 -0.0178775431926
111.872114394 -0.000281741337046 -0.0178675137107
111.934946247 -0.000281425608395 -0.0178574954698
111.9977781 -0.000281110409915 -0.0178474884504
112.060609954 -0.000280795740409 -0.0178374926339
112.123441807 -0.000280481598681 -0.0178275080022
112.18627366 -0.00028016798357 -0.0178175345356
112.249105513 -0.000279854893904 -0.0178075722156
112.311937366 -0.000279542328496 -0.0177976210238
112.374769219 -0.000279230286188 -0.0177876809415
112.437601072 -0.000278918765795 -0.0177777519502
112.500432925 -0.000278607766177 -0.0177678340311
112.563264778 -0.00027829728617 -0.0177579271656
112.626096631 -0.000277987324603 -0.0177480313359
112.688928484 -0.000277677880346 -0.0177381465228
112.751760337 -0.000277368952222 -0.0177282727084
112.81459219 -0.000277060539112 -0.0177184098742
112.877424043 -0.000276752639847 -0.0177085580021
112.940255897 -0.00027644525331 -0.0176987170735
113.00308775 -0.000276138378332 -0.0176888870707
113.065919603 -0.000275832013824 -0.0176790679746
113.128751456 -0.00027552615861 -0.0176692597681
113.191583309 -0.000275220811599 -0.0176594624325
113.254415162 -0.000274915971637 -0.01764967595
113.317247015 -0.000274611637619 -0.0176399003028
113.380078868 -0.000274307808417 -0.0176301354724
113.442910721 -0.000274004482932 -0.0176203814409
113.505742574 -0.000273701660031 -0.0176106381909
113.568574427 -0.000273399338628 -0.0176009057039
113.63140628 -0.000273097517599 -0.0175911839625
113.694238133 -0.00027279619584 -0.0175814729492
113.757069986 -0.000272495372258 -0.0175717726459
113.81990184 -0.000272195045766 -0.0175620830342
113.882733693 -0.000271895215255 -0.0175524040978
113.945565546 -0.000271595879623 -0.0175427358185
114.008397399 -0.000271297037815 -0.0175330781782
114.071229252 -0.000270998688722 -0.0175234311601
114.134061105 -0.000270700831262 -0.0175137947462
114.196892958 -0.000270403464363 -0.0175041689197
114.259724811 -0.000270106586953 -0.0174945536623
114.322556664 -0.000269810197959 -0.017484948957
114.385388517 -0.000269514296285 -0.017475354787
114.44822037 -0.000269218880897 -0.0174657711338
114.511052223 -0.000268923950701 -0.0174561979813
114.573884076 -0.000268629504671 -0.0174466353116
114.636715929 -0.000268335541714 -0.0174370831077
114.699547783 -0.000268042060805 -0.0174275413519
114.762379636 -0.000267749060876 -0.0174180100279
114.825211489 -0.000267456540867 -0.0174084891183
114.888043342 -0.000267164499752 -0.0173989786057
114.950875195 -0.000266872936461 -0.0173894784738
115.013707048 -0.000266581849978 -0.017379988705
115.076538901 -0.000266291239241 -0.0173705092829
115.139370754 -0.000266001103236 -0.0173610401901
115.202202607 -0.000265711440927 -0.0173515814098
115.26503446 -0.000265422251271 -0.0173421329251
115.327866313 -0.000265133533244 -0.0173326947198
115.390698166 -0.000264845285825 -0.0173232667768
115.453530019 -0.000264557507996 -0.0173138490791
115.516361872 -0.000264270198736 -0.01730444161
115.579193726 -0.000263983357022 -0.0172950443536
115.642025579 -0.00026369698184 -0.0172856572926
115.704857432 -0.000263411072192 -0.0172762804107
115.767689285 -0.000263125627072 -0.0172669136908
115.830521138 -0.000262840645454 -0.0172575571172
115.893352991 -0.00026255612635 -0.0172482106731
115.956184844 -0.000262272068749 -0.0172388743423
116.019016697 -0.00026198847167 -0.0172295481079
116.08184855 -0.000261705334114 -0.0172202319538
116.144680403 -0.000261422655088 -0.0172109258634
116.207512256 -0.000261140433586 -0.0172016298213
116.270344109 -0.000260858668648 -0.0171923438104
116.333175962 -0.000260577359271 -0.0171830678148
116.396007816 -0.000260296504494 -0.0171738018177
116.458839669 -0.000260016103323 -0.0171645458038
116.521671522 -0.000259736154774 -0.0171552997569
116.584503375 -0.000259456657894 -0.0171460636605
116.647335228 -0.000259177611694 -0.017136837499
116.710167081 -0.000258899015235 -0.0171276212554
116.772998934 -0.000258620867511 -0.0171184149151
116.835830787 -0.000258343167586 -0.0171092184613
116.89866264 -0.000258065914504 -0.0171000318781
116.961494493 -0.00025778910728 -0.0170908551503
117.024326346 -0.000257512744977 -0.0170816882616
117.087158199 -0.00025723682665 -0.0170725311958
117.149990052 -0.000256961351345 -0.0170633839374
117.212821905 -0.000256686318104 -0.0170542464708
117.275653759 -0.000256411725991 -0.0170451187802
117.338485612 -0.000256137574054 -0.0170360008504
117.401317465 -0.00025586386138 -0.0170268926646
117.464149318 -0.00025559058697 -0.0170177942092
117.526981171 -0.000255317749963 -0.0170087054664
117.589813024 -0.000255045349385 -0.0169996264218
117.652644877 -0.00025477338432 -0.0169905570593
117.71547673 -0.000254501853837 -0.0169814973642
117.778308583 -0.000254230757001 -0.0169724473207
117.841140436 -0.000253960092895 -0.0169634069137
117.903972289 -0.00025368986061 -0.0169543761272
117.966804142 -0.00025342005922 -0.0169453549463
118.029635995 -0.000253150687804 -0.0169363433556
118.092467848 -0.000252881745459 -0.0169273413396
118.155299702 -0.000252613231277 -0.0169183488832
118.218131555 -0.00025234514434 -0.0169093659714
118.280963408 -0.000252077483736 -0.0169003925891
118.343795261 -0.000251810248589 -0.0168914287204
118.406627114 -0.000251543437979 -0.0168824743508
118.469458967 -0.000251277050996 -0.0168735294654
118.53229082 -0.000251011086771 -0.0168645940486
118.595122673 -0.00025074554439 -0.0168556680859
118.657954526 -0.000250480422986 -0.0168467515615
118.720786379 -0.000250215721637 -0.0168378444614
118.783618232 -0.000249951439472 -0.0168289467705
118.846450085 -0.000249687575617 -0.0168200584732
118.909281938 -0.000249424129168 -0.0168111795554
118.972113791 -0.000249161099274 -0.0168023100017
119.034945645 -0.000248898485039 -0.0167934497977
119.097777498 -0.00024863628558 -0.0167845989287
119.160609351 -0.000248374500028 -0.01677575738
119.223441204 -0.000248113127545 -0.0167669251359
119.286273057 -0.000247852167222 -0.0167581021832
119.34910491 -0.000247591618215 -0.016749288506
119.411936763 -0.000247331479656 -0.0167404840905
119.474768616 -0.000247071750673 -0.0167316889219
119.537600469 -0.000246812430417 -0.0167229029857
119.600432322 -0.000246553518041 -0.0167141262669
119.663264175 -0.00024629501267 -0.0167053587517
119.726096028 -0.000246036913461 -0.0166966004254
119.788927881 -0.000245779219564 -0.0166878512734
119.851759734 -0.000245521930139 -0.0166791112811
119.914591588 -0.000245265044334 -0.0166703804346
119.977423441 -0.000245008561301 -0.0166616587193
120.040255294 -0.000244752480205 -0.016652946121
120.103087147 -0.000244496800197 -0.0166442426256
120.165919 -0.000244241520456 -0.0166355482186
120.228750853 -0.000243986640129 -0.0166268628857
120.291582706 -0.000243732158401 -0.0166181866127
120.354414559 -0.000243478074428 -0.016609519386
120.417246412 -0.000243224387395 -0.0166008611906
120.480078265 -0.00024297109647 -0.0165922120127
120.542910118 -0.000242718200826 -0.0165835718387
120.605741971 -0.000242465699632 -0.0165749406544
120.668573824 -0.000242213592092 -0.0165663184451
120.731405677 -0.000241961877377 -0.0165577051976
120.794237531 -0.000241710554662 -0.0165491008977
120.857069384 -0.000241459623152 -0.0165405055311
120.919901237 -0.000241209082027 -0.0165319190844
120.98273309 -0.000240958930464 -0.0165233415438
121.045564943 -0.000240709167679 -0.0165147728948
121.108396796 -0.000240459792854 -0.0165062131244
121.171228649 -0.000240210805204 -0.0164976622178
121.234060502 -0.000239962203901 -0.0164891201623
121.296892355 -0.000239713988151 -0.0164805869441
121.359724208 -0.000239466157187 -0.0164720625485
121.422556061 -0.000239218710191 -0.0164635469625
121.485387914 -0.000238971646367 -0.0164550401724
121.548219767 -0.000238724964929 -0.0164465421649
121.61105162 -0.000238478665083 -0.0164380529263
121.673883474 -0.000238232746063 -0.0164295724423
121.736715327 -0.000237987207067 -0.0164211007004
121.79954718 -0.000237742047324 -0.0164126376861
121.862379033 -0.000237497266036 -0.0164041833869
121.925210886 -0.000237252862441 -0.0163957377888
121.988042739 -0.000237008835766 -0.0163873008782
122.050874592 -0.000236765185223 -0.0163788726422
122.113706445 -0.000236521910046 -0.0163704530671
122.176538298 -0.000236279009458 -0.0163620421398
122.239370151 -0.000236036482703 -0.016353639847
122.302202004 -0.000235794329012 -0.0163452461749
122.365033857 -0.000235552547601 -0.016336861111
122.42786571 -0.000235311137731 -0.0163284846417
122.490697563 -0.000235070098627 -0.0163201167539
122.553529417 -0.000234829429557 -0.0163117574338
122.61636127 -0.000234589129743 -0.016303406669
122.679193123 -0.000234349198422 -0.0162950644462
122.742024976 -0.000234109634844 -0.0162867307525
122.804856829 -0.000233870438268 -0.0162784055746
122.867688682 -0.00023363160795 -0.0162700888991
122.930520535 -0.000233393143129 -0.0162617807136
122.993352388 -0.000233155043072 -0.0162534810048
123.056184241 -0.000232917307021 -0.0162451897599
123.119016094 -0.000232679934254 -0.0162369069658
123.181847947 -0.000232442924018 -0.0162286326095
123.2446798 -0.000232206275577 -0.0162203666785
123.307511653 -0.000231969988195 -0.0162121091598
123.370343506 -0.000231734061148 -0.0162038600401
123.43317536 -0.000231498493681 -0.0161956193076
123.496007213 -0.000231263285103 -0.016187386948
123.558839066 -0.000231028434635 -0.0161791629504
123.621670919 -0.000230793941589 -0.0161709473007
123.684502772 -0.000230559805223 -0.0161627399868
123.747334625 -0.000230326024836 -0.0161545409956
123.810166478 -0.000230092599677 -0.0161463503149
123.872998331 -0.000229859529041 -0.0161381679319
123.935830184 -0.000229626812224 -0.0161299938338
123.998662037 -0.000229394448484 -0.0161218280084
124.06149389 -0.000229162437111 -0.0161136704433
124.124325743 -0.000228930777427 -0.0161055211252
124.187157596 -0.00022869946869 -0.0160973800421
124.249989449 -0.00022846851019 -0.0160892471817
124.312821303 -0.000228237901236 -0.0160811225312
124.375653156 -0.000228007641124 -0.0160730060782
124.438485009 -0.000227777729135 -0.0160648978106
124.501316862 -0.000227548164582 -0.0160567977158
124.564148715 -0.000227318946757 -0.0160487057816
124.626980568 -0.000227090074969 -0.0160406219954
124.689812421 -0.000226861548515 -0.0160325463454
124.752644274 -0.000226633366721 -0.0160244788185
124.815476127 -0.000226405528864 -0.0160164194034
124.87830798 -0.000226178034264 -0.0160083680877
124.941139833 -0.000225950882244 -0.0160003248584
125.003971686 -0.000225724072106 -0.0159922897044
125.066803539 -0.000225497603165 -0.015984262613
125.129635392 -0.000225271474745 -0.0159762435718
125.192467246 -0.000225045686164 -0.0159682325692
125.255299099 -0.00022482023673 -0.0159602295927
125.318130952 -0.000224595125767 -0.0159522346309
125.380962805 -0.0002243703526 -0.0159442476714
125.443794658 -0.000224145916563 -0.0159362687019
125.506626511 -0.000223921816982 -0.0159282977104
125.569458364 -0.000223698053167 -0.0159203346856
125.632290217 -0.00022347462446 -0.0159123796152
