0.0314159265359 -1.4080791575 -1.33362464463
0.0942477796077 -1.32107865359 -1.26218542171
0.157079632679 -1.23835940226 -1.20168549585
0.219911485751 -1.16082210745 -1.15134970914
0.282743338823 -1.09004612544 -1.10856337908
0.345575191895 -1.02462828245 -1.07113712539
0.408407044967 -0.964702692167 -1.03823885752
0.471238898038 -0.910017551915 -1.00898788603
0.53407075111 -0.860028921249 -0.982553907784
0.596902604182 -0.814169987919 -0.958286636995
0.659734457254 -0.771952555612 -0.935722377364
0.722566310326 -0.732973736593 -0.914541048916
0.785398163397 -0.696896940569 -0.894520035837
0.848230016469 -0.663433672661 -0.875499288887
0.911061869541 -0.632331524163 -0.857358420222
0.973893722613 -0.603367147965 -0.840002726559
1.03672557568 -0.576342095437 -0.823354973224
1.09955742876 -0.551079994196 -0.807350605098
1.16238928183 -0.527424248441 -0.791934878126
1.2252211349 -0.505235920732 -0.777061019804
1.28805298797 -0.48439170675 -0.762688927688
1.35088484104 -0.464782016936 -0.748784150284
1.41371669412 -0.446309205142 -0.735317028849
1.47654854719 -0.428885976871 -0.722261948406
1.53938040026 -0.412433991064 -0.709596676661
1.60221225333 -0.396882654979 -0.697301786037
1.6650441064 -0.382168098109 -0.685360153289
1.72787595947 -0.36823230664 -0.673756534642
1.79070781255 -0.355022396305 -0.662477210553
1.85353966562 -0.34249000222 -0.6515096938
1.91637151869 -0.330590765917 -0.640842493672
1.97920337176 -0.319283901878 -0.630464927769
2.04203522483 -0.308531829187 -0.620366974783
2.10486707791 -0.298299855819 -0.610539160415
2.16769893098 -0.288555905813 -0.600972470492
2.23053078405 -0.279270281365 -0.591658285622
2.29336263712 -0.270415453527 -0.582588332583
2.35619449019 -0.261965876605 -0.573754648585
2.41902634326 -0.253897822382 -0.565149555261
2.48185819634 -0.246189231081 -0.556765639661
2.54469004941 -0.23881957672 -0.548595740394
2.60752190248 -0.23176974491 -0.540632937187
2.67035375555 -0.225021921632 -0.53287054289
2.73318560862 -0.218559491702 -0.525302096847
2.79601746169 -0.212366945949 -0.517921359164
2.85884931477 -0.206429796232 -0.510722305408
2.92168116784 -0.200734497569 -0.503699121403
2.98451302091 -0.195268376724 -0.496846197982
3.04734487398 -0.190019566731 -0.490158125629
3.11017672705 -0.184976946798 -0.483629688916
3.17300858013 -0.180130087177 -0.477255860772
3.2358404332 -0.175469198559 -0.471031796581
3.29867228627 -0.170985085633 -0.464952828185
3.36150413934 -0.166669104427 -0.459014457776
3.42433599241 -0.162513123155 -0.453212351807
3.48716784548 -0.158509486225 -0.447542334873
3.54999969856 -0.154650981172 -0.442000383692
3.61283155163 -0.150930808241 -0.436582621157
3.6756634047 -0.147342552403 -0.431285310526
3.73849525777 -0.143880157584 -0.426104849772
3.80132711084 -0.14053790292 -0.421037766076
3.86415896392 -0.137310380855 -0.416080710551
3.92699081699 -0.13419247693 -0.411230453121
3.98982267006 -0.131179351097 -0.406483877631
4.05265452313 -0.128266420452 -0.40183797715
4.1154863762 -0.125449343241 -0.39728984948
4.17831822927 -0.122724004037 -0.392836692876
4.24115008235 -0.120086499999 -0.388475801955
4.30398193542 -0.117533128095 -0.384204563798
4.36681378849 -0.115060373241 -0.380020454249
4.42964564156 -0.112664897255 -0.375921034379
4.49247749463 -0.110343528565 -0.371903947128
4.55530934771 -0.108093252617 -0.367966914107
4.61814120078 -0.105911202922 -0.36410773255
4.68097305385 -0.103794652688 -0.36032427242
4.74380490692 -0.101741006998 -0.356614473643
4.80663675999 -0.0997477954905 -0.352976343474
4.86946861306 -0.0978126654974 -0.349407953988
4.93230046614 -0.0959333756185 -0.345907439683
4.99513231921 -0.0941077896878 -0.342472995189
5.05796417228 -0.0923338711119 -0.33910287308
5.12079602535 -0.0906096775494 -0.335795381783
5.18362787842 -0.0889333559096 -0.332548883571
5.24645973149 -0.0873031376481 -0.329361792649
5.30929158457 -0.0857173343384 -0.326232573307
5.37212343764 -0.0841743335022 -0.323159738163
5.43495529071 -0.0826725946808 -0.320141846464
5.49778714378 -0.0812106457309 -0.317177502462
5.56061899685 -0.0797870793326 -0.314265353848
5.62345084993 -0.0784005496943 -0.311404090251
5.686282703 -0.0770497694422 -0.308592441787
5.74911455607 -0.0757335066847 -0.305829177673
5.81194640914 -0.0744505822387 -0.303113104883
5.87477826221 -0.0731998670092 -0.300443066858
5.93761011528 -0.0719802795133 -0.297817942259
6.00044196836 -0.070790783539 -0.295236643774
6.06327382143 -0.069630385931 -0.292698116955
6.1261056745 -0.0684981344973 -0.290201339108
6.18893752757 -0.0673931160275 -0.287745318217
6.25176938064 -0.066314454418 -0.285329091906
6.31460123372 -0.065261308897 -0.282951726438
6.37743308679 -0.0642328723446 -0.280612315754
6.44026493986 -0.0632283697009 -0.278309980534
6.50309679293 -0.0622470564586 -0.276043867307
6.565928646 -0.061288217235 -0.273813147578
6.62876049907 -0.0603511644184 -0.271617016993
6.69159235215 -0.0594352368854 -0.26945469453
6.75442420522 -0.0585397987844 -0.267325421722
6.81725605829 -0.0576642383823 -0.265228461905
6.88008791136 -0.0568079669706 -0.263163099488
6.94291976443 -0.0559704178276 -0.261128639259
7.00575161751 -0.0551510452338 -0.259124405705
7.06858347058 -0.0543493235368 -0.257149742361
7.13141532365 -0.0535647462645 -0.255204011181
7.19424717672 -0.052796825282 -0.253286591932
7.25707902979 -0.0520450899919 -0.251396881607
7.31991088286 -0.0513090865736 -0.249534293863
7.38274273594 -0.0505883772614 -0.24769825847
7.44557458901 -0.0498825396574 -0.245888220793
7.50840644208 -0.0491911660788 -0.24410364128
7.57123829515 -0.0485138629377 -0.242343994971
7.63407014822 -0.0478502501498 -0.240608771035
7.69690200129 -0.0471999605731 -0.238897472303
7.75973385437 -0.0465626394733 -0.237209614838
7.82256570744 -0.0459379440144 -0.235544727509
7.88539756051 -0.0453255427746 -0.23390235158
7.94822941358 -0.0447251152844 -0.232282040319
8.01106126665 -0.0441363515863 -0.230683358617
8.07389311973 -0.0435589518167 -0.22910588262
8.1367249728 -0.0429926258054 -0.227549199379
8.19955682587 -0.0424370926951 -0.226012906504
8.26238867894 -0.0418920805776 -0.22449661184
8.32522053201 -0.0413573261476 -0.222999933143
8.38805238508 -0.040832574371 -0.221522497782
8.45088423816 -0.0403175781695 -0.220063942436
8.51371609123 -0.0398120981189 -0.218623912812
8.5765479443 -0.0393159021604 -0.217202063372
8.63937979737 -0.0388287653257 -0.215798057062
8.70221165044 -0.0383504694737 -0.21441156506
8.76504350352 -0.0378808030384 -0.213042266528
8.82787535659 -0.0374195607887 -0.211689848371
8.89070720966 -0.0369665435978 -0.210354005009
8.95353906273 -0.036521558223 -0.209034438152
9.0163709158 -0.0360844170948 -0.20773085659
9.07920276887 -0.0356549381147 -0.206442975977
9.14203462195 -0.035232944462 -0.205170518639
9.20486647502 -0.034818264408 -0.203913213376
9.26769832809 -0.034410731139 -0.202670795276
9.33053018116 -0.0340101825855 -0.201443005533
9.39336203423 -0.0336164612591 -0.200229591275
9.45619388731 -0.033229414096 -0.199030305394
9.51902574038 -0.0328488923061 -0.197844906382
9.58185759345 -0.0324747512298 -0.196673158175
9.64468944652 -0.0321068501984 -0.195514829999
9.70752129959 -0.0317450524019 -0.194369696225
9.77035315266 -0.0313892247611 -0.193237536223
9.83318500574 -0.0310392378046 -0.192118134229
9.89601685881 -0.0306949655512 -0.191011279207
9.95884871188 -0.0303562853964 -0.189916764723
10.021680565 -0.0300230780033 -0.188834388819
10.084512418 -0.0296952271978 -0.187763953892
10.1473442711 -0.0293726198677 -0.186705266579
10.2101761242 -0.0290551458658 -0.185658137643
10.2730079772 -0.0287426979161 -0.184622381861
10.3358398303 -0.0284351715241 -0.183597817921
10.3986716834 -0.0281324648902 -0.182584268319
10.4615035365 -0.0278344788259 -0.18158155926
10.5243353895 -0.0275411166738 -0.180589520557
10.5871672426 -0.02725228423 -0.179607985543
10.6499990957 -0.0269678896689 -0.178636790981
10.7128309487 -0.0266878434722 -0.177675776969
10.7756628018 -0.0264120583583 -0.176724786864
10.8384946549 -0.0261404492163 -0.175783667195
10.901326508 -0.0258729330405 -0.174852267581
10.964158361 -0.025609428869 -0.173930440659
11.0269902141 -0.025349857722 -0.173018042003
11.0898220672 -0.0250941425464 -0.172114930058
11.1526539202 -0.0248422081547 -0.171220966061
11.2154857733 -0.0245939811792 -0.170336013981
11.2783176264 -0.0243493900065 -0.169459940441
11.3411494795 -0.0241083647464 -0.168592614668
11.4039813325 -0.0238708371557 -0.167733908418
11.4668131856 -0.0236367406262 -0.166883695918
11.5296450387 -0.0234060100977 -0.166041853819
11.5924768917 -0.0231785820577 -0.165208261103
11.6553087448 -0.0229543944571 -0.164382799091
11.7181405979 -0.0227333867022 -0.1635653513
11.780972451 -0.0225154995957 -0.16275580349
11.843804304 -0.0223006752986 -0.161954043525
11.9066361571 -0.0220888573108 -0.161159961374
11.9694680102 -0.0218799904035 -0.160373449065
12.0322998632 -0.0216740206182 -0.159594400587
12.0951317163 -0.0214708952094 -0.158822711911
12.1579635694 -0.0212705626132 -0.158058280905
12.2207954225 -0.0210729724377 -0.157301007284
12.2836272755 -0.0208780753978 -0.156550792609
12.3464591286 -0.02068582331 -0.155807540206
12.4092909817 -0.0204961690668 -0.155071155133
12.4721228348 -0.020309066578 -0.154341544168
12.5349546878 -0.0201244707773 -0.153618615743
12.5977865409 -0.0199444592725 -0.152901369102
12.660618394 -0.0197667691389 -0.152190677741
12.723450247 -0.0195913621563 -0.151486452492
12.7862821001 -0.0194182008512 -0.150788605817
12.8491139532 -0.01924724848 -0.150097051771
12.9119458063 -0.0190784690136 -0.149411705959
12.9747776593 -0.0189118271216 -0.148732485507
13.0376095124 -0.0187472881573 -0.148059309024
13.1004413655 -0.0185848181426 -0.147392096565
13.1632732185 -0.0184243837535 -0.146730769607
13.2261050716 -0.0182659523062 -0.146075251008
13.2889369247 -0.018109491743 -0.14542546498
13.3517687778 -0.0179549706187 -0.144781337059
13.4146006308 -0.0178023580877 -0.144142794075
13.4774324839 -0.0176516238907 -0.143509764122
13.540264337 -0.0175027383423 -0.142882176534
13.60309619 -0.0173556723186 -0.142259961853
13.6659280431 -0.0172103972452 -0.141643051808
13.7287598962 -0.0170668850853 -0.141031379284
13.7915917493 -0.0169251083282 -0.140424878301
13.8544236023 -0.0167850399782 -0.139823483989
13.9172554554 -0.0166466535437 -0.139227132563
13.9800873085 -0.0165099230261 -0.138635761301
14.0429191615 -0.0163748229097 -0.138049308521
14.1057510146 -0.0162413281511 -0.13746771356
14.1685828677 -0.0161094141697 -0.136890916752
14.2314147208 -0.0159790568374 -0.136318859409
14.2942465738 -0.0158502324694 -0.135751483798
14.3570784269 -0.0157229178149 -0.135188733122
14.41991028 -0.0155970900476 -0.134630551503
14.482742133 -0.0154727267571 -0.13407688396
14.5455739861 -0.0153498059405 -0.133527676396
14.6084058392 -0.0152283059931 -0.132982875573
14.6712376923 -0.0151082057008 -0.1324424291
14.7340695453 -0.0149894842319 -0.131906285414
14.7969013984 -0.0148721211287 -0.131374393766
14.8597332515 -0.0147560963003 -0.1308467042
14.9225651046 -0.0146413900148 -0.130323167541
14.9853969576 -0.0145279828919 -0.12980373538
15.0482288107 -0.0144158558956 -0.129288360057
15.1110606638 -0.0143049903275 -0.128776994647
15.1738925168 -0.0141953678193 -0.128269592946
15.2367243699 -0.0140869703267 -0.127766109458
15.299556223 -0.0139797801223 -0.12726649938
15.3623880761 -0.0138737797895 -0.126770718588
15.4252199291 -0.0137689522158 -0.126278723626
15.4880517822 -0.0136652805873 -0.125790471693
15.5508836353 -0.0135627483819 -0.125305920629
15.6137154883 -0.0134613393642 -0.124825028906
15.6765473414 -0.0133610375789 -0.124347755612
15.7393791945 -0.0132618273461 -0.123874060443
15.8022110476 -0.0131636932551 -0.123403903689
15.8650429006 -0.0130666201593 -0.122937246227
15.9278747537 -0.012970593171 -0.122474049505
15.9907066068 -0.0128755976561 -0.122014275536
16.0535384598 -0.0127816192293 -0.121557886883
16.1163703129 -0.0126886437489 -0.121104846654
16.179202166 -0.0125966573122 -0.120655118489
16.2420340191 -0.0125056462509 -0.120208666552
16.3048658721 -0.0124155971263 -0.11976545552
16.3676977252 -0.0123264967249 -0.119325450574
16.4305295783 -0.0122383320538 -0.118888617391
16.4933614313 -0.012151090337 -0.118454922135
16.5561932844 -0.0120647590105 -0.118024331448
16.6190251375 -0.0119793257185 -0.117596812441
16.6818569906 -0.0118947783095 -0.117172332686
16.7446888436 -0.0118111048322 -0.11675086021
16.8075206967 -0.0117282935316 -0.116332363484
16.8703525498 -0.0116463328456 -0.115916811416
16.9331844028 -0.0115652114006 -0.115504173346
16.9960162559 -0.0114849180088 -0.115094419034
17.058848109 -0.011405441664 -0.114687518657
17.1216799621 -0.0113267715383 -0.1142834428
17.1845118151 -0.0112488969789 -0.113882162448
17.2473436682 -0.0111718075048 -0.113483648982
17.3101755213 -0.0110954928032 -0.113087874169
17.3730073744 -0.0110199427268 -0.112694810158
17.4358392274 -0.0109451472905 -0.112304429474
17.4986710805 -0.0108710966682 -0.111916705007
17.5615029336 -0.0107977811901 -0.111531610011
17.6243347866 -0.0107251913398 -0.111149118098
17.6871666397 -0.0106533177512 -0.110769203227
17.7499984928 -0.0105821512059 -0.110391839703
17.8128303459 -0.0105116826305 -0.110017002171
17.8756621989 -0.0104419030938 -0.109644665607
17.938494052 -0.0103728038043 -0.109274805316
18.0013259051 -0.0103043761078 -0.108907396925
18.0641577581 -0.0102366114843 -0.108542416378
18.1269896112 -0.0101695015462 -0.108179839931
18.1898214643 -0.0101030380357 -0.107819644148
18.2526533174 -0.0100372128223 -0.107461805894
18.3154851704 -0.00997201790054 -0.107106302331
18.3783170235 -0.00990744538791 -0.106753110914
18.4411488766 -0.00984348752246 -0.106402209385
18.5039807296 -0.00978013666069 -0.10605357577
18.5668125827 -0.00971738527545 -0.105707188373
18.6296444358 -0.00965522595391 -0.105363025773
18.6924762889 -0.00959365139536 -0.105021066819
18.7553081419 -0.0095326544094 -0.104681290625
18.818139995 -0.00947222791388 -0.104343676566
18.8809718481 -0.00941236493302 -0.104008204276
18.9438037011 -0.00935305859551 -0.103674853643
19.0066355542 -0.0092943021327 -0.103343604801
19.0694674073 -0.00923608887679 -0.103014438134
19.1322992604 -0.00917841225905 -0.102687334266
19.1951311134 -0.00912126580811 -0.102362274058
19.2579629665 -0.00906464314828 -0.102039238607
19.3207948196 -0.00900853799781 -0.101718209242
19.3836266726 -0.00895294416737 -0.101399167518
19.4464585257 -0.00889785555836 -0.101082095213
19.5092903788 -0.00884326616138 -0.100766974329
19.5721222319 -0.00878917005475 -0.100453787081
19.6349540849 -0.00873556140289 -0.100142515902
19.697785938 -0.00868243445496 -0.0998331434336
19.7606177911 -0.00862978354332 -0.0995256525259
19.8234496442 -0.0085776030822 -0.0992200262333
19.8862814972 -0.00852588756622 -0.0989162478119
19.9491133503 -0.0084746315691 -0.0986143007165
20.0119452034 -0.0084238297423 -0.0983141685973
20.0747770564 -0.00837347681365 -0.0980158352976
20.1376089095 -0.0083235675862 -0.0977192848505
20.2004407626 -0.0082740969368 -0.0974245014764
20.2632726157 -0.008225059815 -0.0971314695799
20.3261044687 -0.00817645124173 -0.0968401737478
20.3889363218 -0.0081282663082 -0.0965505987455
20.4517681749 -0.00808050017463 -0.0962627295156
20.5146000279 -0.00803314806924 -0.0959765511742
20.577431881 -0.00798620528698 -0.0956920490093
20.6402637341 -0.00793966718853 -0.0954092084776
20.7030955872 -0.00789352919918 -0.0951280152027
20.7659274402 -0.00784778680779 -0.0948484549724
20.8287592933 -0.00780243556572 -0.0945705137365
20.8915911464 -0.00775747108583 -0.0942941776043
20.9544229994 -0.00771288904146 -0.0940194328426
21.0172548525 -0.00766868516545 -0.0937462658735
21.0800867056 -0.00762485524924 -0.0934746632718
21.1429185587 -0.00758139514179 -0.0932046117635
21.2057504117 -0.00753830074876 -0.0929360982232
21.2685822648 -0.00749556803155 -0.0926691096721
21.3314141179 -0.00745319300643 -0.0924036332761
21.3942459709 -0.00741117174363 -0.0921396563439
21.457077824 -0.00736950036651 -0.0918771663246
21.5199096771 -0.00732817505069 -0.0916161508064
21.5827415302 -0.00728719202323 -0.0913565975139
21.6455733832 -0.00724654756178 -0.0910984943071
21.7084052363 -0.00720623799382 -0.0908418291788
21.7712370894 -0.00716625969589 -0.0905865902532
21.8340689424 -0.00712660909275 -0.090332765784
21.8969007955 -0.00708728265666 -0.0900803441529
21.9597326486 -0.00704827690663 -0.0898293138673
22.0225645017 -0.00700958840771 -0.0895796635592
22.0853963547 -0.00697121377023 -0.0893313819831
22.1482282078 -0.00693314964912 -0.0890844580146
22.2110600609 -0.00689539274321 -0.0888388806488
22.273891914 -0.00685793979456 -0.0885946389985
22.336723767 -0.00682078758779 -0.0883517222927
22.3995556201 -0.00678393294937 -0.0881101198754
22.4623874732 -0.00674737274706 -0.0878698212035
22.5252193262 -0.00671110388925 -0.0876308158457
22.5880511793 -0.00667512332425 -0.0873930934812
22.6508830324 -0.00663942803986 -0.0871566438974
22.7137148855 -0.00660401506257 -0.0869214569896
22.7765467385 -0.00656888145709 -0.0866875227588
22.8393785916 -0.00653402432575 -0.0864548313108
22.9022104447 -0.00649944080794 -0.0862233728543
22.9650422977 -0.00646512807947 -0.0859931377002
23.0278741508 -0.00643108335212 -0.0857641162599
23.0907060039 -0.00639730387307 -0.085536299044
23.153537857 -0.00636378692434 -0.085309676661
23.21636971 -0.00633052982228 -0.0850842398165
23.2792015631 -0.00629752991707 -0.0848599793112
23.3420334162 -0.00626478459222 -0.0846368860405
23.4048652692 -0.00623229126405 -0.0844149509925
23.4676971223 -0.00620004738122 -0.0841941652474
23.5305289754 -0.00616805042424 -0.0839745199763
23.5933608285 -0.00613629790501 -0.0837560064395
23.6561926815 -0.00610478736637 -0.0835386159862
23.7190245346 -0.00607351638158 -0.0833223400526
23.7818563877 -0.00604248255398 -0.0831071701614
23.8446882407 -0.00601168351644 -0.0828930979206
23.9075200938 -0.005981116931 -0.0826801150219
23.9703519469 -0.00595078048845 -0.0824682132404
24.0331838 -0.00592067190785 -0.0822573844332
24.096015653 -0.00589078893615 -0.0820476205384
24.1588475061 -0.00586112934782 -0.0818389135742
24.2216793592 -0.00583169094442 -0.0816312556375
24.2845112122 -0.00580247155417 -0.081424638904
24.3473430653 -0.00577346903166 -0.0812190556257
24.4101749184 -0.00574468125743 -0.0810144981312
24.4730067715 -0.00571610613753 -0.0808109588244
24.5358386245 -0.00568774160324 -0.0806084301833
24.5986704776 -0.00565958561071 -0.0804069047595
24.6615023307 -0.00563163614055 -0.080206375177
24.7243341838 -0.00560389119753 -0.0800068341316
24.7871660368 -0.0055763488102 -0.0798082743899
24.8499978899 -0.00554900703061 -0.0796106887881
24.912829743 -0.00552186393392 -0.0794140702319
24.975661596 -0.0054949176181 -0.0792184116952
25.0384934491 -0.00546816620358 -0.0790237062193
25.1013253022 -0.00544160783303 -0.0788299469122
25.1641571553 -0.00541524067093 -0.0786371269476
25.2269890083 -0.00538906290333 -0.0784452395644
25.2898208614 -0.00536307273753 -0.078254278066
25.3526527145 -0.00533726840183 -0.0780642358189
25.4154845675 -0.00531164814513 -0.0778751062531
25.4783164206 -0.00528621023677 -0.0776868828598
25.5411482737 -0.00526095296619 -0.0774995591923
25.6039801268 -0.00523587464264 -0.0773131288641
25.6668119798 -0.00521097359493 -0.0771275855487
25.7296438329 -0.00518624817116 -0.0769429229788
25.792475686 -0.00516169673844 -0.0767591349459
25.855307539 -0.00513731768267 -0.0765762152988
25.9181393921 -0.00511310940822 -0.0763941579441
25.9809712452 -0.00508907033774 -0.0762129568445
26.0438030983 -0.00506519891188 -0.0760326060187
26.1066349513 -0.00504149358903 -0.0758530995407
26.1694668044 -0.00501795284518 -0.0756744315389
26.2322986575 -0.00499457517349 -0.0754965961959
26.2951305105 -0.00497135908428 -0.0753195877475
26.3579623636 -0.00494830310463 -0.0751434004824
26.4207942167 -0.00492540577825 -0.0749680287412
26.4836260698 -0.00490266566521 -0.0747934669164
26.5464579228 -0.00488008134176 -0.0746197094512
26.6092897759 -0.00485765140007 -0.0744467508393
26.672121629 -0.00483537444805 -0.0742745856243
26.734953482 -0.00481324910916 -0.0741032083988
26.7977853351 -0.00479127402211 -0.0739326138046
26.8606171882 -0.00476944784081 -0.0737627965312
26.9234490413 -0.00474776923403 -0.073593751316
26.9862808943 -0.00472623688527 -0.0734254729435
27.0491127474 -0.00470484949256 -0.0732579562448
27.1119446005 -0.00468360576828 -0.0730911960968
27.1747764536 -0.00466250443894 -0.0729251874223
27.2376083066 -0.00464154424502 -0.072759925189
27.3004401597 -0.00462072394078 -0.0725954044092
27.3632720128 -0.00460004229408 -0.0724316201392
27.4261038658 -0.00457949808624 -0.072268567479
27.4889357189 -0.00455909011177 -0.0721062415716
27.551767572 -0.00453881717833 -0.0719446376028
27.6145994251 -0.00451867810644 -0.0717837508004
27.6774312781 -0.0044986717294 -0.071623576434
27.7402631312 -0.00447879689309 -0.0714641098143
27.8030949843 -0.00445905245578 -0.0713053462931
27.8659268373 -0.00443943728804 -0.0711472812625
27.9287586904 -0.00441995027256 -0.0709899101542
27.9915905435 -0.00440059030391 -0.0708332284402
28.0544223966 -0.00438135628855 -0.0706772316306
28.1172542496 -0.00436224714452 -0.0705219152748
28.1800861027 -0.00434326180144 -0.0703672749603
28.2429179558 -0.0043243992002 -0.0702133063125
28.3057498088 -0.00430565829295 -0.0700600049942
28.3685816619 -0.00428703804292 -0.0699073667051
28.431413515 -0.00426853742428 -0.0697553871818
28.4942453681 -0.00425015542197 -0.0696040621969
28.5570772211 -0.0042318910316 -0.0694533875594
28.6199090742 -0.00421374325935 -0.069303359113
28.6827409273 -0.00419571112174 -0.0691539727371
28.7455727803 -0.00417779364559 -0.0690052243459
28.8084046334 -0.00415998986785 -0.0688571098877
28.8712364865 -0.00414229883552 -0.068709625345
28.9340683396 -0.00412471960544 -0.0685627667338
28.9969001926 -0.00410725124425 -0.0684165301038
29.0597320457 -0.00408989282823 -0.0682709115374
29.1225638988 -0.00407264344322 -0.0681259071495
29.1853957518 -0.00405550218443 -0.0679815130879
29.2482276049 -0.00403846815639 -0.0678377255318
29.311059458 -0.00402154047285 -0.0676945406921
29.3738913111 -0.00400471825656 -0.0675519548113
29.4367231641 -0.00398800063929 -0.0674099641628
29.4995550172 -0.00397138676163 -0.0672685650505
29.5623868703 -0.00395487577296 -0.0671277538089
29.6252187234 -0.00393846683125 -0.0669875268025
29.6880505764 -0.00392215910306 -0.0668478804252
29.7508824295 -0.00390595176333 -0.066708811101
29.8137142826 -0.00388984399537 -0.0665703152825
29.8765461356 -0.00387383499068 -0.0664323894516
29.9393779887 -0.00385792394897 -0.0662950301182
30.0022098418 -0.00384211007791 -0.0661582338209
30.0650416949 -0.00382639259313 -0.0660219971262
30.1278735479 -0.00381077071813 -0.0658863166283
30.190705401 -0.00379524368414 -0.0657511889489
30.2535372541 -0.00377981073007 -0.0656166107366
30.3163691071 -0.00376447110235 -0.0654825786672
30.3792009602 -0.00374922405494 -0.0653490894431
30.4420328133 -0.00373406884921 -0.0652161397926
30.5048646664 -0.00371900475375 -0.0650837264707
30.5676965194 -0.00370403104444 -0.0649518462579
30.6305283725 -0.00368914700428 -0.0648204959602
30.6933602256 -0.0036743519233 -0.0646896724094
30.7561920786 -0.00365964509851 -0.0645593724618
30.8190239317 -0.0036450258338 -0.0644295929987
30.8818557848 -0.00363049343988 -0.0643003309263
30.9446876379 -0.00361604723418 -0.0641715831747
31.0075194909 -0.00360168654077 -0.0640433466985
31.070351344 -0.00358741069031 -0.0639156184758
31.1331831971 -0.00357321901991 -0.0637883955088
31.1960150501 -0.00355911087318 -0.0636616748225
31.2588469032 -0.00354508559999 -0.0635354534657
31.3216787563 -0.00353114255655 -0.0634097285098
31.3845106094 -0.00351728110521 -0.063284497049
31.4473424624 -0.00350350061452 -0.0631597562
31.5101743155 -0.00348980045905 -0.0630355031018
31.5730061686 -0.00347618001935 -0.0629117349157
31.6358380216 -0.00346263868192 -0.0627884488246
31.6986698747 -0.0034491758391 -0.0626656420332
31.7615017278 -0.00343579088901 -0.0625433117677
31.8243335809 -0.00342248323552 -0.0624214552753
31.8871654339 -0.00340925228814 -0.0623000698246
31.949997287 -0.00339609746199 -0.0621791527047
32.0128291401 -0.00338301817768 -0.0620587012258
32.0756609932 -0.00337001386132 -0.0619387127182
32.1384928462 -0.00335708394445 -0.0618191845324
32.2013246993 -0.00334422786391 -0.0617001140394
32.2641565524 -0.00333144506187 -0.0615814986296
32.3269884054 -0.00331873498568 -0.0614633357135
32.3898202585 -0.00330609708791 -0.0613456227208
32.4526521116 -0.00329353082618 -0.0612283571009
32.5154839647 -0.00328103566325 -0.0611115363218
32.5783158177 -0.0032686110668 -0.060995157871
32.6411476708 -0.00325625650949 -0.0608792192546
32.7039795239 -0.00324397146887 -0.0607637179973
32.7668113769 -0.00323175542732 -0.0606486516423
32.82964323 -0.00321960787199 -0.0605340177508
32.8924750831 -0.00320752829478 -0.0604198139026
32.9553069362 -0.00319551619224 -0.0603060376951
33.0181387892 -0.00318357106558 -0.0601926867435
33.0809706423 -0.00317169242055 -0.0600797586809
33.1438024954 -0.00315987976746 -0.0599672511574
33.2066343484 -0.00314813262108 -0.0598551618407
33.2694662015 -0.00313645050058 -0.0597434884155
33.3322980546 -0.00312483292956 -0.0596322285836
33.3951299077 -0.00311327943591 -0.0595213800635
33.4579617607 -0.00310178955183 -0.0594109405904
33.5207936138 -0.00309036281374 -0.0593009079162
33.5836254669 -0.00307899876226 -0.059191279809
33.6464573199 -0.00306769694217 -0.0590820540528
33.709289173 -0.00305645690234 -0.0589732284483
33.7721210261 -0.00304527819568 -0.0588648008118
33.8349528792 -0.00303416037916 -0.0587567689753
33.8977847322 -0.00302310301368 -0.0586491307867
33.9606165853 -0.00301210566409 -0.0585418841092
34.0234484384 -0.00300116789913 -0.0584350268214
34.0862802914 -0.00299028929138 -0.0583285568171
34.1491121445 -0.00297946941722 -0.0582224720054
34.2119439976 -0.00296870785681 -0.0581167703102
34.2747758507 -0.00295800419403 -0.05801144967
34.3376077037 -0.00294735801643 -0.0579065080384
34.4004395568 -0.00293676891522 -0.0578019433835
34.4632714099 -0.00292623648523 -0.0576977536876
34.526103263 -0.00291576032485 -0.0575939369473
34.588935116 -0.002905340036 -0.0574904911736
34.6517669691 -0.0028949752241 -0.0573874143914
34.7145988222 -0.00288466549803 -0.0572847046397
34.7774306752 -0.00287441047007 -0.0571823599713
34.8402625283 -0.00286420975594 -0.0570803784524
34.9030943814 -0.00285406297467 -0.0569787581629
34.9659262345 -0.00284396974862 -0.0568774971963
35.0287580875 -0.00283392970342 -0.0567765936596
35.0915899406 -0.00282394246798 -0.0566760456723
35.1544217937 -0.00281400767439 -0.0565758513679
35.2172536467 -0.00280412495795 -0.0564760088921
35.2800854998 -0.00279429395711 -0.056376516404
35.3429173529 -0.0027845143134 -0.0562773720754
35.405749206 -0.00277478567148 -0.0561785740905
35.468581059 -0.00276510767903 -0.0560801206462
35.5314129121 -0.00275547998678 -0.0559820099521
35.5942447652 -0.00274590224843 -0.0558842402294
35.6570766182 -0.00273637412065 -0.0557868097125
35.7199084713 -0.00272689526303 -0.0556897166472
35.7827403244 -0.00271746533807 -0.0555929592916
35.8455721775 -0.00270808401116 -0.0554965359156
35.9084040305 -0.00269875095049 -0.055400444801
35.9712358836 -0.0026894658271 -0.0553046842413
36.0340677367 -0.00268022831479 -0.0552092525416
36.0968995897 -0.00267103809013 -0.0551141480186
36.1597314428 -0.00266189483241 -0.0550193690004
36.2225632959 -0.00265279822365 -0.0549249138261
36.285395149 -0.00264374794848 -0.0548307808467
36.348227002 -0.00263474369426 -0.0547369684237
36.4110588551 -0.00262578515092 -0.0546434749298
36.4738907082 -0.00261687201097 -0.054550298749
36.5367225612 -0.00260800396956 -0.0544574382757
36.5995544143 -0.00259918072429 -0.0543648919153
36.6623862674 -0.00259040197537 -0.0542726580837
36.7252181205 -0.00258166742541 -0.0541807352078
36.7880499735 -0.00257297677957 -0.0540891217245
36.8508818266 -0.00256432974543 -0.0539978160813
36.9137136797 -0.00255572603294 -0.0539068167363
36.9765455328 -0.00254716535452 -0.0538161221574
37.0393773858 -0.00253864742491 -0.053725730823
37.1022092389 -0.00253017196123 -0.0536356412211
37.165041092 -0.0025217386829 -0.0535458518505
37.227872945 -0.00251334731168 -0.053456361219
37.2907047981 -0.00250499757157 -0.0533671678448
37.3535366512 -0.00249668918883 -0.0532782702559
37.4163685043 -0.002488421892 -0.0531896669895
37.4792003573 -0.00248019541179 -0.0531013565927
37.5420322104 -0.00247200948112 -0.0530133376222
37.6048640635 -0.00246386383507 -0.0529256086438
37.6676959165 -0.0024557582109 -0.0528381682331
37.7305277696 -0.00244769234796 -0.0527510149744
37.7933596227 -0.00243966598774 -0.0526641474619
37.8561914758 -0.00243167887382 -0.0525775642982
37.9190233288 -0.00242373075181 -0.0524912640956
37.9818551819 -0.00241582136942 -0.0524052454749
38.044687035 -0.00240795047633 -0.0523195070662
38.107518888 -0.00240011782429 -0.052234047508
38.1703507411 -0.00239232316702 -0.0521488654481
38.2331825942 -0.00238456626018 -0.0520639595425
38.2960144473 -0.00237684686141 -0.0519793284563
38.3588463003 -0.00236916473031 -0.0518949708627
38.4216781534 -0.00236151962831 -0.0518108854436
38.4845100065 -0.00235391131887 -0.0517270708893
38.5473418595 -0.0023463395672 -0.0516435258986
38.6101737126 -0.00233880414042 -0.0515602491785
38.6730055657 -0.00233130480752 -0.051477239444
38.7358374188 -0.0023238413393 -0.0513944954186
38.7986692718 -0.00231641350832 -0.0513120158338
38.8615011249 -0.00230902108903 -0.0512297994288
38.924332978 -0.00230166385758 -0.0511478449512
38.987164831 -0.00229434159187 -0.0510661511566
39.0499966841 -0.0022870540716 -0.050984716808
39.1128285372 -0.00227980107816 -0.0509035406763
39.1756603903 -0.00227258239466 -0.0508226215403
39.2384922433 -0.0022653978059 -0.0507419581863
39.3013240964 -0.00225824709836 -0.0506615494082
39.3641559495 -0.00225113006017 -0.0505813940078
39.4269878026 -0.0022440464811 -0.0505014907939
39.4898196556 -0.00223699615263 -0.0504218385827
39.5526515087 -0.00222997886773 -0.0503424361983
39.6154833618 -0.00222299442107 -0.0502632824717
39.6783152148 -0.00221604260886 -0.0501843762411
39.7411470679 -0.0022091232289 -0.0501057163524
39.803978921 -0.00220223608053 -0.050027301658
39.8668107741 -0.00219538096468 -0.0499491310175
39.9296426271 -0.00218855768375 -0.0498712032982
39.9924744802 -0.00218176604169 -0.0497935173734
40.0553063333 -0.00217500584392 -0.0497160721241
40.1181381863 -0.00216827689739 -0.049638866438
40.1809700394 -0.00216157901049 -0.0495618992092
40.2438018925 -0.0021549119931 -0.0494851693389
40.3066337456 -0.00214827565652 -0.0494086757352
40.3694655986 -0.00214166981349 -0.0493324173125
40.4322974517 -0.00213509427819 -0.049256392992
40.4951293048 -0.00212854886619 -0.0491806017014
40.5579611578 -0.00212203339443 -0.0491050423752
40.6207930109 -0.00211554768131 -0.0490297139537
40.683624864 -0.00210909154652 -0.0489546153843
40.7464567171 -0.00210266481115 -0.0488797456205
40.8092885701 -0.00209626729763 -0.048805103622
40.8721204232 -0.00208989882971 -0.0487306883551
40.9349522763 -0.00208355923249 -0.0486564987919
40.9977841293 -0.00207724833234 -0.048582533911
41.0606159824 -0.00207096595696 -0.048508792697
41.1234478355 -0.00206471193533 -0.0484352741406
41.1862796886 -0.00205848609771 -0.0483619772386
41.2491115416 -0.00205228827558 -0.0482889009939
41.3119433947 -0.00204611830175 -0.048216044415
41.3747752478 -0.00203997601021 -0.0481434065166
41.4376071008 -0.0020338612362 -0.0480709863193
41.5004389539 -0.00202777381618 -0.0479987828493
41.563270807 -0.00202171358785 -0.0479267951384
41.6261026601 -0.00201568039 -0.0478550222252
41.6889345131 -0.00200967406276 -0.0477834631523
41.7517663662 -0.00200369444733 -0.0477121169695
41.8145982193 -0.00199774138611 -0.0476409827313
41.8774300724 -0.00199181472265 -0.0475700594983
41.9402619254 -0.00198591430166 -0.0474993463361
42.0030937785 -0.00198003996899 -0.047428842316
42.0659256316 -0.00197419157156 -0.0473585465152
42.1287574846 -0.00196836895749 -0.0472884580155
42.1915893377 -0.00196257197598 -0.0472185759046
42.2544211908 -0.00195680047726 -0.0471488992757
42.3172530439 -0.00195105431276 -0.0470794272265
42.3800848969 -0.00194533333487 -0.047010158861
42.44291675 -0.00193963739717 -0.0469410932874
42.5057486031 -0.00193396635421 -0.0468722296197
42.5685804561 -0.00192832006162 -0.0468035669771
42.6314123092 -0.00192269837607 -0.0467351044833
42.6942441623 -0.00191710115528 -0.0466668412676
42.7570760154 -0.00191152825796 -0.0465987764644
42.8199078684 -0.00190597954385 -0.0465309092126
42.8827397215 -0.00190045487372 -0.0464632386563
42.9455715746 -0.00189495410928 -0.0463957639449
43.0084034276 -0.00188947711331 -0.0463284842319
43.0712352807 -0.00188402374949 -0.0462613986763
43.1340671338 -0.00187859388252 -0.0461945064417
43.1968989869 -0.00187318737806 -0.0461278066963
43.2597308399 -0.00186780410271 -0.0460612986135
43.322562693 -0.00186244392402 -0.045994981371
43.3853945461 -0.00185710671048 -0.0459288541514
43.4482263991 -0.00185179233154 -0.0458629161415
43.5110582522 -0.00184650065751 -0.0457971665338
43.5738901053 -0.0018412315597 -0.045731604524
43.6367219584 -0.00183598491025 -0.0456662293133
43.6995538114 -0.00183076058225 -0.0456010401071
43.7623856645 -0.00182555844967 -0.0455360361154
43.8252175176 -0.00182037838733 -0.0454712165525
43.8880493706 -0.00181522027099 -0.0454065806372
43.9508812237 -0.00181008397727 -0.0453421275925
44.0137130768 -0.0018049693836 -0.0452778566462
44.0765449299 -0.00179987636831 -0.04521376703
44.1393767829 -0.00179480481057 -0.0451498579804
44.202208636 -0.00178975459038 -0.0450861287376
44.2650404891 -0.00178472558861 -0.0450225785463
44.3278723422 -0.00177971768692 -0.0449592066554
44.3907041952 -0.0017747307678 -0.0448960123181
44.4535360483 -0.00176976471457 -0.0448329947915
44.5163679014 -0.00176481941135 -0.0447701533369
44.5791997544 -0.00175989474303 -0.0447074872201
44.6420316075 -0.00175499059537 -0.0446449957104
44.7048634606 -0.00175010685483 -0.0445826780812
44.7676953137 -0.00174524340871 -0.0445205336103
44.8305271667 -0.00174040014504 -0.0444585615795
44.8933590198 -0.00173557695267 -0.0443967612738
44.9561908729 -0.0017307737212 -0.0443351319829
45.0190227259 -0.00172599034093 -0.0442736730003
45.081854579 -0.00172122670299 -0.0442123836229
45.1446864321 -0.00171648269918 -0.0441512631521
45.2075182852 -0.00171175822212 -0.0440903108925
45.2703501382 -0.00170705316508 -0.0440295261531
45.3331819913 -0.00170236742208 -0.0439689082463
45.3960138444 -0.00169770088791 -0.043908456488
45.4588456974 -0.001693053458 -0.0438481701985
45.5216775505 -0.00168842502852 -0.0437880487015
45.5845094036 -0.00168381549638 -0.043728091324
45.6473412567 -0.00167922475912 -0.043668297397
45.7101731097 -0.001674652715 -0.0436086662552
45.7730049628 -0.00167009926297 -0.0435491972368
45.8358368159 -0.00166556430268 -0.0434898896833
45.8986686689 -0.00166104773441 -0.0434307429403
45.961500522 -0.00165654945914 -0.0433717563563
46.0243323751 -0.00165206937848 -0.043312929284
46.0871642282 -0.00164760739475 -0.0432542610788
46.1499960812 -0.00164316341089 -0.0431957511002
46.2128279343 -0.00163873733048 -0.0431373987108
46.2756597874 -0.00163432905778 -0.0430792032766
46.3384916404 -0.00162993849764 -0.0430211641671
46.4013234935 -0.00162556555558 -0.0429632807553
46.4641553466 -0.00162121013774 -0.0429055524171
46.5269871997 -0.00161687215085 -0.0428479785323
46.5898190527 -0.00161255150231 -0.0427905584835
46.6526509058 -0.00160824810009 -0.0427332916569
46.7154827589 -0.00160396185279 -0.0426761774416
46.778314612 -0.00159969266961 -0.0426192152304
46.841146465 -0.00159544046035 -0.0425624044188
46.9039783181 -0.00159120513538 -0.0425057444061
46.9668101712 -0.00158698660571 -0.0424492345939
47.0296420242 -0.00158278478288 -0.042392874388
47.0924738773 -0.00157859957903 -0.0423366631965
47.1553057304 -0.00157443090688 -0.042280600431
47.2181375835 -0.00157027867973 -0.042224685506
47.2809694365 -0.00156614281143 -0.0421689178392
47.3438012896 -0.0015620232164 -0.0421132968514
47.4066331427 -0.00155791980957 -0.0420578219664
47.4694649957 -0.00155383250654 -0.0420024926105
47.5322968488 -0.00154976122331 -0.0419473082139
47.5951287019 -0.00154570587657 -0.0418922682089
47.657960555 -0.00154166638344 -0.0418373720312
47.720792408 -0.00153764266163 -0.0417826191196
47.7836242611 -0.00153363462933 -0.0417280089157
47.8464561142 -0.00152964220535 -0.0416735408634
47.9092879672 -0.00152566530895 -0.0416192144101
47.9721198203 -0.00152170385993 -0.041565029006
48.0349516734 -0.0015177577786 -0.0415109841039
48.0977835265 -0.00151382698579 -0.0414570791597
48.1606153795 -0.00150991140283 -0.0414033136319
48.2234472326 -0.00150601095157 -0.0413496869816
48.2862790857 -0.00150212555434 -0.0412961986733
48.3491109387 -0.00149825513396 -0.0412428481737
48.4119427918 -0.00149439961379 -0.0411896349523
48.4747746449 -0.00149055891764 -0.0411365584812
48.537606498 -0.00148673296979 -0.0410836182356
48.600438351 -0.00148292169505 -0.0410308136932
48.6632702041 -0.00147912501865 -0.0409781443342
48.7261020572 -0.00147534286636 -0.0409256096414
48.7889339102 -0.00147157516435 -0.0408732091009
48.8517657633 -0.00146782183931 -0.0408209422003
48.9145976164 -0.00146408281836 -0.0407688084309
48.9774294695 -0.00146035802913 -0.0407168072855
49.0402613225 -0.00145664739965 -0.0406649382603
49.1030931756 -0.00145295085841 -0.0406132008539
49.1659250287 -0.00144926833438 -0.0405615945673
49.2287568818 -0.00144559975696 -0.0405101189037
49.2915887348 -0.00144194505598 -0.0404587733696
49.3544205879 -0.00143830416175 -0.0404075574728
49.417252441 -0.00143467700494 -0.040356470725
49.480084294 -0.00143106351676 -0.0403055126389
49.5429161471 -0.00142746362874 -0.040254682731
49.6057480002 -0.00142387727292 -0.0402039805191
49.6685798533 -0.00142030438172 -0.040153405524
49.7314117063 -0.001416744888 -0.0401029572687
49.7942435594 -0.001413198725 -0.0400526352788
49.8570754125 -0.00140966582642 -0.040002439082
49.9199072655 -0.00140614612636 -0.0399523682085
49.9827391186 -0.00140263955933 -0.0399024221902
50.0455709717 -0.0013991460602 -0.0398526005629
50.1084028248 -0.0013956655643 -0.0398029028631
50.1712346778 -0.00139219800732 -0.03975332863
50.2340665309 -0.00138874332539 -0.0397038774056
50.296898384 -0.001385301455 -0.0396545487336
50.359730237 -0.001381872333 -0.0396053421603
50.4225620901 -0.0013784558967 -0.0395562572342
50.4853939432 -0.00137505208374 -0.0395072935054
50.5482257963 -0.00137166083216 -0.0394584505274
50.6110576493 -0.00136828208038 -0.0394097278547
50.6738895024 -0.00136491576719 -0.0393611250446
50.7367213555 -0.00136156183175 -0.0393126416566
50.7995532085 -0.00135822021361 -0.039264277252
50.8623850616 -0.00135489085268 -0.0392160313944
50.9252169147 -0.0013515736892 -0.0391679036499
50.9880487678 -0.00134826866383 -0.0391198935862
51.0508806208 -0.00134497571756 -0.0390720007731
51.1137124739 -0.00134169479172 -0.0390242247828
51.176544327 -0.00133842582803 -0.0389765651896
51.23937618 -0.00133516876856 -0.0389290215695
51.3022080331 -0.00133192355568 -0.0388815935008
51.3650398862 -0.00132869013217 -0.0388342805638
51.4278717393 -0.00132546844112 -0.0387870823409
51.4907035923 -0.00132225842597 -0.0387399984163
51.5535354454 -0.00131906003052 -0.0386930283762
51.6163672985 -0.00131587319882 -0.0386461718097
51.6791991516 -0.00131269787541 -0.0385994283059
51.7420310046 -0.00130953400501 -0.0385527974579
51.8048628577 -0.00130638153276 -0.0385062788596
51.8676947108 -0.0013032404041 -0.0384598721073
51.9305265638 -0.00130011056479 -0.0384135767989
51.9933584169 -0.00129699196092 -0.0383673925348
52.05619027 -0.00129388453891 -0.0383213189164
52.1190221231 -0.00129078824548 -0.0382753555478
52.1818539761 -0.00128770302766 -0.0382295020348
52.2446858292 -0.00128462883285 -0.0381837579846
52.3075176823 -0.00128156560868 -0.038138123007
52.3703495353 -0.00127851330314 -0.0380925967132
52.4331813884 -0.00127547186453 -0.0380471787163
52.4960132415 -0.00127244124144 -0.038001868631
52.5588450946 -0.00126942138276 -0.0379566660744
52.6216769476 -0.00126641223768 -0.0379115706649
52.6845088007 -0.00126341375571 -0.037866582023
52.7473406538 -0.0012604258866 -0.0378216997709
52.8101725068 -0.0012574485805 -0.0377769235324
52.8730043599 -0.00125448178775 -0.0377322529331
52.935836213 -0.00125152545903 -0.0376876876008
52.9986680661 -0.00124857954527 -0.0376432271647
53.0614999191 -0.00124564399774 -0.0375988712553
53.1243317722 -0.00124271876797 -0.0375546195058
53.1871636253 -0.00123980380775 -0.0375104715503
53.2499954783 -0.00123689906921 -0.0374664270247
53.3128273314 -0.00123400450468 -0.0374224855671
53.3756591845 -0.0012311200668 -0.0373786468171
53.4384910376 -0.00122824570852 -0.0373349104156
53.5013228906 -0.00122538138302 -0.0372912760054
53.5641547437 -0.00122252704376 -0.037247743231
53.6269865968 -0.00121968264448 -0.0372043117387
53.6898184498 -0.00121684813918 -0.0371609811759
53.7526503029 -0.00121402348212 -0.0371177511922
53.815482156 -0.00121120862783 -0.0370746214387
53.8783140091 -0.00120840353108 -0.0370315915679
53.9411458621 -0.00120560814695 -0.0369886612339
54.0039777152 -0.00120282243073 -0.0369458300929
54.0668095683 -0.001200046338 -0.0369030978016
54.1296414214 -0.00119727982455 -0.0368604640197
54.1924732744 -0.00119452284648 -0.0368179284072
54.2553051275 -0.00119177536009 -0.0367754906263
54.3181369806 -0.00118903732197 -0.0367331503407
54.3809688336 -0.00118630868893 -0.0366909072156
54.4438006867 -0.00118358941803 -0.0366487609176
54.5066325398 -0.00118087946658 -0.0366067111149
54.5694643929 -0.00117817879214 -0.0365647574772
54.6322962459 -0.0011754873525 -0.0365228996758
54.695128099 -0.00117280510568 -0.0364811373833
54.7579599521 -0.00117013200995 -0.0364394702742
54.8207918051 -0.00116746802383 -0.0363978980237
54.8836236582 -0.00116481310606 -0.0363564203091
54.9464555113 -0.0011621672156 -0.0363150368093
55.0092873644 -0.00115953031166 -0.0362737472041
55.0721192174 -0.00115690235368 -0.0362325511749
55.1349510705 -0.00115428330129 -0.036191448405
55.1977829236 -0.00115167311443 -0.0361504385782
55.2606147766 -0.00114907175317 -0.0361095213808
55.3234466297 -0.00114647917786 -0.0360686965001
55.3862784828 -0.00114389534907 -0.0360279636242
55.4491103359 -0.00114132022758 -0.0359873224431
55.5119421889 -0.00113875377437 -0.0359467726486
55.574774042 -0.00113619595066 -0.0359063139334
55.6376058951 -0.0011336467179 -0.0358659459913
55.7004377481 -0.00113110603774 -0.035825668518
55.7632696012 -0.00112857387201 -0.0357854812104
55.8261014543 -0.00112605018281 -0.0357453837667
55.8889333074 -0.00112353493242 -0.0357053758864
55.9517651604 -0.00112102808332 -0.0356654572704
56.0145970135 -0.00111852959822 -0.035625627621
56.0774288666 -0.00111603944003 -0.0355858866416
56.1402607196 -0.00111355757185 -0.0355462340372
56.2030925727 -0.00111108395701 -0.0355066695138
56.2659244258 -0.00110861855903 -0.0354671927788
56.3287562789 -0.0011061613416 -0.0354278035411
56.3915881319 -0.00110371226866 -0.0353885015108
56.454419985 -0.00110127130434 -0.0353492863989
56.5172518381 -0.00109883841292 -0.0353101579183
56.5800836912 -0.00109641355893 -0.0352711157828
56.6429155442 -0.00109399670707 -0.0352321597073
56.7057473973 -0.00109158782224 -0.0351932894083
56.7685792504 -0.00108918686952 -0.0351545046033
56.8314111034 -0.0010867938142 -0.0351158050112
56.8942429565 -0.00108440862175 -0.035077190352
56.9570748096 -0.00108203125782 -0.0350386603469
57.0199066627 -0.00107966168825 -0.0350002147186
57.0827385157 -0.00107729987907 -0.0349618531908
57.1455703688 -0.0010749457965 -0.0349235754881
57.2084022219 -0.00107259940694 -0.034885381337
57.2712340749 -0.00107026067697 -0.0348472704643
57.334065928 -0.00106792957334 -0.034809242599
57.3968977811 -0.00106560606302 -0.0347712974704
57.4597296342 -0.00106329011306 -0.0347334348095
57.5225614872 -0.00106098169084 -0.0346956543482
57.5853933403 -0.00105868076379 -0.0346579558195
57.6482251934 -0.00105638729956 -0.0346203389579
57.7110570464 -0.00105410126597 -0.0345828034988
57.7738888995 -0.00105182263104 -0.0345453491786
57.8367207526 -0.00104955136289 -0.0345079757356
57.8995526057 -0.0010472874299 -0.0344706829079
57.9623844587 -0.00104503080056 -0.0344334704357
58.0252163118 -0.00104278144353 -0.0343963380604
58.0880481649 -0.00104053932767 -0.0343592855239
58.1508800179 -0.00103830442201 -0.0343223125694
58.213711871 -0.0010360766957 -0.0342854189414
58.2765437241 -0.00103385611808 -0.0342486043854
58.3393755772 -0.00103164265865 -0.034211868648
58.4022074302 -0.00102943628707 -0.0341752114768
58.4650392833 -0.00102723697318 -0.0341386326205
58.5278711364 -0.00102504468696 -0.0341021318289
58.5907029894 -0.00102285939857 -0.0340657088526
58.6535348425 -0.00102068107827 -0.0340293634439
58.7163666956 -0.00101850969657 -0.0339930953556
58.7791985487 -0.00101634522404 -0.0339569043418
58.8420304017 -0.00101418763148 -0.0339207901573
58.9048622548 -0.00101203688983 -0.0338847525581
58.9676941079 -0.00100989297013 -0.0338487913017
59.030525961 -0.00100775584362 -0.0338129061461
59.093357814 -0.00100562548171 -0.0337770968502
59.1561896671 -0.00100350185589 -0.0337413631747
59.2190215202 -0.00100138493787 -0.0337057048802
59.2818533732 -0.000999274699473 -0.0336701217291
59.3446852263 -0.000997171112672 -0.0336346134846
59.4075170794 -0.000995074149589 -0.033599179911
59.4703489325 -0.000992983782507 -0.033563820773
59.5331807855 -0.000990899983823 -0.0335285358372
59.5960126386 -0.000988822726112 -0.0334933248705
59.6588444917 -0.000986751982056 -0.033458187641
59.7216763447 -0.000984687724506 -0.0334231239178
59.7845081978 -0.000982629926458 -0.0333881334707
59.8473400509 -0.000980578561029 -0.0333532160709
59.910171904 -0.000978533601466 -0.0333183714904
59.973003757 -0.000976495021185 -0.0332835995017
60.0358356101 -0.000974462793725 -0.033248899879
60.0986674632 -0.000972436892759 -0.0332142723969
60.1614993162 -0.000970417292113 -0.0331797168309
60.2243311693 -0.000968403965719 -0.0331452329578
60.2871630224 -0.000966396887663 -0.0331108205551
60.3499948755 -0.000964396032165 -0.0330764794013
60.4128267285 -0.000962401373561 -0.0330422092757
60.4756585816 -0.000960412886356 -0.0330080099583
60.5384904347 -0.000958430545133 -0.0329738812306
60.6013222877 -0.000956454324645 -0.0329398228747
60.6641541408 -0.000954484199761 -0.0329058346734
60.7269859939 -0.000952520145484 -0.0328719164106
60.789817847 -0.000950562136939 -0.0328380678709
60.8526497 -0.000948610149367 -0.0328042888404
60.9154815531 -0.000946664158178 -0.0327705791049
60.9783134062 -0.000944724138852 -0.0327369384523
61.0411452592 -0.000942790067017 -0.0327033666708
61.1039771123 -0.000940861918447 -0.0326698635492
61.1668089654 -0.000938939669012 -0.0326364288777
61.2296408185 -0.000937023294722 -0.0326030624467
61.2924726715 -0.000935112771667 -0.0325697640486
61.3553045246 -0.000933208076119 -0.0325365334754
61.4181363777 -0.000931309184424 -0.0325033705206
61.4809682308 -0.000929416073087 -0.0324702749781
61.5438000838 -0.000927528718684 -0.0324372466434
61.6066319369 -0.000925647097957 -0.032404285312
61.66946379 -0.00092377118772 -0.0323713907808
61.732295643 -0.000921900964946 -0.032338562847
61.7951274961 -0.000920036406699 -0.0323058013091
61.8579593492 -0.000918177490162 -0.0322731059663
61.9207912023 -0.000916324192622 -0.0322404766184
61.9836230553 -0.00091447649151 -0.0322079130662
62.0464549084 -0.000912634364354 -0.0321754151111
62.1092867615 -0.000910797788775 -0.0321429825557
62.1721186145 -0.000908966742542 -0.0321106152028
62.2349504676 -0.000907141203514 -0.0320783128565
62.2977823207 -0.00090532114964 -0.0320460753216
62.3606141738 -0.000903506559032 -0.0320139024033
62.4234460268 -0.000901697409867 -0.0319817939081
62.4862778799 -0.000899893680456 -0.0319497496427
62.549109733 -0.000898095349192 -0.0319177694153
62.611941586 -0.000896302394604 -0.0318858530342
62.6747734391 -0.000894514795299 -0.0318540003087
62.7376052922 -0.000892732530014 -0.0318222110491
62.8004371453 -0.000890955577571 -0.0317904850661
62.8632689983 -0.000889183916935 -0.0317588221712
62.9261008514 -0.000887417527124 -0.0317272221766
62.9889327045 -0.000885656387292 -0.0316956848958
63.0517645575 -0.000883900476671 -0.0316642101425
63.1145964106 -0.000882149774647 -0.0316327977307
63.1774282637 -0.000880404260641 -0.0316014474763
63.2402601168 -0.000878663914206 -0.0315701591951
63.3030919698 -0.000876928715017 -0.0315389327038
63.3659238229 -0.000875198642803 -0.0315077678199
63.428755676 -0.000873473677447 -0.0314766643614
63.491587529 -0.000871753798886 -0.0314456221472
63.5544193821 -0.000870038987153 -0.0314146409972
63.6172512352 -0.00086832922241 -0.0313837207315
63.6800830883 -0.000866624484905 -0.031352861171
63.7429149413 -0.00086492475498 -0.0313220621374
63.8057467944 -0.000863230013073 -0.031291323453
63.8685786475 -0.000861540239692 -0.0312606449414
63.9314105006 -0.000859855415495 -0.0312300264258
63.9942423536 -0.000858175521168 -0.0311994677311
64.0570742067 -0.000856500537572 -0.031168968682
64.1199060598 -0.000854830445576 -0.0311385291046
64.1827379128 -0.000853165226196 -0.0311081488254
64.2455697659 -0.000851504860525 -0.0310778276716
64.308401619 -0.000849849329746 -0.0310475654708
64.3712334721 -0.00084819861511 -0.0310173620519
64.4340653251 -0.000846552698033 -0.0309872172436
64.4968971782 -0.000844911559911 -0.0309571308764
64.5597290313 -0.000843275182326 -0.0309271027802
64.6225608843 -0.000841643546904 -0.0308971327863
64.6853927374 -0.000840016635359 -0.0308672207267
64.7482245905 -0.000838394429509 -0.0308373664335
64.8110564436 -0.00083677691125 -0.03080756974
64.8738882966 -0.000835164062559 -0.03077783048
64.9367201497 -0.000833555865519 -0.0307481484877
64.9995520028 -0.00083195230227 -0.0307185235982
65.0623838558 -0.000830353355062 -0.030688955647
65.1252157089 -0.000828759006218 -0.0306594444707
65.188047562 -0.000827169238149 -0.0306299899058
65.2508794151 -0.000825584033351 -0.03060059179
65.3137112681 -0.000824003374392 -0.0305712499614
65.3765431212 -0.000822427243954 -0.0305419642589
65.4393749743 -0.000820855624754 -0.0305127345217
65.5022068273 -0.000819288499639 -0.0304835605897
65.5650386804 -0.000817725851503 -0.0304544423037
65.6278705335 -0.000816167663331 -0.0304253795049
65.6907023866 -0.000814613918212 -0.0303963720348
65.7535342396 -0.000813064599279 -0.0303674197361
65.8163660927 -0.000811519689752 -0.0303385224517
65.8791979458 -0.00080997917296 -0.030309680025
65.9420297988 -0.00080844303226 -0.0302808923006
66.0048616519 -0.000806911251153 -0.0302521591229
66.067693505 -0.000805383813147 -0.0302234803373
66.1305253581 -0.00080386070189 -0.0301948557898
66.1933572111 -0.000802341901054 -0.0301662853272
66.2561890642 -0.000800827394433 -0.030137768796
66.3190209173 -0.000799317165868 -0.0301093060443
66.3818527704 -0.000797811199284 -0.0300808969202
66.4446846234 -0.000796309478684 -0.0300525412726
66.5075164765 -0.000794811988151 -0.0300242389506
66.5703483296 -0.000793318711814 -0.0299959898046
66.6331801826 -0.000791829633913 -0.0299677936849
66.6960120357 -0.000790344738749 -0.0299396504423
66.7588438888 -0.000788864010686 -0.0299115599287
66.8216757419 -0.000787387434176 -0.0298835219962
66.8845075949 -0.000785914993725 -0.0298555364976
66.947339448 -0.000784446673918 -0.0298276032862
67.0101713011 -0.000782982459438 -0.0297997222155
67.0730031541 -0.000781522335006 -0.02977189314
67.1358350072 -0.000780066285392 -0.0297441159152
67.1986668603 -0.000778614295516 -0.0297163903957
67.2614987134 -0.000777166350297 -0.0296887164378
67.3243305664 -0.000775722434746 -0.0296610938982
67.3871624195 -0.000774282533956 -0.0296335226336
67.4499942726 -0.000772846633073 -0.0296060025018
67.5128261256 -0.000771414717303 -0.0295785333609
67.5756579787 -0.000769986771942 -0.0295511150695
67.6384898318 -0.000768562782363 -0.0295237474865
67.7013216849 -0.00076714273396 -0.029496430472
67.7641535379 -0.000765726612235 -0.0294691638858
67.826985391 -0.000764314402747 -0.0294419475888
67.8898172441 -0.000762906091114 -0.0294147814421
67.9526490971 -0.000761501663009 -0.0293876653076
68.0154809502 -0.000760101104209 -0.0293605990475
68.0783128033 -0.000758704400522 -0.029333582524
68.1411446564 -0.000757311537838 -0.029306615601
68.2039765094 -0.000755922502089 -0.029279698142
68.2668083625 -0.000754537279309 -0.0292528300111
68.3296402156 -0.000753155855557 -0.0292260110732
68.3924720686 -0.00075177821698 -0.0291992411934
68.4553039217 -0.000750404349774 -0.0291725202375
68.5181357748 -0.000749034240206 -0.0291458480716
68.5809676279 -0.000747667874617 -0.0291192245624
68.6437994809 -0.000746305239373 -0.0290926495773
68.706631334 -0.000744946320952 -0.0290661229835
68.7694631871 -0.000743591105839 -0.0290396446494
68.8322950402 -0.000742239580623 -0.0290132144437
68.8951268932 -0.000740891731939 -0.0289868322353
68.9579587463 -0.000739547546475 -0.0289604978938
69.0207905994 -0.000738207010987 -0.0289342112894
69.0836224524 -0.00073687011229 -0.0289079722925
69.1464543055 -0.000735536837271 -0.0288817807738
69.2092861586 -0.000734207172839 -0.0288556366052
69.2721180117 -0.000732881105999 -0.0288295396583
69.3349498647 -0.000731558623804 -0.0288034898054
69.3977817178 -0.000730239713357 -0.0287774869197
69.4606135709 -0.000728924361834 -0.0287515308739
69.5234454239 -0.000727612556437 -0.0287256215422
69.586277277 -0.000726304284478 -0.0286997587983
69.6491091301 -0.000724999533261 -0.0286739425176
69.7119409832 -0.000723698290201 -0.0286481725745
69.7747728362 -0.000722400542751 -0.0286224488447
69.8376046893 -0.000721106278397 -0.0285967712044
69.9004365424 -0.000719815484727 -0.0285711395296
69.9632683954 -0.000718528149344 -0.0285455536976
70.0261002485 -0.000717244259905 -0.0285200135857
70.0889321016 -0.000715963804183 -0.0284945190709
70.1517639547 -0.000714686769926 -0.0284690700321
70.2145958077 -0.000713413144978 -0.0284436663478
70.2774276608 -0.00071214291723 -0.0284183078967
70.3402595139 -0.000710876074616 -0.0283929945586
70.4030913669 -0.000709612605152 -0.0283677262133
70.46592322 -0.000708352496868 -0.0283425027411
70.5287550731 -0.000707095737895 -0.0283173240225
70.5915869262 -0.000705842316362 -0.028292189939
70.6544187792 -0.000704592220489 -0.0282671003722
70.7172506323 -0.000703345438527 -0.0282420552038
70.7800824854 -0.000702101958814 -0.0282170543162
70.8429143384 -0.000700861769671 -0.0281920975926
70.9057461915 -0.000699624859541 -0.028167184916
70.9685780446 -0.000698391216892 -0.02814231617
71.0314098977 -0.000697160830227 -0.0281174912386
71.0942417507 -0.000695933688114 -0.0280927100065
71.1570736038 -0.000694709779177 -0.0280679723584
71.2199054569 -0.000693489092062 -0.0280432781798
71.28273731 -0.000692271615512 -0.028018627356
71.345569163 -0.000691057338276 -0.0279940197734
71.4084010161 -0.000689846249172 -0.0279694553183
71.4712328692 -0.00068863833706 -0.0279449338776
71.5340647222 -0.000687433590845 -0.0279204553387
71.5968965753 -0.000686231999497 -0.0278960195891
71.6597284284 -0.000685033552023 -0.0278716265169
71.7225602815 -0.000683838237486 -0.0278472760104
71.7853921345 -0.000682646044959 -0.0278229679589
71.8482239876 -0.000681456963628 -0.0277987022508
71.9110558407 -0.000680270982658 -0.0277744787767
71.9738876937 -0.00067908809132 -0.0277502974258
72.0367195468 -0.000677908278893 -0.0277261580887
72.0995513999 -0.000676731534712 -0.0277020606562
72.162383253 -0.000675557848157 -0.0276780050194
72.225215106 -0.000674387208664 -0.0276539910698
72.2880469591 -0.000673219605711 -0.0276300186993
72.3508788122 -0.000672055028805 -0.0276060877999
72.4137106652 -0.00067089346751 -0.0275821982646
72.4765425183 -0.000669734911466 -0.027558349986
72.5393743714 -0.000668579350281 -0.027534542858
72.6022062245 -0.000667426773685 -0.0275107767737
72.6650380775 -0.000666277171411 -0.0274870516276
72.7278699306 -0.000665130533249 -0.027463367314
72.7907017837 -0.000663986849025 -0.0274397237277
72.8535336367 -0.000662846108619 -0.0274161207639
72.9163654898 -0.000661708301941 -0.0273925583182
72.9791973429 -0.000660573418964 -0.0273690362863
73.042029196 -0.000659441449689 -0.0273455545645
73.104861049 -0.000658312384152 -0.0273221130495
73.1676929021 -0.000657186212444 -0.0272987116384
73.2305247552 -0.000656062924692 -0.0272753502282
73.2933566082 -0.000654942511073 -0.0272520287169
73.3561884613 -0.000653824961808 -0.0272287470021
73.4190203144 -0.000652710267148 -0.0272055049823
73.4818521675 -0.000651598417403 -0.0271823025561
73.5446840205 -0.000650489402879 -0.0271591396231
73.6075158736 -0.000649383214004 -0.0271360160816
73.6703477267 -0.000648279841131 -0.0271129318325
73.7331795798 -0.000647179274781 -0.0270898867752
73.7960114328 -0.000646081505426 -0.0270668808101
73.8588432859 -0.000644986523621 -0.0270439138382
73.921675139 -0.000643894319946 -0.0270209857601
73.984506992 -0.000642804884999 -0.0269980964781
74.0473388451 -0.000641718209473 -0.0269752458929
74.1101706982 -0.000640634284038 -0.0269524339072
74.1730025513 -0.000639553099448 -0.0269296604234
74.2358344043 -0.000638474646484 -0.0269069253439
74.2986662574 -0.000637398915962 -0.0268842285719
74.3614981105 -0.00063632589873 -0.0268615700109
74.4243299635 -0.000635255585666 -0.0268389495648
74.4871618166 -0.00063418796773 -0.0268163671369
74.5499936697 -0.000633123035878 -0.0267938226323
74.6128255228 -0.000632060781118 -0.0267713159552
74.6756573758 -0.000631001194505 -0.0267488470106
74.7384892289 -0.000629944267095 -0.0267264157043
74.801321082 -0.000628889990019 -0.0267040219416
74.864152935 -0.000627838354457 -0.0266816656281
74.9269847881 -0.000626789351579 -0.0266593466704
74.9898166412 -0.000625742972584 -0.0266370649755
75.0526484943 -0.000624699208804 -0.0266148204493
75.1154803473 -0.000623658051492 -0.0265926129998
75.1783122004 -0.000622619492004 -0.026570442534
75.2411440535 -0.000621583521716 -0.02654830896
75.3039759065 -0.00062055013204 -0.0265262121857
75.3668077596 -0.000619519314405 -0.0265041521197
75.4296396127 -0.000618491060311 -0.0264821286704
75.4924714658 -0.000617465361248 -0.0264601417475
75.5553033188 -0.000616442208812 -0.0264381912591
75.6181351719 -0.000615421594529 -0.0264162771164
75.680967025 -0.000614403510073 -0.026394399228
75.743798878 -0.000613387947088 -0.0263725575045
75.8066307311 -0.000612374897234 -0.0263507518567
75.8694625842 -0.000611364352265 -0.0263289821951
75.9322944373 -0.000610356303925 -0.0263072484309
75.9951262903 -0.000609350744011 -0.0262855504755
76.0579581434 -0.000608347664346 -0.0262638882405
76.1207899965 -0.000607347056788 -0.0262422616379
76.1836218496 -0.000606348913227 -0.0262206705801
76.2464537026 -0.000605353225594 -0.0261991149795
76.3092855557 -0.000604359985844 -0.0261775947488
76.3721174088 -0.000603369185963 -0.0261561098015
76.4349492618 -0.00060238081799 -0.0261346600505
76.4977811149 -0.000601394873958 -0.02611324541
76.560612968 -0.000600411345968 -0.0260918657938
76.6234448211 -0.000599430226155 -0.0260705211158
76.6862766741 -0.000598451506655 -0.0260492112908
76.7491085272 -0.000597475179658 -0.0260279362337
76.8119403803 -0.000596501237381 -0.0260066958594
76.8747722333 -0.000595529672064 -0.0259854900832
76.9376040864 -0.000594560475987 -0.0259643188212
77.0004359395 -0.000593593641478 -0.0259431819889
77.0632677926 -0.000592629160866 -0.0259220795022
77.1260996456 -0.00059166702652 -0.0259010112782
77.1889314987 -0.000590707230863 -0.0258799772331
77.2517633518 -0.000589749766304 -0.0258589772844
77.3145952048 -0.000588794625319 -0.0258380113488
77.3774270579 -0.000587841800414 -0.0258170793441
77.440258911 -0.000586891284101 -0.0257961811881
77.5030907641 -0.000585943068943 -0.0257753167989
77.5659226171 -0.000584997147515 -0.0257544860947
77.6287544702 -0.000584053512457 -0.0257336889939
77.6915863233 -0.000583112156377 -0.025712925416
77.7544181763 -0.00058217307199 -0.0256921952793
77.8172500294 -0.000581236251966 -0.0256714985038
77.8800818825 -0.000580301689065 -0.0256508350087
77.9429137356 -0.000579369376036 -0.025630204714
78.0057455886 -0.000578439305659 -0.0256096075401
78.0685774417 -0.000577511470774 -0.0255890434072
78.1314092948 -0.000576585864229 -0.0255685122357
78.1942411478 -0.0005756624789 -0.0255480139467
78.2570730009 -0.000574741307683 -0.0255275484614
78.319904854 -0.000573822343513 -0.0255071157013
78.3827367071 -0.000572905579349 -0.0254867155881
78.4455685601 -0.000571991008216 -0.0254663480431
78.5084004132 -0.000571078623073 -0.0254460129895
78.5712322663 -0.000570168417016 -0.0254257103487
78.6340641194 -0.000569260383097 -0.0254054400438
78.6968959724 -0.000568354514423 -0.0253852019977
78.7597278255 -0.000567450804121 -0.0253649961336
78.8225596786 -0.000566549245337 -0.0253448223747
78.8853915316 -0.000565649831267 -0.0253246806446
78.9482233847 -0.000564752555128 -0.0253045708672
79.0110552378 -0.000563857410131 -0.0252844929668
79.0738870909 -0.00056296438955 -0.0252644468677
79.1367189439 -0.000562073486672 -0.0252444324945
79.199550797 -0.000561184694818 -0.0252244497718
79.2623826501 -0.000560298007357 -0.0252044986244
79.3252145031 -0.000559413417604 -0.0251845789786
79.3880463562 -0.000558530918984 -0.0251646907592
79.4508782093 -0.000557650504912 -0.025144833892
79.5137100624 -0.000556772168844 -0.0251250083032
79.5765419154 -0.000555895904249 -0.0251052139187
79.6393737685 -0.000555021704601 -0.0250854506655
79.7022056216 -0.000554149563453 -0.0250657184698
79.7650374746 -0.000553279474328 -0.0250460172591
79.8278693277 -0.000552411430847 -0.0250263469595
79.8907011808 -0.000551545426557 -0.0250067074996
79.9535330339 -0.000550681455097 -0.0249870988064
80.0163648869 -0.000549819510133 -0.0249675208075
80.07919674 -0.000548959585323 -0.0249479734314
80.1420285931 -0.000548101674348 -0.0249284566068
80.2048604461 -0.000547245770988 -0.0249089702607
80.2676922992 -0.00054639186892 -0.0248895143235
80.3305241523 -0.000545539961956 -0.0248700887233
80.3933560054 -0.000544690043899 -0.0248506933892
80.4561878584 -0.000543842108536 -0.024831328251
80.5190197115 -0.000542996149733 -0.0248119932382
80.5818515646 -0.000542152161348 -0.0247926882805
80.6446834176 -0.000541310137288 -0.024773413308
80.7075152707 -0.000540470071458 -0.0247541682508
80.7703471238 -0.000539631957795 -0.0247349530396
80.8331789769 -0.000538795790246 -0.0247157676053
80.8960108299 -0.000537961562821 -0.0246966118785
80.958842683 -0.000537129269519 -0.0246774857904
81.0216745361 -0.000536298904359 -0.0246583892724
81.0845063892 -0.000535470461435 -0.0246393222556
81.1473382422 -0.000534643934779 -0.0246202846723
81.2101700953 -0.000533819318505 -0.0246012764545
81.2730019484 -0.000532996606746 -0.0245822975341
81.3358338014 -0.000532175793653 -0.0245633478432
81.3986656545 -0.000531356873361 -0.0245444273151
81.4614975076 -0.000530539840081 -0.0245255358824
81.5243293607 -0.000529724688028 -0.024506673478
81.5871612137 -0.000528911411434 -0.0244878400349
81.6499930668 -0.000528100004563 -0.0244690354866
81.7128249199 -0.000527290461679 -0.0244502597671
81.7756567729 -0.000526482777084 -0.0244315128099
81.838488626 -0.000525676945113 -0.0244127945489
81.9013204791 -0.000524872960089 -0.0243941049187
81.9641523322 -0.0005240708164 -0.0243754438536
82.0269841852 -0.000523270508431 -0.0243568112878
82.0898160383 -0.00052247203056 -0.024338207157
82.1526478914 -0.000521675377258 -0.0243196313953
82.2154797444 -0.000520880542944 -0.0243010839385
82.2783115975 -0.000520087522107 -0.0242825647219
82.3411434506 -0.000519296309224 -0.0242640736812
82.4039753037 -0.000518506898832 -0.0242456107519
82.4668071567 -0.00051771928544 -0.0242271758702
82.5296390098 -0.000516933463616 -0.0242087689724
82.5924708629 -0.000516149427937 -0.0241903899948
82.6553027159 -0.000515367172993 -0.0241720388738
82.718134569 -0.000514586693404 -0.0241537155466
82.7809664221 -0.000513807983813 -0.0241354199495
82.8437982752 -0.000513031038867 -0.0241171520206
82.9066301282 -0.000512255853232 -0.0240989116966
82.9694619813 -0.000511482421625 -0.0240806989151
83.0322938344 -0.000510710738752 -0.0240625136141
83.0951256875 -0.000509940799366 -0.024044355731
83.1579575405 -0.000509172598207 -0.0240262252045
83.2207893936 -0.000508406130053 -0.0240081219725
83.2836212467 -0.000507641389697 -0.0239900459737
83.3464530997 -0.000506878371987 -0.0239719971461
83.4092849528 -0.000506117071713 -0.0239539754294
83.4721168059 -0.00050535748375 -0.0239359807623
83.534948659 -0.000504599602966 -0.0239180130841
83.597780512 -0.000503843424261 -0.0239000723339
83.6606123651 -0.000503088942539 -0.0238821584516
83.7234442182 -0.000502336152731 -0.0238642713768
83.7862760712 -0.000501585049802 -0.0238464110493
83.8491079243 -0.000500835628674 -0.0238285774099
83.9119397774 -0.000500087884412 -0.0238107703974
83.9747716305 -0.000499341811951 -0.0237929899538
84.0376034835 -0.00049859740635 -0.0237752360188
84.1004353366 -0.000497854662629 -0.0237575085341
84.1632671897 -0.000497113575884 -0.0237398074395
84.2260990427 -0.000496374141169 -0.0237221326769
84.2889308958 -0.000495636353585 -0.0237044841878
84.3517627489 -0.000494900208244 -0.0236868619134
84.414594602 -0.000494165700283 -0.0236692657955
84.477426455 -0.000493432824866 -0.0236516957758
84.5402583081 -0.000492701577144 -0.0236341517966
84.6030901612 -0.000491971952318 -0.0236166337998
84.6659220142 -0.0004912439456 -0.0235991417279
84.7287538673 -0.00049051755219 -0.0235816755237
84.7915857204 -0.000489792767337 -0.0235642351297
84.8544175735 -0.000489069586309 -0.0235468204888
84.9172494265 -0.000488348004379 -0.0235294315439
84.9800812796 -0.000487628016823 -0.0235120682387
85.0429131327 -0.000486909618984 -0.0234947305158
85.1057449857 -0.000486192806144 -0.0234774183198
85.1685768388 -0.000485477573694 -0.0234601315934
85.2314086919 -0.000484763916969 -0.0234428702811
85.294240545 -0.000484051831357 -0.0234256343267
85.357072398 -0.000483341312251 -0.0234084236745
85.4199042511 -0.000482632355063 -0.023391238269
85.4827361042 -0.00048192495523 -0.0233740780544
85.5455679573 -0.000481219108188 -0.0233569429755
85.6083998103 -0.0004805148094 -0.0233398329775
85.6712316634 -0.000479812054339 -0.0233227480054
85.7340635165 -0.000479110838523 -0.0233056880038
85.7968953695 -0.000478411157451 -0.0232886529186
85.8597272226 -0.000477713006642 -0.0232716426951
85.9225590757 -0.000477016381646 -0.0232546572792
85.9853909288 -0.000476321278028 -0.0232376966163
86.0482227818 -0.000475627691366 -0.0232207606528
86.1110546349 -0.000474935617251 -0.0232038493345
86.173886488 -0.000474245051282 -0.0231869626081
86.236718341 -0.000473555989108 -0.0231701004195
86.2995501941 -0.000472868426356 -0.0231532627155
86.3623820472 -0.000472182358684 -0.0231364494428
86.4252139003 -0.000471497781745 -0.023119660549
86.4880457533 -0.00047081469125 -0.0231028959803
86.5508776064 -0.000470133082906 -0.0230861556842
86.6137094595 -0.000469452952396 -0.0230694396085
86.6765413125 -0.00046877429551 -0.0230527476997
86.7393731656 -0.000468097107949 -0.0230360799066
86.8022050187 -0.000467421385489 -0.0230194361766
86.8650368718 -0.000466747123934 -0.0230028164574
86.9278687248 -0.000466074319051 -0.0229862206974
86.9907005779 -0.000465402966678 -0.0229696488446
87.053532431 -0.000464733062605 -0.022953100848
87.116364284 -0.000464064602708 -0.0229365766555
87.1791961371 -0.000463397582819 -0.0229200762164
87.2420279902 -0.000462731998824 -0.0229035994789
87.3048598433 -0.000462067846592 -0.0228871463926
87.3676916963 -0.000461405122027 -0.0228707169066
87.4305235494 -0.000460743821038 -0.0228543109703
87.4933554025 -0.000460083939609 -0.0228379285319
87.5561872555 -0.000459425473595 -0.0228215695429
87.6190191086 -0.000458768419 -0.0228052339521
87.6818509617 -0.000458112771807 -0.022788921709
87.7446828148 -0.000457458527968 -0.0227726327647
87.8075146678 -0.000456805683517 -0.0227563670683
87.8703465209 -0.000456154234458 -0.0227401245706
87.933178374 -0.000455504176819 -0.022723905222
87.9960102271 -0.000454855506644 -0.0227077089729
88.0588420801 -0.00045420821998 -0.0226915357744
88.1216739332 -0.000453562312907 -0.0226753855772
88.1845057863 -0.000452917781528 -0.0226592583321
88.2473376393 -0.000452274621912 -0.0226431539907
88.3101694924 -0.000451632830202 -0.0226270725035
88.3730013455 -0.000450992402494 -0.0226110138229
88.4358331986 -0.000450353334945 -0.0225949779
88.4986650516 -0.000449715623707 -0.0225789646864
88.5614969047 -0.000449079264949 -0.0225629741341
88.6243287578 -0.000448444254866 -0.0225470061946
88.6871606108 -0.00044781058962 -0.0225310608211
88.7499924639 -0.000447178265454 -0.0225151379645
88.812824317 -0.000446547278567 -0.0224992375782
88.8756561701 -0.000445917625195 -0.0224833596143
88.9384880231 -0.000445289301586 -0.0224675040255
89.0013198762 -0.000444662304021 -0.0224516707644
89.0641517293 -0.000444036628749 -0.0224358597843
89.1269835823 -0.000443412272068 -0.022420071038
89.1898154354 -0.000442789230279 -0.0224043044787
89.2526472885 -0.000442167499692 -0.0223885600597
89.3154791416 -0.000441547076642 -0.0223728377345
89.3783109946 -0.000440927957452 -0.0223571374565
89.4411428477 -0.000440310138492 -0.0223414591796
89.5039747008 -0.000439693616099 -0.0223258028577
89.5668065538 -0.000439078386693 -0.0223101684442
89.6296384069 -0.000438464446622 -0.0222945558939
89.69247026 -0.000437851792314 -0.0222789651605
89.7553021131 -0.000437240420184 -0.0222633961984
89.8181339661 -0.000436630326634 -0.0222478489626
89.8809658192 -0.000436021508136 -0.022232323407
89.9437976723 -0.00043541396113 -0.0222168194866
90.0066295253 -0.000434807682068 -0.0222013371565
90.0694613784 -0.00043420266745 -0.022185876371
90.1322932315 -0.000433598913736 -0.0221704370862
90.1951250846 -0.00043299641746 -0.0221550192561
90.2579569376 -0.000432395175113 -0.0221396228371
90.3207887907 -0.000431795183229 -0.0221242477842
90.3836206438 -0.000431196438336 -0.0221088940529
90.4464524969 -0.000430598936996 -0.0220935615993
90.5092843499 -0.000430002675746 -0.0220782503792
90.572116203 -0.000429407651211 -0.0220629603477
90.6349480561 -0.000428813859942 -0.0220476914617
90.6977799091 -0.00042822129851 -0.0220324436778
90.7606117622 -0.000427629963566 -0.0220172169513
90.8234436153 -0.000427039851719 -0.0220020112391
90.8862754684 -0.000426450959584 -0.021986826498
90.9491073214 -0.000425863283825 -0.0219716626844
91.0119391745 -0.000425276821087 -0.0219565197552
91.0747710276 -0.000424691568036 -0.0219413976672
91.1376028806 -0.000424107521365 -0.0219262963773
91.2004347337 -0.000423524677725 -0.0219112158434
91.2632665868 -0.000422943033861 -0.0218961560219
91.3260984399 -0.000422362586462 -0.0218811168706
91.3889302929 -0.000421783332262 -0.0218660983469
91.451762146 -0.000421205267972 -0.0218511004088
91.5145939991 -0.000420628390361 -0.0218361230136
91.5774258521 -0.000420052696189 -0.0218211661189
91.6402577052 -0.000419478182204 -0.0218062296833
91.7030895583 -0.000418904845193 -0.0217913136647
91.7659214114 -0.000418332681942 -0.0217764180213
91.8287532644 -0.000417761689274 -0.0217615427109
91.8915851175 -0.000417191863961 -0.0217466876929
91.9544169706 -0.000416623202876 -0.0217318529248
92.0172488236 -0.000416055702791 -0.0217170383663
92.0800806767 -0.000415489360588 -0.0217022439756
92.1429125298 -0.000414924173124 -0.0216874697114
92.2057443829 -0.000414360137249 -0.0216727155331
92.2685762359 -0.000413797249848 -0.0216579813993
92.331408089 -0.000413235507813 -0.0216432672695
92.3942399421 -0.000412674908025 -0.0216285731033
92.4570717951 -0.000412115447387 -0.0216138988601
92.5199036482 -0.000411557122857 -0.0215992444986
92.5827355013 -0.000410999931326 -0.0215846099792
92.6455673544 -0.000410443869731 -0.0215699952618
92.7083992074 -0.000409888935035 -0.021555400306
92.7712310605 -0.000409335124202 -0.0215408250715
92.8340629136 -0.000408782434202 -0.0215262695187
92.8968947667 -0.000408230861991 -0.0215117336079
92.9597266197 -0.000407680404572 -0.0214972172993
93.0225584728 -0.000407131058955 -0.0214827205532
93.0853903259 -0.000406582822151 -0.0214682433299
93.1482221789 -0.000406035691148 -0.0214537855909
93.211054032 -0.000405489663017 -0.0214393472961
93.2738858851 -0.000404944734781 -0.0214249284063
93.3367177382 -0.000404400903485 -0.0214105288829
93.3995495912 -0.000403858166197 -0.0213961486865
93.4623814443 -0.000403316519997 -0.0213817877783
93.5252132974 -0.000402775961931 -0.0213674461203
93.5880451504 -0.000402236489116 -0.0213531236729
93.6508770035 -0.000401698098647 -0.021338820398
93.7137088566 -0.000401160787631 -0.021324536257
93.7765407097 -0.00040062455317 -0.0213102712119
93.8393725627 -0.000400089392423 -0.021296025224
93.9022044158 -0.0003995553025 -0.0212817982554
93.9650362689 -0.000399022280563 -0.0212675902681
94.0278681219 -0.00039849032377 -0.0212534012241
94.090699975 -0.000397959429291 -0.0212392310852
94.1535318281 -0.000397429594255 -0.0212250798148
94.2163636812 -0.000396900815917 -0.021210947374
94.2791955342 -0.000396373091416 -0.0211968337261
94.3420273873 -0.000395846417996 -0.0211827388329
94.4048592404 -0.000395320792842 -0.0211686626579
94.4676910934 -0.000394796213181 -0.0211546051635
94.5305229465 -0.000394272676252 -0.0211405663126
94.5933547996 -0.000393750179301 -0.0211265460676
94.6561866527 -0.000393228719549 -0.0211125443926
94.7190185057 -0.000392708294266 -0.0210985612504
94.7818503588 -0.000392188900753 -0.0210845966036
94.8446822119 -0.00039167053624 -0.0210706504165
94.9075140649 -0.000391153198032 -0.021056722652
94.970345918 -0.00039063688343 -0.0210428132737
95.0331777711 -0.000390121589734 -0.0210289222451
95.0960096242 -0.000389607314248 -0.0210150495305
95.1588414772 -0.000389094054288 -0.0210011950935
95.2216733303 -0.000388581807216 -0.0209873588973
95.2845051834 -0.000388070570329 -0.020973540907
95.3473370365 -0.000387560340998 -0.0209597410862
95.4101688895 -0.000387051116572 -0.0209459593992
95.4730007426 -0.000386542894422 -0.0209321958101
95.5358325957 -0.000386035671923 -0.0209184502834
95.5986644487 -0.000385529446438 -0.020904722784
95.6614963018 -0.000385024215381 -0.0208910132759
95.7243281549 -0.000384519976136 -0.0208773217242
95.787160008 -0.000384016726116 -0.0208636480934
95.849991861 -0.000383514462729 -0.0208499923487
95.9128237141 -0.000383013183405 -0.0208363544546
95.9756555672 -0.000382512885589 -0.0208227343764
96.0384874202 -0.000382013566718 -0.020809132079
96.1013192733 -0.0003815152242 -0.0207955475285
96.1641511264 -0.000381017855561 -0.0207819806889
96.2269829795 -0.000380521458216 -0.0207684315267
96.2898148325 -0.000380026029653 -0.020754900007
96.3526466856 -0.000379531567358 -0.0207413860953
96.4154785387 -0.00037903806883 -0.0207278897571
96.4783103917 -0.00037854553157 -0.0207144109583
96.5411422448 -0.000378053953057 -0.0207009496652
96.6039740979 -0.000377563330831 -0.0206875058431
96.666805951 -0.000377073662397 -0.0206740794586
96.729637804 -0.000376584945299 -0.0206606704775
96.7924696571 -0.000376097177074 -0.0206472788661
96.8553015102 -0.000375610355258 -0.0206339045908
96.9181333632 -0.000375124477417 -0.0206205476178
96.9809652163 -0.000374639541122 -0.0206072079134
97.0437970694 -0.000374155543928 -0.0205938854444
97.1066289225 -0.000373672483407 -0.0205805801778
97.1694607755 -0.000373190357176 -0.0205672920794
97.2322926286 -0.000372709162798 -0.020554021117
97.2951244817 -0.000372228897881 -0.0205407672569
97.3579563347 -0.000371749560051 -0.0205275304662
97.4207881878 -0.000371271146911 -0.0205143107121
97.4836200409 -0.000370793656079 -0.0205011079618
97.546451894 -0.000370317085207 -0.0204879221822
97.609283747 -0.000369841431923 -0.0204747533408
97.6721156001 -0.000369366693862 -0.0204616014054
97.7349474532 -0.000368892868713 -0.0204484663427
97.7977793063 -0.000368419954113 -0.0204353481207
97.8606111593 -0.000367947947717 -0.0204222467076
97.9234430124 -0.000367476847246 -0.0204091620702
97.9862748655 -0.000367006650345 -0.0203960941768
98.0491067185 -0.000366537354712 -0.0203830429956
98.1119385716 -0.000366068958082 -0.0203700084937
98.1747704247 -0.00036560145813 -0.0203569906399
98.2376022778 -0.000365134852583 -0.0203439894016
98.3004341308 -0.000364669139145 -0.0203310047481
98.3632659839 -0.000364204315554 -0.0203180366474
98.426097837 -0.000363740379555 -0.0203050850672
98.48892969 -0.00036327732888 -0.0202921499767
98.5517615431 -0.000362815161284 -0.0202792313441
98.6145933962 -0.000362353874521 -0.0202663291381
98.6774252493 -0.000361893466368 -0.0202534433273
98.7402571023 -0.00036143393458 -0.0202405738808
98.8030889554 -0.000360975276938 -0.0202277207673
98.8659208085 -0.000360517491241 -0.0202148839555
98.9287526615 -0.000360060575278 -0.0202020634146
98.9915845146 -0.00035960452682 -0.0201892591144
99.0544163677 -0.000359149343714 -0.020176471023
99.1172482208 -0.000358695023748 -0.0201636991102
99.1800800738 -0.000358241564757 -0.0201509433452
99.2429119269 -0.000357788964566 -0.0201382036975
99.30574378 -0.000357337220992 -0.0201254801368
99.368575633 -0.000356886331904 -0.020112772632
99.4314074861 -0.000356436295127 -0.0201000811534
99.4942393392 -0.000355987108524 -0.0200874056706
99.5570711923 -0.000355538769962 -0.020074746153
99.6199030453 -0.000355091277295 -0.0200621025711
99.6827348984 -0.0003546446284 -0.0200494748945
99.7455667515 -0.000354198821172 -0.0200368630932
99.8083986045 -0.000353753853492 -0.0200242671373
99.8712304576 -0.000353309723252 -0.0200116869972
99.9340623107 -0.000352866428366 -0.0199991226427
99.9968941638 -0.000352423966705 -0.0199865740449
100.059726017 -0.000351982336235 -0.019974041173
100.12255787 -0.00035154153483 -0.0199615239989
100.185389723 -0.000351101560461 -0.0199490224918
100.248221576 -0.000350662411018 -0.0199365366234
100.311053429 -0.000350224084461 -0.0199240663642
100.373885282 -0.000349786578753 -0.0199116116843
100.436717135 -0.000349349891823 -0.0198991725549
100.499548988 -0.000348914021636 -0.0198867489473
100.562380841 -0.000348478966161 -0.0198743408321
100.625212694 -0.000348044723371 -0.0198619481804
100.688044548 -0.000347611291249 -0.0198495709632
100.750876401 -0.000347178667767 -0.0198372091519
100.813708254 -0.000346746850921 -0.0198248627181
100.876540107 -0.000346315838707 -0.0198125316326
100.93937196 -0.000345885629139 -0.0198002158667
101.002203813 -0.000345456220225 -0.0197879153924
101.065035666 -0.000345027609963 -0.0197756301811
101.127867519 -0.000344599796397 -0.0197633602041
101.190699372 -0.00034417277753 -0.0197511054338
101.253531225 -0.000343746551431 -0.019738865841
101.316363078 -0.000343321116097 -0.0197266413986
101.379194931 -0.000342896469603 -0.0197144320777
101.442026784 -0.000342472610002 -0.0197022378506
101.504858637 -0.000342049535341 -0.0196900586894
101.567690491 -0.000341627243687 -0.0196778945661
101.630522344 -0.000341205733106 -0.0196657454531
101.693354197 -0.000340785001695 -0.019653611322
101.75618605 -0.000340365047508 -0.019641492146
101.819017903 -0.000339945868649 -0.0196293878969
101.881849756 -0.000339527463215 -0.0196172985471
101.944681609 -0.000339109829297 -0.0196052240695
102.007513462 -0.000338692964976 -0.0195931644372
102.070345315 -0.000338276868421 -0.0195811196214
102.133177168 -0.00033786153772 -0.0195690895956
102.196009021 -0.000337446970978 -0.019557074333
102.258840874 -0.000337033166349 -0.0195450738058
102.321672727 -0.000336620121942 -0.0195330879875
102.38450458 -0.000336207835924 -0.0195211168507
102.447336434 -0.000335796306428 -0.0195091603685
102.510168287 -0.000335385531596 -0.0194972185145
102.57300014 -0.00033497550961 -0.0194852912608
102.635831993 -0.000334566238613 -0.0194733785817
102.698663846 -0.000334157716778 -0.0194614804501
102.761495699 -0.00033374994228 -0.0194495968394
102.824327552 -0.000333342913294 -0.0194377277232
102.887159405 -0.000332936628006 -0.0194258730749
102.949991258 -0.000332531084613 -0.0194140328681
103.012823111 -0.000332126281314 -0.019402207076
103.075654964 -0.000331722216292 -0.0193903956731
103.138486817 -0.000331318887768 -0.0193785986328
103.20131867 -0.000330916293943 -0.0193668159291
103.264150523 -0.00033051443305 -0.0193550475356
103.326982377 -0.000330113303307 -0.0193432934263
103.38981423 -0.00032971290293 -0.0193315535755
103.452646083 -0.000329313230169 -0.0193198279571
103.515477936 -0.000328914283265 -0.0193081165451
103.578309789 -0.000328516060446 -0.019296419314
103.641141642 -0.000328118559965 -0.019284736238
103.703973495 -0.000327721780089 -0.0192730672914
103.766805348 -0.00032732571907 -0.0192614124487
103.829637201 -0.000326930375177 -0.019249771684
103.892469054 -0.00032653574666 -0.0192381449724
103.955300907 -0.000326141831841 -0.0192265322879
104.01813276 -0.000325748628971 -0.0192149336052
104.080964613 -0.000325356136324 -0.0192033488998
104.143796467 -0.000324964352223 -0.0191917781453
104.20662832 -0.000324573274932 -0.0191802213178
104.269460173 -0.000324182902775 -0.0191686783912
104.332292026 -0.000323793234051 -0.0191571493406
104.395123879 -0.00032340426708 -0.0191456341413
104.457955732 -0.00032301600017 -0.0191341327682
104.520787585 -0.000322628431658 -0.0191226451962
104.583619438 -0.00032224155985 -0.0191111714009
104.646451291 -0.000321855383074 -0.0190997113578
104.709283144 -0.000321469899695 -0.0190882650414
104.772114997 -0.000321085108035 -0.0190768324278
104.83494685 -0.000320701006448 -0.0190654134917
104.897778703 -0.00032031759327 -0.0190540082095
104.960610556 -0.000319934866899 -0.0190426165555
105.02344241 -0.000319552825647 -0.0190312385066
105.086274263 -0.000319171467903 -0.0190198740379
105.149106116 -0.000318790792057 -0.0190085231246
105.211937969 -0.000318410796442 -0.0189971857436
105.274769822 -0.00031803147947 -0.01898586187
105.337601675 -0.000317652839532 -0.0189745514793
105.400433528 -0.000317274874998 -0.0189632545485
105.463265381 -0.000316897584287 -0.0189519710525
105.526097234 -0.00031652096577 -0.0189407009682
105.588929087 -0.000316145017867 -0.0189294442717
105.65176094 -0.000315769738985 -0.0189182009388
105.714592793 -0.000315395127557 -0.0189069709454
105.777424646 -0.000315021181976 -0.0188957542684
105.840256499 -0.000314647900684 -0.0188845508841
105.903088353 -0.000314275282077 -0.018873360769
105.965920206 -0.000313903324631 -0.0188621838991
106.028752059 -0.000313532026768 -0.0188510202507
106.091583912 -0.000313161386912 -0.0188398698015
106.154415765 -0.000312791403544 -0.0188287325269
106.217247618 -0.000312422075071 -0.0188176084048
106.280079471 -0.000312053399991 -0.0188064974108
106.342911324 -0.000311685376757 -0.0187953995218
106.405743177 -0.000311318003822 -0.018784314715
106.46857503 -0.000310951279652 -0.0187732429676
106.531406883 -0.00031058520273 -0.0187621842561
106.594238736 -0.000310219771526 -0.0187511385578
106.657070589 -0.000309854984542 -0.0187401058491
106.719902442 -0.000309490840242 -0.0187290861081
106.782734296 -0.000309127337142 -0.018718079311
106.845566149 -0.000308764473719 -0.0187070854358
106.908398002 -0.000308402248473 -0.0186961044594
106.971229855 -0.00030804065993 -0.018685136359
107.034061708 -0.000307679706584 -0.018674181112
107.096893561 -0.00030731938695 -0.0186632386962
107.159725414 -0.000306959699536 -0.0186523090891
107.222557267 -0.000306600642886 -0.0186413922677
107.28538912 -0.000306242215511 -0.01863048821
107.348220973 -0.000305884415952 -0.0186195968934
107.411052826 -0.000305527242746 -0.0186087182957
107.473884679 -0.000305170694418 -0.0185978523948
107.536716532 -0.000304814769517 -0.0185869991686
107.599548385 -0.000304459466602 -0.0185761585944
107.662380239 -0.000304104784222 -0.0185653306504
107.725212092 -0.000303750720923 -0.0185545153148
107.788043945 -0.000303397275288 -0.018543712565
107.850875798 -0.000303044445847 -0.0185329223798
107.913707651 -0.000302692231205 -0.0185221447368
107.976539504 -0.000302340629906 -0.0185113796145
108.039371357 -0.000301989640547 -0.0185006269907
108.10220321 -0.000301639261711 -0.0184898868437
108.165035063 -0.00030128949197 -0.018479159152
108.227866916 -0.00030094032991 -0.0184684438945
108.290698769 -0.000300591774148 -0.0184577410486
108.353530622 -0.000300243823271 -0.0184470505929
108.416362475 -0.000299896475861 -0.0184363725069
108.479194328 -0.000299549730552 -0.018425706768
108.542026182 -0.000299203585947 -0.0184150533555
108.604858035 -0.000298858040651 -0.0184044122476
108.667689888 -0.000298513093287 -0.0183937834236
108.730521741 -0.000298168742486 -0.0183831668614
108.793353594 -0.00029782498686 -0.0183725625406
108.856185447 -0.000297481825052 -0.0183619704396
108.9190173 -0.000297139255668 -0.0183513905377
108.981849153 -0.000296797277387 -0.0183408228134
109.044681006 -0.000296455888812 -0.0183302672462
109.107512859 -0.000296115088616 -0.0183197238145
109.170344712 -0.000295774875441 -0.0183091924979
109.233176565 -0.000295435247933 -0.0182986732755
109.296008418 -0.000295096204762 -0.018288166126
109.358840271 -0.00029475774457 -0.0182776710292
109.421672125 -0.00029441986604 -0.0182671879643
109.484503978 -0.000294082567823 -0.0182567169108
109.547335831 -0.00029374584862 -0.0182462578474
109.610167684 -0.00029340970707 -0.0182358107541
109.672999537 -0.000293074141901 -0.0182253756098
109.73583139 -0.000292739151741 -0.0182149523951
109.798663243 -0.000292404735314 -0.0182045410886
109.861495096 -0.000292070891287 -0.0181941416707
109.924326949 -0.000291737618396 -0.0181837541199
109.987158802 -0.000291404915306 -0.0181733784168
110.049990655 -0.000291072780729 -0.0181630145408
110.112822508 -0.000290741213358 -0.0181526624723
110.175654361 -0.000290410211927 -0.0181423221902
110.238486214 -0.000290079775118 -0.0181319936755
110.301318068 -0.000289749901682 -0.0181216769071
110.364149921 -0.000289420590326 -0.0181113718656
110.426981774 -0.000289091839768 -0.0181010785306
110.489813627 -0.000288763648737 -0.0180907968828
110.55264548 -0.00028843601598 -0.0180805269014
110.615477333 -0.000288108940218 -0.0180702685673
110.678309186 -0.000287782420186 -0.0180600218607
110.741141039 -0.000287456454642 -0.0180497867614
110.803972892 -0.000287131042312 -0.0180395632503
110.866804745 -0.000286806181965 -0.0180293513071
110.929636598 -0.000286481872339 -0.0180191509128
110.992468451 -0.000286158112204 -0.0180089620472
111.055300304 -0.000285834900318 -0.017998784691
111.118132157 -0.000285512235432 -0.0179886188249
111.180964011 -0.000285190116319 -0.0179784644297
111.243795864 -0.000284868541747 -0.0179683214854
111.306627717 -0.000284547510486 -0.0179581899733
111.36945957 -0.000284227021352 -0.017948069873
111.432291423 -0.000283907073065 -0.0179379611669
111.495123276 -0.00028358766445 -0.0179278638342
111.557955129 -0.000283268794281 -0.0179177778568
111.620786982 -0.000282950461358 -0.0179077032148
111.683618835 -0.000282632664462 -0.0178976398897
111.746450688 -0.000282315402411 -0.0178875878616
111.809282541 -0.000281998673973 -0.0178775471129
111.872114394 -0.000281682477994 -0.0178675176232
111.934946247 -0.000281366813247 -0.0178574993748
111.9977781 -0.000281051678557 -0.017847492348
112.060609954 -0.000280737072744 -0.0178374965241
112.123441807 -0.000280422994611 -0.0178275118848
112.18627366 -0.000280109443008 -0.0178175384103
112.249105513 -0.00027979641671 -0.0178075760834
112.311937366 -0.000279483914592 -0.0177976248841
112.374769219 -0.000279171935463 -0.0177876847944
112.437601072 -0.000278860478162 -0.0177777557956
112.500432925 -0.00027854954153 -0.017767837869
112.563264778 -0.000278239124406 -0.0177579309963
112.626096631 -0.000277929225617 -0.0177480351593
112.688928484 -0.00027761984403 -0.0177381503391
112.751760337 -0.0002773109785 -0.0177282765172
112.81459219 -0.000277002627863 -0.0177184136757
112.877424043 -0.000276694790986 -0.0177085617963
112.940255897 -0.000276387466723 -0.0176987208606
113.00308775 -0.000276080653944 -0.0176888908502
113.065919603 -0.000275774351504 -0.0176790717473
113.128751456 -0.000275468558288 -0.0176692635336
113.191583309 -0.000275163273154 -0.0176594661909
113.254415162 -0.00027485849498 -0.0176496797013
113.317247015 -0.000274554222655 -0.0176399040467
113.380078868 -0.000274250455053 -0.0176301392092
113.442910721 -0.000273947191055 -0.0176203851708
113.505742574 -0.000273644429565 -0.0176106419135
113.568574427 -0.000273342169448 -0.0176009094197
113.63140628 -0.000273040409623 -0.0175911876715
113.694238133 -0.000272739148973 -0.0175814766508
113.757069986 -0.000272438386407 -0.0175717763403
113.81990184 -0.000272138120819 -0.0175620867222
113.882733693 -0.000271838351109 -0.0175524077789
113.945565546 -0.000271539076215 -0.0175427394923
114.008397399 -0.000271240295017 -0.0175330818454
114.071229252 -0.000270942006466 -0.0175234348201
114.134061105 -0.000270644209436 -0.0175137983994
114.196892958 -0.000270346902874 -0.0175041725658
114.259724811 -0.000270050085702 -0.0174945573019
114.322556664 -0.000269753756851 -0.0174849525896
114.385388517 -0.00026945791524 -0.0174753584124
114.44822037 -0.000269162559798 -0.0174657747529
114.511052223 -0.000268867689476 -0.0174562015934
114.573884076 -0.000268573303223 -0.0174466389166
114.636715929 -0.000268279399941 -0.017437086706
114.699547783 -0.000267985978603 -0.0174275449438
114.762379636 -0.000267693038165 -0.017418013613
114.825211489 -0.000267400577554 -0.0174084926967
114.888043342 -0.00026710859572 -0.0173989821778
114.950875195 -0.000266817091653 -0.0173894820388
115.013707048 -0.00026652606428 -0.0173799922636
115.076538901 -0.000266235512571 -0.0173705128347
115.139370754 -0.000265945435501 -0.0173610437351
115.202202607 -0.000265655832019 -0.0173515849482
115.26503446 -0.00026536670111 -0.0173421364571
115.327866313 -0.00026507804173 -0.0173326982453
115.390698166 -0.000264789852873 -0.0173232702957
115.453530019 -0.000264502133536 -0.017313852591
115.516361872 -0.000264214882638 -0.0173044451161
115.579193726 -0.000263928099212 -0.0172950478532
115.642025579 -0.000263641782242 -0.0172856607853
115.704857432 -0.000263355930703 -0.0172762838968
115.767689285 -0.000263070543586 -0.0172669171707
115.830521138 -0.000262785619898 -0.0172575605906
115.893352991 -0.000262501158628 -0.0172482141402
115.956184844 -0.000262217158773 -0.017238877803
116.019016697 -0.000261933619347 -0.0172295515623
116.08184855 -0.00026165053937 -0.0172202354012
116.144680403 -0.000261367917802 -0.0172109293052
116.207512256 -0.000261085753695 -0.0172016332566
116.270344109 -0.000260804046065 -0.0171923472389
116.333175962 -0.000260522793895 -0.017183071237
116.396007816 -0.000260241996235 -0.0171738052338
116.458839669 -0.000259961652081 -0.017164549214
116.521671522 -0.00025968176049 -0.0171553031606
116.584503375 -0.000259402320458 -0.0171460670579
116.647335228 -0.000259123331039 -0.0171368408897
116.710167081 -0.000258844791239 -0.0171276246407
116.772998934 -0.000258566700117 -0.0171184182939
116.835830787 -0.000258289056699 -0.0171092218338
116.89866264 -0.000258011860027 -0.0171000352447
116.961494493 -0.000257735109143 -0.0170908585103
117.024326346 -0.000257458803091 -0.0170816916151
117.087158199 -0.000257182940919 -0.0170725345432
117.149990052 -0.000256907521677 -0.017063387279
117.212821905 -0.000256632544415 -0.0170542498065
117.275653759 -0.0002563580082 -0.0170451221099
117.338485612 -0.000256083912071 -0.0170360041741
117.401317465 -0.000255810255106 -0.0170268959826
117.464149318 -0.000255537036361 -0.0170177975203
117.526981171 -0.000255264254901 -0.0170087087717
117.589813024 -0.000254991909787 -0.0169996297212
117.652644877 -0.000254720000105 -0.0169905603529
117.71547673 -0.000254448524918 -0.016981500652
117.778308583 -0.000254177483297 -0.0169724506025
117.841140436 -0.000253906874324 -0.0169634101892
117.903972289 -0.000253636697079 -0.0169543793969
117.966804142 -0.000253366950647 -0.01694535821
118.029635995 -0.000253097634127 -0.0169363466129
118.092467848 -0.000252828746561 -0.0169273445914
118.155299702 -0.000252560287087 -0.016918352129
118.218131555 -0.000252292254763 -0.0169093692117
118.280963408 -0.000252024648722 -0.0169003958228
118.343795261 -0.000251757468019 -0.0168914319487
118.406627114 -0.000251490711777 -0.0168824775734
118.469458967 -0.000251224379091 -0.0168735326821
118.53229082 -0.000250958469069 -0.0168645972597
118.595122673 -0.000250692980821 -0.0168556712909
118.657954526 -0.000250427913453 -0.0168467547611
118.720786379 -0.000250163266065 -0.0168378476552
118.783618232 -0.00024989903778 -0.0168289499583
118.846450085 -0.000249635227718 -0.0168200616555
118.909281938 -0.000249371834992 -0.0168111827319
118.972113791 -0.000249108858716 -0.0168023131729
119.034945645 -0.000248846298033 -0.0167934529632
119.097777498 -0.000248584152059 -0.016784602088
119.160609351 -0.000248322419894 -0.0167757605336
119.223441204 -0.000248061100708 -0.0167669282844
119.286273057 -0.000247800193618 -0.0167581053257
119.34910491 -0.000247539697764 -0.0167492916428
119.411936763 -0.000247279612262 -0.016740487222
119.474768616 -0.000247019936271 -0.0167316920476
119.537600469 -0.000246760668932 -0.0167229061055
119.600432322 -0.000246501809374 -0.0167141293812
119.663264175 -0.000246243356744 -0.0167053618606
119.726096028 -0.0002459853102 -0.0166966035287
119.788927881 -0.00024572766889 -0.0166878543712
119.851759734 -0.00024547043197 -0.0166791143736
119.914591588 -0.000245213598594 -0.0166703835215
119.977423441 -0.000244957167905 -0.0166616618009
120.040255294 -0.000244701139075 -0.0166529491973
120.103087147 -0.000244445511253 -0.0166442456964
120.165919 -0.00024419028363 -0.0166355512835
120.228750853 -0.000243935455341 -0.0166268659453
120.291582706 -0.000243681025557 -0.0166181896672
120.354414559 -0.00024342699347 -0.0166095224348
120.417246412 -0.000243173358225 -0.0166008642343
120.480078265 -0.000242920119025 -0.016592215051
120.542910118 -0.000242667275016 -0.0165835748719
120.605741971 -0.0002424148254 -0.0165749436818
120.668573824 -0.000242162769343 -0.0165663214674
120.731405677 -0.000241911106038 -0.0165577082145
120.794237531 -0.00024165983466 -0.0165491039091
120.857069384 -0.0002414089544 -0.0165405085375
120.919901237 -0.000241158464454 -0.0165319220855
120.98273309 -0.000240908363999 -0.0165233445394
121.045564943 -0.000240658652241 -0.0165147758853
121.108396796 -0.000240409328367 -0.0165062161095
121.171228649 -0.000240160391585 -0.0164976651979
121.234060502 -0.000239911841083 -0.0164891231371
121.296892355 -0.000239663676067 -0.0164805899134
121.359724208 -0.000239415895741 -0.0164720655126
121.422556061 -0.000239168499312 -0.0164635499216
121.485387914 -0.000238921485983 -0.0164550431264
121.548219767 -0.00023867485496 -0.0164465451139
121.61105162 -0.000238428605474 -0.0164380558696
121.673883474 -0.000238182736722 -0.0164295753808
121.736715327 -0.000237937247921 -0.0164211036334
121.79954718 -0.000237692138297 -0.0164126406144
121.862379033 -0.00023744740706 -0.0164041863098
121.925210886 -0.000237203053434 -0.0163957407066
121.988042739 -0.000236959076648 -0.0163873037912
122.050874592 -0.000236715475925 -0.0163788755501
122.113706445 -0.000236472250502 -0.0163704559699
122.176538298 -0.000236229399594 -0.0163620450374
122.239370151 -0.000235986922435 -0.0163536427396
122.302202004 -0.00023574481827 -0.0163452490626
122.365033857 -0.000235503086323 -0.0163368639936
122.42786571 -0.000235261725825 -0.0163284875195
122.490697563 -0.000235020736037 -0.0163201196266
122.553529417 -0.000234780116195 -0.0163117603017
122.61636127 -0.000234539865534 -0.0163034095319
122.679193123 -0.000234299983297 -0.0162950673044
122.742024976 -0.000234060468752 -0.0162867336056
122.804856829 -0.000233821321125 -0.0162784084224
122.867688682 -0.000233582539681 -0.0162700917421
122.930520535 -0.000233344123652 -0.0162617835519
122.993352388 -0.000233106072326 -0.0162534838381
123.056184241 -0.00023286838493 -0.0162451925885
123.119016094 -0.000232631060753 -0.0162369097892
123.181847947 -0.000232394099026 -0.0162286354282
123.2446798 -0.00023215749903 -0.0162203694923
123.307511653 -0.000231921260015 -0.0162121119688
123.370343506 -0.000231685381272 -0.0162038628441
123.43317536 -0.000231449862031 -0.0161956221068
123.496007213 -0.000231214701596 -0.016187389743
123.558839066 -0.000230979899225 -0.0161791657402
123.621670919 -0.000230745454205 -0.0161709500854
123.684502772 -0.00023051136578 -0.016162742767
123.747334625 -0.00023027763326 -0.016154543771
123.810166478 -0.000230044255912 -0.0161463530856
123.872998331 -0.000229811233017 -0.0161381706977
123.935830184 -0.00022957856385 -0.0161299965952
123.998662037 -0.000229346247706 -0.0161218307652
124.06149389 -0.000229114283871 -0.016113673195
124.124325743 -0.000228882671636 -0.0161055238722
124.187157596 -0.000228651410287 -0.0160973827844
124.249989449 -0.000228420499101 -0.0160892499195
124.312821303 -0.000228189937407 -0.016081125264
124.375653156 -0.000227959724455 -0.0160730088069
124.438485009 -0.000227729859586 -0.0160649005344
124.501316862 -0.00022750034207 -0.0160568004352
124.564148715 -0.000227271171222 -0.0160487084961
124.626980568 -0.000227042346345 -0.0160406247052
124.689812421 -0.000226813866729 -0.0160325490506
124.752644274 -0.000226585731688 -0.0160244815195
124.815476127 -0.000226357940532 -0.0160164220997
124.87830798 -0.000226130492564 -0.0160083707795
124.941139833 -0.000225903387113 -0.0160003275457
125.003971686 -0.000225676623473 -0.015992292387
125.066803539 -0.000225450200963 -0.015984265291
125.129635392 -0.00022522411891 -0.0159762462453
125.192467246 -0.000224998376608 -0.0159682352382
125.255299099 -0.000224772973413 -0.0159602322572
125.318130952 -0.000224547908608 -0.0159522372909
125.380962805 -0.000224323181536 -0.0159442503266
125.443794658 -0.000224098791531 -0.0159362713525
125.506626511 -0.000223874737896 -0.015928300357
125.569458364 -0.000223651019982 -0.0159203373277
125.632290217 -0.000223427637099 -0.0159123822527
