# Status file for ctqmc. Used to save all times t_s, t_e.
2
48
1.171678565336336 1.370215945432693 0 0
2.499375542287122 3.727623910151121 0 0
3.810781132805872 4.237403770457549 0 0
4.298718153487361 4.408906970026798 0 0
4.471140749549403 4.836015264479096 0 0
5.575573979429654 5.789651954838346 0 0
6.315280896977104 6.667121526166725 0 0
6.677921442145804 6.687996885060496 0 0
7.604526807799074 7.675348217800576 0 0
7.80154413669223 7.826566436770192 0 0
10.26781614932322 10.60076714849381 0 0
11.34472461590352 11.53092807312739 0 0
11.57556796975819 13.01963561884314 0 0
13.56877166205703 14.6868280036358 0 0
15.38077150328134 15.82800839455266 0 0
16.51427229149295 16.86891299444313 0 0
17.2849089259097 17.28847504885202 0 0
18.93110783396147 19.65658632985666 0 0
21.61418720719036 21.63259164584455 0 0
22.26880920083186 22.69692148002096 0 0
23.35906179539546 23.43395082875836 0 0
24.33303798060655 24.60227062298832 0 0
32.23190596565315 32.4232811175934 0 0
39.63141820853465 40.21051678115204 0 0
44.4868471789091 44.58125429534355 0 0
45.09399521271919 45.95342531324497 0 0
46.02295695850006 46.48465431097932 0 0
48.35361545646952 48.52118517569034 0 0
57.58861605925941 58.43084560793875 0 0
59.52647703553625 59.95798059208065 0 0
60.12281137002084 60.4906397817271 0 0
61.67816526578178 62.06476747397167 0 0
64.78007050295754 64.8770431041343 0 0
68.87872922227554 70.07243108983253 0 0
70.3957207130742 70.71900774994431 0 0
82.5775278325891 82.58619285141575 0 0
83.94264885149256 84.22975676596745 0 0
84.39951485665979 85.0527150354952 0 0
85.28542454073884 85.63156571717785 0 0
86.13029463146671 86.14702200423677 0 0
88.2800643464417 88.32844409974123 0 0
88.85950674763892 88.9936924405405 0 0
90.08315625363858 90.30966056573003 0 0
90.64741089359588 92.24683237949037 0 0
92.62275695988446 92.73242077367814 0 0
92.73888514548167 92.78311786090561 0 0
96.56030874113307 97.32482825525676 0 0
99.40881241530531 99.42563153659358 0 0
32
23.44164877190656 23.88472022259923 0 0
29.64948521640454 29.84705028463963 0 0
33.04780962226411 33.87145397385543 0 0
33.96760769099736 35.40085413354074 0 0
35.47305900655663 35.66768958093678 0 0
40.43539145878764 42.68521686858666 0 0
43.64267504453822 44.49958990160459 0 0
46.2458009289734 46.26974470638258 0 0
46.89156777848984 47.7642314899784 0 0
48.0019986813171 48.11101510608169 0 0
50.20349098826323 50.72633365908413 0 0
50.89851300369232 53.03806199144485 0 0
53.04793102845794 53.53749838759178 0 0
55.15037576827463 55.22767937869789 0 0
60.79194942300183 61.48031487434071 0 0
63.16793066018655 63.72740409088031 0 0
64.02746670654086 64.96735243800003 0 0
67.8541416338922 67.99494521828859 0 0
68.4461030741969 68.61026505977441 0 0
69.69537406450119 70.1693477369646 0 0
74.56078440933838 77.10061193040218 0 0
77.4832635084844 77.76759458569667 0 0
78.72760125768144 81.71555457903963 0 0
81.97888132177519 83.95959020456804 0 0
86.05192194963605 87.89801275185577 0 0
88.89423423142466 89.50701455658833 0 0
90.27326315122158 90.86299052311006 0 0
93.07296961468512 93.08228965481403 0 0
93.64993534846597 93.82674417183286 0 0
94.06627150229744 95.25355685554246 0 0
97.23932423755306 98.69339998484796 0 0
99.07046243744151 99.26047909824295 0 0
