# Status file for ctqmc. Used to save all times t_s, t_e.
2
43
0.5106742049150659 2.721814061252117 0 0
3.775447115625553 3.931570547740269 0 0
10.74152281635191 11.45041882112811 0 0
12.02014302850176 12.0926187228347 0 0
15.0773487754933 15.38352517471139 0 0
15.61028453403993 15.62976177547474 0 0
19.21369547546478 19.36855347618933 0 0
19.43566978566764 19.924924771817 0 0
20.55497548250523 20.7351512012071 0 0
21.91265002239485 22.4977107831232 0 0
27.55663040829617 28.78870198897418 0 0
29.36251334158041 29.8964387886802 0 0
36.65523262338465 36.66580318147722 0 0
37.98794150504936 38.15894443017179 0 0
38.79939626716208 39.9040080902418 0 0
40.472780945493 40.95217924622214 0 0
41.73737774494236 41.91907683161919 0 0
42.32362424981692 42.51571267046009 0 0
42.59770974065025 42.6966311827582 0 0
42.81536412123093 43.08521557051035 0 0
43.74472003584837 44.01898729656614 0 0
44.20254415035564 44.34207667988685 0 0
44.54081303920939 45.88099469516561 0 0
46.461945540386 47.56464969735669 0 0
48.33332519191801 49.12902420271033 0 0
49.74975724977246 50.69265401357589 0 0
52.23351092630498 52.29797504537435 0 0
53.3346492969499 53.33806428290932 0 0
53.47015532616074 53.79426950535113 0 0
54.24775813616895 54.2789344559758 0 0
54.64862366862373 55.41182301614607 0 0
58.09062075701812 58.82960531728957 0 0
58.8485597981196 58.96599120589437 0 0
62.38923968547495 62.90063203390209 0 0
63.86668224971052 63.89159877424542 0 0
65.15801724767734 65.28513023332752 0 0
66.42486006053284 67.19036710678151 0 0
69.84599128874672 72.96664508080438 0 0
73.2828930451479 73.79331005610867 0 0
85.41973165454812 88.63527886757522 0 0
88.98533723194934 89.14866336700243 0 0
95.87682552142861 96.57219084174604 0 0
96.73256229177861 98.50156144731083 0 0
39
0.1256214358439536 0.4444796485652773 0 0
1.6959599864702 2.038956069127991 0 0
4.450232056226119 4.914505541999752 0 0
6.996432889166338 7.41049425538522 0 0
7.419601819955647 7.880919643477643 0 0
15.0562246808526 16.49876378507948 0 0
16.70328237006573 17.14905308429369 0 0
17.8214440741712 17.99788608771187 0 0
18.89157869904466 20.13303440737042 0 0
21.40429459431088 22.62562177422602 0 0
28.74525852130088 29.20200960074148 0 0
29.97130124513678 30.34408457415234 0 0
33.7952024543049 34.02041029292329 0 0
36.86145119531007 36.8708668606227 0 0
40.22893872171051 40.36593365003235 0 0
40.88470770600444 41.68975551487036 0 0
43.66189781706933 44.21898092885134 0 0
44.66054785418416 45.9707593691092 0 0
46.18242221551665 46.47181175744944 0 0
46.63107750831393 47.06007162189736 0 0
47.5520345680591 48.10002831098508 0 0
48.20634816208959 48.35337869950409 0 0
48.77307785076691 48.92913609652192 0 0
49.33004583902424 49.47876914087932 0 0
50.58399329406555 51.23607731774002 0 0
52.18586629923718 52.25611798129911 0 0
59.73427802195864 59.8794451900295 0 0
61.0493033986908 61.14063908782065 0 0
65.79301795793251 66.08861080079406 0 0
67.47112279799011 68.28288979688308 0 0
72.11611595133387 72.69143070940883 0 0
73.82036542986938 73.90081252159943 0 0
77.18876736485866 77.9658681443249 0 0
78.01329281450316 79.39593138272738 0 0
90.45135781453178 90.71086886257179 0 0
91.9895893144131 93.56010257585579 0 0
94.3193269673652 95.37491681999647 0 0
98.32995954232072 98.38040412333643 0 0
99.5620683649967 99.72909146494764 0 0
