0.0314159265359 -1.10085677544 -1.60615524433
0.0942477796077 -1.04097366123 -1.52627971718
0.157079632679 -0.983221878802 -1.45455855495
0.219911485751 -0.927488232413 -1.3902195324
0.282743338823 -0.875109034547 -1.33169331474
0.345575191895 -0.824921130199 -1.27937821768
0.408407044967 -0.777944250833 -1.23194307499
0.471238898038 -0.734355821727 -1.1885908057
0.53407075111 -0.693890895838 -1.14882978847
0.596902604182 -0.656255188788 -1.11223135021
0.659734457254 -0.621225519226 -1.07838549841
0.722566310326 -0.588630214622 -1.04691971894
0.785398163397 -0.558316845489 -1.01751540905
0.848230016469 -0.530134709497 -0.989910417363
0.911061869541 -0.503930593891 -0.963892578177
0.973893722613 -0.47955123925 -0.939290115656
1.03672557568 -0.456847669734 -0.915962369105
1.09955742876 -0.435678970232 -0.893792204406
1.16238928183 -0.415914703655 -0.872680310987
1.2252211349 -0.397435979195 -0.852541102245
1.28805298797 -0.380135492094 -0.833299822417
1.35088484104 -0.363916902202 -0.814890497659
1.41371669412 -0.348693859432 -0.79725445474
1.47654854719 -0.334388896774 -0.780339214133
1.53938040026 -0.32093233031 -0.76409762853
1.60221225333 -0.308261244981 -0.748487187789
1.6650441064 -0.296318600709 -0.733469438384
1.72787595947 -0.28505246798 -0.71900948866
1.79070781255 -0.274415385971 -0.705075580683
1.85353966562 -0.264363829166 -0.691638717251
1.91637151869 -0.254857765767 -0.678672336405
1.97920337176 -0.245860291145 -0.666152026871
2.04203522483 -0.237337321706 -0.654055280542
2.10486707791 -0.229257336251 -0.642361277104
2.16769893098 -0.221591154629 -0.631050697383
2.23053078405 -0.214311745435 -0.620105561838
2.29336263712 -0.207394056413 -0.609509090873
2.35619449019 -0.200814862813 -0.599245584131
2.41902634326 -0.194552630133 -0.589300316163
2.48185819634 -0.188587388625 -0.579659446013
2.54469004941 -0.18290061771 -0.570309938776
2.60752190248 -0.177475138889 -0.561239497193
2.67035375555 -0.172295016231 -0.55243650192
2.73318560862 -0.167345463658 -0.543889958969
2.79601746169 -0.162612758537 -0.535589453322
2.85884931477 -0.158084161143 -0.527525107764
2.92168116784 -0.153747839652 -0.519687546094
2.98451302091 -0.149592800364 -0.512067860085
3.04734487398 -0.145608822912 -0.50465757968
3.11017672705 -0.141786400158 -0.497448645904
3.17300858013 -0.138116682573 -0.490433386162
3.2358404332 -0.134591426816 -0.483604491575
3.29867228627 -0.131202948296 -0.476954996146
3.36150413934 -0.127944077456 -0.47047825745
3.42433599241 -0.124808119552 -0.46416793878
3.48716784548 -0.121788817686 -0.458017992487
3.54999969856 -0.118880318867 -0.452022644475
3.61283155163 -0.116077142875 -0.446176379679
3.6756634047 -0.113374153731 -0.440473928475
3.73849525777 -0.110766533546 -0.434910253929
3.80132711084 -0.108249758583 -0.429480539799
3.86415896392 -0.105819577336 -0.424180179263
3.92699081699 -0.103471990457 -0.419004764297
3.98982267006 -0.101203232388 -0.413950075661
4.05265452313 -0.0990097545296 -0.409012073456
4.1154863762 -0.0968882098313 -0.404186888209
4.17831822927 -0.0948354386635 -0.399470812462
4.24115008235 -0.092848455864 -0.39486029281
4.30398193542 -0.0909244388518 -0.390351922393
4.36681378849 -0.0890607167124 -0.385942433789
4.42964564156 -0.0872547601646 -0.381628692289
4.49247749463 -0.0855041723317 -0.377407689548
4.55530934771 -0.0838066802418 -0.373276537561
4.61814120078 -0.0821601269934 -0.369232462976
4.68097305385 -0.080562464524 -0.365272801693
4.74380490692 -0.0790117469306 -0.361394993773
4.80663675999 -0.0775061242882 -0.357596578588
4.86946861306 -0.0760438369285 -0.353875190246
4.93230046614 -0.0746232101321 -0.35022855325
4.99513231921 -0.0732426492021 -0.346654478376
5.05796417228 -0.0719006348853 -0.343150858775
5.12079602535 -0.0705957191103 -0.339715666267
5.18362787842 -0.0693265210174 -0.336346947829
5.24645973149 -0.0680917232553 -0.333042822266
5.30929158457 -0.0668900685222 -0.329801477039
5.37212343764 -0.0657203563328 -0.326621165268
5.43495529071 -0.0645814399923 -0.323500202873
5.49778714378 -0.0634722237611 -0.320436965864
5.56061899685 -0.062391660197 -0.317429887768
5.62345084993 -0.0613387476588 -0.314477457171
5.686282703 -0.0603125279623 -0.311578215395
5.74911455607 -0.0593120841749 -0.308730754279
5.81194640914 -0.0583365385409 -0.305933714071
5.87477826221 -0.0573850505268 -0.30318578142
5.93761011528 -0.0564568149788 -0.300485687463
6.00044196836 -0.0555510603855 -0.297832206011
6.06327382143 -0.0546670472368 -0.295224151805
6.1261056745 -0.0538040664757 -0.292660378872
6.18893752757 -0.0529614380332 -0.290139778943
6.25176938064 -0.0521385094447 -0.287661279955
6.31460123372 -0.0513346545397 -0.285223844615
6.37743308679 -0.0505492722026 -0.282826469032
6.44026493986 -0.0497817851981 -0.280468181415
6.50309679293 -0.0490316390598 -0.278148040822
6.565928646 -0.0482983010354 -0.275865135974
6.62876049907 -0.0475812590876 -0.273618584117
6.69159235215 -0.0468800209461 -0.271407529934
6.75442420522 -0.0461941132079 -0.269231144508
6.81725605829 -0.0455230804842 -0.26708862433
6.88008791136 -0.0448664845894 -0.264979190346
6.94291976443 -0.0442239037715 -0.262902087056
7.00575161751 -0.0435949319811 -0.260856581636
7.06858347058 -0.0429791781761 -0.258841963113
7.13141532365 -0.042376265662 -0.256857541567
7.19424717672 -0.0417858314634 -0.254902647366
7.25707902979 -0.0412075257277 -0.25297663044
7.31991088286 -0.0406410111565 -0.251078859577
7.38274273594 -0.0400859624658 -0.249208721755
7.44557458901 -0.0395420658719 -0.247365621499
7.50840644208 -0.0390090186022 -0.245548980264
7.57123829515 -0.038486528429 -0.243758235844
7.63407014822 -0.0379743132268 -0.241992841806
7.69690200129 -0.0374721005489 -0.240252266946
7.75973385437 -0.036979627226 -0.238535994764
7.82256570744 -0.0364966389824 -0.236843522968
7.88539756051 -0.0360228900707 -0.235174362988
7.94822941358 -0.0355581429238 -0.233528039518
8.01106126665 -0.0351021678228 -0.231904090068
8.07389311973 -0.0346547425808 -0.230302064543
8.1367249728 -0.0342156522407 -0.228721524828
8.19955682587 -0.0337846887872 -0.227162044394
8.26238867894 -0.0333616508725 -0.225623207927
8.32522053201 -0.0329463435539 -0.224104610953
8.38805238508 -0.0325385780433 -0.222605859496
8.45088423816 -0.0321381714686 -0.221126569738
8.51371609123 -0.0317449466455 -0.219666367694
8.5765479443 -0.0313587318595 -0.218224888901
8.63937979737 -0.0309793606577 -0.216801778118
8.70221165044 -0.0306066716498 -0.215396689036
8.76504350352 -0.0302405083183 -0.214009284001
8.82787535659 -0.0298807188363 -0.212639233743
8.89070720966 -0.0295271558941 -0.21128621712
8.95353906273 -0.0291796765328 -0.209949920868
9.0163709158 -0.0288381419851 -0.208630039361
9.07920276887 -0.0285024175236 -0.207326274382
9.14203462195 -0.0281723723147 -0.206038334894
9.20486647502 -0.0278478792795 -0.204765936831
9.26769832809 -0.0275288149602 -0.203508802888
9.33053018116 -0.0272150593923 -0.202266662321
9.39336203423 -0.0269064959822 -0.201039250754
9.45619388731 -0.0266030113894 -0.199826309993
9.51902574038 -0.0263044954146 -0.198627587844
9.58185759345 -0.0260108408915 -0.197442837943
9.64468944652 -0.0257219435834 -0.196271819585
9.70752129959 -0.0254377020842 -0.195114297564
9.77035315266 -0.0251580177228 -0.193970042016
9.83318500574 -0.0248827944722 -0.192838828268
9.89601685881 -0.0246119388616 -0.19172043669
9.95884871188 -0.0243453598924 -0.190614652556
10.021680565 -0.0240829689569 -0.18952126591
10.084512418 -0.0238246797611 -0.188440071427
10.1473442711 -0.0235704082499 -0.187370868291
10.2101761242 -0.0233200725353 -0.186313460071
10.2730079772 -0.0230735928274 -0.1852676546
10.3358398303 -0.0228308913684 -0.18423326386
10.3986716834 -0.0225918923683 -0.183210103871
10.4615035365 -0.022356521944 -0.182197994583
10.5243353895 -0.0221247080598 -0.181196759768
10.5871672426 -0.0218963804711 -0.180206226926
10.6499990957 -0.0216714706691 -0.179226227176
10.7128309487 -0.0214499118282 -0.178256595173
10.7756628018 -0.0212316387557 -0.177297169006
10.8384946549 -0.021016587842 -0.176347790116
10.901326508 -0.0208046970147 -0.175408303202
10.964158361 -0.020595905691 -0.174478556147
11.0269902141 -0.0203901547374 -0.173558399927
11.0898220672 -0.0201873864217 -0.172647688539
11.1526539202 -0.0199875443813 -0.171746278923
11.2154857733 -0.01979057357 -0.170854030884
11.2783176264 -0.0195964202398 -0.16997080703
11.3411494795 -0.0194050318778 -0.169096472686
11.4039813325 -0.0192163572028 -0.168230895851
11.4668131856 -0.0190303460975 -0.167373947099
11.5296450387 -0.0188469496037 -0.166525499559
11.5924768917 -0.0186661198751 -0.165685428798
11.6553087448 -0.0184878101439 -0.164853612826
11.7181405979 -0.0183119747095 -0.164029931971
11.780972451 -0.0181385688861 -0.163214268878
11.843804304 -0.0179675489851 -0.162406508425
11.9066361571 -0.0177988723079 -0.161606537664
11.9694680102 -0.0176324970667 -0.160814245806
12.0322998632 -0.0174683824276 -0.160029524119
12.0951317163 -0.0173064884369 -0.159252265922
12.1579635694 -0.0171467759963 -0.158482366524
12.2207954225 -0.0169892068948 -0.157719723157
12.2836272755 -0.0168337437123 -0.156964234971
12.3464591286 -0.0166803498388 -0.156215802959
12.4092909817 -0.0165289894777 -0.155474329916
12.4721228348 -0.0163796275564 -0.154739720423
12.5349546878 -0.0162322297616 -0.154011880783
12.5977865409 -0.0160884592744 -0.153290067082
12.660618394 -0.0159465122941 -0.152574874878
12.723450247 -0.0158063596058 -0.151866213889
12.7862821001 -0.015667972539 -0.151163995483
12.8491139532 -0.0155313229577 -0.150468132639
12.9119458063 -0.0153963832492 -0.149778539909
12.9747776593 -0.0152631263135 -0.149095133383
13.0376095124 -0.0151315255531 -0.148417830654
13.1004413655 -0.0150015548632 -0.14774655078
13.1632732185 -0.0148731886211 -0.147081214258
13.2261050716 -0.0147464016772 -0.146421742984
13.2889369247 -0.014621169345 -0.145768060228
13.3517687778 -0.0144974673916 -0.145120090599
13.4146006308 -0.0143752720293 -0.144477760017
13.4774324839 -0.0142545599058 -0.143840995684
13.540264337 -0.0141353080957 -0.143209726058
13.60309619 -0.0140174940922 -0.14258388082
13.6659280431 -0.013901095798 -0.141963390853
13.7287598962 -0.0137860915176 -0.141348188216
13.7915917493 -0.0136724599489 -0.140738206113
13.8544236023 -0.0135601801755 -0.140133378875
13.9172554554 -0.0134492316587 -0.139533641932
13.9800873085 -0.0133395942299 -0.138938931792
14.0429191615 -0.0132312480832 -0.138349186016
14.1057510146 -0.0131241737683 -0.1377643432
14.1685828677 -0.0130183521831 -0.137184342947
14.2314147208 -0.0129137645668 -0.136609125854
14.2942465738 -0.0128103924929 -0.136038633484
14.3570784269 -0.0127082178629 -0.135472808351
14.41991028 -0.0126072228993 -0.134911593897
14.482742133 -0.0125073901393 -0.134354934479
14.5455739861 -0.0124087024289 -0.133802775342
14.6084058392 -0.012311142916 -0.133255062609
14.6712376923 -0.0122146950452 -0.132711743258
14.7340695453 -0.0121193425512 -0.132172765106
14.7969013984 -0.0120250694534 -0.131638076796
14.8597332515 -0.0119318600504 -0.131107627776
14.9225651046 -0.0118396989141 -0.130581368284
14.9853969576 -0.0117485708844 -0.130059249335
15.0482288107 -0.011658461064 -0.129541222702
15.1110606638 -0.0115693548134 -0.129027240905
15.1738925168 -0.0114812377452 -0.128517257195
15.2367243699 -0.01139409572 -0.128011225539
15.299556223 -0.0113079148407 -0.127509100606
15.3623880761 -0.0112226814485 -0.127010837756
15.4252199291 -0.0111383821175 -0.126516393025
15.4880517822 -0.0110550036509 -0.126025723111
15.5508836353 -0.010972533076 -0.125538785366
15.6137154883 -0.01089095764 -0.125055537777
15.6765473414 -0.0108102648058 -0.124575938959
15.7393791945 -0.0107304422478 -0.124099948144
15.8022110476 -0.0106514778478 -0.123627525165
15.8650429006 -0.0105733596908 -0.123158630448
15.9278747537 -0.0104960760614 -0.122693225001
15.9907066068 -0.0104196154398 -0.122231270401
16.0535384598 -0.0103439664982 -0.121772728788
16.1163703129 -0.0102691180968 -0.121317562849
16.179202166 -0.0101950592805 -0.120865735814
16.2420340191 -0.0101217792752 -0.120417211441
16.3048658721 -0.0100492674845 -0.119971954009
16.3676977252 -0.00997751348637 -0.119529928309
16.4305295783 -0.00990650702947 -0.119091099635
16.4933614313 -0.00983623803038 -0.118655433772
16.5561932844 -0.00976669657015 -0.118222896991
16.6190251375 -0.00969787289133 -0.117793456039
16.6818569906 -0.00962975739485 -0.11736707813
16.7446888436 -0.00956234063709 -0.116943730938
16.8075206967 -0.00949561332701 -0.116523382587
16.8703525498 -0.00942956632318 -0.116106001645
16.9331844028 -0.00936419063115 -0.115691557116
16.9960162559 -0.00929947740058 -0.115280018433
17.058848109 -0.0092354179226 -0.114871355448
17.1216799621 -0.0091720036273 -0.114465538428
17.1845118151 -0.00910922608098 -0.114062538045
17.2473436682 -0.00904707698376 -0.113662325373
17.3101755213 -0.0089855481671 -0.113264871876
17.3730073744 -0.00892463159139 -0.112870149407
17.4358392274 -0.00886431934352 -0.112478130195
17.4986710805 -0.0088046036347 -0.112088786845
17.5615029336 -0.00874547679804 -0.11170209233
17.6243347866 -0.00868693128648 -0.111318019979
17.6871666397 -0.00862895967052 -0.110936543482
17.7499984928 -0.00857155463608 -0.110557636873
17.8128303459 -0.00851470898252 -0.110181274531
17.8756621989 -0.00845841562046 -0.109807431174
17.938494052 -0.00840266756988 -0.10943608185
18.0013259051 -0.00834745795811 -0.109067201934
18.0641577581 -0.00829278001794 -0.108700767123
18.1269896112 -0.00823862708566 -0.108336753429
18.1898214643 -0.00818499259934 -0.107975137176
18.2526533174 -0.0081318700969 -0.107615894993
18.3154851704 -0.00807925321441 -0.10725900381
18.3783170235 -0.00802713568432 -0.106904440855
18.4411488766 -0.00797551133378 -0.106552183644
18.5039807296 -0.00792437408294 -0.106202209984
18.5668125827 -0.00787371794337 -0.105854497959
18.6296444358 -0.00782353701637 -0.105509025936
18.6924762889 -0.00777382549149 -0.105165772553
18.7553081419 -0.00772457764494 -0.104824716716
18.818139995 -0.00767578783808 -0.104485837598
18.8809718481 -0.00762745051597 -0.104149114632
18.9438037011 -0.00757956020586 -0.103814527507
19.0066355542 -0.00753211151587 -0.103482056164
19.0694674073 -0.00748509913346 -0.103151680797
19.1322992604 -0.00743851782419 -0.102823381839
19.1951311134 -0.00739236243028 -0.102497139968
19.2579629665 -0.0073466278694 -0.102172936099
19.3207948196 -0.00730130913323 -0.10185075138
19.3836266726 -0.00725640128636 -0.101530567191
19.4464585257 -0.00721189946496 -0.101212365135
19.5092903788 -0.00716779887554 -0.100896127043
19.5721222319 -0.00712409479386 -0.100581834963
19.6349540849 -0.00708078256364 -0.100269471161
19.697785938 -0.00703785759552 -0.0999590181148
19.7606177911 -0.00699531536582 -0.0996504585149
19.8234496442 -0.00695315141558 -0.0993437752572
19.8862814972 -0.00691136134934 -0.099038951442
19.9491133503 -0.00686994083417 -0.0987359703706
20.0119452034 -0.00682888559857 -0.0984348155424
20.0747770564 -0.0067881914315 -0.0981354706519
20.1376089095 -0.00674785418133 -0.0978379195858
20.2004407626 -0.00670786975489 -0.0975421464201
20.2632726157 -0.00666823411647 -0.0972481354179
20.3261044687 -0.00662894328691 -0.0969558710258
20.3889363218 -0.00658999334267 -0.0966653378717
20.4517681749 -0.00655138041486 -0.0963765207625
20.5146000279 -0.00651310068844 -0.0960894046808
20.577431881 -0.00647515040122 -0.095803974783
20.6402637341 -0.00643752584315 -0.0955202163964
20.7030955872 -0.00640022335532 -0.0952381150168
20.7659274402 -0.00636323932923 -0.0949576563066
20.8287592933 -0.00632657020593 -0.0946788260916
20.8915911464 -0.00629021247529 -0.0944016103592
20.9544229994 -0.00625416267508 -0.0941259952561
21.0172548525 -0.00621841739032 -0.093851967086
21.0800867056 -0.0061829732525 -0.0935795123073
21.1429185587 -0.00614782693878 -0.0933086175311
21.2057504117 -0.00611297517131 -0.0930392695186
21.2685822648 -0.00607841471654 -0.0927714551798
21.3314141179 -0.00604414238441 -0.0925051615709
21.3942459709 -0.00601015502781 -0.0922403758921
21.457077824 -0.00597644954176 -0.0919770854861
21.5199096771 -0.00594302286284 -0.0917152778358
21.5827415302 -0.00590987196849 -0.0914549405627
21.6455733832 -0.00587699387638 -0.0911960614244
21.7084052363 -0.00584438564381 -0.0909386283134
21.7712370894 -0.00581204436701 -0.0906826292548
21.8340689424 -0.00577996718062 -0.0904280524049
21.8969007955 -0.00574815125705 -0.0901748860489
21.9597326486 -0.00571659380588 -0.0899231185995
22.0225645017 -0.00568529207334 -0.0896727385953
22.0853963547 -0.00565424334169 -0.0894237346987
22.1482282078 -0.00562344492866 -0.0891760956947
22.2110600609 -0.00559289418695 -0.0889298104888
22.273891914 -0.00556258850368 -0.0886848681056
22.336723767 -0.00553252529982 -0.0884412576873
22.3995556201 -0.00550270202973 -0.0881989684922
22.4623874732 -0.00547311618062 -0.0879579898927
22.5252193262 -0.00544376527202 -0.0877183113744
22.5880511793 -0.00541464685539 -0.087479922534
22.6508830324 -0.00538575851351 -0.0872428130786
22.7137148855 -0.00535709786011 -0.0870069728235
22.7765467385 -0.00532866253932 -0.086772391691
22.8393785916 -0.00530045022531 -0.0865390597094
22.9022104447 -0.00527245862172 -0.086306967011
22.9650422977 -0.00524468546132 -0.0860761038315
23.0278741508 -0.00521712850552 -0.0858464605076
23.0907060039 -0.00518978554395 -0.085618027477
23.153537857 -0.00516265439408 -0.0853907952759
23.21636971 -0.00513573290075 -0.0851647545384
23.2792015631 -0.00510901893578 -0.0849398959953
23.3420334162 -0.0050825103976 -0.0847162104725
23.4048652692 -0.00505620521083 -0.0844936888899
23.4676971223 -0.0050301013259 -0.0842723222603
23.5305289754 -0.00500419671868 -0.0840521016882
23.5933608285 -0.00497848939009 -0.0838330183688
23.6561926815 -0.00495297736576 -0.0836150635862
23.7190245346 -0.00492765869563 -0.0833982287132
23.7818563877 -0.00490253145363 -0.0831825052095
23.8446882407 -0.00487759373732 -0.0829678846211
23.9075200938 -0.00485284366758 -0.0827543585784
23.9703519469 -0.00482827938817 -0.0825419187965
24.0331838 -0.00480389906554 -0.0823305570728
24.096015653 -0.0047797008884 -0.0821202652866
24.1588475061 -0.00475568306743 -0.0819110353983
24.2216793592 -0.00473184383501 -0.0817028594478
24.2845112122 -0.0047081814448 -0.0814957295541
24.3473430653 -0.00468469417156 -0.0812896379139
24.4101749184 -0.00466138031078 -0.0810845768009
24.4730067715 -0.00463823817839 -0.0808805385649
24.5358386245 -0.00461526611048 -0.0806775156303
24.5986704776 -0.00459246246304 -0.0804755004963
24.6615023307 -0.0045698256116 -0.0802744857349
24.7243341838 -0.00454735395106 -0.0800744639904
24.7871660368 -0.00452504589535 -0.0798754279788
24.8499978899 -0.00450289987714 -0.0796773704867
24.912829743 -0.00448091434768 -0.0794802843703
24.975661596 -0.00445908777643 -0.079284162555
25.0384934491 -0.00443741865086 -0.0790889980339
25.1013253022 -0.00441590547621 -0.0788947838676
25.1641571553 -0.00439454677519 -0.0787015131834
25.2269890083 -0.00437334108781 -0.078509179174
25.2898208614 -0.00435228697105 -0.0783177750972
25.3526527145 -0.00433138299876 -0.0781272942746
25.4154845675 -0.00431062776128 -0.0779377300917
25.4783164206 -0.00429001986529 -0.0777490759963
25.5411482737 -0.00426955793358 -0.0775613254982
25.6039801268 -0.00424924060485 -0.0773744721684
25.6668119798 -0.00422906653343 -0.0771885096384
25.7296438329 -0.00420903438913 -0.0770034315994
25.792475686 -0.004189142857 -0.0768192318016
25.855307539 -0.00416939063711 -0.0766359040537
25.9181393921 -0.00414977644439 -0.0764534422221
25.9809712452 -0.00413029900839 -0.0762718402301
26.0438030983 -0.00411095707309 -0.0760910920575
26.1066349513 -0.00409174939672 -0.0759111917398
26.1694668044 -0.00407267475156 -0.0757321333677
26.2322986575 -0.00405373192375 -0.0755539110861
26.2951305105 -0.0040349197131 -0.0753765190939
26.3579623636 -0.00401623693294 -0.0751999516431
26.4207942167 -0.00399768240987 -0.0750242030388
26.4836260698 -0.00397925498367 -0.0748492676372
26.5464579228 -0.00396095350708 -0.0746751398466
26.6092897759 -0.00394277684557 -0.0745018141262
26.672121629 -0.00392472387733 -0.074329284985
26.734953482 -0.00390679349291 -0.0741575469822
26.7977853351 -0.00388898459523 -0.0739865947257
26.8606171882 -0.00387129609928 -0.0738164228723
26.9234490413 -0.00385372693206 -0.0736470261267
26.9862808943 -0.00383627603238 -0.0734783992411
27.0491127474 -0.00381894235069 -0.073310537015
27.1119446005 -0.00380172484896 -0.0731434342939
27.1747764536 -0.00378462250054 -0.0729770859695
27.2376083066 -0.00376763428994 -0.0728114869789
27.3004401597 -0.0037507592128 -0.0726466323043
27.3632720128 -0.00373399627563 -0.0724825169719
27.4261038658 -0.00371734449575 -0.0723191360524
27.4889357189 -0.00370080290112 -0.0721564846596
27.551767572 -0.0036843705302 -0.0719945579504
27.6145994251 -0.00366804643183 -0.0718333511243
27.6774312781 -0.00365182966509 -0.0716728594227
27.7402631312 -0.00363571929915 -0.0715130781288
27.8030949843 -0.00361971441318 -0.0713540025668
27.8659268373 -0.00360381409622 -0.0711956281016
27.9287586904 -0.00358801744697 -0.0710379501386
27.9915905435 -0.00357232357383 -0.0708809641228
28.0544223966 -0.00355673159459 -0.0707246655386
28.1172542496 -0.00354124063647 -0.0705690499095
28.1800861027 -0.0035258498359 -0.0704141127976
28.2429179558 -0.00351055833846 -0.0702598498031
28.3057498088 -0.00349536529873 -0.0701062565636
28.3685816619 -0.00348026988018 -0.0699533287549
28.431413515 -0.00346527125513 -0.0698010620886
28.4942453681 -0.0034503686045 -0.0696494523139
28.5570772211 -0.00343556111782 -0.0694984952157
28.6199090742 -0.00342084799312 -0.0693481866144
28.6827409273 -0.00340622843672 -0.0691985223666
28.7455727803 -0.00339170166327 -0.069049498363
28.8084046334 -0.00337726689552 -0.0689011105297
28.8712364865 -0.00336292336431 -0.0687533548267
28.9340683396 -0.00334867030841 -0.0686062272481
28.9969001926 -0.00333450697448 -0.0684597238217
29.0597320457 -0.00332043261689 -0.0683138406084
29.1225638988 -0.00330644649775 -0.0681685737018
29.1853957518 -0.00329254788668 -0.0680239192285
29.2482276049 -0.00327873606081 -0.0678798733469
29.311059458 -0.00326501030466 -0.0677364322476
29.3738913111 -0.00325136991004 -0.0675935921526
29.4367231641 -0.00323781417598 -0.0674513493151
29.4995550172 -0.00322434240863 -0.0673097000195
29.5623868703 -0.00321095392119 -0.0671686405801
29.6252187234 -0.00319764803378 -0.0670281673425
29.6880505764 -0.00318442407343 -0.0668882766814
29.7508824295 -0.00317128137396 -0.0667489650015
29.8137142826 -0.00315821927584 -0.066610228737
29.8765461356 -0.00314523712624 -0.066472064351
29.9393779887 -0.00313233427881 -0.0663344683354
30.0022098418 -0.00311951009374 -0.0661974372104
30.0650416949 -0.00310676393752 -0.066060967525
30.1278735479 -0.00309409518304 -0.0659250558554
30.190705401 -0.00308150320942 -0.0657896988056
30.2535372541 -0.00306898740188 -0.0656548930076
30.3163691071 -0.00305654715182 -0.0655206351194
30.3792009602 -0.0030441818566 -0.0653869218268
30.4420328133 -0.00303189091958 -0.0652537498415
30.5048646664 -0.00301967374996 -0.0651211159017
30.5676965194 -0.00300752976277 -0.064989016772
30.6305283725 -0.0029954583788 -0.0648574492419
30.6933602256 -0.00298345902451 -0.0647264101272
30.7561920786 -0.00297153113195 -0.0645958962685
30.8190239317 -0.00295967413875 -0.0644659045317
30.8818557848 -0.002947887488 -0.0643364318072
30.9446876379 -0.0029361706282 -0.0642074750101
31.0075194909 -0.00292452301325 -0.0640790310798
31.070351344 -0.00291294410229 -0.0639510969796
31.1331831971 -0.00290143335974 -0.0638236696965
31.1960150501 -0.00288999025515 -0.0636967462415
31.2588469032 -0.00287861426323 -0.0635703236486
31.3216787563 -0.00286730486369 -0.063444398975
31.3845106094 -0.0028560615413 -0.0633189693006
31.4473424624 -0.00284488378571 -0.0631940317286
31.5101743155 -0.0028337710915 -0.0630695833838
31.5730061686 -0.00282272295805 -0.0629456214139
31.6358380216 -0.00281173888952 -0.0628221429884
31.6986698747 -0.00280081839479 -0.0626991452985
31.7615017278 -0.00278996098741 -0.0625766255572
31.8243335809 -0.00277916618556 -0.0624545809987
31.8871654339 -0.00276843351193 -0.0623330088786
31.949997287 -0.00275776249376 -0.0622119064734
32.0128291401 -0.00274715266274 -0.0620912710804
32.0756609932 -0.00273660355496 -0.0619711000174
32.1384928462 -0.0027261147109 -0.0618513906228
32.2013246993 -0.00271568567532 -0.0617321402549
32.2641565524 -0.00270531599725 -0.0616133462924
32.3269884054 -0.00269500522992 -0.0614950061335
32.3898202585 -0.00268475293076 -0.0613771171964
32.4526521116 -0.00267455866131 -0.0612596769183
32.5154839647 -0.00266442198717 -0.0611426827561
32.5783158177 -0.002654342478 -0.0610261321855
32.6411476708 -0.00264431970741 -0.0609100227013
32.7039795239 -0.00263435325298 -0.060794351817
32.7668113769 -0.0026244426962 -0.0606791170646
32.82964323 -0.00261458762238 -0.0605643159945
32.8924750831 -0.00260478762067 -0.0604499461753
32.9553069362 -0.00259504228399 -0.0603360051939
33.0181387892 -0.00258535120897 -0.0602224906549
33.0809706423 -0.00257571399597 -0.0601094001804
33.1438024954 -0.00256613024897 -0.0599967314105
33.2066343484 -0.00255659957556 -0.0598844820026
33.2694662015 -0.00254712158692 -0.0597726496309
33.3322980546 -0.00253769589773 -0.0596612319875
33.3951299077 -0.00252832212623 -0.0595502267805
33.4579617607 -0.00251899989405 -0.0594396317353
33.5207936138 -0.00250972882626 -0.059329444594
33.5836254669 -0.00250050855132 -0.059219663115
33.6464573199 -0.00249133870104 -0.059110285073
33.709289173 -0.00248221891052 -0.059001308259
33.7721210261 -0.00247314881817 -0.0588927304797
33.8349528792 -0.0024641280656 -0.0587845495581
33.8977847322 -0.00245515629764 -0.0586767633327
33.9606165853 -0.00244623316231 -0.0585693696578
34.0234484384 -0.00243735831076 -0.0584623664028
34.0862802914 -0.00242853139721 -0.0583557514529
34.1491121445 -0.00241975207902 -0.0582495227079
34.2119439976 -0.00241102001652 -0.0581436780832
34.2747758507 -0.00240233487307 -0.0580382155088
34.3376077037 -0.00239369631503 -0.0579331329295
34.4004395568 -0.00238510401167 -0.057828428305
34.4632714099 -0.0023765576352 -0.0577240996092
34.526103263 -0.00236805686069 -0.0576201448306
34.588935116 -0.00235960136607 -0.0575165619717
34.6517669691 -0.00235119083211 -0.0574133490495
34.7145988222 -0.00234282494234 -0.0573105040948
34.7774306752 -0.00233450338308 -0.0572080251524
34.8402625283 -0.00232622584338 -0.0571059102806
34.9030943814 -0.00231799201499 -0.0570041575518
34.9659262345 -0.00230980159233 -0.0569027650515
35.0287580875 -0.00230165427249 -0.056801730879
35.0915899406 -0.00229354975518 -0.0567010531464
35.1544217937 -0.0022854877427 -0.0566007299795
35.2172536467 -0.00227746793993 -0.0565007595168
35.2800854998 -0.00226949005428 -0.0564011399099
35.3429173529 -0.00226155379566 -0.0563018693234
35.405749206 -0.00225365887652 -0.0562029459342
35.468581059 -0.00224580501174 -0.0561043679323
35.5314129121 -0.00223799191868 -0.0560061335196
35.5942447652 -0.00223021931703 -0.0559082409113
35.6570766182 -0.00222248692896 -0.0558106883341
35.7199084713 -0.00221479447898 -0.0557134740271
35.7827403244 -0.00220714169392 -0.0556165962417
35.8455721775 -0.00219952830296 -0.0555200532412
35.9084040305 -0.00219195403755 -0.0554238433006
35.9712358836 -0.00218441863143 -0.0553279647068
36.0340677367 -0.00217692182058 -0.0552324157585
36.0968995897 -0.00216946334322 -0.0551371947656
36.1597314428 -0.00216204293976 -0.0550423000502
36.2225632959 -0.00215466035278 -0.0549477299451
36.285395149 -0.00214731532707 -0.0548534827945
36.348227002 -0.00214000760951 -0.0547595569541
36.4110588551 -0.0021327369491 -0.0546659507905
36.4738907082 -0.00212550309698 -0.0545726626812
36.5367225612 -0.00211830580632 -0.0544796910151
36.5995544143 -0.00211114483237 -0.0543870341911
36.6623862674 -0.00210401993238 -0.0542946906198
36.7252181205 -0.00209693086566 -0.0542026587216
36.7880499735 -0.0020898773935 -0.054110936928
36.8508818266 -0.00208285927916 -0.0540195236805
36.9137136797 -0.00207587628784 -0.0539284174317
36.9765455328 -0.0020689281867 -0.0538376166438
37.0393773858 -0.00206201474481 -0.0537471197894
37.1022092389 -0.00205513573311 -0.0536569253516
37.165041092 -0.0020482909245 -0.0535670318228
37.227872945 -0.00204148009363 -0.0534774377062
37.2907047981 -0.00203470301708 -0.0533881415142
37.3535366512 -0.00202795947322 -0.0532991417695
37.4163685043 -0.00202124924222 -0.0532104370042
37.4792003573 -0.00201457210608 -0.0531220257599
37.5420322104 -0.0020079278485 -0.0530339065884
37.6048640635 -0.00200131625503 -0.0529460780502
37.6676959165 -0.00199473711287 -0.0528585387158
37.7305277696 -0.00198819021099 -0.0527712871646
37.7933596227 -0.00198167534006 -0.0526843219857
37.8561914758 -0.00197519229241 -0.052597641777
37.9190233288 -0.00196874086209 -0.0525112451457
37.9818551819 -0.00196232084477 -0.0524251307077
38.044687035 -0.00195593203777 -0.0523392970884
38.107518888 -0.00194957424003 -0.0522537429216
38.1703507411 -0.00194324725211 -0.0521684668503
38.2331825942 -0.00193695087616 -0.0520834675259
38.2960144473 -0.0019306849159 -0.0519987436087
38.3588463003 -0.00192444917661 -0.0519142937675
38.4216781534 -0.00191824346514 -0.0518301166798
38.4845100065 -0.00191206758986 -0.0517462110311
38.5473418595 -0.00190592136065 -0.0516625755159
38.6101737126 -0.00189980458894 -0.0515792088365
38.6730055657 -0.00189371708757 -0.0514961097041
38.7358374188 -0.00188765867093 -0.0514132768374
38.7986692718 -0.00188162915483 -0.0513307089637
38.8615011249 -0.00187562835657 -0.0512484048181
38.924332978 -0.00186965609484 -0.0511663631441
38.987164831 -0.00186371218977 -0.0510845826927
39.0499966841 -0.00185779646293 -0.0510030622228
39.1128285372 -0.00185190873721 -0.0509218005016
39.1756603903 -0.00184604883698 -0.0508407963035
39.2384922433 -0.00184021658789 -0.0507600484109
39.3013240964 -0.001834411817 -0.0506795556138
39.3641559495 -0.0018286343527 -0.0505993167098
39.4269878026 -0.00182288402472 -0.0505193305038
39.4898196556 -0.00181716066409 -0.0504395958085
39.5526515087 -0.00181146410316 -0.0503601114439
39.6154833618 -0.00180579417559 -0.0502808762369
39.6783152148 -0.00180015071627 -0.0502018890226
39.7411470679 -0.00179453356144 -0.0501231486424
39.803978921 -0.00178894254854 -0.0500446539454
39.8668107741 -0.00178337751627 -0.0499664037878
39.9296426271 -0.00177783830459 -0.0498883970325
39.9924744802 -0.00177232475466 -0.0498106325499
40.0553063333 -0.00176683670887 -0.049733109217
40.1181381863 -0.00176137401079 -0.049655825918
40.1809700394 -0.00175593650522 -0.0495787815437
40.2438018925 -0.00175052403811 -0.0495019749917
40.3066337456 -0.00174513645659 -0.0494254051666
40.3694655986 -0.00173977360897 -0.0493490709792
40.4322974517 -0.00173443534466 -0.0492729713478
40.4951293048 -0.00172912151425 -0.0491971051965
40.5579611578 -0.00172383196948 -0.049121471456
40.6207930109 -0.00171856656313 -0.0490460690641
40.683624864 -0.00171332514917 -0.0489708969644
40.7464567171 -0.00170810758262 -0.0488959541071
40.8092885701 -0.0017029137196 -0.0488212394493
40.8721204232 -0.00169774341733 -0.0487467519533
40.9349522763 -0.00169259653408 -0.0486724905885
40.9977841293 -0.00168747292917 -0.0485984543303
41.0606159824 -0.00168237246298 -0.0485246421603
41.1234478355 -0.00167729499695 -0.0484510530659
41.1862796886 -0.00167224039354 -0.0483776860409
41.2491115416 -0.0016672085162 -0.0483045400852
41.3119433947 -0.00166219922945 -0.0482316142044
41.3747752478 -0.00165721239877 -0.04815890741
41.4376071008 -0.00165224789065 -0.0480864187198
41.5004389539 -0.00164730557258 -0.0480141471572
41.563270807 -0.001642385313 -0.0479420917512
41.6261026601 -0.00163748698135 -0.0478702515368
41.6889345131 -0.00163261044803 -0.0477986255547
41.7517663662 -0.00162775558436 -0.0477272128511
41.8145982193 -0.00162292226263 -0.0476560124782
41.8774300724 -0.00161811035605 -0.0475850234935
41.9402619254 -0.00161331973879 -0.04751424496
42.0030937785 -0.0016085502859 -0.0474436759464
42.0659256316 -0.00160380187337 -0.0473733155269
42.1287574846 -0.00159907437806 -0.047303162781
42.1915893377 -0.00159436767778 -0.0472332167935
42.2544211908 -0.00158968165118 -0.0471634766548
42.3172530439 -0.00158501617781 -0.0470939414605
42.3800848969 -0.00158037113809 -0.0470246103112
42.44291675 -0.00157574641331 -0.0469554823133
42.5057486031 -0.0015711418856 -0.0468865565781
42.5685804561 -0.00156655743797 -0.0468178322217
42.6314123092 -0.00156199295424 -0.0467493083661
42.6942441623 -0.00155744831909 -0.0466809841377
42.7570760154 -0.00155292341802 -0.0466128586683
42.8199078684 -0.00154841813734 -0.0465449310948
42.8827397215 -0.00154393236422 -0.0464772005585
42.9455715746 -0.00153946598656 -0.0464096662064
43.0084034276 -0.00153501889313 -0.0463423271899
43.0712352807 -0.00153059097346 -0.0462751826653
43.1340671338 -0.00152618211788 -0.0462082317942
43.1968989869 -0.00152179221749 -0.0461414737425
43.2597308399 -0.00151742116418 -0.0460749076807
43.322562693 -0.00151306885057 -0.0460085327848
43.3853945461 -0.0015087351701 -0.0459423482347
43.4482263991 -0.00150442001691 -0.0458763532156
43.5110582522 -0.00150012328591 -0.045810546917
43.5738901053 -0.00149584487276 -0.0457449285329
43.6367219584 -0.00149158467382 -0.0456794972623
43.6995538114 -0.00148734258623 -0.0456142523085
43.7623856645 -0.00148311850781 -0.0455491928787
43.8252175176 -0.00147891233712 -0.0454843181858
43.8880493706 -0.00147472397344 -0.0454196274459
43.9508812237 -0.00147055331672 -0.0453551198805
44.0137130768 -0.00146640026764 -0.0452907947149
44.0765449299 -0.00146226472755 -0.0452266511789
44.1393767829 -0.0014581465985 -0.0451626885067
44.202208636 -0.00145404578322 -0.0450989059368
44.2650404891 -0.00144996218514 -0.0450353027117
44.3278723422 -0.00144589570831 -0.0449718780783
44.3907041952 -0.00144184625748 -0.0449086312878
44.4535360483 -0.00143781373805 -0.0448455615955
44.5163679014 -0.0014337980561 -0.0447826682605
44.5791997544 -0.00142979911828 -0.044719950547
44.6420316075 -0.00142581683198 -0.0446574077219
44.7048634606 -0.00142185110518 -0.0445950390571
44.7676953137 -0.00141790184648 -0.0445328438284
44.8305271667 -0.00141396896514 -0.0444708213153
44.8933590198 -0.00141005237101 -0.0444089708019
44.9561908729 -0.0014061519746 -0.0443472915751
45.0190227259 -0.00140226768699 -0.0442857829269
45.081854579 -0.00139839941988 -0.0442244441527
45.1446864321 -0.00139454708559 -0.0441632745515
45.2075182852 -0.00139071059699 -0.0441022734269
45.2703501382 -0.00138688986762 -0.0440414400853
45.3331819913 -0.00138308481153 -0.0439807738379
45.3960138444 -0.0013792953434 -0.0439202739986
45.4588456974 -0.00137552137847 -0.0438599398862
45.5216775505 -0.00137176283257 -0.0437997708221
45.5845094036 -0.00136801962205 -0.0437397661322
45.6473412567 -0.00136429166389 -0.0436799251459
45.7101731097 -0.00136057887561 -0.0436202471956
45.7730049628 -0.00135688117524 -0.0435607316184
45.8358368159 -0.00135319848142 -0.043501377754
45.8986686689 -0.00134953071331 -0.043442184946
45.961500522 -0.0013458777906 -0.0433831525418
46.0243323751 -0.00134223963354 -0.0433242798921
46.0871642282 -0.0013386161629 -0.043265566351
46.1499960812 -0.00133500729999 -0.0432070112763
46.2128279343 -0.00133141296665 -0.0431486140288
46.2756597874 -0.00132783308521 -0.0430903739732
46.3384916404 -0.00132426757853 -0.0430322904775
46.4013234935 -0.00132071637 -0.042974362913
46.4641553466 -0.00131717938351 -0.0429165906542
46.5269871997 -0.00131365654344 -0.0428589730792
46.5898190527 -0.00131014777469 -0.0428015095693
46.6526509058 -0.00130665300263 -0.0427441995089
46.7154827589 -0.00130317215317 -0.042687042286
46.778314612 -0.00129970515263 -0.0426300372917
46.841146465 -0.00129625192791 -0.0425731839203
46.9039783181 -0.00129281240631 -0.0425164815693
46.9668101712 -0.00128938651566 -0.0424599296392
47.0296420242 -0.00128597418424 -0.042403527534
47.0924738773 -0.00128257534079 -0.0423472746608
47.1553057304 -0.00127918991454 -0.0422911704296
47.2181375835 -0.00127581783518 -0.0422352142533
47.2809694365 -0.00127245903283 -0.0421794055487
47.3438012896 -0.00126911343809 -0.0421237437349
47.4066331427 -0.00126578098202 -0.0420682282341
47.4694649957 -0.00126246159611 -0.0420128584718
47.5322968488 -0.00125915521228 -0.0419576338767
47.5951287019 -0.00125586176294 -0.0419025538797
47.657960555 -0.00125258118089 -0.0418476179152
47.720792408 -0.00124931339938 -0.0417928254207
47.7836242611 -0.00124605835211 -0.0417381758361
47.8464561142 -0.00124281597318 -0.0416836686046
47.9092879672 -0.00123958619713 -0.0416293031722
47.9721198203 -0.00123636895891 -0.0415750789877
48.0349516734 -0.0012331641939 -0.0415209955027
48.0977835265 -0.00122997183789 -0.0414670521717
48.1606153795 -0.00122679182707 -0.0414132484523
48.2234472326 -0.00122362409806 -0.0413595838043
48.2862790857 -0.00122046858787 -0.0413060576905
48.3491109387 -0.00121732523393 -0.0412526695766
48.4119427918 -0.00121419397403 -0.0411994189313
48.4747746449 -0.0012110747464 -0.0411463052253
48.537606498 -0.00120796748964 -0.0410933279325
48.600438351 -0.00120487214274 -0.0410404865294
48.6632702041 -0.00120178864508 -0.0409877804951
48.7261020572 -0.00119871693642 -0.0409352093116
48.7889339102 -0.00119565695694 -0.0408827724628
48.8517657633 -0.00119260864713 -0.0408304694364
48.9145976164 -0.0011895719479 -0.0407782997216
48.9774294695 -0.00118654680053 -0.0407262628108
49.0402613225 -0.00118353314665 -0.0406743581989
49.1030931756 -0.00118053092829 -0.0406225853831
49.1659250287 -0.0011775400878 -0.0405709438634
49.2287568818 -0.00117456056791 -0.0405194331423
49.2915887348 -0.00117159231176 -0.0404680527244
49.3544205879 -0.00116863526276 -0.0404168021174
49.417252441 -0.00116568936473 -0.0403656808311
49.480084294 -0.00116275456181 -0.0403146883779
49.5429161471 -0.00115983079852 -0.0402638242725
49.6057480002 -0.0011569180197 -0.0402130880321
49.6685798533 -0.00115401617056 -0.0401624791764
49.7314117063 -0.0011511251966 -0.0401119972274
49.7942435594 -0.0011482450437 -0.0400616417096
49.8570754125 -0.00114537565809 -0.0400114121495
49.9199072655 -0.00114251698628 -0.0399613080765
49.9827391186 -0.00113966897515 -0.0399113290222
50.0455709717 -0.0011368315719 -0.0398614745199
50.1084028248 -0.00113400472405 -0.039811744106
50.1712346778 -0.00113118837944 -0.039762137319
50.2340665309 -0.00112838248626 -0.0397126536992
50.296898384 -0.00112558699296 -0.0396632927901
50.359730237 -0.00112280184836 -0.0396140541365
50.4225620901 -0.00112002700159 -0.039564937286
50.4853939432 -0.00111726240205 -0.039515941788
50.5482257963 -0.00111450799949 -0.0394670671947
50.6110576493 -0.00111176374396 -0.0394183130602
50.6738895024 -0.0011090295858 -0.0393696789403
50.7367213555 -0.00110630547565 -0.0393211643941
50.7995532085 -0.0011035913645 -0.0392727689815
50.8623850616 -0.00110088720354 -0.0392244922657
50.9252169147 -0.00109819294437 -0.0391763338114
50.9880487678 -0.00109550853879 -0.0391282931857
51.0508806208 -0.00109283393895 -0.0390803699577
51.1137124739 -0.00109016909726 -0.0390325636985
51.176544327 -0.00108751396644 -0.0389848739813
51.23937618 -0.00108486849949 -0.0389373003814
51.3022080331 -0.00108223264965 -0.0388898424766
51.3650398862 -0.00107960637051 -0.038842499846
51.4278717393 -0.0010769896159 -0.0387952720711
51.4907035923 -0.00107438233994 -0.0387481587353
51.5535354454 -0.001071784497 -0.0387011594244
51.6163672985 -0.00106919604177 -0.0386542737256
51.6791991516 -0.00106661692917 -0.0386075012284
51.7420310046 -0.0010640471144 -0.0385608415245
51.8048628577 -0.00106148655293 -0.038514294207
51.8676947108 -0.00105893520051 -0.0384678588714
51.9305265638 -0.00105639301313 -0.0384215351151
51.9933584169 -0.00105385994706 -0.038375322537
52.05619027 -0.00105133595882 -0.0383292207384
52.1190221231 -0.00104882100518 -0.0382832293226
52.1818539761 -0.00104631504319 -0.0382373478941
52.2446858292 -0.00104381803013 -0.0381915760599
52.3075176823 -0.00104132992356 -0.0381459134285
52.3703495353 -0.00103885068127 -0.0381003596107
52.4331813884 -0.00103638026129 -0.0380549142185
52.4960132415 -0.00103391862193 -0.0380095768665
52.5588450946 -0.00103146572171 -0.0379643471705
52.6216769476 -0.00102902151943 -0.0379192247483
52.6845088007 -0.00102658597409 -0.0378742092198
52.7473406538 -0.00102415904497 -0.037829300206
52.8101725068 -0.00102174069156 -0.0377844973305
52.8730043599 -0.00101933087361 -0.0377398002182
52.935836213 -0.0010169295511 -0.0376952084957
52.9986680661 -0.00101453668422 -0.0376507217917
53.0614999191 -0.00101215223342 -0.0376063397363
53.1243317722 -0.00100977615937 -0.0375620619617
53.1871636253 -0.00100740842297 -0.0375178881013
53.2499954783 -0.00100504898535 -0.0374738177905
53.3128273314 -0.00100269780787 -0.0374298506666
53.3756591845 -0.00100035485208 -0.0373859863684
53.4384910376 -0.000998020079808 -0.0373422245362
53.5013228906 -0.000995693453054 -0.0372985648124
53.5641547437 -0.000993374934084 -0.0372550068404
53.6269865968 -0.000991064485342 -0.0372115502659
53.6898184498 -0.000988762069499 -0.037168194736
53.7526503029 -0.000986467649444 -0.0371249398996
53.815482156 -0.000984181188295 -0.0370817854066
53.8783140091 -0.000981902649353 -0.0370387309093
53.9411458621 -0.00097963199615 -0.0369957760613
54.0039777152 -0.000977369192432 -0.0369529205174
54.0668095683 -0.00097511420212 -0.0369101639348
54.1296414214 -0.000972866989387 -0.0368675059716
54.1924732744 -0.000970627518569 -0.0368249462878
54.2553051275 -0.000968395754227 -0.0367824845448
54.3181369806 -0.000966171661135 -0.0367401204055
54.3809688336 -0.000963955204242 -0.0366978535345
54.4438006867 -0.000961746348705 -0.0366556835982
54.5066325398 -0.000959545059893 -0.0366136102637
54.5694643929 -0.000957351303364 -0.0365716332002
54.6322962459 -0.000955165044856 -0.0365297520787
54.695128099 -0.000952986250318 -0.036487966571
54.7579599521 -0.000950814885883 -0.0364462763509
54.8207918051 -0.000948650917886 -0.0364046810933
54.8836236582 -0.000946494312846 -0.0363631804749
54.9464555113 -0.000944345037462 -0.0363217741736
55.0092873644 -0.000942203058649 -0.0362804618689
55.0721192174 -0.000940068343465 -0.0362392432419
55.1349510705 -0.000937940859179 -0.036198117975
55.1977829236 -0.000935820573261 -0.0361570857516
55.2606147766 -0.00093370745332 -0.0361161462574
55.3234466297 -0.000931601467187 -0.0360752991787
55.3862784828 -0.000929502582847 -0.0360345442038
55.4491103359 -0.000927410768468 -0.0359938810221
55.5119421889 -0.000925325992414 -0.0359533093243
55.574774042 -0.000923248223203 -0.0359128288027
55.6376058951 -0.000921177429553 -0.0358724391507
55.7004377481 -0.000919113580315 -0.0358321400638
55.7632696012 -0.00091705664456 -0.0357919312379
55.8261014543 -0.000915006591491 -0.0357518123708
55.8889333074 -0.000912963390517 -0.0357117831616
55.9517651604 -0.000910927011193 -0.0356718433105
56.0145970135 -0.000908897423254 -0.0356319925193
56.0774288666 -0.000906874596579 -0.0355922304913
56.1402607196 -0.000904858501262 -0.0355525569303
56.2030925727 -0.000902849107522 -0.0355129715421
56.2659244258 -0.000900846385724 -0.0354734740341
56.3287562789 -0.000898850306469 -0.0354340641139
56.3915881319 -0.000896860840436 -0.0353947414916
56.454419985 -0.000894877958532 -0.0353555058777
56.5172518381 -0.000892901631783 -0.0353163569843
56.5800836912 -0.000890931831388 -0.0352772945248
56.6429155442 -0.0008889685287 -0.0352383182139
56.7057473973 -0.000887011695237 -0.0351994277673
56.7685792504 -0.000885061302671 -0.0351606229021
56.8314111034 -0.000883117322799 -0.035121903337
56.8942429565 -0.000881179727628 -0.0350832687911
56.9570748096 -0.000879248489249 -0.0350447189859
57.0199066627 -0.000877323579983 -0.0350062536426
57.0827385157 -0.000875404972238 -0.0349678724849
57.1455703688 -0.000873492638597 -0.0349295752372
57.2084022219 -0.000871586551795 -0.0348913616249
57.2712340749 -0.000869686684693 -0.0348532313753
57.334065928 -0.000867793010328 -0.0348151842162
57.3968977811 -0.000865905501868 -0.0347772198766
57.4597296342 -0.000864024132619 -0.0347393380872
57.5225614872 -0.000862148876059 -0.0347015385792
57.5853933403 -0.000860279705757 -0.0346638210857
57.6482251934 -0.000858416595475 -0.0346261853404
57.7110570464 -0.000856559519101 -0.0345886310781
57.7738888995 -0.000854708450654 -0.0345511580352
57.8367207526 -0.000852863364293 -0.034513765949
57.8995526057 -0.000851024234322 -0.0344764545577
57.9623844587 -0.000849191035192 -0.0344392236009
58.0252163118 -0.000847363741461 -0.0344020728196
58.0880481649 -0.000845542327859 -0.034365001955
58.1508800179 -0.000843726769224 -0.0343280107503
58.213711871 -0.000841917040531 -0.0342910989495
58.2765437241 -0.000840113116908 -0.0342542662976
58.3393755772 -0.000838314973592 -0.0342175125407
58.4022074302 -0.000836522585966 -0.0341808374262
58.4650392833 -0.000834735929535 -0.0341442407022
58.5278711364 -0.000832954979947 -0.0341077221182
58.5907029894 -0.000831179712955 -0.0340712814249
58.6535348425 -0.000829410104478 -0.0340349183731
58.7163666956 -0.000827646130508 -0.0339986327164
58.7791985487 -0.000825887767235 -0.0339624242073
58.8420304017 -0.000824134990894 -0.0339262926013
58.9048622548 -0.000822387777915 -0.0338902376538
58.9676941079 -0.000820646104806 -0.0338542591214
59.030525961 -0.000818909948232 -0.033818356762
59.093357814 -0.000817179284954 -0.0337825303343
59.1561896671 -0.000815454091862 -0.0337467795983
59.2190215202 -0.000813734345982 -0.0337111043145
59.2818533732 -0.000812020024442 -0.0336755042448
59.3446852263 -0.00081031110449 -0.0336399791523
59.4075170794 -0.000808607563517 -0.0336045288002
59.4703489325 -0.000806909378995 -0.0335691529539
59.5331807855 -0.00080521652855 -0.0335338513787
59.5960126386 -0.000803528989895 -0.0334986238416
59.6588444917 -0.000801846740884 -0.0334634701103
59.7216763447 -0.000800169759453 -0.0334283899536
59.7845081978 -0.000798498023694 -0.0333933831409
59.8473400509 -0.00079683151178 -0.033358449443
59.910171904 -0.000795170202012 -0.0333235886315
59.973003757 -0.000793514072807 -0.0332888004787
60.0358356101 -0.000791863102674 -0.0332540847583
60.0986674632 -0.000790217270267 -0.0332194412445
60.1614993162 -0.000788576554296 -0.0331848697129
60.2243311693 -0.000786940933649 -0.0331503699396
60.2871630224 -0.000785310387271 -0.0331159417017
60.3499948755 -0.000783684894234 -0.0330815847775
60.4128267285 -0.000782064433711 -0.033047298946
60.4756585816 -0.000780448984999 -0.0330130839869
60.5384904347 -0.000778838527471 -0.0329789396815
60.6013222877 -0.000777233040646 -0.0329448658112
60.6641541408 -0.000775632504111 -0.0329108621586
60.7269859939 -0.000774036897563 -0.0328769285076
60.789817847 -0.000772446200833 -0.0328430646422
60.8526497 -0.000770860393828 -0.0328092703478
60.9154815531 -0.000769279456556 -0.0327755454108
60.9783134062 -0.000767703369134 -0.0327418896181
61.0411452592 -0.000766132111791 -0.0327083027576
61.1039771123 -0.000764565664832 -0.0326747846182
61.1668089654 -0.000763004008689 -0.0326413349893
61.2296408185 -0.000761447123866 -0.0326079536619
61.2924726715 -0.000759894990998 -0.0325746404267
61.3553045246 -0.000758347590776 -0.0325413950766
61.4181363777 -0.000756804904029 -0.0325082174042
61.4809682308 -0.000755266911669 -0.0324751072035
61.5438000838 -0.00075373359469 -0.0324420642691
61.6066319369 -0.000752204934212 -0.0324090883966
61.66946379 -0.000750680911409 -0.0323761793827
61.732295643 -0.000749161507589 -0.0323433370242
61.7951274961 -0.00074764670413 -0.0323105611194
61.8579593492 -0.00074613648251 -0.0322778514671
61.9207912023 -0.000744630824304 -0.0322452078668
61.9836230553 -0.000743129711182 -0.0322126301188
62.0464549084 -0.0007416331249 -0.0321801180246
62.1092867615 -0.000740141047288 -0.0321476713865
62.1721186145 -0.000738653460318 -0.0321152900067
62.2349504676 -0.00073717034598 -0.0320829736894
62.2977823207 -0.000735691686413 -0.0320507222388
62.3606141738 -0.000734217463821 -0.0320185354601
62.4234460268 -0.000732747660507 -0.0319864131593
62.4862778799 -0.000731282258846 -0.0319543551431
62.549109733 -0.000729821241314 -0.0319223612189
62.611941586 -0.000728364590471 -0.0318904311954
62.6747734391 -0.00072691228896 -0.0318585648812
62.7376052922 -0.000725464319497 -0.0318267620865
62.8004371453 -0.000724020664924 -0.0317950226216
62.8632689983 -0.000722581308126 -0.031763346298
62.9261008514 -0.000721146232096 -0.0317317329276
62.9889327045 -0.000719715419901 -0.0317001823232
63.0517645575 -0.000718288854703 -0.0316686942985
63.1145964106 -0.000716866519711 -0.0316372686678
63.1774282637 -0.00071544839829 -0.0316059052458
63.2402601168 -0.000714034473798 -0.0315746038487
63.3030919698 -0.000712624729736 -0.0315433642927
63.3659238229 -0.000711219149673 -0.031512186395
63.428755676 -0.000709817717239 -0.0314810699736
63.491587529 -0.000708420416172 -0.0314500148471
63.5544193821 -0.000707027230261 -0.0314190208349
63.6172512352 -0.000705638143405 -0.0313880877568
63.6800830883 -0.000704253139545 -0.0313572154339
63.7429149413 -0.000702872202738 -0.0313264036875
63.8057467944 -0.000701495317095 -0.0312956523398
63.8685786475 -0.000700122466818 -0.0312649612135
63.9314105006 -0.000698753636168 -0.0312343301323
63.9942423536 -0.000697388809503 -0.0312037589204
64.0570742067 -0.000696027971244 -0.0311732474025
64.1199060598 -0.000694671105884 -0.0311427954046
64.1827379128 -0.000693318198008 -0.0311124027526
64.2455697659 -0.000691969232254 -0.0310820692739
64.308401619 -0.000690624193361 -0.0310517947955
64.3712334721 -0.000689283066118 -0.0310215791461
64.4340653251 -0.000687945835395 -0.0309914221545
64.4968971782 -0.000686612486133 -0.0309613236505
64.5597290313 -0.000685283003359 -0.0309312834642
64.6225608843 -0.000683957372157 -0.0309013014263
64.6853927374 -0.000682635577678 -0.0308713773689
64.7482245905 -0.00068131760517 -0.0308415111238
64.8110564436 -0.000680003439921 -0.0308117025241
64.8738882966 -0.000678693067316 -0.0307819514031
64.9367201497 -0.000677386472794 -0.0307522575953
64.9995520028 -0.000676083641853 -0.0307226209351
65.0623838558 -0.000674784560091 -0.0306930412582
65.1252157089 -0.000673489213165 -0.0306635184005
65.188047562 -0.000672197586779 -0.0306340521988
65.2508794151 -0.00067090966672 -0.0306046424903
65.3137112681 -0.000669625438853 -0.030575289113
65.3765431212 -0.000668344889106 -0.0305459919052
65.4393749743 -0.000667068003446 -0.0305167507066
65.5022068273 -0.000665794767945 -0.0304875653564
65.5650386804 -0.000664525168732 -0.0304584356952
65.6278705335 -0.000663259191968 -0.0304293615644
65.6907023866 -0.000661996823936 -0.0304003428047
65.7535342396 -0.000660738050937 -0.0303713792591
65.8163660927 -0.000659482859357 -0.03034247077
65.8791979458 -0.000658231235638 -0.030313617181
65.9420297988 -0.000656983166299 -0.030284818336
66.0048616519 -0.000655738637922 -0.0302560740793
66.067693505 -0.000654497637121 -0.0302273842566
66.1305253581 -0.000653260150626 -0.0301987487131
66.1933572111 -0.000652026165186 -0.0301701672953
66.2561890642 -0.000650795667611 -0.0301416398505
66.3190209173 -0.000649568644824 -0.0301131662256
66.3818527704 -0.000648345083745 -0.0300847462689
66.4446846234 -0.00064712497139 -0.0300563798291
66.5075164765 -0.00064590829484 -0.0300280667552
66.5703483296 -0.000644695041214 -0.0299998068972
66.6331801826 -0.000643485197708 -0.0299716001053
66.6960120357 -0.000642278751576 -0.0299434462302
66.7588438888 -0.000641075690123 -0.0299153451238
66.8216757419 -0.000639876000728 -0.0298872966374
66.8845075949 -0.000638679670811 -0.0298593006241
66.947339448 -0.000637486687856 -0.0298313569369
67.0101713011 -0.000636297039416 -0.0298034654293
67.0730031541 -0.000635110713092 -0.0297756259555
67.1358350072 -0.000633927696541 -0.0297478383704
67.1986668603 -0.000632747977487 -0.0297201025289
67.2614987134 -0.000631571543694 -0.0296924182873
67.3243305664 -0.000630398382993 -0.0296647855016
67.3871624195 -0.000629228483281 -0.0296372040288
67.4499942726 -0.000628061832497 -0.0296096737262
67.5128261256 -0.000626898418641 -0.0295821944518
67.5756579787 -0.000625738229763 -0.0295547660639
67.6384898318 -0.000624581253974 -0.0295273884218
67.7013216849 -0.000623427479434 -0.0295000613847
67.7641535379 -0.00062227689436 -0.0294727848127
67.826985391 -0.000621129487031 -0.0294455585663
67.8898172441 -0.00061998524577 -0.0294183825066
67.9526490971 -0.00061884415895 -0.0293912564952
68.0154809502 -0.000617706215012 -0.029364180394
68.0783128033 -0.000616571402446 -0.0293371540655
68.1411446564 -0.000615439709765 -0.0293101773732
68.2039765094 -0.000614311125588 -0.0292832501801
68.2668083625 -0.00061318563853 -0.0292563723507
68.3296402156 -0.000612063237307 -0.0292295437495
68.3924720686 -0.000610943910654 -0.0292027642414
68.4553039217 -0.000609827647372 -0.0291760336921
68.5181357748 -0.00060871443631 -0.0291493519672
68.5809676279 -0.000607604266365 -0.029122718934
68.6437994809 -0.000606497126483 -0.0290961344589
68.706631334 -0.000605393005661 -0.0290695984095
68.7694631871 -0.000604291892933 -0.0290431106543
68.8322950402 -0.00060319377744 -0.0290166710608
68.8951268932 -0.00060209864829 -0.0289902794987
68.9579587463 -0.000601006494696 -0.0289639358372
69.0207905994 -0.000599917305884 -0.0289376399463
69.0836224524 -0.000598831071187 -0.0289113916957
69.1464543055 -0.000597747779906 -0.0288851909571
69.2092861586 -0.000596667421445 -0.0288590376014
69.2721180117 -0.000595589985252 -0.0288329315003
69.3349498647 -0.000594515460802 -0.028806872526
69.3977817178 -0.000593443837626 -0.0287808605512
69.4606135709 -0.000592375105299 -0.0287548954492
69.5234454239 -0.000591309253461 -0.0287289770932
69.586277277 -0.000590246271764 -0.0287031053578
69.6491091301 -0.000589186149947 -0.0286772801169
69.7119409832 -0.000588128877763 -0.0286515012458
69.7747728362 -0.00058707444502 -0.0286257686197
69.8376046893 -0.00058602284158 -0.0286000821148
69.9004365424 -0.000584974057337 -0.0285744416068
69.9632683954 -0.000583928082239 -0.0285488469728
70.0261002485 -0.000582884906276 -0.02852329809
70.0889321016 -0.000581844519488 -0.0284977948356
70.1517639547 -0.000580806911955 -0.028472337088
70.2145958077 -0.00057977207378 -0.0284469247257
70.2774276608 -0.000578739995153 -0.0284215576272
70.3402595139 -0.000577710666267 -0.0283962356723
70.4030913669 -0.000576684077391 -0.0283709587404
70.46592322 -0.000575660218813 -0.0283457267119
70.5287550731 -0.000574639080877 -0.0283205394671
70.5915869262 -0.000573620653958 -0.0282953968873
70.6544187792 -0.000572604928492 -0.0282702988538
70.7172506323 -0.000571591894921 -0.0282452452489
70.7800824854 -0.000570581543785 -0.0282202359542
70.8429143384 -0.000569573865621 -0.0281952708528
70.9057461915 -0.00056856885101 -0.0281703498279
70.9685780446 -0.000567566490606 -0.0281454727625
71.0314098977 -0.000566566775058 -0.0281206395413
71.0942417507 -0.000565569695113 -0.0280958500479
71.1570736038 -0.000564575241506 -0.0280711041674
71.2199054569 -0.000563583405018 -0.0280464017852
71.28273731 -0.00056259417654 -0.0280217427861
71.345569163 -0.000561607546888 -0.0279971270569
71.4084010161 -0.000560623507006 -0.0279725544835
71.4712328692 -0.000559642047857 -0.0279480249526
71.5340647222 -0.00055866316042 -0.0279235383515
71.5968965753 -0.000557686835723 -0.0278990945679
71.6597284284 -0.000556713064878 -0.0278746934892
71.7225602815 -0.000555741838963 -0.0278503350041
71.7853921345 -0.000554773149138 -0.0278260190014
71.8482239876 -0.000553806986584 -0.0278017453701
71.9110558407 -0.000552843342539 -0.0277775139997
71.9738876937 -0.000551882208276 -0.0277533247796
72.0367195468 -0.000550923575087 -0.0277291776006
72.0995513999 -0.000549967434305 -0.0277050723533
72.162383253 -0.000549013777326 -0.0276810089285
72.225215106 -0.000548062595554 -0.0276569872176
72.2880469591 -0.000547113880433 -0.0276330071127
72.3508788122 -0.000546167623481 -0.0276090685053
72.4137106652 -0.0005452238162 -0.0275851712882
72.4765425183 -0.00054428245016 -0.0275613153544
72.5393743714 -0.000543343516959 -0.0275375005971
72.6022062245 -0.000542407008222 -0.0275137269098
72.6650380775 -0.000541472915632 -0.0274899941867
72.7278699306 -0.000540541230897 -0.0274663023219
72.7907017837 -0.000539611945746 -0.0274426512101
72.8535336367 -0.000538685051962 -0.0274190407467
72.9163654898 -0.000537760541361 -0.0273954708266
72.9791973429 -0.000536838405781 -0.0273719413461
73.042029196 -0.000535918637125 -0.0273484522008
73.104861049 -0.000535001227294 -0.0273250032875
73.1676929021 -0.000534086168229 -0.0273015945031
73.2305247552 -0.000533173451928 -0.0272782257449
73.2933566082 -0.000532263070398 -0.0272548969104
73.3561884613 -0.000531355015721 -0.0272316078969
73.4190203144 -0.00053044927996 -0.0272083586033
73.4818521675 -0.000529545855226 -0.0271851489283
73.5446840205 -0.000528644733707 -0.0271619787701
73.6075158736 -0.000527745907571 -0.0271388480285
73.6703477267 -0.000526849369024 -0.0271157566033
73.7331795798 -0.000525955110339 -0.0270927043941
73.7960114328 -0.000525063123806 -0.0270696913011
73.8588432859 -0.000524173401723 -0.0270467172253
73.921675139 -0.000523285936459 -0.0270237820674
73.984506992 -0.000522400720385 -0.0270008857288
74.0473388451 -0.000521517745924 -0.0269780281112
74.1101706982 -0.000520637005516 -0.0269552091166
74.1730025513 -0.00051975849164 -0.0269324286472
74.2358344043 -0.000518882196814 -0.0269096866057
74.2986662574 -0.000518008113566 -0.0268869828951
74.3614981105 -0.000517136234501 -0.0268643174182
74.4243299635 -0.000516266552185 -0.0268416900792
74.4871618166 -0.000515399059274 -0.0268191007818
74.5499936697 -0.000514533748419 -0.0267965494305
74.6128255228 -0.000513670612337 -0.0267740359295
74.6756573758 -0.00051280964374 -0.0267515601838
74.7384892289 -0.000511950835387 -0.0267291220989
74.801321082 -0.000511094180071 -0.02670672158
74.864152935 -0.000510239670608 -0.0266843585328
74.9269847881 -0.000509387299837 -0.0266620328641
74.9898166412 -0.000508537060651 -0.0266397444796
75.0526484943 -0.000507688945943 -0.0266174932868
75.1154803473 -0.000506842948659 -0.0265952791922
75.1783122004 -0.00050599906176 -0.0265731021035
75.2411440535 -0.000505157278246 -0.0265509619282
75.3039759065 -0.000504317591132 -0.0265288585746
75.3668077596 -0.000503479993467 -0.0265067919511
75.4296396127 -0.000502644478353 -0.0264847619658
75.4924714658 -0.000501811038874 -0.0264627685281
75.5553033188 -0.000500979668189 -0.026440811547
75.6181351719 -0.000500150359449 -0.0264188909323
75.680967025 -0.00049932310586 -0.0263970065934
75.743798878 -0.00049849790064 -0.0263751584408
75.8066307311 -0.000497674737048 -0.0263533463846
75.8694625842 -0.000496853608351 -0.0263315703357
75.9322944373 -0.000496034507858 -0.0263098302054
75.9951262903 -0.000495217428908 -0.0262881259043
76.0579581434 -0.000494402364854 -0.0262664573445
76.1207899965 -0.000493589309096 -0.0262448244377
76.1836218496 -0.000492778255029 -0.0262232270964
76.2464537026 -0.000491969196118 -0.0262016652325
76.3092855557 -0.00049116212581 -0.0261801387595
76.3721174088 -0.000490357037624 -0.0261586475895
76.4349492618 -0.000489553925065 -0.0261371916365
76.4977811149 -0.00048875278168 -0.026115770814
76.560612968 -0.00048795360106 -0.0260943850356
76.6234448211 -0.000487156376791 -0.0260730342157
76.6862766741 -0.000486361102503 -0.0260517182688
76.7491085272 -0.000485567771852 -0.0260304371095
76.8119403803 -0.00048477637852 -0.0260091906528
76.8747722333 -0.000483986916204 -0.0259879788138
76.9376040864 -0.00048319937864 -0.0259668015084
77.0004359395 -0.000482413759571 -0.0259456586524
77.0632677926 -0.00048163005279 -0.0259245501617
77.1260996456 -0.000480848252099 -0.0259034759527
77.1889314987 -0.000480068351328 -0.0258824359422
77.2517633518 -0.00047929034433 -0.0258614300469
77.3145952048 -0.000478514225001 -0.025840458184
77.3774270579 -0.000477739987231 -0.025819520271
77.440258911 -0.000476967624944 -0.0257986162257
77.5030907641 -0.000476197132108 -0.025777745966
77.5659226171 -0.000475428502688 -0.0257569094103
77.6287544702 -0.000474661730702 -0.0257361064768
77.6915863233 -0.000473896810169 -0.0257153370845
77.7544181763 -0.000473133735133 -0.0256946011524
77.8172500294 -0.000472372499676 -0.0256738985998
77.8800818825 -0.000471613097903 -0.0256532293461
77.9429137356 -0.000470855523924 -0.0256325933112
78.0057455886 -0.000470099771883 -0.0256119904153
78.0685774417 -0.00046934583596 -0.0255914205785
78.1314092948 -0.000468593710333 -0.0255708837216
78.1942411478 -0.000467843389228 -0.0255503797654
78.2570730009 -0.000467094866895 -0.0255299086305
78.319904854 -0.000466348137572 -0.0255094702388
78.3827367071 -0.000465603195543 -0.0254890645118
78.4455685601 -0.000464860035135 -0.0254686913712
78.5084004132 -0.000464118650654 -0.0254483507393
78.5712322663 -0.000463379036472 -0.025428042538
78.6340641194 -0.000462641186957 -0.0254077666902
78.6968959724 -0.000461905096495 -0.0253875231188
78.7597278255 -0.000461170759519 -0.0253673117467
78.8225596786 -0.000460438170464 -0.0253471324972
78.8853915316 -0.000459707323798 -0.0253269852938
78.9482233847 -0.000458978214001 -0.0253068700605
79.0110552378 -0.000458250835573 -0.0252867867212
79.0738870909 -0.000457525183056 -0.0252667352004
79.1367189439 -0.00045680125099 -0.0252467154224
79.199550797 -0.000456079033946 -0.025226727312
79.2623826501 -0.000455358526527 -0.0252067707941
79.3252145031 -0.000454639723333 -0.0251868457942
79.3880463562 -0.000453922619018 -0.0251669522374
79.4508782093 -0.000453207208214 -0.0251470900498
79.5137100624 -0.000452493485616 -0.0251272591571
79.5765419154 -0.000451781445915 -0.0251074594856
79.6393737685 -0.000451071083828 -0.0250876909616
79.7022056216 -0.000450362394105 -0.0250679535115
79.7650374746 -0.000449655371493 -0.0250482470627
79.8278693277 -0.000448950010776 -0.0250285715419
79.8907011808 -0.000448246306767 -0.0250089268765
79.9535330339 -0.000447544254271 -0.0249893129942
80.0163648869 -0.000446843848146 -0.0249697298223
80.07919674 -0.000446145083225 -0.0249501772897
80.1420285931 -0.000445447954422 -0.0249306553237
80.2048604461 -0.000444752456623 -0.0249111638531
80.2676922992 -0.000444058584751 -0.0248917028066
80.3305241523 -0.000443366333745 -0.0248722721131
80.3933560054 -0.000442675698576 -0.0248528717016
80.4561878584 -0.000441986674204 -0.0248335015017
80.5190197115 -0.00044129925565 -0.0248141614426
80.5818515646 -0.000440613437915 -0.0247948514545
80.6446834176 -0.000439929216064 -0.0247755714666
80.7075152707 -0.000439246585119 -0.0247563214101
80.7703471238 -0.000438565540177 -0.024737101215
80.8331789769 -0.000437886076342 -0.0247179108115
80.8960108299 -0.000437208188708 -0.0246987501311
80.958842683 -0.000436531872415 -0.0246796191047
81.0216745361 -0.000435857122627 -0.0246605176633
81.0845063892 -0.000435183934497 -0.0246414457388
81.1473382422 -0.000434512303228 -0.0246224032627
81.2101700953 -0.000433842224028 -0.0246033901667
81.2730019484 -0.000433173692111 -0.0245844063831
81.3358338014 -0.000432506702734 -0.0245654518444
81.3986656545 -0.000431841251145 -0.0245465264831
81.4614975076 -0.000431177332652 -0.0245276302315
81.5243293607 -0.000430514942526 -0.024508763023
81.5871612137 -0.000429854076086 -0.024489924791
81.6499930668 -0.000429194728689 -0.0244711154682
81.7128249199 -0.000428536895669 -0.0244523349885
81.7756567729 -0.000427880572408 -0.0244335832854
81.838488626 -0.000427225754277 -0.0244148602937
81.9013204791 -0.000426572436704 -0.0243961659466
81.9641523322 -0.000425920615099 -0.0243775001789
82.0269841852 -0.000425270284907 -0.024358862925
82.0898160383 -0.000424621441585 -0.0243402541199
82.1526478914 -0.000423974080615 -0.0243216736984
82.2154797444 -0.000423328197461 -0.024303121596
82.2783115975 -0.000422683787665 -0.0242845977478
82.3411434506 -0.000422040846736 -0.0242661020893
82.4039753037 -0.000421399370228 -0.0242476345564
82.4668071567 -0.000420759353696 -0.0242291950849
82.5296390098 -0.000420120792711 -0.0242107836113
82.5924708629 -0.000419483682883 -0.0241924000714
82.6553027159 -0.000418848019817 -0.0241740444021
82.718134569 -0.00041821379913 -0.02415571654
82.7809664221 -0.000417581016468 -0.0241374164223
82.8437982752 -0.000416949667505 -0.0241191439855
82.9066301282 -0.000416319747888 -0.0241008991679
82.9694619813 -0.000415691253359 -0.0240826819055
83.0322938344 -0.000415064179578 -0.0240644921375
83.0951256875 -0.000414438522293 -0.0240463298008
83.1579575405 -0.000413814277243 -0.0240281948338
83.2207893936 -0.00041319144018 -0.0240100871748
83.2836212467 -0.000412570006884 -0.0239920067618
83.3464530997 -0.000411949973131 -0.0239739535341
83.4092849528 -0.00041133133475 -0.0239559274296
83.4721168059 -0.00041071408753 -0.0239379283884
83.534948659 -0.000410098227331 -0.0239199563486
83.597780512 -0.000409483749995 -0.0239020112501
83.6606123651 -0.000408870651386 -0.0238840930323
83.7234442182 -0.000408258927393 -0.023866201635
83.7862760712 -0.0004076485739 -0.023848336998
83.8491079243 -0.000407039586836 -0.0238304990612
83.9119397774 -0.000406431962137 -0.0238126877647
83.9747716305 -0.000405825695723 -0.0237949030494
84.0376034835 -0.000405220783559 -0.0237771448559
84.1004353366 -0.000404617221621 -0.0237594131247
84.1632671897 -0.000404015005902 -0.0237417077967
84.2260990427 -0.000403414132404 -0.023724028813
84.2889308958 -0.000402814597136 -0.0237063761153
84.3517627489 -0.000402216396135 -0.0236887496447
84.414594602 -0.000401619525455 -0.0236711493428
84.477426455 -0.000401023981149 -0.0236535751517
84.5402583081 -0.000400429759296 -0.0236360270134
84.6030901612 -0.000399836855993 -0.0236185048697
84.6659220142 -0.000399245267337 -0.023601008663
84.7287538673 -0.000398654989459 -0.0235835383362
84.7915857204 -0.000398066018482 -0.0235660938317
84.8544175735 -0.000397478350551 -0.0235486750923
84.9172494265 -0.000396891981848 -0.0235312820611
84.9800812796 -0.000396306908527 -0.0235139146813
85.0429131327 -0.000395723126783 -0.0234965728963
85.1057449857 -0.000395140632844 -0.023479256649
85.1685768388 -0.000394559422898 -0.0234619658842
85.2314086919 -0.000393979493198 -0.0234447005449
85.294240545 -0.000393400839986 -0.023427460575
85.357072398 -0.000392823459514 -0.0234102459194
85.4199042511 -0.000392247348054 -0.023393056522
85.4827361042 -0.000391672501901 -0.0233758923273
85.5455679573 -0.000391098917353 -0.0233587532801
85.6083998103 -0.000390526590733 -0.023341639325
85.6712316634 -0.000389955518361 -0.023324550407
85.7340635165 -0.000389385696575 -0.0233074864715
85.7968953695 -0.000388817121725 -0.0232904474638
85.8597272226 -0.000388249790197 -0.0232734333288
85.9225590757 -0.000387683698347 -0.0232564440132
85.9853909288 -0.000387118842601 -0.0232394794615
86.0482227818 -0.000386555219344 -0.0232225396204
86.1110546349 -0.000385992824985 -0.0232056244362
86.173886488 -0.000385431655989 -0.0231887338545
86.236718341 -0.000384871708784 -0.023171867822
86.2995501941 -0.000384312979824 -0.0231550262853
86.3623820472 -0.000383755465589 -0.0231382091912
86.4252139003 -0.000383199162564 -0.0231214164865
86.4880457533 -0.000382644067237 -0.0231046481182
86.5508776064 -0.00038209017613 -0.0230879040335
86.6137094595 -0.000381537485756 -0.0230711841797
86.6765413125 -0.00038098599266 -0.0230544885041
86.7393731656 -0.000380435693373 -0.0230378169549
86.8022050187 -0.000379886584473 -0.0230211694791
86.8650368718 -0.000379338662526 -0.0230045460253
86.9278687248 -0.000378791924112 -0.0229879465413
86.9907005779 -0.000378246365825 -0.0229713709753
87.053532431 -0.000377701984284 -0.022954819276
87.116364284 -0.000377158776107 -0.0229382913915
87.1791961371 -0.000376616737935 -0.0229217872704
87.2420279902 -0.00037607586638 -0.0229053068625
87.3048598433 -0.000375536158138 -0.0228888501156
87.3676916963 -0.000374997609875 -0.0228724169791
87.4305235494 -0.000374460218236 -0.0228560074032
87.4933554025 -0.000373923979962 -0.022839621336
87.5561872555 -0.000373388891713 -0.022823258728
87.6190191086 -0.000372854950249 -0.0228069195282
87.6818509617 -0.000372322152267 -0.0227906036868
87.7446828148 -0.000371790494514 -0.022774311154
87.8075146678 -0.000371259973755 -0.0227580418795
87.8703465209 -0.000370730586727 -0.0227417958139
87.933178374 -0.000370202330219 -0.0227255729077
87.9960102271 -0.000369675201027 -0.0227093731111
88.0588420801 -0.000369149195942 -0.0226931963747
88.1216739332 -0.000368624311768 -0.0226770426497
88.1845057863 -0.000368100545327 -0.0226609118868
88.2473376393 -0.000367577893447 -0.0226448040376
88.3101694924 -0.000367056352971 -0.022628719053
88.3730013455 -0.000366535920759 -0.0226126568843
88.4358331986 -0.000366016593667 -0.0225966174832
88.4986650516 -0.000365498368594 -0.022580600801
88.5614969047 -0.000364981242385 -0.0225646067903
88.6243287578 -0.000364465211983 -0.0225486354021
88.6871606108 -0.000363950274273 -0.0225326865889
88.7499924639 -0.000363436426173 -0.0225167603032
88.812824317 -0.000362923664613 -0.022500856497
88.8756561701 -0.000362411986553 -0.0224849751226
88.9384880231 -0.000361901388925 -0.0224691161331
89.0013198762 -0.000361391868704 -0.0224532794808
89.0641517293 -0.000360883422851 -0.0224374651191
89.1269835823 -0.000360376048359 -0.0224216730004
89.1898154354 -0.000359869742217 -0.0224059030783
89.2526472885 -0.000359364501446 -0.0223901553057
89.3154791416 -0.000358860323041 -0.0223744296363
89.3783109946 -0.000358357204036 -0.0223587260236
89.4411428477 -0.000357855141471 -0.0223430444212
89.5039747008 -0.000357354132389 -0.0223273847829
89.5668065538 -0.000356854173846 -0.0223117470625
89.6296384069 -0.00035635526292 -0.0222961312141
89.69247026 -0.000355857396668 -0.0222805371924
89.7553021131 -0.000355360572193 -0.022264964951
89.8181339661 -0.0003548647866 -0.0222494144443
89.8809658192 -0.000354370036971 -0.0222338856278
89.9437976723 -0.000353876320455 -0.0222183784548
90.0066295253 -0.000353383634166 -0.0222028928811
90.0694613784 -0.00035289197522 -0.0221874288618
90.1322932315 -0.000352401340795 -0.0221719863515
90.1951250846 -0.000351911728043 -0.0221565653053
90.2579569376 -0.000351423134139 -0.0221411656784
90.3207887907 -0.000350935556231 -0.0221257874269
90.3836206438 -0.000350448991529 -0.0221104305059
90.4464524969 -0.000349963437239 -0.0220950948709
90.5092843499 -0.000349478890541 -0.0220797804782
90.572116203 -0.000348995348673 -0.0220644872833
90.6349480561 -0.000348512808846 -0.0220492152426
90.6977799091 -0.000348031268308 -0.0220339643121
90.7606117622 -0.000347550724282 -0.0220187344484
90.8234436153 -0.000347071174045 -0.0220035256074
90.8862754684 -0.000346592614865 -0.0219883377457
90.9491073214 -0.000346115043998 -0.0219731708202
91.0119391745 -0.000345638458733 -0.0219580247876
91.0747710276 -0.000345162856352 -0.0219428996051
91.1376028806 -0.00034468823418 -0.021927795229
91.2004347337 -0.00034421458951 -0.0219127116169
91.2632665868 -0.000343741919664 -0.0218976487259
91.3260984399 -0.000343270221969 -0.0218826065136
91.3889302929 -0.000342799493776 -0.0218675849372
91.451762146 -0.000342329732417 -0.0218525839541
91.5145939991 -0.000341860935243 -0.021837603523
91.5774258521 -0.000341393099646 -0.0218226436005
91.6402577052 -0.000340926222975 -0.0218077041453
91.7030895583 -0.000340460302616 -0.0217927851154
91.7659214114 -0.000339995335974 -0.0217778864688
91.8287532644 -0.000339531320443 -0.0217630081635
91.8915851175 -0.000339068253444 -0.0217481501581
91.9544169706 -0.000338606132383 -0.0217333124112
92.0172488236 -0.00033814495466 -0.0217184948821
92.0800806767 -0.000337684717757 -0.0217036975285
92.1429125298 -0.00033722541911 -0.0216889203094
92.2057443829 -0.000336767056147 -0.0216741631844
92.2685762359 -0.000336309626352 -0.0216594261121
92.331408089 -0.000335853127187 -0.0216447090517
92.3942399421 -0.00033539755615 -0.0216300119622
92.4570717951 -0.000334942910702 -0.0216153348037
92.5199036482 -0.000334489188334 -0.0216006775358
92.5827355013 -0.000334036386599 -0.0215860401168
92.6455673544 -0.000333584502959 -0.0215714225078
92.7083992074 -0.00033313353496 -0.0215568246681
92.7712310605 -0.000332683480127 -0.0215422465578
92.8340629136 -0.000332234335989 -0.021527688137
92.8968947667 -0.00033178610011 -0.0215131493655
92.9597266197 -0.000331338770034 -0.0214986302038
93.0225584728 -0.000330892343323 -0.0214841306126
93.0853903259 -0.000330446817561 -0.0214696505516
93.1482221789 -0.000330002190303 -0.0214551899824
93.211054032 -0.000329558459157 -0.0214407488649
93.2738858851 -0.00032911562171 -0.0214263271603
93.3367177382 -0.000328673675563 -0.0214119248294
93.3995495912 -0.000328232618336 -0.0213975418333
93.4623814443 -0.000327792447636 -0.0213831781331
93.5252132974 -0.000327353161108 -0.0213688336898
93.5880451504 -0.000326914756379 -0.0213545084649
93.6508770035 -0.000326477231085 -0.0213402024198
93.7137088566 -0.000326040582887 -0.0213259155161
93.7765407097 -0.000325604809435 -0.0213116477154
93.8393725627 -0.000325169908404 -0.0212973989796
93.9022044158 -0.000324735877467 -0.0212831692701
93.9650362689 -0.000324302714306 -0.0212689585491
94.0278681219 -0.00032387041661 -0.0212547667787
94.090699975 -0.000323438982073 -0.0212405939212
94.1535318281 -0.0003230084084 -0.0212264399386
94.2163636812 -0.000322578693314 -0.0212123047933
94.2791955342 -0.000322149834526 -0.0211981884478
94.3420273873 -0.000321721829764 -0.0211840908646
94.4048592404 -0.000321294676776 -0.0211700120062
94.4676910934 -0.000320868373281 -0.0211559518356
94.5305229465 -0.000320442917061 -0.0211419103153
94.5933547996 -0.000320018305855 -0.0211278874087
94.6561866527 -0.000319594537421 -0.0211138830785
94.7190185057 -0.000319171609544 -0.0210998972881
94.7818503588 -0.000318749519994 -0.0210859300007
94.8446822119 -0.00031832826659 -0.0210719811788
94.9075140649 -0.00031790784708 -0.0210580507873
94.970345918 -0.000317488259296 -0.0210441387887
95.0331777711 -0.000317069501043 -0.0210302451468
95.0960096242 -0.000316651570119 -0.0210163698257
95.1588414772 -0.00031623446438 -0.0210025127886
95.2216733303 -0.000315818181629 -0.0209886739999
95.2845051834 -0.00031540271973 -0.0209748534231
95.3473370365 -0.000314988076499 -0.0209610510229
95.4101688895 -0.000314574249793 -0.0209472667635
95.4730007426 -0.000314161237501 -0.0209335006084
95.5358325957 -0.000313749037453 -0.0209197525226
95.5986644487 -0.000313337647537 -0.0209060224706
95.6614963018 -0.000312927065639 -0.0208923104166
95.7243281549 -0.000312517289632 -0.0208786163256
95.787160008 -0.000312108317419 -0.0208649401624
95.849991861 -0.000311700146904 -0.0208512818914
95.9128237141 -0.000311292775982 -0.0208376414779
95.9756555672 -0.000310886202569 -0.020824018887
96.0384874202 -0.000310480424593 -0.0208104140835
96.1013192733 -0.000310075440001 -0.0207968270325
96.1641511264 -0.000309671246684 -0.0207832577
96.2269829795 -0.000309267842613 -0.0207697060508
96.2898148325 -0.000308865225734 -0.0207561720502
96.3526466856 -0.000308463393991 -0.0207426556644
96.4154785387 -0.00030806234535 -0.0207291568589
96.4783103917 -0.000307662077796 -0.0207156755987
96.5411422448 -0.000307262589262 -0.020702211851
96.6039740979 -0.000306863877778 -0.0206887655802
96.666805951 -0.000306465941299 -0.0206753367535
96.729637804 -0.000306068777833 -0.0206619253363
96.7924696571 -0.000305672385372 -0.0206485312952
96.8553015102 -0.000305276761924 -0.0206351545966
96.9181333632 -0.000304881905504 -0.0206217952063
96.9809652163 -0.000304487814132 -0.0206084530913
97.0437970694 -0.00030409448584 -0.0205951282177
97.1066289225 -0.000303701918669 -0.020581820552
97.1694607755 -0.000303310110631 -0.0205685300614
97.2322926286 -0.000302919059784 -0.0205552567129
97.2951244817 -0.000302528764181 -0.0205420004728
97.3579563347 -0.000302139221893 -0.0205287613079
97.4207881878 -0.000301750430956 -0.0205155391859
97.4836200409 -0.000301362389464 -0.0205023340736
97.546451894 -0.000300975095488 -0.020489145938
97.609283747 -0.00030058854709 -0.0204759747472
97.6721156001 -0.000300202742384 -0.0204628204678
97.7349474532 -0.000299817679463 -0.0204496830674
97.7977793063 -0.00029943335642 -0.0204365625137
97.8606111593 -0.000299049771356 -0.0204234587746
97.9234430124 -0.000298666922403 -0.020410371817
97.9862748655 -0.000298284807664 -0.0203973016093
98.0491067185 -0.000297903425261 -0.0203842481198
98.1119385716 -0.000297522773338 -0.0203712113156
98.1747704247 -0.000297142850032 -0.0203581911653
98.2376022778 -0.000296763653477 -0.0203451876368
98.3004341308 -0.000296385181821 -0.0203322006985
98.3632659839 -0.00029600743323 -0.0203192303185
98.426097837 -0.000295630405848 -0.0203062764652
98.48892969 -0.00029525409786 -0.0202933391071
98.5517615431 -0.000294878507431 -0.0202804182127
98.6145933962 -0.000294503632722 -0.020267513751
98.6774252493 -0.000294129471949 -0.0202546256899
98.7402571023 -0.000293756023279 -0.0202417539988
98.8030889554 -0.000293383284909 -0.0202288986464
98.8659208085 -0.000293011255053 -0.0202160596015
98.9287526615 -0.000292639931912 -0.020203236833
98.9915845146 -0.000292269313687 -0.0201904303104
99.0544163677 -0.000291899398609 -0.0201776400026
99.1172482208 -0.000291530184884 -0.0201648658792
99.1800800738 -0.000291161670774 -0.0201521079088
99.2429119269 -0.000290793854484 -0.0201393660613
99.30574378 -0.000290426734256 -0.0201266403064
99.368575633 -0.000290060308359 -0.0201139306129
99.4314074861 -0.000289694575027 -0.020101236951
99.4942393392 -0.000289329532513 -0.0200885592906
99.5570711923 -0.000288965179084 -0.0200758976012
99.6199030453 -0.00028860151303 -0.0200632518519
99.6827348984 -0.000288238532584 -0.0200506220141
99.7455667515 -0.000287876236055 -0.0200380080567
99.8083986045 -0.000287514621707 -0.0200254099504
99.8712304576 -0.000287153687846 -0.0200128276651
99.9340623107 -0.000286793432761 -0.0200002611709
99.9968941638 -0.000286433854753 -0.0199877104383
100.059726017 -0.000286074952128 -0.0199751754376
100.12255787 -0.000285716723193 -0.0199626561393
100.185389723 -0.000285359166263 -0.0199501525141
100.248221576 -0.000285002279673 -0.0199376645321
100.311053429 -0.00028464606172 -0.0199251921647
100.373885282 -0.00028429051077 -0.0199127353821
100.436717135 -0.000283935625138 -0.0199002941553
100.499548988 -0.000283581403173 -0.0198878684553
100.562380841 -0.000283227843227 -0.0198754582526
100.625212694 -0.000282874943647 -0.0198630635189
100.688044548 -0.000282522702787 -0.0198506842251
100.750876401 -0.000282171119012 -0.0198383203422
100.813708254 -0.000281820190697 -0.0198259718415
100.876540107 -0.000281469916204 -0.0198136386946
100.93937196 -0.000281120293921 -0.0198013208725
101.002203813 -0.000280771322224 -0.019789018347
101.065035666 -0.0002804229995 -0.0197767310895
101.127867519 -0.000280075324146 -0.0197644590716
101.190699372 -0.000279728294565 -0.0197522022647
101.253531225 -0.000279381909143 -0.0197399606413
101.316363078 -0.000279036166301 -0.0197277341728
101.379194931 -0.000278691064459 -0.0197155228307
101.442026784 -0.000278346602005 -0.0197033265877
101.504858637 -0.000278002777398 -0.0196911454152
101.567690491 -0.000277659589039 -0.0196789792858
101.630522344 -0.000277317035368 -0.0196668281713
101.693354197 -0.000276975114827 -0.019654692044
101.75618605 -0.000276633825851 -0.0196425708763
101.819017903 -0.000276293166892 -0.0196304646407
101.881849756 -0.000275953136409 -0.019618373309
101.944681609 -0.000275613732826 -0.019606296855
102.007513462 -0.000275274954632 -0.0195942352502
102.070345315 -0.000274936800288 -0.0195821884674
102.133177168 -0.000274599268256 -0.0195701564796
102.196009021 -0.000274262357024 -0.0195581392591
102.258840874 -0.000273926065068 -0.0195461367792
102.321672727 -0.000273590390859 -0.0195341490129
102.38450458 -0.000273255332879 -0.0195221759332
102.447336434 -0.000272920889672 -0.0195102175122
102.510168287 -0.000272587059694 -0.0194982737238
102.57300014 -0.000272253841442 -0.0194863445415
102.635831993 -0.00027192123344 -0.019474429938
102.698663846 -0.0002715892342 -0.0194625298866
102.761495699 -0.000271257842225 -0.019450644361
102.824327552 -0.000270927056062 -0.0194387733341
102.887159405 -0.000270596874203 -0.0194269167802
102.949991258 -0.0002702672952 -0.0194150746723
103.012823111 -0.000269938317583 -0.0194032469838
103.075654964 -0.000269609939899 -0.0193914336888
103.138486817 -0.000269282160667 -0.0193796347612
103.20131867 -0.000268954978455 -0.0193678501747
103.264150523 -0.000268628391807 -0.0193560799028
103.326982377 -0.000268302399275 -0.0193443239202
103.38981423 -0.00026797699943 -0.0193325822001
103.452646083 -0.000267652190838 -0.0193208547169
103.515477936 -0.00026732797206 -0.0193091414448
103.578309789 -0.00026700434168 -0.0192974423577
103.641141642 -0.000266681298257 -0.0192857574306
103.703973495 -0.000266358840382 -0.0192740866374
103.766805348 -0.000266036966652 -0.0192624299522
103.829637201 -0.000265715675646 -0.01925078735
103.892469054 -0.000265394965975 -0.0192391588044
103.955300907 -0.00026507483621 -0.0192275442912
104.01813276 -0.000264755284993 -0.0192159437839
104.080964613 -0.000264436310889 -0.0192043572579
104.143796467 -0.000264117912537 -0.019192784688
104.20662832 -0.000263800088548 -0.0191812260486
104.269460173 -0.00026348283754 -0.0191696813148
104.332292026 -0.00026316615814 -0.0191581504614
104.395123879 -0.000262850048976 -0.0191466334635
104.457955732 -0.000262534508685 -0.019135130296
104.520787585 -0.000262219535886 -0.0191236409343
104.583619438 -0.00026190512923 -0.0191121653536
104.646451291 -0.000261591287383 -0.0191007035286
104.709283144 -0.000261278008962 -0.019089255435
104.772114997 -0.000260965292632 -0.0190778210482
104.83494685 -0.000260653137053 -0.0190664003436
104.897778703 -0.000260341540878 -0.0190549932968
104.960610556 -0.000260030502777 -0.0190435998829
105.02344241 -0.000259720021433 -0.0190322200775
105.086274263 -0.000259410095497 -0.0190208538564
105.149106116 -0.000259100723651 -0.0190095011957
105.211937969 -0.000258791904576 -0.018998162071
105.274769822 -0.000258483636963 -0.0189868364577
105.337601675 -0.000258175919499 -0.0189755243317
105.400433528 -0.000257868750884 -0.0189642256691
105.463265381 -0.000257562129781 -0.0189529404466
105.526097234 -0.000257256054923 -0.0189416686394
105.588929087 -0.00025695052501 -0.0189304102236
105.65176094 -0.000256645538746 -0.0189191651754
105.714592793 -0.000256341094839 -0.0189079334713
105.777424646 -0.000256037192 -0.0188967150879
105.840256499 -0.000255733828962 -0.0188855100008
105.903088353 -0.000255431004447 -0.0188743181865
105.965920206 -0.00025512871717 -0.0188631396218
106.028752059 -0.000254826965873 -0.0188519742829
106.091583912 -0.000254525749273 -0.0188408221469
106.154415765 -0.000254225066146 -0.0188296831891
106.217247618 -0.000253924915181 -0.0188185573881
106.280079471 -0.000253625295164 -0.0188074447189
106.342911324 -0.000253326204829 -0.0187963451593
106.405743177 -0.000253027642935 -0.0187852586855
106.46857503 -0.000252729608232 -0.0187741852748
106.531406883 -0.000252432099475 -0.0187631249043
106.594238736 -0.000252135115459 -0.01875207755
106.657070589 -0.000251838654912 -0.01874104319
106.719902442 -0.000251542716626 -0.0187300218012
106.782734296 -0.000251247299359 -0.0187190133608
106.845566149 -0.000250952401912 -0.0187080178455
106.908398002 -0.000250658023049 -0.0186970352332
106.971229855 -0.000250364161582 -0.0186860655002
107.034061708 -0.000250070816264 -0.018675108625
107.096893561 -0.000249777985916 -0.0186641645844
107.159725414 -0.000249485669317 -0.0186532333561
107.222557267 -0.000249193865277 -0.0186423149175
107.28538912 -0.000248902572584 -0.0186314092465
107.348220973 -0.000248611790059 -0.0186205163205
107.411052826 -0.000248321516501 -0.0186096361173
107.473884679 -0.000248031750745 -0.018598768614
107.536716532 -0.000247742491586 -0.0185879137892
107.599548385 -0.000247453737856 -0.0185770716204
107.662380239 -0.000247165488364 -0.0185662420858
107.725212092 -0.000246877741964 -0.0185554251624
107.788043945 -0.000246590497462 -0.0185446208293
107.850875798 -0.0002463037537 -0.0185338290641
107.913707651 -0.00024601750952 -0.0185230498448
107.976539504 -0.000245731763749 -0.0185122831499
108.039371357 -0.000245446515252 -0.018501528957
108.10220321 -0.000245161762865 -0.0184907872448
108.165035063 -0.000244877505438 -0.0184800579915
108.227866916 -0.000244593741822 -0.0184693411756
108.290698769 -0.000244310470879 -0.0184586367753
108.353530622 -0.000244027691487 -0.0184479447686
108.416362475 -0.000243745402473 -0.0184372651351
108.479194328 -0.000243463602738 -0.0184265978522
108.542026182 -0.000243182291123 -0.0184159428997
108.604858035 -0.000242901466544 -0.0184053002547
108.667689888 -0.000242621127824 -0.0183946698977
108.730521741 -0.00024234127389 -0.0183840518059
108.793353594 -0.000242061903599 -0.018373445959
108.856185447 -0.000241783015846 -0.0183628523355
108.9190173 -0.000241504609514 -0.0183522709145
108.981849153 -0.000241226683519 -0.0183417016743
109.044681006 -0.00024094923673 -0.0183311445948
109.107512859 -0.00024067226806 -0.0183205996546
109.170344712 -0.000240395776418 -0.0183100668326
109.233176565 -0.000240119760689 -0.0182995461084
109.296008418 -0.000239844219798 -0.0182890374607
109.358840271 -0.000239569152656 -0.0182785408689
109.421672125 -0.000239294558181 -0.0182680563122
109.484503978 -0.000239020435275 -0.0182575837704
109.547335831 -0.000238746782877 -0.0182471232223
109.610167684 -0.000238473599896 -0.0182366746478
109.672999537 -0.000238200885282 -0.0182262380257
109.73583139 -0.000237928637939 -0.0182158133361
109.798663243 -0.00023765685682 -0.0182054005584
109.861495096 -0.000237385540857 -0.018194999672
109.924326949 -0.000237114688978 -0.0181846106572
109.987158802 -0.000236844300139 -0.0181742334929
110.049990655 -0.000236574373297 -0.0181638681588
110.112822508 -0.000236304907366 -0.0181535146357
110.175654361 -0.000236035901329 -0.0181431729024
110.238486214 -0.000235767354125 -0.0181328429393
110.301318068 -0.000235499264719 -0.0181225247263
110.364149921 -0.000235231632063 -0.0181122182433
110.426981774 -0.000234964455139 -0.0181019234699
110.489813627 -0.00023469773289 -0.0180916403868
110.55264548 -0.000234431464292 -0.0180813689742
110.615477333 -0.000234165648338 -0.0180711092114
110.678309186 -0.000233900283968 -0.0180608610796
110.741141039 -0.00023363537019 -0.0180506245584
110.803972892 -0.000233370905971 -0.0180403996282
110.866804745 -0.000233106890299 -0.0180301862694
110.929636598 -0.000232843322159 -0.0180199844624
110.992468451 -0.000232580200536 -0.0180097941878
111.055300304 -0.000232317524438 -0.0179996154254
111.118132157 -0.000232055292846 -0.0179894481564
111.180964011 -0.000231793504756 -0.0179792923615
111.243795864 -0.000231532159189 -0.0179691480203
111.306627717 -0.000231271255117 -0.0179590151146
111.36945957 -0.000231010791582 -0.0179488936242
111.432291423 -0.000230750767556 -0.0179387835307
111.495123276 -0.000230491182083 -0.0179286848138
111.557955129 -0.000230232034163 -0.0179185974554
111.620786982 -0.00022997332282 -0.0179085214355
111.683618835 -0.000229715047061 -0.0178984567356
111.746450688 -0.000229457205932 -0.0178884033361
111.809282541 -0.000229199798445 -0.017878361218
111.872114394 -0.000228942823629 -0.0178683303631
111.934946247 -0.000228686280515 -0.0178583107518
111.9977781 -0.000228430168134 -0.0178483023656
112.060609954 -0.000228174485536 -0.017838305185
112.123441807 -0.000227919231739 -0.0178283191922
112.18627366 -0.000227664405807 -0.0178183443676
112.249105513 -0.000227410006772 -0.0178083806927
112.311937366 -0.000227156033684 -0.0177984281491
112.374769219 -0.000226902485599 -0.0177884867175
112.437601072 -0.000226649361561 -0.0177785563804
112.500432925 -0.000226396660624 -0.0177686371184
112.563264778 -0.000226144381855 -0.0177587289133
112.626096631 -0.000225892524315 -0.0177488317464
112.688928484 -0.000225641087066 -0.0177389455993
112.751760337 -0.000225390069157 -0.0177290704541
112.81459219 -0.000225139469686 -0.0177192062916
112.877424043 -0.000224889287705 -0.0177093530942
112.940255897 -0.000224639522283 -0.0176995108436
113.00308775 -0.000224390172505 -0.0176896795215
113.065919603 -0.00022414123746 -0.0176798591092
113.128751456 -0.000223892716205 -0.0176700495892
113.191583309 -0.000223644607839 -0.0176602509434
113.254415162 -0.000223396911449 -0.0176504631533
113.317247015 -0.000223149626127 -0.0176406862011
113.380078868 -0.000222902750955 -0.0176309200687
113.442910721 -0.000222656285029 -0.0176211647384
113.505742574 -0.000222410227455 -0.0176114201919
113.568574427 -0.000222164577319 -0.0176016864118
113.63140628 -0.000221919333725 -0.0175919633801
113.694238133 -0.000221674495776 -0.0175822510791
113.757069986 -0.000221430062588 -0.0175725494908
113.81990184 -0.000221186033265 -0.0175628585976
113.882733693 -0.000220942406907 -0.0175531783821
113.945565546 -0.000220699182649 -0.0175435088261
114.008397399 -0.000220456359586 -0.0175338499127
114.071229252 -0.000220213936856 -0.0175242016237
114.134061105 -0.000219971913554 -0.0175145639423
114.196892958 -0.000219730288833 -0.0175049368503
114.259724811 -0.000219489061806 -0.0174953203304
114.322556664 -0.000219248231595 -0.0174857143657
114.385388517 -0.000219007797329 -0.0174761189386
114.44822037 -0.00021876775816 -0.0174665340315
114.511052223 -0.000218528113197 -0.0174569596277
114.573884076 -0.000218288861614 -0.0174473957086
114.636715929 -0.000218050002503 -0.0174378422592
114.699547783 -0.000217811535051 -0.0174282992602
114.762379636 -0.000217573458375 -0.0174187666957
114.825211489 -0.000217335771631 -0.0174092445484
114.888043342 -0.000217098473968 -0.0173997328011
114.950875195 -0.000216861564541 -0.0173902314366
115.013707048 -0.000216625042501 -0.017380740438
115.076538901 -0.000216388907002 -0.0173712597888
115.139370754 -0.000216153157206 -0.0173617894714
115.202202607 -0.000215917792274 -0.0173523294696
115.26503446 -0.000215682811362 -0.0173428797662
115.327866313 -0.000215448213647 -0.0173334403441
115.390698166 -0.000215213998288 -0.0173240111873
115.453530019 -0.00021498016446 -0.0173145922785
115.516361872 -0.00021474671133 -0.0173051836013
115.579193726 -0.000214513638077 -0.0172957851386
115.642025579 -0.000214280943876 -0.0172863968744
115.704857432 -0.00021404862791 -0.0172770187916
115.767689285 -0.00021381668935 -0.0172676508739
115.830521138 -0.000213585127383 -0.0172582931048
115.893352991 -0.000213353941201 -0.0172489454679
115.956184844 -0.000213123129987 -0.0172396079465
116.019016697 -0.000212892692933 -0.0172302805244
116.08184855 -0.000212662629233 -0.017220963185
116.144680403 -0.000212432938076 -0.0172116559122
116.207512256 -0.000212203618656 -0.0172023586899
116.270344109 -0.000211974670177 -0.0171930715014
116.333175962 -0.000211746091848 -0.0171837943303
116.396007816 -0.000211517882854 -0.0171745271612
116.458839669 -0.00021129004242 -0.0171652699772
116.521671522 -0.000211062569733 -0.0171560227625
116.584503375 -0.000210835464003 -0.0171467855014
116.647335228 -0.000210608724466 -0.0171375581771
116.710167081 -0.000210382350309 -0.0171283407741
116.772998934 -0.000210156340767 -0.0171191332761
116.835830787 -0.000209930695037 -0.0171099356675
116.89866264 -0.000209705412364 -0.0171007479318
116.961494493 -0.000209480491955 -0.0170915700535
117.024326346 -0.000209255933026 -0.0170824020172
117.087158199 -0.000209031734829 -0.0170732438061
117.149990052 -0.000208807896571 -0.0170640954049
117.212821905 -0.000208584417481 -0.0170549567983
117.275653759 -0.000208361296801 -0.01704582797
117.338485612 -0.000208138533757 -0.0170367089047
117.401317465 -0.000207916127608 -0.0170275995861
117.464149318 -0.000207694077561 -0.0170184999995
117.526981171 -0.000207472382879 -0.0170094101285
117.589813024 -0.000207251042783 -0.0170003299585
117.652644877 -0.000207030056545 -0.0169912594727
117.71547673 -0.000206809423402 -0.0169821986564
117.778308583 -0.000206589142581 -0.0169731474947
117.841140436 -0.000206369213356 -0.0169641059711
117.903972289 -0.000206149634977 -0.0169550740708
117.966804142 -0.000205930406692 -0.0169460517784
118.029635995 -0.000205711527753 -0.0169370390787
118.092467848 -0.00020549299743 -0.0169280359559
118.155299702 -0.000205274814992 -0.0169190423948
118.218131555 -0.000205056979675 -0.0169100583809
118.280963408 -0.000204839490754 -0.0169010838988
118.343795261 -0.000204622347504 -0.0168921189329
118.406627114 -0.000204405549194 -0.0168831634681
118.469458967 -0.000204189095069 -0.0168742174899
118.53229082 -0.000203972984428 -0.0168652809826
118.595122673 -0.00020375721654 -0.0168563539316
118.657954526 -0.00020354179068 -0.0168474363214
118.720786379 -0.000203326706122 -0.0168385281377
118.783618232 -0.000203111962143 -0.0168296293652
118.846450085 -0.000202897558029 -0.016820739989
118.909281938 -0.000202683493062 -0.0168118599944
118.972113791 -0.000202469766528 -0.0168029893664
119.034945645 -0.000202256377723 -0.0167941280899
119.097777498 -0.00020204332592 -0.0167852761508
119.160609351 -0.000201830610421 -0.0167764335342
119.223441204 -0.000201618230506 -0.0167676002251
119.286273057 -0.000201406185493 -0.0167587762086
119.34910491 -0.000201194474667 -0.0167499614704
119.411936763 -0.000200983097312 -0.0167411559964
119.474768616 -0.00020077205274 -0.0167323597714
119.537600469 -0.000200561340269 -0.0167235727802
119.600432322 -0.000200350959185 -0.0167147950093
119.663264175 -0.000200140908786 -0.0167060264442
119.726096028 -0.000199931188396 -0.0166972670704
119.788927881 -0.00019972179732 -0.0166885168724
119.851759734 -0.000199512734866 -0.016679775837
119.914591588 -0.000199304000357 -0.0166710439492
119.977423441 -0.000199095593089 -0.016662321195
120.040255294 -0.0001988875124 -0.0166536075597
120.103087147 -0.000198679757598 -0.0166449030291
120.165919 -0.000198472327991 -0.0166362075899
120.228750853 -0.000198265222918 -0.0166275212265
120.291582706 -0.000198058441705 -0.0166188439253
120.354414559 -0.000197851983667 -0.0166101756718
120.417246412 -0.000197645848125 -0.0166015164528
120.480078265 -0.000197440034426 -0.0165928662535
120.542910118 -0.000197234541884 -0.0165842250597
120.605741971 -0.000197029369846 -0.0165755928575
120.668573824 -0.000196824517642 -0.0165669696326
120.731405677 -0.000196619984598 -0.0165583553717
120.794237531 -0.000196415770068 -0.0165497500603
120.857069384 -0.000196211873375 -0.0165411536847
120.919901237 -0.000196008293875 -0.0165325662308
120.98273309 -0.000195805030889 -0.016523987685
121.045564943 -0.000195602083787 -0.0165154180331
121.108396796 -0.000195399451905 -0.0165068572616
121.171228649 -0.000195197134587 -0.0164983053565
121.234060502 -0.000194995131185 -0.016489762304
121.296892355 -0.000194793441045 -0.0164812280908
121.359724208 -0.000194592063523 -0.016472702703
121.422556061 -0.000194390997988 -0.0164641861263
121.485387914 -0.000194190243772 -0.0164556783479
121.548219767 -0.000193989800253 -0.0164471793536
121.61105162 -0.00019378966678 -0.0164386891302
121.673883474 -0.000193589842715 -0.016430207664
121.736715327 -0.000193390327425 -0.0164217349413
121.79954718 -0.000193191120267 -0.016413270949
121.862379033 -0.000192992220621 -0.0164048156728
121.925210886 -0.000192793627832 -0.0163963691005
121.988042739 -0.000192595341287 -0.0163879312178
122.050874592 -0.000192397360367 -0.0163795020111
122.113706445 -0.000192199684419 -0.0163710814677
122.176538298 -0.000192002312822 -0.0163626695739
122.239370151 -0.00019180524497 -0.0163542663163
122.302202004 -0.000191608480222 -0.0163458716821
122.365033857 -0.000191412017964 -0.0163374856575
122.42786571 -0.000191215857569 -0.0163291082297
122.490697563 -0.000191019998444 -0.0163207393848
122.553529417 -0.000190824439946 -0.0163123791104
122.61636127 -0.00019062918147 -0.016304027393
122.679193123 -0.0001904342224 -0.0162956842197
122.742024976 -0.000190239562132 -0.0162873495769
122.804856829 -0.000190045200049 -0.0162790234518
122.867688682 -0.000189851135537 -0.0162707058317
122.930520535 -0.000189657368001 -0.016262396703
122.993352388 -0.000189463896834 -0.0162540960532
123.056184241 -0.000189270721428 -0.0162458038688
123.119016094 -0.000189077841181 -0.0162375201375
123.181847947 -0.000188885255489 -0.0162292448462
123.2446798 -0.000188692963759 -0.0162209779816
123.307511653 -0.000188500965388 -0.0162127195312
123.370343506 -0.000188309259795 -0.0162044694817
123.43317536 -0.000188117846367 -0.0161962278212
123.496007213 -0.000187926724514 -0.0161879945363
123.558839066 -0.000187735893651 -0.0161797696142
123.621670919 -0.000187545353186 -0.0161715530422
123.684502772 -0.000187355102526 -0.0161633448078
123.747334625 -0.000187165141085 -0.0161551448984
123.810166478 -0.000186975468282 -0.0161469533012
123.872998331 -0.00018678608353 -0.0161387700033
123.935830184 -0.000186596986245 -0.0161305949924
123.998662037 -0.000186408175847 -0.0161224282559
124.06149389 -0.000186219651754 -0.0161142697812
124.124325743 -0.000186031413393 -0.0161061195559
124.187157596 -0.000185843460175 -0.0160979775675
124.249989449 -0.00018565579154 -0.0160898438032
124.312821303 -0.000185468406913 -0.0160817182506
124.375653156 -0.000185281305701 -0.016073600898
124.438485009 -0.000185094487362 -0.0160654917319
124.501316862 -0.000184907951313 -0.0160573907405
124.564148715 -0.000184721696973 -0.0160492979118
124.626980568 -0.000184535723798 -0.0160412132325
124.689812421 -0.000184350031203 -0.0160331366915
124.752644274 -0.000184164618636 -0.0160250682756
124.815476127 -0.00018397948553 -0.0160170079732
124.87830798 -0.000183794631331 -0.0160089557713
124.941139833 -0.00018361005547 -0.0160009116581
125.003971686 -0.000183425757393 -0.0159928756219
125.066803539 -0.000183241736541 -0.0159848476499
125.129635392 -0.000183057992353 -0.0159768277304
125.192467246 -0.000182874524302 -0.0159688158505
125.255299099 -0.000182691331796 -0.0159608119992
125.318130952 -0.000182508414312 -0.0159528161636
125.380962805 -0.000182325771285 -0.0159448283324
125.443794658 -0.000182143402174 -0.015936848493
125.506626511 -0.000181961306424 -0.015928876634
125.569458364 -0.000181779483511 -0.0159209127423
125.632290217 -0.00018159793287 -0.0159129568068
