# Status file for ctqmc. Used to save all times t_s, t_e.
2
51
0.04298716065639496 0.663057262644716 0 0
0.9591927616021055 1.496513595582455 0 0
1.677979918771126 1.995211677541511 0 0
2.781227002920464 2.786459433962733 0 0
6.534184728318007 8.114406962975913 0 0
9.248133915147566 9.450386230639811 0 0
11.99126846516446 12.01348047948267 0 0
12.08252577548326 12.81366507270278 0 0
15.61859772724878 16.22391325959189 0 0
17.13995738449188 17.46838456341376 0 0
17.99369348407411 18.6783109359764 0 0
18.69741557712096 19.00155809718363 0 0
19.03506244003365 19.04247554994685 0 0
20.06620402061233 20.92144086335635 0 0
21.71708148727741 21.889278729645 0 0
22.95335098092085 24.28287978295914 0 0
24.36040503400698 24.58892300702 0 0
26.31895627924089 26.52046345065372 0 0
27.05564068569329 27.2825261098166 0 0
27.57165769768148 27.8980735837502 0 0
29.1642765110854 29.99341494157922 0 0
30.09993058453606 30.2025300910337 0 0
32.48843353079773 33.40843677725606 0 0
37.24056464591542 37.97143355514623 0 0
38.25556993958055 39.72314954927326 0 0
41.45535369117881 41.70484171642401 0 0
41.76462475166665 43.51102706909113 0 0
43.79713895282255 44.97903098290488 0 0
48.3339920023453 48.35610371557397 0 0
49.71468244144094 50.3752371839844 0 0
51.05096276608326 52.97567362959958 0 0
53.84421440917488 53.86793837477869 0 0
56.03498468242557 56.8311349398238 0 0
56.9401891177826 58.73824372573478 0 0
60.2173250751691 60.68639872405855 0 0
62.86107890296772 62.91637007703076 0 0
66.46547571566209 67.32651565995381 0 0
68.21856523605727 70.24903809078022 0 0
70.28509919280874 72.21594461222178 0 0
73.5003132559554 74.42162144169552 0 0
75.61846301818363 75.75009267459184 0 0
79.05734761905418 79.62708716403053 0 0
80.01765726481814 80.43546076167104 0 0
84.05766079798816 84.13257666606137 0 0
84.41132841348393 84.85098268616871 0 0
88.45562142824539 89.2875521985796 0 0
91.04968774857265 92.49115365534242 0 0
97.52294217168168 97.8829877430374 0 0
97.92909560789415 97.9807235356096 0 0
98.41177810785702 98.56075103203972 0 0
98.71226296987429 98.89005155750752 0 0
32
1.397987523393795 1.74882667305213 0 0
2.401173439450852 2.530294972234743 0 0
5.309386433731717 6.256692806716982 0 0
11.02081754912098 11.53776452224167 0 0
13.07195226107692 13.3379580986677 0 0
15.16054424454028 15.35395119429795 0 0
15.39906172928395 15.54769865648048 0 0
15.59246747907007 16.13130539271423 0 0
20.77196573063259 20.82591888158256 0 0
25.17452405735285 25.188178946548 0 0
25.54771975966509 26.28725920767321 0 0
27.99933755159574 29.53001745378357 0 0
30.76337300830909 31.25428084770887 0 0
35.00009986914944 37.07559820151759 0 0
38.02665828507584 38.15820319222709 0 0
39.83092346484489 41.37090976569453 0 0
44.11404299496698 46.27835144055496 0 0
46.28420233224784 47.61245086108046 0 0
47.64980878323393 47.91045705996704 0 0
48.08544631206718 48.16502077280319 0 0
48.50749132353648 48.86532342641733 0 0
56.15555818840192 56.2609058417835 0 0
57.14160872346205 57.21937637353018 0 0
74.28508081936093 75.21006709629516 0 0
77.27881373774815 77.89862486846327 0 0
80.77547063934816 82.64499290244775 0 0
82.87953984666765 84.24558413549472 0 0
84.81555148684842 85.18325311961432 0 0
85.2417008529055 87.36828817570597 0 0
87.75801441740236 87.95420387281364 0 0
88.81056716932532 89.977659545284 0 0
96.43812024879479 96.9469156907125 0 0
