# Status file for ctqmc. Used to save all times t_s, t_e.
2
47
3.736106025490658 1.978594533514478 0 0
4.147446018776953 4.110339141938942 0 0
11.20113338525884 8.863094865733334 0 0
12.52418697905714 11.3898689083482 0 0
13.84143266990729 12.68409771904108 0 0
14.22112721599708 14.209353133387 0 0
15.26546109827822 14.33880608244785 0 0
16.4695236659753 16.40916825109342 0 0
20.09501216182289 18.38188685496701 0 0
20.41743051150379 20.27109095414193 0 0
21.13027597185197 20.87027830434402 0 0
23.96303039762727 21.53525693090377 0 0
25.76172660096756 25.72793841263623 0 0
27.03942445201084 26.22306824840437 0 0
29.60377722228536 27.17755927798301 0 0
29.65916022708851 29.65579005476836 0 0
32.48856282043712 29.66672110143006 0 0
32.51454135577015 32.50555887904581 0 0
35.40019879734975 32.58215432133745 0 0
36.74868020378601 36.0363086076386 0 0
38.10261044694752 37.17633392501791 0 0
39.21459030241571 38.99438315593171 0 0
39.55743980494271 39.44391149796157 0 0
40.91152193868711 40.86054880184205 0 0
42.5120823391476 41.2192896865761 0 0
50.49515211960025 46.30125293804248 0 0
58.02361384680002 50.54368447714815 0 0
64.3629349811942 58.58447621525148 0 0
69.96832171204692 64.52390068550231 0 0
70.83423380533333 70.75495722041713 0 0
76.08793244929505 70.92727631783227 0 0
79.03659028114136 76.92426636775858 0 0
79.7012529278701 79.47619414477697 0 0
81.44737614607979 80.02572635989657 0 0
83.00634670782078 82.6428884886266 0 0
88.21526431027726 84.63135222888322 0 0
89.06971784524085 88.68978765843856 0 0
89.93428823084088 89.43157449138363 0 0
91.5863964232674 90.33975535539588 0 0
92.18276029486985 92.06978478862747 0 0
93.06134390396744 92.8543635355403 0 0
94.93534641360314 94.58620311575328 0 0
95.35727477714657 95.24423341339619 0 0
97.06699189644789 95.63259580879038 0 0
98.84745134941434 97.98576535265134 0 0
99.2157365958666 99.07265004837249 0 0
99.95557871852007 99.9429080593176 0 0
38
6.288999281086822 6.521202523204058 0 0
8.776293567503604 9.673143377185973 0 0
11.00456028165831 11.18225150927581 0 0
11.33272691381692 11.37778556769037 0 0
12.05991352112061 12.17441571960063 0 0
12.50426530729928 12.76614629206689 0 0
13.77961303853939 15.42048036113344 0 0
15.77975782284548 15.94067735781378 0 0
16.42821508778484 16.53936580534274 0 0
18.74630998425948 19.38063655647829 0 0
26.20604783794869 26.31811621989226 0 0
26.66261999961886 28.40515789867488 0 0
28.77802096374094 29.04255838072724 0 0
29.70242671124058 31.09963145595394 0 0
31.48778443741218 32.01667562835863 0 0
32.30795065891562 32.32703891278562 0 0
34.23876986861409 34.37482385612356 0 0
34.69955024811545 34.92252544916727 0 0
35.10977932311519 35.70932039296111 0 0
36.06461183350444 36.58661118629108 0 0
39.01525847739317 39.41338270472992 0 0
41.42433162213775 42.43810919340473 0 0
48.59659482343169 50.86068188800136 0 0
51.44558881096064 52.0955867999166 0 0
52.12382233816535 52.21060935153931 0 0
63.73415141333439 64.17049713631449 0 0
64.57452763699527 65.5971335229831 0 0
67.18618868069646 69.25425191066721 0 0
70.55949298587653 70.57314449617598 0 0
72.43762768756295 72.540693797776 0 0
76.99338415093365 78.48944325082049 0 0
80.67932599509501 80.91599154551012 0 0
81.2527268981277 81.75600004230688 0 0
85.0303519167288 85.96942865157475 0 0
86.31302622967492 86.38531704251353 0 0
90.37159487956855 91.21855777358816 0 0
96.66632855560771 96.91755877517082 0 0
98.3384277083095 98.75378521378001 0 0
