# Status file for ctqmc. Used to save all times t_s, t_e.
2
50
0.8692347541593017 0.02318987751225166 0 0
4.755605114101512 1.211331200215713 0 0
6.982738730133507 6.522381603189389 0 0
12.92549432487546 11.65125699021074 0 0
17.91910706860399 13.02036582350423 0 0
19.35872599328583 18.01292700650676 0 0
20.55243593843135 20.15641181159987 0 0
23.39344718378928 23.34886387667293 0 0
23.88090349160872 23.86081993792278 0 0
23.92045167050431 23.88475979349435 0 0
25.2682323660443 25.10662021971478 0 0
25.8055623223714 25.73508940264408 0 0
26.53873221486921 25.97155436371586 0 0
27.70713383393593 26.9622587951488 0 0
31.11769781473066 28.0967727682509 0 0
33.31457574145994 31.52437960506504 0 0
42.20840346934196 33.31821851587063 0 0
43.29843223417897 42.29013585017124 0 0
46.52803536745455 45.94008538503376 0 0
47.02261185328319 46.81330220051559 0 0
48.04724396201053 47.30418572259293 0 0
48.15947190938739 48.13189612848353 0 0
50.34237093507207 50.22128137126276 0 0
53.25830754063657 53.20266643297096 0 0
53.96280068501079 53.62952684037023 0 0
55.55557866525682 54.05159628355868 0 0
59.15807784895048 56.01949739463152 0 0
60.76137989411978 59.34317059480889 0 0
61.25369287072458 61.13885131674658 0 0
62.24106718735184 61.5865781424357 0 0
63.74379029760208 63.58393725249044 0 0
65.45344707274279 65.30095957596528 0 0
65.66236561212258 65.63886598418776 0 0
66.43440125205952 66.01165813617759 0 0
69.65006819589485 67.01984326420948 0 0
77.20004988115032 70.29319659728347 0 0
79.9556166707323 77.80348878659417 0 0
80.20308576686217 80.17391866872701 0 0
83.00910975723666 80.62397702320848 0 0
85.71009313460034 84.86211215605809 0 0
87.38999149932692 86.52705783035699 0 0
89.77866366688727 89.68798109728286 0 0
91.24302395209203 91.18193436516795 0 0
92.03553605892463 91.99597309574619 0 0
93.81796618234063 93.54330396065612 0 0
95.71745603437986 95.45693490712341 0 0
96.03194329929821 95.96036720873325 0 0
97.23837010673329 96.82062693774357 0 0
98.44541696124928 97.26033315605039 0 0
99.95180670339218 98.62140363158368 0 0
50
0.0784793565525867 0.03545160823676952 0 0
3.231507915905413 0.5005181880952705 0 0
11.81355314856919 4.949902957416965 0 0
15.46914189082563 14.71908050223299 0 0
18.28827767973827 16.44231707550669 0 0
21.08968244737213 18.5950814833574 0 0
23.17900249842479 21.14751039606586 0 0
26.23928763934488 23.18280607860784 0 0
27.2643431166192 26.37728723391467 0 0
29.30935375308244 28.2613382815749 0 0
29.99744450649438 29.38061891192676 0 0
30.22207226393711 30.20413507631981 0 0
30.42491686952481 30.41880113015842 0 0
31.06674455063593 30.87378761504047 0 0
31.52397799251212 31.0681626942362 0 0
31.61941179275536 31.52744194244346 0 0
33.38977349424927 32.39356651179393 0 0
34.69037971301427 34.47051052701034 0 0
35.93312000926211 35.67140028580512 0 0
39.75906460745794 36.8048921704294 0 0
43.79116180468873 43.16680582239231 0 0
45.93756813169207 43.83986477193356 0 0
46.88470860454018 46.83984663181918 0 0
52.23505831976104 47.61709892063426 0 0
53.52008910976554 52.7727388263545 0 0
54.18298829198787 53.58467207071038 0 0
54.45250904628661 54.24503363180848 0 0
55.27551772227838 54.83640202390771 0 0
56.65945964620909 55.47488873796262 0 0
59.23840649541755 57.22912749678777 0 0
66.76500119450115 59.69427843835626 0 0
67.2105157923579 66.91938391602523 0 0
70.03979408071558 68.17723764425018 0 0
70.84015628010739 70.56638784607917 0 0
72.03143797564178 71.6033126237338 0 0
73.32663434326584 72.64920126024373 0 0
75.22004504164327 74.29116599858514 0 0
75.50729543568018 75.45193525501654 0 0
78.60803034049999 76.03674890834731 0 0
79.20587923100148 78.70588240708445 0 0
79.65818282262663 79.46257831167664 0 0
81.14435819497764 79.71581990599614 0 0
84.77019043386535 82.66261382285599 0 0
86.49741188416155 85.41661009999288 0 0
88.2219587318896 87.17496199186901 0 0
93.35301741989147 88.60253790080358 0 0
94.07404263712836 93.36492395038522 0 0
94.31255466816273 94.24867691773709 0 0
95.14426322508965 94.46152990507636 0 0
98.2320371962544 95.14498341793022 0 0
