# Status file for ctqmc. Used to save all times t_s, t_e.
2
58
1.397428859686713 1.343723770226054 0 0
2.552398960082704 1.731056103729644 0 0
4.445803634649323 3.31643366991941 0 0
5.50783370399939 5.084453425097228 0 0
10.68091455025026 10.43077801781281 0 0
12.80664100834905 10.9919397272986 0 0
13.9532999470403 13.1558801824428 0 0
14.92089980145355 14.61866672998915 0 0
19.15754824988618 15.52212799305897 0 0
19.46470309836701 19.44354350878773 0 0
20.69375772669859 20.24116751095117 0 0
22.44229716013577 21.08292741584041 0 0
23.82080497589719 23.19484286972477 0 0
24.85042720526463 24.6340439795488 0 0
25.85096065424474 25.14943175722902 0 0
41.87636319951955 26.58796527294331 0 0
42.34834616097719 41.95210364623811 0 0
43.34068118465704 42.76279678629737 0 0
45.71596959025548 45.29078574284965 0 0
48.67686446256273 46.5209001933489 0 0
48.91910892337381 48.67945296976249 0 0
49.79492728885737 49.59488637115399 0 0
51.32132786400346 50.50257044343622 0 0
52.44524807732578 52.04155002418442 0 0
52.58677124763582 52.4928778424826 0 0
54.18026401591552 53.88472898453227 0 0
55.8319917092798 55.81319776138321 0 0
58.60769106225528 57.97460202413925 0 0
60.96065365477406 58.65751763638978 0 0
62.57405687094878 60.96487127741119 0 0
63.67187114634481 63.57789267186034 0 0
64.94433152522862 63.75688624391128 0 0
65.28429154562893 65.09231709681363 0 0
66.27167593926377 65.84111420675163 0 0
66.65568175142045 66.34352531442734 0 0
67.51332839320037 67.20948742851625 0 0
70.42306366817292 68.67750913953068 0 0
71.25613206635586 71.11227980770758 0 0
76.41060528588 71.26627179371708 0 0
77.24396793105427 77.08564915497433 0 0
77.82821236446496 77.55169249956812 0 0
80.30131612687521 79.27764732536706 0 0
80.38701577121243 80.33689087911814 0 0
81.65736051321396 80.51464620850359 0 0
83.00137238172469 82.81269588276734 0 0
85.03205311058296 83.44568264063507 0 0
88.55000922739988 85.43306013091504 0 0
90.09491396635865 88.79688338348043 0 0
92.76817878960904 90.89044499167896 0 0
92.92608061961263 92.9121995537414 0 0
93.58825146993328 93.45919719346853 0 0
93.81982621038179 93.81207189862097 0 0
95.47731145288837 94.88533083605586 0 0
95.64780362234079 95.62526011473079 0 0
96.13597601138039 95.88049946476531 0 0
97.02658144031483 96.76321561368569 0 0
97.24341837382343 97.05115215208424 0 0
99.62543704722854 99.5976684963519 0 0
40
1.901879969771983 2.450238372075907 0 0
9.567175118936037 9.614551089603761 0 0
10.02745063044012 10.20573668895357 0 0
11.01853954158596 12.61534933179389 0 0
12.82879233766736 12.83442169039487 0 0
16.92022672345848 17.14204683222248 0 0
20.99301321918104 21.79697771434438 0 0
22.72914744829069 23.93996642508534 0 0
24.92800572127552 25.82952016020427 0 0
27.66550895544631 28.28786196788656 0 0
28.64177740461542 28.71167675126968 0 0
28.96667121077004 30.21010729678718 0 0
33.00394356673493 35.11759362706862 0 0
35.54449596264955 36.8000356337245 0 0
40.79364437817375 40.8634511468004 0 0
41.28426964571211 41.79965725679396 0 0
50.36222427848643 50.47907857796577 0 0
51.26946552643911 51.33781114430771 0 0
58.27404065053535 58.27673682841782 0 0
60.3542721698725 61.63505276051617 0 0
61.82907129636855 61.97076036004416 0 0
66.15593538605965 66.73782593296499 0 0
67.19181118501284 67.55979957546839 0 0
67.89950776798447 68.00542085743979 0 0
71.22598278576748 71.31982264930122 0 0
72.24369407066061 72.44194478311681 0 0
72.78448761255986 72.88761104439935 0 0
73.30875464896457 75.39241336806909 0 0
75.49088776417626 76.46169850078861 0 0
78.7057480706404 78.81667524503055 0 0
79.10378824350038 79.20213506756859 0 0
82.84977296175046 82.92405221218188 0 0
84.20315471187705 84.27791314582767 0 0
85.41661753238421 85.49640994874618 0 0
85.59708922108466 88.89033999192326 0 0
89.20525541511333 90.01413163788189 0 0
90.18693033327226 90.33675719819882 0 0
90.61823646003293 92.09199308721081 0 0
92.2403460734204 92.69418837913835 0 0
96.83544246943103 97.39491232085247 0 0
