# Status file for ctqmc. Used to save all times t_s, t_e.
2
54
7.818649914493774 0.2027548816088967 0 0
8.733991112057895 8.681017869739529 0 0
8.927501199686088 8.877315644797463 0 0
9.122267899285237 8.974184348900252 0 0
9.140624697035133 9.127982229469241 0 0
13.29322389993476 9.399431325003057 0 0
17.5646311448017 15.11988282530887 0 0
20.12345025645534 18.57964279877488 0 0
20.49882023806072 20.15618822779773 0 0
20.84401915652094 20.59277645266561 0 0
21.86971365690327 21.15525019286111 0 0
22.89305994505852 22.81191666156995 0 0
25.10051535148686 23.30455520362778 0 0
26.84467365332801 25.98843269776034 0 0
29.71777744439503 27.03673571839051 0 0
29.80276243551921 29.76623570822525 0 0
29.87629823390381 29.86189283560598 0 0
30.32733097774092 29.98118991742608 0 0
33.42975879361425 33.05869058509803 0 0
33.89859485436777 33.6215015155292 0 0
37.2080258171321 34.52510314109313 0 0
38.43310963500548 37.47456367578404 0 0
38.89171034666652 38.77621909027582 0 0
40.61289478089367 40.59569915604024 0 0
41.61525920841837 40.67377407486425 0 0
42.45801381264576 41.94755552251399 0 0
44.36252113937203 42.84826629938033 0 0
47.51319392618065 46.09349162283551 0 0
47.85839842546772 47.72518888386728 0 0
50.28942322746964 49.20233468961428 0 0
51.74126195236931 51.6272929955575 0 0
53.74295278694035 53.17631725797512 0 0
54.95730310590507 54.95463293794234 0 0
55.70018209746566 55.55091079059306 0 0
56.17030851859031 56.14681916578218 0 0
58.42209720288636 57.53443258054315 0 0
60.44544206025537 58.97695463165579 0 0
61.86215236184513 60.72155262744455 0 0
65.92460151260579 64.02293761431427 0 0
67.73797605455229 66.3128027428759 0 0
70.50628565412708 68.66251596629242 0 0
71.33280569599336 70.66068701793152 0 0
72.49763792983512 71.96767630248152 0 0
74.53649937416094 73.67137049768878 0 0
74.99714552264147 74.78621057882783 0 0
78.69577618922408 75.72743895659728 0 0
79.59246456918427 79.34171208893652 0 0
86.03337105351874 84.66058333504841 0 0
88.4887653125986 87.8823232156056 0 0
89.85857302664421 89.42863556845887 0 0
92.08725839806827 90.26586608446549 0 0
95.19475204974013 93.39221954544763 0 0
97.44581127275745 96.37767337324256 0 0
99.88470146216234 98.95155917098059 0 0
44
2.805684360715385 2.6080389111868 0 0
4.449631014994949 3.75789532728648 0 0
6.321986059085821 5.591481672616821 0 0
8.431671269919097 7.936802191950003 0 0
9.408524455863754 9.229722459349118 0 0
12.48372068056177 11.21080067586453 0 0
14.03970226717541 12.75429029964986 0 0
15.33851945144664 14.25662163702358 0 0
18.63633450343648 17.26126530994592 0 0
20.2090112501999 20.04155323019333 0 0
24.12164917512617 21.92683407808974 0 0
25.03308343122659 24.983362419258 0 0
26.10141329582122 25.7383186709267 0 0
26.56640050670771 26.52336923556444 0 0
35.67946131959992 29.08068074789566 0 0
37.34288632213329 36.9948656467696 0 0
40.20432312014596 38.11513889075142 0 0
41.91500643474547 40.2955258048942 0 0
43.21475023082543 42.17916093216403 0 0
44.25459053650274 43.49393552482285 0 0
46.64801021261352 44.36215839915388 0 0
47.5945532582896 46.84919828288978 0 0
49.10369550563668 47.75243967150022 0 0
52.88326169113274 49.42380399232782 0 0
55.68776074150998 53.24791020732396 0 0
57.77596557064076 55.89317887287238 0 0
58.34262243213987 58.2242923062641 0 0
58.54736169414913 58.47358025483652 0 0
61.29836966382037 59.30454342634067 0 0
61.91642687178813 61.41247285037015 0 0
63.91905322424657 62.2226417805846 0 0
70.26694379475968 67.56636010382252 0 0
70.76705875716158 70.52676372783453 0 0
73.39973071628771 71.2140292707098 0 0
76.17973000019828 75.83852821073771 0 0
78.22927597499877 77.06687989748842 0 0
78.98209592063201 78.85696197471093 0 0
79.14693092534314 79.0933219289131 0 0
80.71527220650071 79.61742976942706 0 0
90.37529107738945 81.1883298396661 0 0
93.61104643339193 91.5666799133224 0 0
93.95413694182807 93.85184410440168 0 0
96.99996885024942 94.6424736792832 0 0
99.08192864176456 97.23922103258529 0 0
