# Status file for ctqmc. Used to save all times t_s, t_e.
2
58
1.340276480242764 2.084595331172329 0 0
2.12518039161232 3.282961098094533 0 0
3.456190515070121 3.940760082605035 0 0
3.948649533768011 4.087136815480318 0 0
4.23641917170881 4.528621292031319 0 0
5.373318037343271 5.696449528330949 0 0
6.122915069502971 7.062615659500061 0 0
7.644302531311718 7.753346858314707 0 0
10.50732662922846 11.22079746941286 0 0
12.78968640025485 13.39955500132146 0 0
13.68450732791777 17.26214251305713 0 0
17.65187007813787 18.32841542148804 0 0
19.17421651116265 20.63215132804096 0 0
20.71274778160039 20.8163183439612 0 0
23.36365023404847 27.18753499903591 0 0
28.96344869734599 29.08361243953656 0 0
29.09972729815146 29.16711063594726 0 0
29.17472339391198 29.98193236791495 0 0
30.08689912947058 30.09523539141376 0 0
30.38598606382862 31.05180514449277 0 0
34.57019420650968 37.52986077291883 0 0
37.69993293791207 37.76400669598423 0 0
38.46648189839301 39.00588758031324 0 0
39.35253653382783 39.39249981232772 0 0
39.70899559749986 40.18356046033225 0 0
42.60690286779035 44.03649524445787 0 0
44.12880300755926 45.05310225572813 0 0
45.32794671750329 45.45540973894573 0 0
48.07582343653575 48.75530157824058 0 0
50.22843838814639 50.9372089121051 0 0
51.13199270928286 53.17503926223705 0 0
53.31093371438486 53.92323403766703 0 0
54.06005768816485 55.07544572593277 0 0
55.19543727805294 55.52609374554055 0 0
56.96140578968119 57.10553167465278 0 0
58.16790695171333 58.43909636551253 0 0
59.34183690353073 59.82929020197759 0 0
59.8596560284739 60.03727402982302 0 0
60.53882915954605 61.40586484180689 0 0
61.61626101263164 63.05267658708387 0 0
63.29844689004079 66.62781709556648 0 0
67.24277627623734 68.62054683016059 0 0
69.19563537121833 69.60705924783137 0 0
70.45167224413881 70.69181312556343 0 0
71.16399050208226 71.20170241790913 0 0
71.50895697970857 71.83681679857138 0 0
75.80110407199041 75.82880322983816 0 0
77.75639923717438 79.75151404592627 0 0
80.35491625926076 80.39933155439138 0 0
81.40567183342009 81.51664660778964 0 0
81.56223265848131 81.71289994717829 0 0
82.19411833725972 87.31516252272581 0 0
87.71184163740568 87.78912154069972 0 0
92.78919616490077 93.20508013093333 0 0
93.28003955014916 93.32160026856914 0 0
95.59099689488018 95.68924110532771 0 0
97.75926268635128 98.35288876086189 0 0
98.39250502464668 98.44759895187843 0 0
53
0.7219645325586779 1.407756376032874 0 0
2.712180887141323 2.999703706929209 0 0
4.473451166241962 4.954966096334696 0 0
5.230144628060207 5.370889141875346 0 0
7.306407945074855 11.83203014230983 0 0
20.20112671668682 20.45106254059831 0 0
21.92573632989942 22.58794916110096 0 0
22.66369684966858 23.18078481184417 0 0
26.96230995907328 29.05755908514124 0 0
31.38095556881214 31.53416921064943 0 0
31.59890355484931 34.27029552089702 0 0
34.42720773200255 35.39013466742126 0 0
36.58142724610108 37.14062008515845 0 0
39.27603230965492 39.2776766691163 0 0
41.61789136181797 42.33691923579287 0 0
43.48467521547742 45.3803294575112 0 0
45.39312458074375 45.74939732925371 0 0
45.81849449759667 48.09138295129139 0 0
49.79016039776812 50.34048124965726 0 0
50.51641252488488 50.61016742506254 0 0
50.77776096271035 51.17416344634843 0 0
55.60407321959209 56.02575531096008 0 0
57.66498819976044 57.70931075373711 0 0
60.15274789519125 60.32083366508976 0 0
61.33685078818881 61.40818993464378 0 0
62.64558135261736 63.1359811895778 0 0
64.64969231038789 64.93334290088083 0 0
66.71039176432905 67.17383053586705 0 0
67.8250482006075 68.04718944891474 0 0
69.37399518632373 69.48778336411745 0 0
70.00785607607762 70.04032102112653 0 0
70.09593004463164 70.34826695987299 0 0
71.14133317303008 71.46045890903581 0 0
71.52672708424787 72.3609771556274 0 0
72.78574297071046 74.28122026360717 0 0
74.73888413320412 75.03658487667641 0 0
75.10048893829479 75.42391107728656 0 0
75.98285365992928 78.0195012534238 0 0
78.97958079507289 79.04126592005778 0 0
79.19130278336577 82.20717715046423 0 0
82.36211009362768 82.61391737113324 0 0
83.22684782072918 83.85758793516747 0 0
87.82646459971801 87.8967302567748 0 0
89.35779288614214 89.42681718665523 0 0
89.45314974781174 89.52095811393121 0 0
90.01020001657521 91.3405423611793 0 0
91.48788838233936 92.7257871025047 0 0
93.25887240871769 93.47599267573895 0 0
93.6153510309677 93.64369408959557 0 0
93.67108106810214 95.26762754231929 0 0
95.27831683910392 96.52621990630954 0 0
96.83845112961752 97.4677816155738 0 0
99.41537635310358 99.82912852072732 0 0
