# Status file for ctqmc. Used to save all times t_s, t_e.
2
62
1.080419189031386 3.139017603534292 0 0
5.302401816465983 5.616235037866243 0 0
6.658477247074545 7.069981417565593 0 0
7.573012921073228 7.629018465180303 0 0
8.324212238201429 8.640692292717294 0 0
9.063816880506247 9.725815458430709 0 0
10.40226850455092 13.74770026972735 0 0
14.45759668477838 15.57844094404184 0 0
16.14173969488562 16.23463501254706 0 0
16.34721960569237 17.10766428987433 0 0
17.47429565007329 18.33958722328479 0 0
19.49704654263971 19.65596424827971 0 0
20.05101232322916 20.5226710242102 0 0
20.73016466183155 22.96004007141266 0 0
23.17373265829279 24.0707873854981 0 0
24.29094891508626 24.74201825126981 0 0
25.98593898855948 27.04341007465418 0 0
27.56245394186117 28.28095510334398 0 0
28.43993168864677 28.5915077064475 0 0
28.90127656956843 29.93753098113292 0 0
30.39128046522503 31.6298712813558 0 0
32.57479616290038 32.63694173636793 0 0
33.10227131889564 33.21365312169231 0 0
33.3009894880224 33.38826702430005 0 0
33.6792240717277 34.73457660568854 0 0
35.06820671250222 36.00906695989715 0 0
36.56162347663935 39.97470090798632 0 0
40.04645450369811 40.28074392941544 0 0
40.38407496428496 40.49351300295196 0 0
41.00227801837514 41.47886829907611 0 0
41.83081629584728 41.86160798484708 0 0
42.26405046201175 42.36893581268414 0 0
43.01189140404364 44.03635196434396 0 0
44.141814942388 44.18950665818098 0 0
45.76070858650426 46.07947102934306 0 0
50.19566436967445 50.73485040396611 0 0
51.05366534157017 51.12145154739477 0 0
53.44810438347334 55.19666395762928 0 0
55.98166293780243 57.51063434748907 0 0
58.60929331425351 59.35211710152895 0 0
60.57542246557156 61.49031503760653 0 0
62.01798190584186 62.33967275579992 0 0
62.37221037104366 62.42038160204225 0 0
64.49394189827237 64.5046415334532 0 0
66.72686271092502 67.57346427556395 0 0
69.8500584472706 69.98852535303989 0 0
70.23000993492953 71.301410462494 0 0
72.86458139660263 74.01307644193659 0 0
75.084841665344 75.18685946660628 0 0
76.60773571014801 80.68863856165105 0 0
80.87971111507852 80.92777777445322 0 0
83.28965822863461 83.72721561002361 0 0
84.36793901204913 84.78674129038636 0 0
85.55402947335011 86.46745010469756 0 0
87.27190388489599 87.37118047609022 0 0
88.74470016271084 89.24568002731026 0 0
92.86538628471654 92.9984769570698 0 0
94.14270629291993 94.80859047540926 0 0
94.98792801102408 95.06230238642074 0 0
95.5730513240581 96.30821573126155 0 0
96.42905106611414 97.73322635272919 0 0
98.26805806965164 98.67766604459976 0 0
49
0.02170737248702892 0.9127634868459751 0 0
2.824982519225704 3.561214390710194 0 0
3.96077996552049 5.057584292522078 0 0
5.061338956232509 6.020642291499135 0 0
6.080494766700353 8.088060776209206 0 0
8.708335740258722 8.912824159068204 0 0
12.69884956591198 13.24567685162512 0 0
17.26497542698445 17.49259199954342 0 0
18.80876068976282 19.70889179071191 0 0
24.79469314322979 25.89294981939295 0 0
30.09125330622894 30.98070560907856 0 0
31.19194864567799 31.31273698459723 0 0
32.13788052702256 33.26529708683038 0 0
33.27274593969572 33.9269377396548 0 0
36.29683489891444 36.60044240976553 0 0
39.11356954281023 39.5572818174085 0 0
40.36486973233026 40.47616287714177 0 0
40.98086203304383 41.04314391908194 0 0
41.40346789647343 41.61082138684255 0 0
42.39932150288042 42.9970494064778 0 0
44.24337218048058 44.29209284847383 0 0
44.697100112501 45.03804257252558 0 0
45.89085023924667 46.75347355704402 0 0
46.98706696720254 48.87275076351251 0 0
48.91660342041826 50.09074438735355 0 0
50.89471517769254 52.2003646862576 0 0
53.40093861047836 53.88410461877375 0 0
55.86587398954049 56.26622456457193 0 0
56.75766967418092 56.83935814150993 0 0
56.99452157712618 58.26455315857144 0 0
58.42529390785822 59.29665501038609 0 0
61.22065078941457 64.19411673587621 0 0
64.42429515323657 65.42421358278121 0 0
66.25739475289726 70.05901938137754 0 0
71.32205574658001 71.8001871207499 0 0
71.93356856699326 73.09091443962592 0 0
73.09454823442201 73.41312105318904 0 0
74.80204865567021 74.94765803890188 0 0
78.20587866441326 78.40186098033321 0 0
79.40335856328643 80.4437485276231 0 0
80.73377276119864 81.68262270051859 0 0
82.16160172639727 82.74154687653905 0 0
82.79629375069749 83.11792243069164 0 0
84.13567205911893 84.15185503838447 0 0
84.70410058473416 90.24828861630969 0 0
91.16384177334274 91.65830339305219 0 0
91.66106306771995 94.14506323546867 0 0
96.71505939901292 97.81334350136753 0 0
97.85728341675164 99.36596180981965 0 0
