# Status file for ctqmc. Used to save all times t_s, t_e.
2
47
0.8228609944081258 0.6572945329199102 0 0
1.629236043890756 1.184848617501694 0 0
5.242739469878505 1.876658814515608 0 0
6.089116606690219 5.377728161821866 0 0
7.167514626318185 6.803261718569622 0 0
9.098887031783038 7.224244179018286 0 0
10.70744921341282 9.870854409322321 0 0
11.75206426456901 11.14986492292791 0 0
14.75663013094069 13.58769094805584 0 0
15.80592220937684 14.99636335623261 0 0
17.32842618092192 16.34583433964914 0 0
18.41034070197205 17.55705541135658 0 0
22.01821934100172 19.67642805302202 0 0
22.49316478913861 22.08125540747334 0 0
22.64946415625375 22.63664305917715 0 0
23.41666077276198 22.67032608692871 0 0
26.64104863911097 24.15937152518817 0 0
27.0000993596558 26.73239674053701 0 0
29.21301930457605 27.68991192480971 0 0
31.08074549531856 29.38097426238482 0 0
32.6217347331182 32.57599448425592 0 0
33.44378285331517 32.87441774346189 0 0
35.91212348747298 35.6693419200091 0 0
38.00349087357067 37.33125754793957 0 0
38.91072685695506 38.83017897582427 0 0
46.35928592592727 42.05079790052672 0 0
47.99257952255992 47.8163958299026 0 0
49.8756157568134 48.1485847248278 0 0
50.31506763566858 49.88603974485547 0 0
53.82341822107773 50.48716338722213 0 0
56.52881888937775 54.36074551010142 0 0
57.09092147071239 56.72795031465916 0 0
57.78411428276038 57.1963260415898 0 0
59.34146479244001 59.14108151111476 0 0
61.49239859838428 60.9995199877582 0 0
66.02893011275347 61.96770521277667 0 0
68.21232371988536 67.45135345868454 0 0
69.78195557569839 68.65203830255706 0 0
76.82991592399321 70.20637697750448 0 0
78.59354035255527 78.18916902767268 0 0
78.95303463837237 78.69307289555255 0 0
84.94266642977715 79.46197658125755 0 0
85.60464029435781 84.97496621402563 0 0
87.53483907920892 87.28794322959662 0 0
91.62456768989125 90.72794686384277 0 0
95.61689308124193 92.19810888698913 0 0
99.83612341514281 95.64362756472121 0 0
51
1.068783173202736 3.872337579558756 0 0
4.529468398020114 4.91396144359488 0 0
5.708786347345068 5.764248893737959 0 0
7.215424619203088 8.745051671308758 0 0
9.216519025723795 9.630848335447189 0 0
9.705126050783869 10.37162239841999 0 0
13.92543658865903 14.60051442602101 0 0
14.65352803475198 14.82683162555395 0 0
15.15669761396882 17.10670437422944 0 0
17.76477410467076 18.30227914436758 0 0
18.57145176600089 18.71628976155209 0 0
20.04185115663415 21.8777651425133 0 0
22.57362188048958 22.60771165502379 0 0
23.9241343617694 24.26000037992711 0 0
24.42327500853815 27.12130024896967 0 0
27.6199236811872 28.82273860581295 0 0
29.88679896373672 30.67666556364689 0 0
31.85465991813588 32.08170293888823 0 0
32.80394388224352 33.44543426524936 0 0
36.32624387265698 36.82286851451722 0 0
37.32359538745668 37.33723756060089 0 0
38.38937998228719 38.61073120154106 0 0
39.34703882931976 39.57665029454489 0 0
40.68768524833319 40.82163160078827 0 0
41.53373209104497 44.40894904817488 0 0
44.53157434941431 44.68395713033492 0 0
44.95056128251372 46.10706662840867 0 0
48.70496354970785 49.77938974564791 0 0
49.94829281556164 50.21929146763026 0 0
51.05354248067336 51.17776446904679 0 0
51.33778444255639 55.13928871554533 0 0
55.24101078350948 55.89248996267837 0 0
56.11768909002148 56.46204537657277 0 0
56.76709022497617 57.84321849215653 0 0
61.46793854266776 61.99993551892038 0 0
62.70136614960714 66.10715631292345 0 0
67.58900889774777 68.14747345984058 0 0
68.82154337465803 69.53123852590829 0 0
70.24282282317247 70.44449440805593 0 0
70.67263846166166 74.74421857500577 0 0
75.04119611677569 75.27163879677671 0 0
75.39027962910617 76.78264352558831 0 0
79.64547689569922 79.68058847515316 0 0
80.55876369595639 82.06649982148394 0 0
82.49952014029164 82.82320477778563 0 0
82.92094888656956 83.22684472401217 0 0
83.57971937290981 84.14759242007406 0 0
84.67681549495128 85.53891386052345 0 0
88.81669828319249 89.16331877756646 0 0
90.98729621187161 94.94367053924222 0 0
95.23057612466864 99.07515011692531 0 0
