# Status file for ctqmc. Used to save all times t_s, t_e.
2
60
0.8138090769969041 1.0560041266969 0 0
4.095620971790073 4.151435889408868 0 0
4.351504262294428 4.463235496841547 0 0
5.986794289156485 8.576148990475604 0 0
9.313449018908786 10.57504746104088 0 0
10.7709845703462 11.41289706970407 0 0
11.59164638530599 12.11956268832555 0 0
12.50748664441845 12.98692553384022 0 0
16.12378666698837 16.29265405316227 0 0
18.62460346667559 18.96402494820417 0 0
19.48302440987658 19.51319642592738 0 0
20.41559388063783 20.5931306292446 0 0
20.86264201291603 21.21483417583342 0 0
21.77682742138538 21.91592784699635 0 0
22.01610467471157 23.36425886324347 0 0
24.44283716951306 25.79725976808674 0 0
28.67597217409549 28.74200982971479 0 0
29.28534668402459 29.3397085532613 0 0
32.27628778534764 34.06125045737802 0 0
36.71624433796551 36.79132870730955 0 0
37.05866428632023 37.14872809466239 0 0
37.86871612378345 37.89087558125436 0 0
39.89271646942883 39.91552242954015 0 0
40.33352122331568 40.85050513401508 0 0
42.14317572760305 43.42198698869215 0 0
43.47161090166368 44.26328351237354 0 0
44.42663536728134 44.65665207491326 0 0
44.71012735131954 44.92920221977247 0 0
47.45791895731496 47.52303031341581 0 0
47.97204678709224 49.99014847665509 0 0
50.52992574320555 51.03290810698661 0 0
51.06259072296042 51.19989128963426 0 0
51.42712361522572 51.80519925909201 0 0
51.82622341454405 53.40212395303652 0 0
54.5544209372357 55.43505594052587 0 0
57.01007560102319 57.04233802228711 0 0
57.67438874248793 59.39296989866722 0 0
60.57549664891694 61.10787870288191 0 0
62.62888172610148 63.24677980017868 0 0
65.38671597749789 67.7619930211504 0 0
67.94436168272722 67.98538042184902 0 0
71.09959522365021 71.37673088448484 0 0
71.37725292513866 72.16665039054531 0 0
72.63115764067237 73.03746658758925 0 0
73.61363361666653 74.16963687918268 0 0
74.39973716908061 74.97230786595364 0 0
75.78905289646306 76.16009330879282 0 0
76.23096146811406 77.62853270600742 0 0
77.91279858421146 78.02575101855933 0 0
78.88920998179977 79.73519935805082 0 0
80.90403798030411 81.04818368102478 0 0
82.25414842753695 84.3861010103378 0 0
84.92838965199691 85.03031444886959 0 0
85.35488892681478 85.86019161493789 0 0
86.48286656118576 87.3031806385476 0 0
89.42125683795972 90.08389834983315 0 0
90.65659001575192 91.45703838579153 0 0
94.51931375888306 94.97567351973528 0 0
95.39160989258838 96.29054501975136 0 0
97.19848854628766 97.97481281347046 0 0
63
0.6415764413398364 0.1429046455391187 0 0
4.227882369645119 4.009979261711192 0 0
7.48505719957615 6.183861139586827 0 0
8.345999811462914 7.578790485107691 0 0
10.65706856112748 10.54022972652682 0 0
13.03832498106495 11.49105311129147 0 0
13.22915861224219 13.14257182151266 0 0
16.28744120565125 16.18702151960279 0 0
17.16915621268992 16.97008954773243 0 0
17.799330273328 17.25141673195071 0 0
19.28658719934759 18.63611171365863 0 0
20.38585953416048 19.62347153790307 0 0
21.26119501976904 20.47706789524207 0 0
22.94070597962159 22.39020374802994 0 0
24.71060551221227 24.42864801653232 0 0
25.74955858210812 25.15628550780615 0 0
27.07494053093641 25.77928753739719 0 0
30.73419062633634 30.6965520274813 0 0
31.68685240702318 31.54606911227616 0 0
32.6356448357205 32.30289885055734 0 0
34.10346137703019 32.98526080022133 0 0
36.38573729158369 35.48941112185895 0 0
36.5526834789078 36.5272108382029 0 0
37.85042793844473 36.97184086267577 0 0
38.24791222687492 38.07565508236402 0 0
39.71393261114526 38.80690203171297 0 0
41.72435481908771 40.15350156744994 0 0
42.25202609813807 42.2473216523067 0 0
45.25963764330145 42.36270202891286 0 0
46.41037086170956 46.19977924077467 0 0
47.17150705459948 46.66085775291046 0 0
47.9498922624439 47.77197001087314 0 0
49.61145922987614 48.19045271968695 0 0
51.32186200849196 50.22462502739477 0 0
54.10603644588775 51.82473266098804 0 0
55.82453906821586 54.1371405124596 0 0
55.9475054757847 55.93801696336881 0 0
56.4332220012239 56.09058964564303 0 0
56.65493199220743 56.48273913918301 0 0
60.17209943858916 58.53520718244548 0 0
61.32984262389679 60.39720734852929 0 0
62.26683271539274 61.46654865087719 0 0
64.3957631924596 64.30660388583478 0 0
66.94255010119416 66.48107384454025 0 0
67.75118234209667 66.94409127535175 0 0
67.89408066106077 67.83417859082552 0 0
72.05137829094809 71.28073653798617 0 0
74.8178528537275 72.35433084620446 0 0
76.252491963932 76.04551154926013 0 0
79.61821140230734 76.37972772856352 0 0
84.86691184786292 82.01257690652196 0 0
87.27480266674029 85.56268339790527 0 0
88.9610720705649 87.65296247614677 0 0
90.15447611088086 89.21155888978166 0 0
90.35141180559219 90.27657295823059 0 0
90.38545489090596 90.3634786236485 0 0
90.97425853159824 90.60374303079776 0 0
91.65667754118391 91.13955889943719 0 0
92.06209488610459 91.8777096848236 0 0
94.92651489104679 94.06371216367207 0 0
97.01055909345843 95.56740954704497 0 0
97.69075179428667 97.15260667994627 0 0
99.87952130007784 99.53780485828594 0 0
