-1.800000000000201084e+01 2.404759148986841601e-04
-1.768637079511795918e+01 4.724249772517356860e-05
-1.738314684757837725e+01 7.866988489336904436e-05
-1.708981328123576660e+01 1.028432302722995782e-04
-1.680588863433072433e+01 1.371889971638745858e-04
-1.653092219204418001e+01 1.847296336235072995e-04
-1.626449157056260830e+01 2.255115851997271535e-04
-1.600620052541652782e+01 2.833445399910320761e-04
-1.575567696017295916e+01 3.634812401622568604e-04
-1.551257111443442049e+01 4.678050240118090996e-04
-1.527655391258613626e+01 6.203931531869220310e-04
-1.504731545689701200e+01 7.383525328540495748e-04
-1.482456365046278535e+01 7.322429055939157477e-04
-1.460802293712368716e+01 1.077500899226297056e-03
-1.439743314692604947e+01 1.134717699360858869e-03
-1.419254843695589230e+01 1.492906762807299972e-03
-1.399313631847824624e+01 1.568854590232763007e-03
-1.379897676228727654e+01 1.995830156011415678e-03
-1.360986137502872673e+01 2.270482844653263881e-03
-1.342559264001182306e+01 2.628638464625728498e-03
-1.324598321669588152e+01 2.972431985584898188e-03
-1.307085529362816168e+01 3.557371593663869076e-03
-1.290003999013476133e+01 3.802141618010374848e-03
-1.273337680253193582e+01 4.270857465726955564e-03
-1.257071309104041035e+01 4.969735740357904621e-03
-1.241190360395464154e+01 5.242044511826616203e-03
-1.225681003594876195e+01 6.084616022843949111e-03
-1.210530061769597765e+01 6.822150648489197153e-03
-1.195724973424155202e+01 7.092009025400939845e-03
-1.181253756980619762e+01 8.096199795424420878e-03
-1.167104977690866718e+01 9.167759577082929337e-03
-1.153267716788677255e+01 9.518003302980793806e-03
-1.139731542706779699e+01 1.038316837017907480e-02
-1.126486484199332239e+01 1.135256592214188912e-02
-1.113523005224293527e+01 1.194742523480358566e-02
-1.100831981452695096e+01 1.287318181922489715e-02
-1.088404678283180083e+01 1.379593368181965610e-02
-1.076232730250476877e+01 1.424451515807906472e-02
-1.064308121725769141e+01 1.526058957231232402e-02
-1.052623168815380517e+01 1.668311583160061659e-02
-1.041170502371859463e+01 1.751956847456837690e-02
-1.029943052038521678e+01 1.913371038713181788e-02
-1.018934031254830330e+01 1.997403895192122192e-02
-1.008136923155793951e+01 2.110603293966907545e-02
-9.975454673037956965e+00 2.227636853003457998e-02
-9.871536471960840942e+00 2.296508658644446157e-02
-9.769556784955334194e+00 2.432328945455599842e-02
-9.669459979362780899e+00 2.531516757235785162e-02
-9.571192528595137361e+00 2.566315371394718714e-02
-9.474702913380864899e+00 2.668147785287146301e-02
-9.379941528515811200e+00 2.896728052151357341e-02
-9.286860594764403842e+00 3.032352817997657768e-02
-9.195414075582201363e+00 2.972842248684461064e-02
-9.105557598354884874e+00 3.153945401958344052e-02
-9.017248379870389741e+00 3.432134592369911336e-02
-8.930445155761116638e+00 3.406539509436293245e-02
-8.845108113671695804e+00 3.265744336732690628e-02
-8.761198829924738973e+00 3.630319247720233816e-02
-8.678680209472876328e+00 3.606688208921773886e-02
-8.597516428939853128e+00 3.535071924444681962e-02
-8.517672882566811765e+00 3.790374746005008982e-02
-8.439116130892410084e+00 3.903987306222123782e-02
-8.361813852006719117e+00 4.027481434431642859e-02
-8.285734795229661387e+00 4.019835623441758016e-02
-8.210848737074378789e+00 4.092722261499222303e-02
-8.137126439365120589e+00 4.242876518355941096e-02
-8.064539609387715302e+00 4.223181794365189062e-02
-7.993060861958362295e+00 4.374810443481139122e-02
-7.922663683303976967e+00 4.341952994596805920e-02
-7.853322396653874549e+00 4.529249996513053100e-02
-7.785012129448951157e+00 4.523939088854078000e-02
-7.717708782080378249e+00 4.469735527450371948e-02
-7.651388998075133507e+00 4.779101895180364740e-02
-7.586030135650944750e+00 4.627822616362877589e-02
-7.521610240567749628e+00 5.062662796196829018e-02
-7.458108020207273370e+00 5.018115358392644110e-02
-7.395502818816379609e+00 4.986247498965755420e-02
-7.333774593853726209e+00 5.137024106308261950e-02
-7.272903893382695273e+00 5.007800973417264601e-02
-7.212871834457117437e+00 5.202197664087390705e-02
-7.153660082449187385e+00 5.265327471264256293e-02
-7.095250831272068126e+00 5.203799335413850785e-02
-7.037626784452278628e+00 5.353101111752352897e-02
-6.980771137009643468e+00 5.141395136757775930e-02
-6.924667558104775189e+00 5.598650807100868931e-02
-6.869300174416541616e+00 5.483399821387858336e-02
-6.814653554213885300e+00 5.422220393614603923e-02
-6.760712692088343800e+00 5.647172664637186562e-02
-6.707462994315648963e+00 5.540845711586582512e-02
-6.654890264816202716e+00 5.451499221637026715e-02
-6.602980691686176407e+00 5.823641644796646866e-02
-6.551720834272277472e+00 5.673881042981706452e-02
-6.501097610764786872e+00 5.627724277238564665e-02
-6.451098286284775440e+00 5.617970900754365449e-02
-6.401710461442654321e+00 5.830957004317127712e-02
-6.352922061346510496e+00 5.775821831043136817e-02
-6.304721325039668756e+00 5.788560942324451342e-02
-6.257096795348075169e+00 5.679564751196707062e-02
-6.210037309119101678e+00 5.809354823350787456e-02
-6.163531987834188541e+00 5.734788558589697799e-02
-6.117570228578837366e+00 6.033153564462194474e-02
-6.072141695354100754e+00 6.276086103939948480e-02
-6.027236310714632950e+00 6.220846738612761245e-02
-5.982844247719062203e+00 6.085255855380737600e-02
-5.938955922179146363e+00 6.161650490405699149e-02
-5.895561985194874843e+00 6.075791662999453779e-02
-5.852653315963272540e+00 6.511161913869679962e-02
-5.810221014849253685e+00 6.248675490317759373e-02
-5.768256396707496236e+00 6.593420618660357502e-02
-5.726750984444712422e+00 6.545905434612722673e-02
-5.685696502812374042e+00 6.435743602800579610e-02
-5.645084872420248701e+00 6.495459699225333838e-02
-5.604908203961667112e+00 6.259496267211270282e-02
-5.565158792641851981e+00 6.473816957465899913e-02
-5.525829112800970222e+00 6.787638535838513842e-02
-5.486911812724083681e+00 6.613600704704224176e-02
-5.448399709630409760e+00 6.624702953963117202e-02
-5.410285784834729661e+00 6.828217108213088804e-02
-5.372563179074079542e+00 6.992526785827132829e-02
-5.335225187993163587e+00 6.929872601459816095e-02
-5.298265257782246884e+00 7.296360455841252590e-02
-5.261676980961550676e+00 6.977305781486439762e-02
-5.225454092306433651e+00 6.850843677629706030e-02
-5.189590464907923639e+00 7.203146810157462498e-02
-5.154080106363324809e+00 7.070993292983809853e-02
-5.118917155092023386e+00 7.391545352643150157e-02
-5.084095876771596245e+00 7.680680925676884596e-02
-5.049610660889740643e+00 7.667497405065835936e-02
-5.015456017407655231e+00 7.653980974067592369e-02
-4.981626573530626878e+00 7.856981855352584976e-02
-4.948117070581910859e+00 7.825081458748629759e-02
-4.914922360976011539e+00 7.424514344139535038e-02
-4.882037405287712239e+00 7.798814805642657888e-02
-4.849457269413337102e+00 7.720667987686863354e-02
-4.817177121820895636e+00 7.900102677194549561e-02
-4.785192230885824571e+00 8.046180818215149799e-02
-4.753497962309302771e+00 8.454988746759778406e-02
-4.722089776616123835e+00 7.695810924818073662e-02
-4.690963226729293112e+00 8.184557298732574038e-02
-4.660113955618596648e+00 8.270897040837729697e-02
-4.629537694020590344e+00 8.055410421932346354e-02
-4.599230258227382961e+00 7.809753070035310718e-02
-4.569187547941903738e+00 8.158830954701393190e-02
-4.539405544197283149e+00 8.616502152083550803e-02
-4.509880307338105077e+00 8.551938068740770615e-02
-4.480607975061465353e+00 8.648525795725515997e-02
-4.451584760515686412e+00 9.087596904333368475e-02
-4.422806950454783781e+00 8.081398528112188062e-02
-4.394270903446768628e+00 8.548679297082592554e-02
-4.365973048133954926e+00 8.762643707575809571e-02
-4.337909881543509094e+00 8.899046060167861705e-02
-4.310077967446587444e+00 8.759589954882708585e-02
-4.282473934764412071e+00 8.835248571504704385e-02
-4.255094476019731786e+00 9.389211257027306468e-02
-4.227936345832168819e+00 9.145526517776010611e-02
-4.200996359456015128e+00 8.826015055579572444e-02
-4.174271391359062555e+00 8.966101063077080990e-02
-4.147758373841154089e+00 8.770509068197396285e-02
-4.121454295691163061e+00 9.648504391823088666e-02
-4.095356200881122177e+00 9.508745247975199100e-02
-4.069461187296388616e+00 8.959071389602649149e-02
-4.043766405500584860e+00 9.163640439114989489e-02
-4.018269057534298305e+00 9.344526357988468257e-02
-3.992966395746416985e+00 9.426141602490137328e-02
-3.967855721657088441e+00 9.304040655809173166e-02
-3.942934384851309204e+00 1.007996764151945918e-01
-3.918199781902168777e+00 9.275904301493555215e-02
-3.893649355322847061e+00 9.768494229623711500e-02
-3.869280592546462394e+00 9.687663911575994380e-02
-3.845091024932894896e+00 9.848073241515949150e-02
-3.821078226801797317e+00 9.348797854144420827e-02
-3.797239814490932730e+00 9.238684270962958800e-02
-3.773573445439120100e+00 9.386285499835020363e-02
-3.750076817293014120e+00 9.010840872771463950e-02
-3.726747667036997225e+00 9.826305237933594117e-02
-3.703583770145510101e+00 1.017106574278138914e-01
-3.680582939757102157e+00 9.955936728939293601e-02
-3.657743025869630404e+00 9.754164025695162554e-02
-3.635061914555887341e+00 9.981441430957248284e-02
-3.612537527199123133e+00 9.899566624731954978e-02
-3.590167819747855482e+00 9.819369186969839625e-02
-3.567950781989368547e+00 9.876268273507715634e-02
-3.545884436841426179e+00 1.014306871769452140e-01
-3.523966839661581307e+00 9.797669183889107236e-02
-3.502196077573649369e+00 1.000499968514396709e-01
-3.480570268810808887e+00 9.414067095928715934e-02
-3.459087562074850908e+00 9.789394959279407171e-02
-3.437746135911134981e+00 9.745266178729171391e-02
-3.416544198098792506e+00 1.004284088658450591e-01
-3.395479985055740890e+00 9.236270034107754712e-02
-3.374551761258098193e+00 1.000483638705256112e-01
-3.353757818673582580e+00 9.386036198949024301e-02
-3.333096476208523118e+00 9.563924236656112798e-02
-3.312566079168071553e+00 9.620709358856860405e-02
-3.292164998729279812e+00 9.638440584644829279e-02
-3.271891631426664837e+00 9.279927066262887159e-02
-3.251744398649922374e+00 8.955768088786671133e-02
-3.231721746153456643e+00 9.953127833537832314e-02
-3.211822143577407918e+00 8.691771918351470783e-02
-3.192044083979844071e+00 9.101076158920778925e-02
-3.172386083379843402e+00 9.401689396397346077e-02
-3.152846680311138350e+00 8.996906905280906142e-02
-3.133424435386072737e+00 9.293967072209718960e-02
-3.114117930869558570e+00 9.383649996739393262e-02
-3.094925770262795250e+00 8.877749906066226271e-02
-3.075846577896469647e+00 8.564586554763445325e-02
-3.056878998533198555e+00 8.921088685526154527e-02
-3.038021696978961295e+00 8.510689413300041861e-02
-3.019273357703287086e+00 8.580985018615369664e-02
-3.000632684467968048e+00 8.308619988319189409e-02
-2.982098399964077995e+00 7.979463167843607596e-02
-2.963669245457069223e+00 8.260563785817834348e-02
-2.945343980439752762e+00 7.643755412900417323e-02
-2.927121382292947160e+00 8.191003262808298213e-02
-2.909000245953597297e+00 7.434555287085664599e-02
-2.890979383590179363e+00 7.559090223906293760e-02
-2.873057624285205058e+00 7.577000484054176310e-02
-2.855233813724623815e+00 7.238117447474592958e-02
-2.837506813893987179e+00 7.312299492917709309e-02
-2.819875502781155951e+00 7.421924058951719083e-02
-2.802338774085429751e+00 6.694341474137634196e-02
-2.784895536932901372e+00 6.906122559831091856e-02
-2.767544715597910265e+00 7.077193728272974937e-02
-2.750285249230413953e+00 7.047023547000173804e-02
-2.733116091589155250e+00 6.328545453371807461e-02
-2.716036210780464089e+00 6.467603167482012527e-02
-2.699044589002566052e+00 6.232874425863906692e-02
-2.682140222295249732e+00 6.413253381486491711e-02
-2.665322120294779662e+00 6.367753139640285054e-02
-2.648589305993904297e+00 5.857025372580082490e-02
-2.631940815506855547e+00 5.918015487793960167e-02
-2.615375697839200431e+00 5.332476104979422954e-02
-2.598893014662444045e+00 4.928175745209677910e-02
-2.582491840093254609e+00 4.989527440183433998e-02
-2.566171260477212002e+00 5.267567019851437243e-02
-2.549930374176959447e+00 5.075295750943699391e-02
-2.533768291364664638e+00 5.083955028801969561e-02
-2.517684133818677505e+00 4.128478249683979751e-02
-2.501677034724291371e+00 4.517943053523246905e-02
-2.485746138478510670e+00 4.088810745075976971e-02
-2.469890600498723998e+00 4.535521213286444059e-02
-2.454109587035200768e+00 3.850046796629252172e-02
-2.438402274987315543e+00 4.028182823744538843e-02
-2.422767851723407695e+00 3.650910115588104632e-02
-2.407205514904207533e+00 3.330388967850905074e-02
-2.391714472309731221e+00 3.514460055610474365e-02
-2.376293941669569421e+00 3.153135197504017273e-02
-2.360943150496495058e+00 2.747658687462413082e-02
-2.345661335923311608e+00 3.449998591700278311e-02
-2.330447744542858413e+00 3.163656887118741767e-02
-2.315301632251118846e+00 2.749866644193151369e-02
-2.300222264093345625e+00 2.278230590274533951e-02
-2.285208914113144640e+00 2.390194946102318710e-02
-2.270260865204440481e+00 2.158339009870762285e-02
-2.255377408966269037e+00 2.192462343136400080e-02
-2.240557845560325223e+00 1.998144277452990406e-02
-2.225801483571210770e+00 1.873276236882092174e-02
-2.211107639869315467e+00 1.589333047749360087e-02
-2.196475639476279440e+00 1.885816401495237979e-02
-2.181904815432973432e+00 1.466218721242933468e-02
-2.167394508669943320e+00 1.368141255851773597e-02
-2.152944067880271817e+00 1.362532300317172151e-02
-2.138552849394784516e+00 1.187482647511625168e-02
-2.124220217059574090e+00 1.193950219841706344e-02
-2.109945542115772454e+00 9.782379172275141102e-03
-2.095728203081529628e+00 9.564115057278029311e-03
-2.081567585636154849e+00 9.441529745409073596e-03
-2.067463082506362237e+00 9.958814930455785197e-03
-2.053414093354584136e+00 9.597840526270886088e-03
-2.039420024669305942e+00 7.758991987531506894e-03
-2.025480289657382471e+00 9.001927192972184952e-03
-2.011594308138276332e+00 7.977188107025490540e-03
-1.997761506440205226e+00 7.871310656267940450e-03
-1.983981317298131319e+00 6.892773207769294433e-03
-1.970253179753569617e+00 5.897314011341964549e-03
-1.956576539056167352e+00 5.343875707245368707e-03
-1.942950846567025547e+00 5.365368521615116251e-03
-1.929375559663717654e+00 4.837347018349752795e-03
-1.915850141646975535e+00 4.727708794608069184e-03
-1.902374061649005244e+00 4.889605989840170759e-03
-1.888946794543396868e+00 4.579248197099000488e-03
-1.875567820856598900e+00 4.591964452814108720e-03
-1.862236626680921825e+00 3.973750202230257565e-03
-1.848952703589041180e+00 4.334186617309132919e-03
-1.835715548549967879e+00 3.547200867132556650e-03
-1.822524663846452730e+00 2.661733301136439030e-03
-1.809379556993800708e+00 2.858837489946256232e-03
-1.796279740660062796e+00 2.620678298355402433e-03
-1.783224732587581407e+00 1.937882503510184864e-03
-1.770214055515849871e+00 2.384011970840912986e-03
-1.757247237105675541e+00 1.958733891721682000e-03
-1.744323809864610553e+00 1.621392010780385411e-03
-1.731443311073621372e+00 1.628007133526506367e-03
-1.718605282714980698e+00 1.558563290879716153e-03
-1.705809271401351745e+00 1.380615868003761066e-03
-1.693054828306041149e+00 1.342273717249146524e-03
-1.680341509094399610e+00 1.061455164249060310e-03
-1.667668873856344547e+00 9.913841666711546274e-04
-1.655036487039980519e+00 8.207274197866934072e-04
-1.642443917386301022e+00 1.170065979514030513e-03
-1.629890737864948980e+00 7.139324243925006556e-04
-1.617376525611005755e+00 4.417544649080947547e-04
-1.604900861862805783e+00 8.216632120691602301e-04
-1.592463331900736856e+00 6.986704573617010059e-04
-1.580063524987020074e+00 5.049225753063039945e-04
-1.567701034306447028e+00 5.920946711794251209e-04
-1.555375456908052678e+00 5.081949376337028916e-04
-1.543086393647707277e+00 4.655959054869489473e-04
-1.530833449131608237e+00 4.126018753276181300e-04
-1.518616231660659732e+00 4.798088835033146953e-04
-1.506434353175712282e+00 2.036168693300439557e-04
-1.494287429203655870e+00 1.516070347235251353e-04
-1.482175078804342627e+00 1.636892634677814570e-04
-1.470096924518329295e+00 1.916691202598298424e-04
-1.458052592315416618e+00 8.900023957209260059e-05
-1.446041711543979202e+00 1.264095602518720103e-04
-1.434063914881057000e+00 1.316871710005639571e-04
-1.422118838283209508e+00 1.864328401161538290e-04
-1.410206120938107599e+00 6.596903160109018481e-05
-1.398325405216850115e+00 1.162299031878103367e-04
-1.386476336626996986e+00 7.237792362190806968e-05
-1.374658563766294916e+00 8.598434171060522803e-05
-1.362871738277095179e+00 7.109943246945654542e-05
-1.351115514801437101e+00 4.786358708020800758e-05
-1.339389550936797013e+00 2.597547179209269919e-05
-1.327693507192477362e+00 2.613155901197068313e-05
-1.316027046946637080e+00 5.032140493848540047e-05
-1.304389836403941239e+00 5.453212130998871885e-05
-1.292781544553817996e+00 8.190013406335777148e-05
-1.281201843129320173e+00 4.931785132910537176e-05
-1.269650406566570577e+00 2.032425983731916228e-05
-1.258126911964788874e+00 4.025413894080586623e-05
-1.246631039046874889e+00 5.591890125056372344e-05
-1.235162470120555911e+00 4.806978141460225803e-05
-1.223720890040073339e+00 6.513922975400259429e-05
-1.212305986168408234e+00 1.304195264582556986e-05
-1.200917448340022453e+00 2.482636260369244265e-05
-1.189554968824123149e+00 2.404395127614464481e-05
-1.178218242288426865e+00 1.474311054051288781e-06
-1.166906965763418569e+00 3.093054723815352492e-05
-1.155620838607101852e+00 1.051929157393573005e-05
-1.144359562470215863e+00 3.289915434712080270e-05
-1.133122841261928526e+00 2.226000858057189177e-05
-1.121910381115985400e+00 2.071772465704123679e-05
-1.110721890357309283e+00 3.695743609807046877e-05
-1.099557079469039467e+00 4.835617547330441421e-05
-1.088415661060010642e+00 5.478753702864272885e-05
-1.077297349832647466e+00 1.568974678423905661e-05
-1.066201862551285018e+00 6.592817662270891341e-05
-1.055128918010896033e+00 1.832842038818372101e-05
-1.044078237006218046e+00 3.207204820314763042e-07
-1.033049542301277102e+00 1.115270662124285806e-05
-1.022042558599299822e+00 1.028896830021357075e-05
-1.011057012512998066e+00 4.448463608396107982e-05
-1.000092632535235726e+00 9.155973725077529312e-06
-9.891491490100537964e-01 1.571955868392732697e-05
-9.782262941040561488e-01 8.171329901842213283e-06
-9.673238017781481402e-01 1.324361474232815331e-05
-9.564414077596213870e-01 1.069799441726100841e-05
-9.455788495145712735e-01 1.153051016434344983e-05
-9.347358662206534108e-01 1.332622583061076188e-05
-9.239121987401626157e-01 1.481255635457895139e-05
-9.131075895934324116e-01 1.983118541141182370e-05
-9.023217829325496098e-01 2.396683480317117769e-05
-8.915545245153719822e-01 4.095212489798177858e-06
-8.808055616798529108e-01 1.783076836168235484e-05
-8.700746433186589135e-01 2.583721055332751989e-05
-8.593615198540814903e-01 5.391803842932968622e-07
-8.486659432132259706e-01 1.559356065119993934e-05
-8.379876668034880183e-01 9.870994678762970418e-06
-8.273264454882990337e-01 1.378749887752277495e-05
-8.166820355631438932e-01 1.655426032982084230e-05
-8.060541947318363709e-01 3.027880328668365804e-06
-7.954426820830584610e-01 1.469927572674602200e-05
-7.848472580671504994e-01 1.313418072675263127e-05
-7.742676844731486430e-01 8.278987740772391823e-07
-7.637037244060699281e-01 3.887308384994879283e-05
-7.531551422644284788e-01 1.777146802639339415e-05
-7.426217037179922986e-01 4.677069520285379850e-06
-7.321031756857663275e-01 9.656932569949164486e-07
-7.215993263142009839e-01 4.530748162417785123e-06
-7.111099249556180890e-01 4.131538077787242876e-05
-7.006347421468592795e-01 1.297605076876121694e-05
-6.901735495881351490e-01 5.703843718187987006e-06
-6.797261201220911042e-01 1.071335116025131940e-05
-6.692922277130706199e-01 1.336883639676505213e-05
-6.588716474265783329e-01 7.793645518826893426e-06
-6.484641554089376481e-01 4.995217561640824164e-06
-6.380695288671385246e-01 3.940686330859255195e-06
-6.276875460488731129e-01 1.502687871889984053e-06
-6.173179862227488046e-01 4.948771633171395281e-06
-6.069606296586862459e-01 1.174587688963527214e-05
-5.966152576084875481e-01 4.570488034202100488e-06
-5.862816522865772484e-01 4.522969208491299273e-06
-5.759595968509094721e-01 2.613072484378512074e-06
-5.656488753840412942e-01 3.280190695109343668e-06
-5.553492728743597562e-01 2.906938897595487910e-06
-5.450605751974718638e-01 3.438844269140184351e-06
-5.347825690977430213e-01 2.914114203910797140e-05
-5.245150421699888987e-01 5.532893554955227975e-06
-5.142577828413065211e-01 1.053753881845594207e-05
-5.040105803530536832e-01 7.152132978350964373e-06
-4.937732247429644228e-01 7.684559485372987963e-06
-4.835455068274036594e-01 3.405365133970295131e-05
-4.733272181837471781e-01 1.671872252799444018e-05
-4.631181511328986700e-01 6.652203912905710546e-06
-4.529180987219272314e-01 5.805276050950598262e-06
-4.427268547068332061e-01 6.216180840290636318e-06
-4.325442135354257145e-01 5.185179644665898537e-06
-4.223699703303245845e-01 4.233128247512106639e-06
-4.122039208720716941e-01 3.174196181993800515e-06
-4.020458615823537807e-01 2.059826362531471538e-07
-3.918955895073323314e-01 6.337688267086229868e-06
-3.817529023010813316e-01 1.675881527685584325e-05
-3.716175982091194929e-01 3.612807636651740730e-06
-3.614894760520483419e-01 5.664486820671116679e-06
-3.513683352092828449e-01 9.781189743928778197e-07
-3.412539756028758475e-01 1.883368502779104215e-06
-3.311461976814312758e-01 1.231084291359766567e-05
-3.210448024041094306e-01 3.636970363651505803e-06
-3.109495912247085547e-01 1.152474282949988178e-06
-3.008603660758366605e-01 1.709598596512540588e-06
-2.907769293531580201e-01 3.035195565777801212e-06
-2.806990838997174276e-01 1.642073989445909805e-06
-2.706266329903371237e-01 5.632830834640057405e-06
-2.605593803160889399e-01 5.432724041892286483e-07
-2.504971299688272257e-01 4.292731363437349316e-06
-2.404396864257955790e-01 2.133033565214135613e-05
-2.303868545342923901e-01 3.455790462017340815e-05
-2.203384394963986970e-01 9.812831547411876199e-07
-2.102942468537628840e-01 4.125673444506856009e-06
-2.002540824724450275e-01 4.532855871764601345e-06
-1.902177525278067050e-01 1.860803682403369427e-06
-1.801850634894590075e-01 5.133724663765648190e-06
-1.701558221062540455e-01 5.290702261067390428e-06
-1.601298353913264694e-01 4.372327752917225219e-06
-1.501069106071708514e-01 1.464372844229702070e-06
-1.400868552507662790e-01 2.119629499117340709e-06
-1.300694770387391397e-01 5.356114332591321490e-06
-1.200545838925550501e-01 4.729200626511414687e-06
-1.100419839237516545e-01 1.318524847898794479e-06
-1.000314854191983877e-01 4.352937209510633019e-06
-9.002289682638489610e-02 3.737403476930243669e-06
-8.001602673873924043e-02 1.059889824739612381e-06
-7.001068388096250150e-02 6.083038256838517620e-06
-6.000667709439190534e-02 7.221999605316185329e-07
-5.000381532237931775e-02 8.189486513451662317e-07
-4.000190759568706539e-02 5.139262696483950013e-07
-3.000076301789707939e-02 3.769271270766064039e-06
-2.000019075083557876e-02 5.346003554577413163e-07
-9.999999999999974187e-03 9.729075539654075502e-06
0.000000000000000000e+00 2.974063414179471128e-06
9.999999999999974187e-03 1.523872312135043596e-07
2.000019075083557876e-02 1.000270275037407430e-05
3.000076301789707939e-02 1.314743779990498282e-06
4.000190759568635068e-02 3.476534018850351655e-06
5.000381532237860305e-02 6.540509496166836723e-06
6.000667709439118369e-02 4.733023946067925776e-06
7.001068388096322315e-02 5.474210436283093010e-06
8.001602673873996208e-02 8.877853147529452904e-06
9.002289682638561774e-02 2.937270494383988552e-07
1.000314854191983877e-01 8.310939976696732540e-07
1.100419839237516545e-01 2.405012944195110862e-06
1.200545838925550501e-01 2.778244267797066998e-06
1.300694770387391397e-01 1.712491364625531001e-06
1.400868552507662790e-01 1.163712134585596297e-05
1.501069106071708514e-01 4.368327116529265852e-06
1.601298353913264694e-01 4.127054573503279990e-06
1.701558221062540455e-01 2.602290689526791021e-06
1.801850634894582859e-01 1.573337181774569704e-05
1.902177525278067050e-01 8.967062538390047167e-06
2.002540824724450275e-01 2.908854979442106965e-05
2.102942468537628840e-01 2.517557605082153825e-06
2.203384394963986970e-01 2.845815505305490640e-06
2.303868545342923901e-01 1.865429068437951771e-06
2.404396864257955790e-01 2.541699638001463156e-06
2.504971299688272257e-01 2.166863752033067498e-07
2.605593803160889399e-01 9.401407834416288463e-06
2.706266329903371237e-01 4.628132786242037044e-06
2.806990838997167059e-01 1.369721283377250695e-05
2.907769293531572985e-01 5.438154558994611913e-06
3.008603660758359388e-01 1.173911902958634275e-06
3.109495912247092764e-01 9.428842018611348569e-07
3.210448024041101522e-01 2.024629309041007125e-05
3.311461976814320529e-01 6.488897899323076086e-06
3.412539756028758475e-01 2.853973402376457002e-06
3.513683352092828449e-01 9.848053420524732472e-07
3.614894760520483419e-01 2.550886308614281311e-06
3.716175982091194929e-01 3.823435856672938182e-06
3.817529023010813316e-01 7.648284744740636116e-07
3.918955895073323314e-01 2.133536205766484612e-05
4.020458615823530590e-01 1.033146897939645283e-06
4.122039208720709169e-01 2.790128666380083366e-06
4.223699703303238628e-01 1.818480507507584654e-08
4.325442135354264361e-01 1.739421778423447013e-05
4.427268547068339277e-01 1.219046178033936487e-05
4.529180987219279531e-01 1.608999686892389120e-06
4.631181511328986700e-01 5.999977110657628250e-06
4.733272181837471781e-01 7.888457046140101137e-07
4.835455068274036594e-01 2.843089830515343840e-06
4.937732247429644228e-01 1.092268466212904557e-06
5.040105803530536832e-01 2.057196763830343627e-06
5.142577828413065211e-01 2.393594324960701631e-05
5.245150421699888987e-01 3.340634588127024810e-06
5.347825690977430213e-01 9.138035282476721457e-06
5.450605751974710866e-01 2.248656758037713519e-05
5.553492728743597562e-01 2.661329574284780101e-05
5.656488753840412942e-01 9.704852150960366269e-06
5.759595968509094721e-01 8.858144428498524375e-07
5.862816522865772484e-01 3.706093405357248512e-06
5.966152576084875481e-01 1.532830831566405524e-06
6.069606296586862459e-01 1.707224384113638490e-05
6.173179862227488046e-01 2.074513840935552991e-06
6.276875460488731129e-01 4.399236875328327961e-06
6.380695288671385246e-01 7.202801096615906927e-06
6.484641554089369819e-01 4.135523176120156543e-06
6.588716474265774448e-01 1.437898555991388727e-05
6.692922277130698427e-01 1.064767607520062088e-05
6.797261201220904381e-01 2.541875338132081524e-06
6.901735495881360372e-01 3.582533379480842036e-06
7.006347421468600567e-01 6.843111848139843826e-06
7.111099249556188662e-01 2.466403916854303566e-05
7.215993263142009839e-01 1.967965748815281890e-05
7.321031756857663275e-01 2.406135186520553669e-05
7.426217037179922986e-01 5.289075922259742237e-06
7.531551422644284788e-01 9.230410164762297239e-06
7.637037244060699281e-01 2.984687470161505188e-05
7.742676844731486430e-01 6.946457971460251880e-07
7.848472580671498333e-01 2.352008386501060034e-07
7.954426820830577949e-01 2.577691555671173527e-05
8.060541947318363709e-01 6.401612133850027747e-07
8.166820355631446704e-01 1.062496264128341323e-05
8.273264454882999219e-01 2.079263269568523642e-06
8.379876668034880183e-01 2.529747305883802807e-05
8.486659432132259706e-01 6.531059345374974119e-06
8.593615198540814903e-01 1.027833317795937227e-05
8.700746433186589135e-01 1.906242891464269247e-05
8.808055616798529108e-01 4.328244174726414461e-06
8.915545245153719822e-01 1.236318642747539264e-05
9.023217829325496098e-01 4.195035630183303199e-05
9.131075895934324116e-01 2.871698219984178811e-05
9.239121987401619496e-01 4.223094951918312232e-05
9.347358662206525226e-01 2.018221726428113492e-05
9.455788495145712735e-01 1.344788768877161551e-05
9.564414077596213870e-01 3.086182614134451766e-05
9.673238017781488063e-01 6.669493982152959572e-06
9.782262941040561488e-01 1.125876129018516105e-05
9.891491490100537964e-01 6.741163456652536749e-06
1.000092632535235726e+00 4.364822854937508998e-05
1.011057012512998066e+00 7.448018317416458937e-06
1.022042558599299822e+00 2.431492234809299753e-05
1.033049542301277102e+00 6.686173691668967985e-06
1.044078237006217380e+00 1.782842229920993368e-05
1.055128918010895367e+00 2.779245434283270544e-05
1.066201862551284352e+00 1.367902284855719575e-05
1.077297349832648132e+00 3.556362833478507246e-05
1.088415661060011308e+00 6.279487735016758224e-05
1.099557079469040355e+00 5.639532690136304628e-05
1.110721890357309283e+00 6.536223103875427867e-07
1.121910381115985400e+00 8.938905019743845462e-06
1.133122841261928526e+00 1.254201178295421831e-05
1.144359562470215863e+00 5.587439185891944558e-05
1.155620838607101852e+00 2.567491321714581630e-05
1.166906965763418569e+00 5.357766588980703156e-05
1.178218242288425976e+00 2.380132147145522763e-05
1.189554968824123149e+00 1.193051035014092089e-05
1.200917448340022453e+00 2.313576872843451659e-05
1.212305986168408900e+00 6.888387022916177643e-06
1.223720890040074227e+00 2.691348571256153854e-05
1.235162470120555911e+00 1.873699088114437654e-05
1.246631039046874889e+00 2.593966980762681991e-05
1.258126911964788874e+00 4.926247118635105536e-05
1.269650406566570577e+00 3.279886186612761978e-05
1.281201843129320173e+00 7.351831730540457686e-05
1.292781544553817996e+00 1.357166959186496244e-05
1.304389836403941239e+00 2.764599989574484290e-05
1.316027046946637080e+00 1.489843347623865348e-05
1.327693507192476696e+00 6.825231399768745305e-05
1.339389550936796125e+00 1.063209582551274002e-04
1.351115514801436435e+00 6.239729202826258024e-05
1.362871738277095179e+00 2.296984230851841511e-05
1.374658563766295805e+00 3.514648894411177978e-05
1.386476336626997652e+00 1.297591132766590376e-04
1.398325405216850559e+00 8.971825929034915788e-05
1.410206120938107599e+00 2.818220522895206271e-04
1.422118838283209508e+00 5.528639349409375986e-05
1.434063914881057000e+00 2.219203280806859261e-04
1.446041711543979202e+00 3.491031199537379909e-04
1.458052592315416618e+00 2.734831123011302926e-04
1.470096924518328407e+00 1.169798948128142238e-04
1.482175078804341739e+00 3.864343387124772895e-04
1.494287429203654982e+00 1.141994110551570573e-04
1.506434353175713392e+00 2.968937924642631068e-04
1.518616231660660620e+00 4.373963869391561698e-04
1.530833449131608681e+00 4.135814070831115197e-04
1.543086393647707277e+00 5.875845376933355388e-04
1.555375456908052678e+00 2.766519819931792003e-04
1.567701034306447028e+00 4.231742227741902194e-04
1.580063524987019630e+00 3.843768879906371517e-04
1.592463331900736190e+00 4.999066811675216332e-04
1.604900861862805117e+00 7.498061604994144284e-04
1.617376525611005755e+00 6.279787226009843218e-04
1.629890737864948091e+00 8.983178663964024686e-04
1.642443917386300800e+00 8.071642641525727255e-04
1.655036487039980742e+00 1.240504601895001200e-03
1.667668873856345213e+00 1.097802499440840400e-03
1.680341509094400276e+00 1.184507083015355015e-03
1.693054828306040926e+00 1.175814174216270385e-03
1.705809271401351079e+00 1.358943275041420021e-03
1.718605282714980920e+00 1.828151023058626271e-03
1.731443311073621594e+00 1.815649513243097236e-03
1.744323809864610997e+00 1.891101787583568308e-03
1.757247237105675541e+00 2.204233155025264648e-03
1.770214055515848983e+00 2.046186110663384457e-03
1.783224732587580741e+00 2.138332625147515952e-03
1.796279740660062352e+00 2.339602417519401518e-03
1.809379556993800708e+00 3.074393770195639822e-03
1.822524663846453397e+00 3.055518362329846371e-03
1.835715548549968767e+00 3.307487236049761348e-03
1.848952703589041624e+00 3.435741662660945182e-03
1.862236626680921825e+00 3.208098549179435374e-03
1.875567820856598900e+00 3.984473204209206497e-03
1.888946794543396868e+00 3.445258576696054280e-03
1.902374061649005244e+00 5.037327773183283321e-03
1.915850141646975535e+00 4.381247939935871763e-03
1.929375559663716988e+00 4.543989884579884182e-03
1.942950846567024437e+00 6.164093235662906553e-03
1.956576539056166242e+00 5.912895430339968998e-03
1.970253179753570727e+00 6.173968821511217724e-03
1.983981317298132430e+00 6.576163166609302196e-03
1.997761506440205892e+00 7.479157530061345677e-03
2.011594308138276332e+00 6.112406277421404341e-03
2.025480289657382471e+00 7.846020762426885939e-03
2.039420024669305942e+00 8.565176184298932752e-03
2.053414093354583247e+00 8.128867135127081089e-03
2.067463082506361793e+00 8.774909360474541717e-03
2.081567585636154405e+00 1.112827033618297295e-02
2.095728203081529628e+00 1.105639396491999750e-02
2.109945542115771566e+00 1.019179140485070197e-02
2.124220217059573645e+00 1.194405567371273173e-02
2.138552849394784072e+00 1.220485430710953161e-02
2.152944067880272261e+00 1.326703078344497466e-02
2.167394508669943765e+00 1.351640268884930947e-02
2.181904815432972988e+00 1.453416842892621234e-02
2.196475639476278996e+00 1.576012300971193353e-02
2.211107639869315911e+00 1.547092243209035461e-02
2.225801483571211214e+00 1.772524485834782795e-02
2.240557845560325667e+00 1.949134967510738475e-02
2.255377408966268149e+00 2.006033749884039707e-02
2.270260865204440481e+00 2.183221598554955026e-02
2.285208914113143308e+00 2.434548607200041556e-02
2.300222264093344737e+00 2.303700017593780791e-02
2.315301632251118846e+00 2.533328756792731576e-02
2.330447744542859301e+00 2.949368737964714812e-02
2.345661335923311608e+00 2.894646940469816979e-02
2.360943150496495946e+00 3.153958630772149552e-02
2.376293941669568088e+00 3.330554824897118127e-02
2.391714472309731221e+00 3.510215667095728520e-02
2.407205514904206645e+00 3.497188002291606868e-02
2.422767851723407695e+00 4.364990371811371117e-02
2.438402274987316432e+00 3.856504345873677103e-02
2.454109587035200768e+00 4.015666567214998955e-02
2.469890600498723998e+00 4.285949199466445453e-02
2.485746138478509337e+00 5.001318897654475487e-02
2.501677034724291371e+00 3.614422626895146679e-02
2.517684133818678394e+00 4.742647187721597823e-02
2.533768291364664638e+00 4.210946966123464696e-02
2.549930374176959891e+00 4.315227795685355749e-02
2.566171260477213334e+00 4.748548811968873740e-02
2.582491840093254609e+00 5.304643097051853218e-02
2.598893014662444489e+00 5.872442156885832043e-02
2.615375697839199987e+00 5.184944623383646450e-02
2.631940815506855991e+00 5.535046727463942273e-02
2.648589305993903409e+00 5.926110010003870360e-02
2.665322120294779218e+00 6.045984606012959339e-02
2.682140222295247955e+00 6.123428272923862187e-02
2.699044589002565164e+00 6.497902921201884063e-02
2.716036210780464977e+00 6.474242417351981638e-02
2.733116091589157026e+00 6.999609401171724699e-02
2.750285249230413953e+00 6.536424571644469661e-02
2.767544715597911598e+00 6.911577582151792742e-02
2.784895536932901372e+00 6.858205666000249945e-02
2.802338774085429751e+00 6.979680955957463795e-02
2.819875502781155063e+00 6.876643568908305526e-02
2.837506813893987179e+00 7.782057785912209480e-02
2.855233813724622927e+00 7.863905580083523084e-02
2.873057624285204170e+00 7.651722231618061920e-02
2.890979383590180252e+00 7.295289593121784266e-02
2.909000245953595520e+00 7.126893063640915571e-02
2.927121382292947160e+00 8.003472165997690957e-02
2.945343980439754095e+00 7.721349978034404427e-02
2.963669245457068335e+00 8.533979943814259950e-02
2.982098399964077995e+00 7.845355852946928055e-02
3.000632684467967159e+00 8.315688175806409954e-02
3.019273357703287086e+00 7.946685650630154474e-02
3.038021696978962627e+00 8.289491480558768000e-02
3.056878998533198555e+00 8.658541587367210579e-02
3.075846577896470535e+00 9.098690835565705071e-02
3.094925770262794362e+00 8.978542892009859500e-02
3.114117930869559014e+00 9.021077936917847040e-02
3.133424435386071849e+00 8.721739682246375247e-02
3.152846680311138350e+00 8.995891718637291645e-02
3.172386083379844290e+00 8.697857002019529493e-02
3.192044083979846292e+00 9.717985090605107956e-02
3.211822143577407918e+00 8.840542374908401391e-02
3.231721746153457975e+00 9.702608733297016230e-02
3.251744398649921930e+00 9.883659513898124249e-02
3.271891631426665281e+00 9.703584010652423208e-02
3.292164998729279368e+00 9.311000812707906360e-02
3.312566079168071553e+00 1.036023278754830274e-01
3.333096476208521786e+00 9.273956285838698410e-02
3.353757818673582580e+00 1.015443266262794353e-01
3.374551761258096416e+00 9.766884042110593467e-02
3.395479985055740446e+00 9.210159486300767417e-02
3.416544198098793395e+00 9.630908620095170181e-02
3.437746135911136314e+00 1.011352497968931452e-01
3.459087562074850908e+00 9.386061174366243376e-02
3.480570268810810663e+00 9.280789588691669423e-02
3.502196077573649369e+00 1.008557998778162601e-01
3.523966839661581307e+00 9.850707997274454897e-02
3.545884436841424847e+00 1.022296666285841815e-01
3.567950781989368547e+00 9.877571644037184961e-02
3.590167819747851929e+00 9.920996553703780030e-02
3.612537527199123133e+00 9.845881193338390514e-02
3.635061914555887341e+00 9.673497480901666057e-02
3.657743025869628628e+00 1.011443117870447356e-01
3.680582939757102157e+00 9.461435906708670629e-02
3.703583770145510101e+00 9.956855773228277806e-02
3.726747667036997225e+00 9.605008462167656524e-02
3.750076817293014120e+00 1.014690089522315708e-01
3.773573445439117879e+00 9.315599707569266474e-02
3.797239814490932730e+00 1.042267176251883698e-01
3.821078226801799538e+00 9.402384929993316820e-02
3.845091024932894896e+00 9.170692214212793070e-02
3.869280592546462394e+00 9.048230132719399521e-02
3.893649355322847061e+00 9.902616195317545666e-02
3.918199781902168777e+00 9.205112367382466132e-02
3.942934384851307872e+00 9.706772086580663095e-02
3.967855721657088441e+00 9.685964903427113359e-02
3.992966395746416985e+00 9.328208077750975435e-02
4.018269057534300082e+00 8.944088448715252493e-02
4.043766405500584860e+00 9.480928244193646826e-02
4.069461187296391280e+00 9.428411138974632233e-02
4.095356200881122177e+00 9.393780479990017362e-02
4.121454295691163061e+00 9.663971210151443836e-02
4.147758373841154089e+00 9.603349585193780846e-02
4.174271391359062555e+00 9.111216937981343744e-02
4.200996359456013352e+00 9.080523747808966206e-02
4.227936345832168819e+00 8.744501239435485684e-02
4.255094476019727345e+00 8.873538285915991142e-02
4.282473934764413848e+00 9.094185285147553255e-02
4.310077967446587444e+00 8.751142278260856666e-02
4.337909881543510870e+00 8.518710912667151747e-02
4.365973048133954926e+00 8.922402177572115456e-02
4.394270903446770404e+00 8.356989533554265437e-02
4.422806950454781116e+00 8.625617746768650396e-02
4.451584760515686412e+00 8.682377391645057507e-02
4.480607975061463577e+00 8.354740962009381267e-02
4.509880307338105077e+00 8.554449624303987754e-02
4.539405544197283149e+00 8.792083480026829934e-02
4.569187547941903738e+00 8.075936733349618757e-02
4.599230258227382961e+00 7.858402094486567624e-02
4.629537694020593008e+00 8.535724907022138042e-02
4.660113955618596648e+00 7.985042765964092681e-02
4.690963226729293112e+00 8.561065495948766424e-02
4.722089776616123835e+00 7.663135558521069757e-02
4.753497962309302771e+00 7.800879504831773059e-02
4.785192230885826348e+00 7.933082062699042813e-02
4.817177121820895636e+00 7.309485324106890225e-02
4.849457269413340654e+00 7.901416434587964222e-02
4.882037405287709575e+00 7.885201876824338152e-02
4.914922360976011539e+00 7.385294087340674163e-02
4.948117070581908195e+00 7.447374918508291308e-02
4.981626573530626878e+00 7.288166912494734029e-02
5.015456017407652567e+00 8.136132567401307969e-02
5.049610660889745972e+00 7.540804658833719087e-02
5.084095876771596245e+00 7.238602428484267048e-02
5.118917155092026050e+00 7.404863971532969769e-02
5.154080106363324809e+00 7.398340653122942312e-02
5.189590464907923639e+00 7.701611607735324438e-02
5.225454092306433651e+00 7.423208255247314147e-02
5.261676980961550676e+00 7.048733649538845014e-02
5.298265257782244220e+00 6.802282911324931958e-02
5.335225187993163587e+00 7.007262088254315180e-02
5.372563179074077766e+00 6.691704062332878844e-02
5.410285784834729661e+00 7.388224416464329869e-02
5.448399709630405319e+00 7.283335972899393496e-02
5.486911812724086346e+00 6.607984681383424763e-02
5.525829112800970222e+00 7.063582331082075838e-02
5.565158792641854646e+00 6.570460145129509988e-02
5.604908203961667112e+00 6.766159216481018590e-02
5.645084872420248701e+00 6.513328116204332441e-02
5.685696502812371378e+00 6.587863368094337702e-02
5.726750984444712422e+00 6.389473944458050336e-02
5.768256396707492684e+00 6.444623637254009996e-02
5.810221014849253685e+00 6.183342892771960531e-02
5.852653315963272540e+00 6.555005653614996708e-02
5.895561985194872179e+00 5.862848532092219261e-02
5.938955922179146363e+00 6.256253817350469759e-02
5.982844247719065756e+00 5.903415793738128747e-02
6.027236310714632950e+00 5.971790153094124615e-02
6.072141695354100754e+00 5.981780883005703708e-02
6.117570228578833813e+00 6.186877426407987046e-02
6.163531987834188541e+00 5.829215996424254309e-02
6.210037309119105231e+00 6.084826099812377931e-02
6.257096795348075169e+00 6.272416797763583074e-02
6.304721325039668756e+00 5.849570404812226565e-02
6.352922061346506943e+00 6.024516927252545478e-02
6.401710461442654321e+00 5.573604946991806558e-02
6.451098286284771888e+00 5.618064327353342047e-02
6.501097610764786872e+00 5.667790779312766036e-02
6.551720834272277472e+00 5.567923067044895646e-02
6.602980691686179959e+00 5.536296452060895240e-02
6.654890264816202716e+00 5.228198411245704724e-02
6.707462994315653404e+00 5.586499563289280823e-02
6.760712692088343800e+00 5.470454328560771934e-02
6.814653554213885300e+00 5.182423742951278167e-02
6.869300174416541616e+00 5.251424785932228695e-02
6.924667558104775189e+00 5.433887535580516487e-02
6.980771137009639027e+00 5.397590337503456459e-02
7.037626784452278628e+00 5.210095169549742999e-02
7.095250831272059244e+00 5.080319438967771661e-02
7.153660082449184721e+00 5.177854878997102672e-02
7.212871834457117437e+00 5.043734091562079164e-02
7.272903893382699714e+00 4.897978567534692212e-02
7.333774593853726209e+00 4.875714796120859257e-02
7.395502818816384050e+00 4.931029930792464600e-02
7.458108020207268929e+00 4.702079740894177240e-02
7.521610240567749628e+00 4.997881485524308803e-02
7.586030135650939421e+00 4.759055599011766113e-02
7.651388998075133507e+00 4.731221530236860012e-02
7.717708782080382690e+00 4.804078072763533908e-02
7.785012129448951157e+00 4.556366458234294842e-02
7.853322396653874549e+00 4.629575638075791172e-02
7.922663683303971638e+00 4.551857922643855886e-02
7.993060861958362295e+00 4.148831506032461119e-02
8.064539609387720631e+00 4.187792988055007853e-02
8.137126439365120589e+00 4.209401971277530047e-02
8.210848737074378789e+00 4.048388586885957180e-02
8.285734795229668492e+00 4.133299774724335379e-02
8.361813852006719117e+00 3.972565816820786827e-02
8.439116130892415413e+00 4.091198915446017659e-02
8.517672882566811765e+00 3.670459586601909630e-02
8.597516428939853128e+00 3.827037107153100082e-02
8.678680209472870999e+00 3.529805992938832987e-02
8.761198829924738973e+00 3.444696190987688728e-02
8.845108113671690475e+00 3.404096839305022215e-02
8.930445155761116638e+00 3.357349520637538387e-02
9.017248379870389741e+00 3.245908468148970411e-02
9.105557598354891979e+00 3.019870935024393521e-02
9.195414075582201363e+00 2.962516009233795086e-02
9.286860594764410948e+00 2.900346689071809508e-02
9.379941528515811200e+00 2.873650410693251445e-02
9.474702913380864899e+00 2.730782897943900486e-02
9.571192528595130256e+00 2.674906461349614573e-02
9.669459979362780899e+00 2.478840553066970556e-02
9.769556784955327089e+00 2.492282850573152020e-02
9.871536471960840942e+00 2.297159622548867672e-02
9.975454673037942754e+00 2.129028879806725560e-02
1.008136923155793063e+01 2.041448925395221436e-02
1.018934031254830330e+01 1.979452458529812331e-02
1.029943052038522566e+01 1.835225687845683934e-02
1.041170502371859463e+01 1.809358143681875225e-02
1.052623168815380517e+01 1.660316866838734695e-02
1.064308121725768252e+01 1.616083175408045830e-02
1.076232730250476877e+01 1.469533214679628538e-02
1.088404678283179194e+01 1.361178706681059024e-02
1.100831981452695096e+01 1.346454516853427472e-02
1.113523005224294415e+01 1.206876102250627365e-02
1.126486484199331350e+01 1.129500006319619602e-02
1.139731542706779699e+01 1.041360970010816837e-02
1.153267716788676189e+01 9.074391292595740399e-03
1.167104977690866718e+01 8.775696686291039120e-03
1.181253756980620828e+01 7.910855101901956982e-03
1.195724973424156268e+01 6.912554559332510437e-03
1.210530061769597765e+01 6.415326597007089439e-03
1.225681003594877438e+01 6.444115955466887292e-03
1.241190360395464154e+01 5.462441876219827769e-03
1.257071309104042101e+01 4.955959579133509610e-03
1.273337680253192516e+01 4.546443005169664014e-03
1.290003999013476133e+01 4.057089903946373317e-03
1.307085529362815102e+01 3.325256944437535514e-03
1.324598321669588152e+01 2.988732612010208591e-03
1.342559264001181063e+01 2.497908886188075685e-03
1.360986137502873916e+01 2.384439079321131177e-03
1.379897676228727654e+01 1.933976769202331398e-03
1.399313631847826045e+01 1.702740085488575533e-03
1.419254843695589230e+01 1.459252093620029772e-03
1.439743314692606369e+01 1.162754416984317302e-03
1.460802293712368716e+01 9.876051862579130793e-04
1.482456365046278535e+01 8.250592413702023111e-04
1.504731545689699779e+01 6.559932642717245183e-04
1.527655391258613626e+01 5.539668476035364319e-04
1.551257111443440273e+01 4.466915141200848119e-04
1.575567696017295916e+01 3.674769428718336586e-04
1.600620052541652782e+01 3.071555055984721426e-04
1.626449157056262607e+01 2.288231529965038000e-04
1.653092219204418001e+01 1.701009424262195434e-04
1.680588863433074565e+01 1.392580855055345517e-04
1.708981328123576660e+01 1.060925674318125017e-04
1.738314684757837725e+01 8.040057780273725870e-05
1.768637079511793431e+01 6.872953166166696076e-05
1.800000000000201084e+01 2.649147982044156415e-04
