0.000000000000000000e+00 -5.000000000000000000e-01
1.249999999999917566e-01 -4.907462877895348852e-01
2.499999999999835132e-01 -4.817925195484675793e-01
3.749999999999752420e-01 -4.731266831440140708e-01
4.999999999999670264e-01 -4.647372984401104690e-01
6.249999999999588107e-01 -4.566134051322183751e-01
7.499999999999504841e-01 -4.487445365625951088e-01
8.749999999999422684e-01 -4.411206956866258189e-01
9.999999999999340528e-01 -4.337323323617790494e-01
1.124999999999925837e+00 -4.265703218088803261e-01
1.249999999999917621e+00 -4.196259441693596659e-01
1.374999999999909406e+00 -4.128908650948149295e-01
1.499999999999900968e+00 -4.063571173162964234e-01
1.624999999999892752e+00 -4.000170831395220561e-01
1.749999999999884537e+00 -3.938634778184207930e-01
1.874999999999876321e+00 -3.878893337618719572e-01
1.999999999999868106e+00 -3.820879855291413052e-01
2.124999999999859668e+00 -3.764530555746988805e-01
2.249999999999851674e+00 -3.709784407024159236e-01
2.374999999999843237e+00 -3.656582991930509285e-01
2.499999999999835243e+00 -3.604870385704506131e-01
2.624999999999826805e+00 -3.554593039731005488e-01
2.749999999999818812e+00 -3.505699671002334705e-01
2.874999999999810374e+00 -3.458141157028374879e-01
2.999999999999801936e+00 -3.411870435923567424e-01
3.124999999999793943e+00 -3.366842411392580448e-01
3.249999999999785505e+00 -3.323013862373931371e-01
3.374999999999777511e+00 -3.280343357102206703e-01
3.499999999999769074e+00 -3.238791171366918187e-01
3.624999999999761080e+00 -3.198319210743078012e-01
3.749999999999752642e+00 -3.158890936605485145e-01
3.874999999999744649e+00 -3.120471295727303418e-01
3.999999999999736211e+00 -3.083026653284383078e-01
4.124999999999728217e+00 -3.046524729085151040e-01
4.249999999999719336e+00 -3.010934536886518131e-01
4.374999999999711342e+00 -2.976226326606492556e-01
4.499999999999703348e+00 -2.942371529314211642e-01
4.624999999999695355e+00 -2.909342704849754990e-01
4.749999999999686473e+00 -2.877113491938441681e-01
4.874999999999678479e+00 -2.845658560682841065e-01
4.999999999999670486e+00 -2.814953567302178605e-01
5.124999999999661604e+00 -2.784975111018932470e-01
5.249999999999653610e+00 -2.755700692978335642e-01
5.374999999999645617e+00 -2.727108677106433454e-01
5.499999999999637623e+00 -2.699178252802097999e-01
5.624999999999628741e+00 -2.671889399379436814e-01
5.749999999999620748e+00 -2.645222852166967398e-01
5.874999999999612754e+00 -2.619160070193565226e-01
5.999999999999603872e+00 -2.593683205370898026e-01
6.124999999999595879e+00 -2.568775073106633888e-01
6.249999999999587885e+00 -2.544419124275674182e-01
6.374999999999579892e+00 -2.520599418481817011e-01
6.499999999999571010e+00 -2.497300598540671546e-01
6.624999999999563016e+00 -2.474507866154402880e-01
6.749999999999555023e+00 -2.452206958676214077e-01
6.874999999999547029e+00 -2.430384126939783007e-01
6.999999999999538147e+00 -2.409026114096197713e-01
7.124999999999530154e+00 -2.388120135416306189e-01
7.249999999999522160e+00 -2.367653858995942273e-01
7.374999999999513278e+00 -2.347615387328039205e-01
7.499999999999505285e+00 -2.327993239715761553e-01
7.624999999999497291e+00 -2.308776335458786466e-01
7.749999999999489297e+00 -2.289953977795416984e-01
7.874999999999480416e+00 -2.271515838557536804e-01
7.999999999999472422e+00 -2.253451943505764277e-01
8.124999999999463540e+00 -2.235752658313331920e-01
8.249999999999456435e+00 -2.218408675168228039e-01
8.374999999999447553e+00 -2.201410999961969650e-01
8.499999999999438671e+00 -2.184750940034878575e-01
8.624999999999431566e+00 -2.168420092465012661e-01
8.749999999999422684e+00 -2.152410332859845399e-01
8.874999999999415579e+00 -2.136713804635932967e-01
8.999999999999406697e+00 -2.121322908755462477e-01
9.124999999999397815e+00 -2.106230293913931573e-01
9.249999999999390710e+00 -2.091428847144563563e-01
9.374999999999381828e+00 -2.076911684819738868e-01
9.499999999999372946e+00 -2.062672144039848776e-01
9.624999999999365841e+00 -2.048703774389989962e-01
9.749999999999356959e+00 -2.035000330039239969e-01
9.874999999999348077e+00 -2.021555762178501858e-01
9.999999999999340972e+00 -2.008364211772340480e-01
1.012499999999933209e+01 -1.995420002611050236e-01
1.024999999999932321e+01 -1.982717634663303530e-01
1.037499999999931610e+01 -1.970251777688205586e-01
1.049999999999930722e+01 -1.958017265131284934e-01
1.062499999999930012e+01 -1.946009088253751185e-01
1.074999999999929123e+01 -1.934222390513687939e-01
1.087499999999928235e+01 -1.922652462174943566e-01
1.099999999999927525e+01 -1.911294735134645983e-01
1.112499999999926636e+01 -1.900144777962132769e-01
1.124999999999925748e+01 -1.889198291137432206e-01
1.137499999999925038e+01 -1.878451102478665424e-01
1.149999999999924150e+01 -1.867899162761313403e-01
1.162499999999923261e+01 -1.857538541504446528e-01
1.174999999999922551e+01 -1.847365422930178913e-01
1.187499999999921663e+01 -1.837376102082448615e-01
1.199999999999920774e+01 -1.827566981094039811e-01
1.212499999999920064e+01 -1.817934565608479436e-01
1.224999999999919176e+01 -1.808475461335754542e-01
1.237499999999918465e+01 -1.799186370748552810e-01
1.249999999999917577e+01 -1.790064089904065403e-01
1.262499999999916689e+01 -1.781105505387743371e-01
1.274999999999915978e+01 -1.772307591377534353e-01
1.287499999999915090e+01 -1.763667406820901840e-01
1.299999999999914202e+01 -1.755182092717658682e-01
1.312499999999913491e+01 -1.746848869506863466e-01
1.324999999999912603e+01 -1.738665034560153422e-01
1.337499999999911715e+01 -1.730627959759695189e-01
1.349999999999911005e+01 -1.722735089173647594e-01
1.362499999999910116e+01 -1.714983936818347265e-01
1.374999999999909406e+01 -1.707372084504273357e-01
1.387499999999908518e+01 -1.699897179761957200e-01
1.399999999999907629e+01 -1.692556933844809874e-01
1.412499999999906919e+01 -1.685349119805121254e-01
1.424999999999906031e+01 -1.678271570639426336e-01
1.437499999999905143e+01 -1.671322177512805651e-01
1.449999999999904432e+01 -1.664498888039264712e-01
1.462499999999903544e+01 -1.657799704618057035e-01
1.474999999999902656e+01 -1.651222682846694712e-01
1.487499999999901945e+01 -1.644765929978982411e-01
1.499999999999901057e+01 -1.638427603444027048e-01
1.512499999999900169e+01 -1.632205909419597312e-01
1.524999999999899458e+01 -1.626099101452594953e-01
1.537499999999898570e+01 -1.620105479134578697e-01
1.549999999999897859e+01 -1.614223386823520068e-01
1.562499999999896971e+01 -1.608451212393191554e-01
1.574999999999896083e+01 -1.602787386059664754e-01
1.587499999999895373e+01 -1.597230379228663510e-01
1.599999999999894484e+01 -1.591778703381616644e-01
1.612499999999893774e+01 -1.586430909012467860e-01
1.624999999999892708e+01 -1.581185584589512860e-01
1.637499999999891998e+01 -1.576041355564610225e-01
1.649999999999891287e+01 -1.570996883410117340e-01
1.662499999999890221e+01 -1.566050864690756161e-01
1.674999999999889511e+01 -1.561202030170514843e-01
1.687499999999888800e+01 -1.556449143944682034e-01
1.699999999999887734e+01 -1.551791002608799430e-01
1.712499999999887024e+01 -1.547226434454507249e-01
1.724999999999886313e+01 -1.542754298688331360e-01
1.737499999999885247e+01 -1.538373484681963554e-01
1.749999999999884537e+01 -1.534082911246330561e-01
1.762499999999883826e+01 -1.529881525933566300e-01
1.774999999999883116e+01 -1.525768304360076710e-01
1.787499999999882050e+01 -1.521742249555164128e-01
1.799999999999881339e+01 -1.517802391328843536e-01
1.812499999999880629e+01 -1.513947785661923229e-01
1.824999999999879563e+01 -1.510177514123330345e-01
1.837499999999878852e+01 -1.506490683297203592e-01
1.849999999999878142e+01 -1.502886424238241703e-01
1.862499999999877076e+01 -1.499363891940195259e-01
1.874999999999876366e+01 -1.495922264825119141e-01
1.887499999999875655e+01 -1.492560744255324590e-01
1.899999999999874589e+01 -1.489278554049982550e-01
1.912499999999873879e+01 -1.486074940032034442e-01
1.924999999999873168e+01 -1.482949169580098925e-01
1.937499999999872102e+01 -1.479900531201093772e-01
1.949999999999871392e+01 -1.476928334118948749e-01
1.962499999999870681e+01 -1.474031907877695335e-01
1.974999999999869615e+01 -1.471210601951626895e-01
1.987499999999868905e+01 -1.468463785381217690e-01
1.999999999999868194e+01 -1.465790846412409754e-01
2.012499999999867129e+01 -1.463191192149622677e-01
2.024999999999866418e+01 -1.460664248230625906e-01
2.037499999999865707e+01 -1.458209458501508182e-01
2.049999999999864642e+01 -1.455826284711311813e-01
2.062499999999863931e+01 -1.453514206216469651e-01
2.074999999999863221e+01 -1.451272719690335222e-01
2.087499999999862510e+01 -1.449101338855491306e-01
2.099999999999861444e+01 -1.446999594219548491e-01
2.112499999999860734e+01 -1.444967032817378594e-01
2.124999999999860023e+01 -1.443003217970610375e-01
2.137499999999858957e+01 -1.441107729052211184e-01
2.149999999999858247e+01 -1.439280161267175728e-01
2.162499999999857536e+01 -1.437520125437841134e-01
2.174999999999856470e+01 -1.435827247794656536e-01
2.187499999999855760e+01 -1.434201169771265882e-01
2.199999999999855049e+01 -1.432641547838109375e-01
2.212499999999853983e+01 -1.431148053313616164e-01
2.224999999999853273e+01 -1.429720372183667099e-01
2.237499999999852562e+01 -1.428358204950183064e-01
2.249999999999851497e+01 -1.427061266472741119e-01
2.262499999999850786e+01 -1.425829285824074533e-01
2.274999999999850075e+01 -1.424662006146211746e-01
2.287499999999849010e+01 -1.423559184526565491e-01
2.299999999999848299e+01 -1.422520591870461981e-01
2.312499999999847589e+01 -1.421546012781647605e-01
2.324999999999846523e+01 -1.420635245455592055e-01
2.337499999999845812e+01 -1.419788101577572625e-01
2.349999999999845102e+01 -1.419004406228084325e-01
2.362499999999844036e+01 -1.418283997791178197e-01
2.374999999999843325e+01 -1.417626727880752502e-01
2.387499999999842615e+01 -1.417032461259762899e-01
2.399999999999841549e+01 -1.416501075771224860e-01
2.412499999999840838e+01 -1.416032462281467952e-01
2.424999999999840128e+01 -1.415626524623118665e-01
2.437499999999839417e+01 -1.415283179547687231e-01
2.449999999999838352e+01 -1.415002356687954932e-01
2.462499999999837641e+01 -1.414783998511617846e-01
2.474999999999836930e+01 -1.414628060304945478e-01
2.487499999999835865e+01 -1.414534510144506152e-01
2.499999999999835154e+01 -1.414503328884745281e-01
2.512499999999834444e+01 -1.414534510144678237e-01
2.524999999999833378e+01 -1.414628060305340718e-01
2.537499999999832667e+01 -1.414783998512281205e-01
2.549999999999831957e+01 -1.415002356688833118e-01
2.562499999999830891e+01 -1.415283179548639247e-01
2.574999999999830180e+01 -1.415626524624126192e-01
2.587499999999829470e+01 -1.416032462282741378e-01
2.599999999999828404e+01 -1.416501075772775287e-01
2.612499999999827693e+01 -1.417032461261500953e-01
2.624999999999826983e+01 -1.417626727882638216e-01
2.637499999999825917e+01 -1.418283997793307050e-01
2.649999999999825206e+01 -1.419004406230567894e-01
2.662499999999824496e+01 -1.419788101580378714e-01
2.674999999999823430e+01 -1.420635245458610751e-01
2.687499999999822720e+01 -1.421546012784832835e-01
2.699999999999822009e+01 -1.422520591873955298e-01
2.712499999999820943e+01 -1.423559184530360788e-01
2.724999999999820233e+01 -1.424662006150240745e-01
2.737499999999819522e+01 -1.425829285828175141e-01
2.749999999999818812e+01 -1.427061266476806756e-01
2.762499999999817746e+01 -1.428358204954305877e-01
2.774999999999817035e+01 -1.429720372187982536e-01
2.787499999999816325e+01 -1.431148053317996549e-01
2.799999999999815259e+01 -1.432641547842116725e-01
2.812499999999814548e+01 -1.434201169774837470e-01
2.824999999999813838e+01 -1.435827247798752149e-01
2.837499999999812772e+01 -1.437520125441706931e-01
2.849999999999812061e+01 -1.439280161270636293e-01
2.862499999999811351e+01 -1.441107729055717823e-01
2.874999999999810285e+01 -1.443003217974445640e-01
2.887499999999809575e+01 -1.444967032821475872e-01
2.899999999999808864e+01 -1.446999594223777330e-01
2.912499999999807798e+01 -1.449101338859933863e-01
2.924999999999807088e+01 -1.451272719695211877e-01
2.937499999999806377e+01 -1.453514206221908633e-01
2.949999999999805311e+01 -1.455826284717225971e-01
2.962499999999804601e+01 -1.458209458507915834e-01
2.974999999999803890e+01 -1.460664248237678597e-01
2.987499999999802824e+01 -1.463191192157452525e-01
2.999999999999802114e+01 -1.465790846421091143e-01
3.012499999999801403e+01 -1.468463785390766163e-01
3.024999999999800337e+01 -1.471210601962068543e-01
3.037499999999799627e+01 -1.474031907889101767e-01
3.049999999999798916e+01 -1.476928334131341614e-01
3.062499999999798206e+01 -1.479900531214441428e-01
3.074999999999797140e+01 -1.482949169594440231e-01
3.087499999999796430e+01 -1.486074940047361626e-01
3.099999999999795719e+01 -1.489278554066059135e-01
3.112499999999794653e+01 -1.492560744272118933e-01
3.124999999999793943e+01 -1.495922264842552418e-01
3.137499999999793232e+01 -1.499363891958100936e-01
3.149999999999792166e+01 -1.502886424256396625e-01
3.162499999999791456e+01 -1.506490683315422907e-01
3.174999999999790745e+01 -1.510177514141403110e-01
3.187499999999789679e+01 -1.513947785679597979e-01
3.199999999999788969e+01 -1.517802391345868807e-01
3.212499999999788258e+01 -1.521742249571453320e-01
3.224999999999787548e+01 -1.525768304375544893e-01
3.237499999999786837e+01 -1.529881525948406651e-01
3.249999999999785416e+01 -1.534082911260816751e-01
3.262499999999784706e+01 -1.538373484696234361e-01
3.274999999999783995e+01 -1.542754298702377347e-01
3.287499999999783284e+01 -1.547226434468330636e-01
3.299999999999782574e+01 -1.551791002622512905e-01
3.312499999999781863e+01 -1.556449143958437142e-01
3.324999999999780442e+01 -1.561202030184348777e-01
3.337499999999779732e+01 -1.566050864704525702e-01
3.349999999999779021e+01 -1.570996883423873003e-01
3.362499999999778311e+01 -1.576041355578442493e-01
3.374999999999777600e+01 -1.581185584603509442e-01
3.387499999999776890e+01 -1.586430909026647629e-01
3.399999999999775468e+01 -1.591778703395920758e-01
3.412499999999774758e+01 -1.597230379243030907e-01
3.424999999999774047e+01 -1.602787386074149834e-01
3.437499999999773337e+01 -1.608451212407940312e-01
3.449999999999772626e+01 -1.614223386838596896e-01
3.462499999999771916e+01 -1.620105479149666072e-01
3.474999999999770495e+01 -1.626099101467752273e-01
3.487499999999769784e+01 -1.632205909435056612e-01
3.499999999999769074e+01 -1.638427603459682858e-01
3.512499999999768363e+01 -1.644765929994700393e-01
3.524999999999767653e+01 -1.651222682862464874e-01
3.537499999999766942e+01 -1.657799704633939886e-01
3.549999999999766231e+01 -1.664498888055340187e-01
3.562499999999764810e+01 -1.671322177529064867e-01
3.574999999999764100e+01 -1.678271570655879286e-01
3.587499999999763389e+01 -1.685349119821819563e-01
3.599999999999762679e+01 -1.692556933861767976e-01
3.612499999999761968e+01 -1.699897179779011891e-01
3.624999999999761258e+01 -1.707372084521286415e-01
3.637499999999759837e+01 -1.714983936835179912e-01
3.649999999999759126e+01 -1.722735089190157165e-01
3.662499999999758415e+01 -1.730627959775754010e-01
3.674999999999757705e+01 -1.738665034575658797e-01
3.687499999999756994e+01 -1.746848869521790970e-01
3.699999999999756284e+01 -1.755182092731986110e-01
3.712499999999754863e+01 -1.763667406834503737e-01
3.724999999999754152e+01 -1.772307591390167025e-01
3.737499999999753442e+01 -1.781105505399680489e-01
3.749999999999752731e+01 -1.790064089915343049e-01
3.762499999999752021e+01 -1.799186370759073283e-01
3.774999999999751310e+01 -1.808475461345487312e-01
3.787499999999749889e+01 -1.817934565617513321e-01
3.799999999999749178e+01 -1.827566981102489718e-01
3.812499999999748468e+01 -1.837376102090371721e-01
3.824999999999747757e+01 -1.847365422937603530e-01
3.837499999999747047e+01 -1.857538541511397079e-01
3.849999999999746336e+01 -1.867899162767792109e-01
3.862499999999745626e+01 -1.878451102484853252e-01
3.874999999999744205e+01 -1.889198291143386887e-01
3.887499999999743494e+01 -1.900144777967771592e-01
3.899999999999742784e+01 -1.911294735139915102e-01
3.912499999999742073e+01 -1.922652462179926802e-01
3.924999999999741362e+01 -1.934222390518516854e-01
3.937499999999740652e+01 -1.946009088258466302e-01
3.949999999999739231e+01 -1.958017265135825746e-01
3.962499999999738520e+01 -1.970251777692538786e-01
3.974999999999737810e+01 -1.982717634667567896e-01
3.987499999999737099e+01 -1.995420002615298505e-01
3.999999999999736389e+01 -2.008364211776469954e-01
4.012499999999735678e+01 -2.021555762182419835e-01
4.024999999999734257e+01 -2.035000330042855410e-01
4.037499999999733546e+01 -2.048703774393270116e-01
4.049999999999732836e+01 -2.062672144042823619e-01
4.062499999999732125e+01 -2.076911684822382309e-01
4.074999999999731415e+01 -2.091428847146746262e-01
4.087499999999730704e+01 -2.106230293915510865e-01
4.099999999999729283e+01 -2.121322908756513859e-01
4.112499999999728573e+01 -2.136713804636579672e-01
4.124999999999727862e+01 -2.152410332859897579e-01
4.137499999999727152e+01 -2.168420092464483084e-01
4.149999999999726441e+01 -2.184750940033831079e-01
4.162499999999725731e+01 -2.201410999960444759e-01
4.174999999999725020e+01 -2.218408675166237409e-01
4.187499999999723599e+01 -2.235752658310892205e-01
4.199999999999722888e+01 -2.253451943502904897e-01
4.212499999999722178e+01 -2.271515838554312716e-01
4.224999999999721467e+01 -2.289953977791867046e-01
4.237499999999720757e+01 -2.308776335454887918e-01
4.249999999999720046e+01 -2.327993239711623752e-01
4.262499999999718625e+01 -2.347615387323616076e-01
4.274999999999717915e+01 -2.367653858991134452e-01
4.287499999999717204e+01 -2.388120135411050393e-01
4.299999999999716493e+01 -2.409026114090603854e-01
4.312499999999715783e+01 -2.430384126933952671e-01
4.324999999999715072e+01 -2.452206958670087311e-01
4.337499999999713651e+01 -2.474507866147800383e-01
4.349999999999712941e+01 -2.497300598533596094e-01
4.362499999999712230e+01 -2.520599418474799291e-01
4.374999999999711520e+01 -2.544419124268365584e-01
4.387499999999710809e+01 -2.568775073098803485e-01
4.399999999999710099e+01 -2.593683205362685706e-01
4.412499999999708677e+01 -2.619160070185085898e-01
4.424999999999707967e+01 -2.645222852158180538e-01
4.437499999999707256e+01 -2.671889399370243612e-01
4.449999999999706546e+01 -2.699178252792457933e-01
4.462499999999705835e+01 -2.727108677096386491e-01
4.474999999999705125e+01 -2.755700692967932297e-01
4.487499999999704414e+01 -2.784975111008248794e-01
4.499999999999702993e+01 -2.814953567291165193e-01
4.512499999999702283e+01 -2.845658560671456838e-01
4.524999999999701572e+01 -2.877113491926822642e-01
4.537499999999700862e+01 -2.909342704838061566e-01
4.549999999999700151e+01 -2.942371529302501565e-01
4.562499999999699440e+01 -2.976226326594752503e-01
4.574999999999698019e+01 -3.010934536874773637e-01
4.587499999999697309e+01 -3.046524729073561422e-01
4.599999999999696598e+01 -3.083026653273137629e-01
4.612499999999695888e+01 -3.120471295716432114e-01
4.624999999999695177e+01 -3.158890936594895837e-01
4.637499999999694467e+01 -3.198319210732825657e-01
4.649999999999693046e+01 -3.238791171356952825e-01
4.662499999999692335e+01 -3.280343357092467826e-01
4.674999999999691624e+01 -3.323013862364363469e-01
4.687499999999690914e+01 -3.366842411383114686e-01
4.699999999999690203e+01 -3.411870435914147182e-01
4.712499999999689493e+01 -3.458141157018992384e-01
4.724999999999688072e+01 -3.505699670993018824e-01
4.737499999999687361e+01 -3.554593039721710701e-01
4.749999999999686651e+01 -3.604870385695061463e-01
4.762499999999685940e+01 -3.656582991921004666e-01
4.774999999999685230e+01 -3.709784407014550811e-01
4.787499999999684519e+01 -3.764530555737163331e-01
4.799999999999683098e+01 -3.820879855281291704e-01
4.812499999999682387e+01 -3.878893337608289027e-01
4.824999999999681677e+01 -3.938634778173460971e-01
4.837499999999680966e+01 -4.000170831384110559e-01
4.849999999999680256e+01 -4.063571173151417915e-01
4.862499999999679545e+01 -4.128908650936132796e-01
4.874999999999678835e+01 -4.196259441681178814e-01
4.887499999999677414e+01 -4.265703218075936887e-01
4.899999999999676703e+01 -4.337323323604466707e-01
4.912499999999675993e+01 -4.411206956852539163e-01
4.924999999999675282e+01 -4.487445365611896775e-01
4.937499999999674571e+01 -4.566134051307823016e-01
4.949999999999673861e+01 -4.647372984386453076e-01
4.962499999999672440e+01 -4.731266831425220420e-01
4.974999999999671729e+01 -4.817925195469555666e-01
4.987499999999671019e+01 -4.907462877880078289e-01
4.999999999999670308e+01 -4.999999999984618970e-01
