# Status file for ctqmc. Used to save all times t_s, t_e.
4
4
23.36257182819475 23.50366505799889 0 0
31.34826462854423 31.57602162838643 0 0
58.09152470049692 58.23052792531666 0 0
83.24659773054883 83.34690986319639 0 0
3
30.86398707450644 30.80984398950707 0 0
45.69939563988151 45.59406171008706 0 0
52.01611512632296 51.85572477603686 0 0
3
12.16389865248314 12.0829747197392 0 0
36.1777136658139 36.04727075285818 0 0
64.23120126226443 64.21035678535532 0 0
1
68.28785382867007 68.41221885981032 0 0
