# Status file for ctqmc. Used to save all times t_s, t_e.
4
3
32.47572779655457 32.38822221755981 0 0
36.76415945717156 36.74657250361717 0 0
38.0694095632272 37.99417095066389 0 0
4
14.82206010837528 15.00303445359296 0 0
19.54450761922088 19.56948672793278 0 0
54.25718701945795 54.30970149644748 0 0
93.34365076907227 93.3604287725515 0 0
5
10.4977027760782 10.50913329773067 0 0
10.87047157380425 10.87118944168566 0 0
77.64983773231506 77.67430543899536 0 0
83.27725807344476 83.59470535605874 0 0
87.88735686020183 88.29172487485991 0 0
2
33.82890236175128 33.6446011634481 0 0
36.25636697280859 36.22250646948444 0 0
